0.000000,-0.273897,0.592164,-0.136844,0.438430,0.458628,0.691585,-0.380583,0.577862,0.346586,0.702137,-0.244637,0.759053,-0.191141,0.609978,0.542683,0.695879,-0.444191,0.609956,0.025482,0.324009,0.156643,0.256193,0.036818,0.505103,0.466794,0.385168,0.437692,0.710052,-0.160370,0.433589,0.154009,0.531891,-0.087692,0.209944,0.177574,0.549044,-0.017991,0.483942,0.601759,0.588142,0.031747,0.036115,0.043200,0.160654,0.102427,0.083458,0.176385,0.513768,0.474151,0.284518,0.398604,-0.095297,0.313192,-0.003446,0.663679,0.608261,0.147228,0.021445,0.558849,-0.082502,0.388014,0.532300,-0.025580,0.302712,0.262449,0.399710,0.217360,0.251807,0.145128,0.304859,0.412048,0.637287,0.171879,0.041759,0.395331,0.051629,0.244157,-0.201205,0.516997,-0.064889,0.214039,0.013443,0.608788,-0.147731,0.628401,0.332185,0.566648,-0.342841,0.634392,-0.207190,0.066009,-0.338674,0.617056,0.274566,0.277834,0.469900,0.589521,0.596688,0.551767,-0.353658,0.663768,0.242840,0.541110,-0.149772,0.630788,0.337900,0.398587,0.255380,0.217538,0.434447,0.416618,0.536213,0.480011,0.252106,0.196101
-0.273897,0.000000,0.017080,0.702088,-0.541219,-0.466530,-0.182932,0.737353,-0.592247,-0.359703,-0.015013,0.782275,-0.242067,0.763413,-0.465796,-0.530179,-0.283446,0.764281,0.221231,0.516892,-0.260626,-0.221105,0.391166,0.271075,-0.527495,-0.575137,-0.534288,-0.536118,-0.345485,0.654286,-0.371350,0.124732,0.209338,0.681046,0.279151,0.345567,-0.139373,0.406795,-0.167401,-0.479691,-0.265423,0.342536,0.388790,0.322569,0.457991,0.519131,0.383772,0.321207,-0.103993,-0.155907,0.359812,0.072388,0.579853,0.174303,0.533176,-0.332539,0.225313,0.642971,0.669965,0.140142,0.696949,0.347592,0.020121,0.544439,0.299137,0.210224,0.263781,0.462566,0.558167,0.620310,0.079942,-0.273170,-0.291747,0.351057,0.199338,-0.257758,0.392472,0.114105,0.658202,-0.429079,0.587563,0.393019,0.396757,-0.469190,0.655620,-0.321647,0.016316,-0.595418,0.677599,-0.481210,0.603865,0.379787,0.674242,-0.266948,0.206141,0.195289,0.006885,-0.263235,-0.245389,-0.126724,0.642875,-0.527545,-0.038654,-0.563279,0.624043,-0.287609,-0.006574,-0.556631,0.145857,0.264086,0.051927,0.020592,-0.209668,0.013049,0.203268,0.063828
0.592164,0.017080,0.000000,0.312596,0.035781,0.054707,0.752511,0.049034,0.246300,0.032157,0.639594,0.073055,0.592863,0.143068,0.239665,0.215860,0.601017,-0.130458,0.614280,-0.033223,0.096021,-0.079111,0.654292,0.035521,0.138919,0.087147,0.014415,0.055222,0.597264,0.076078,0.092642,0.062360,0.655110,0.165671,0.500074,0.470962,0.547642,0.205334,0.302583,0.315654,0.400276,0.083507,0.425507,0.378565,0.449893,0.438366,0.432056,0.490938,0.413995,0.215456,0.542526,0.273725,0.279114,0.589875,0.351662,0.625362,0.584592,0.413208,0.324303,0.405637,0.229001,0.545576,0.570950,0.264873,0.529472,0.227730,0.590607,0.441320,0.479665,0.431573,0.247945,0.275179,0.625089,0.350294,-0.023821,0.349970,0.339004,0.404730,0.151415,0.418873,0.277056,0.396620,0.182231,0.377164,0.182195,0.569430,0.087024,0.229826,0.041972,0.546257,0.197122,0.310398,0.107033,0.586338,0.482437,0.460020,0.529626,0.439722,0.564417,0.567604,-0.164584,0.440111,0.001040,0.211174,0.267367,0.663180,0.547793,0.019810,0.365534,0.446517,0.564981,0.564509,0.469159,0.581358,0.576953,0.265785
-0.136844,0.702088,0.312596,0.000000,-0.604859,-0.523243,0.073742,0.760447,-0.545848,-0.443484,0.130634,0.714887,-0.122310,0.718972,-0.472837,-0.504856,-0.100957,0.635591,0.314353,0.259352,-0.262951,-0.306810,0.645289,0.119745,-0.531493,-0.591358,-0.605862,-0.581754,-0.157032,0.553291,-0.443910,-0.006005,0.388545,0.615428,0.502495,0.563606,0.097201,0.447072,-0.149773,-0.414402,-0.172812,0.255458,0.611847,0.504080,0.547719,0.631291,0.608961,0.560470,-0.055770,-0.219367,0.562995,0.035223,0.717959,0.459357,0.711032,-0.066451,0.307918,0.661126,0.711999,0.104259,0.732173,0.443230,0.211110,0.557311,0.505230,0.159818,0.464772,0.559399,0.643313,0.681758,0.098466,-0.214617,-0.005730,0.434907,0.067033,-0.154514,0.545224,0.266755,0.706680,-0.251705,0.686702,0.429247,0.416818,-0.369087,0.715990,-0.098284,-0.111909,-0.548222,0.715794,-0.222773,0.683042,0.457822,0.742346,-0.065883,0.387086,0.328577,0.157568,-0.181189,-0.022349,0.054216,0.499334,-0.374956,-0.183235,-0.528350,0.754021,0.009150,0.299569,-0.612287,0.248554,0.412169,0.271735,0.230058,-0.082543,0.204055,0.499192,0.094287
0.438430,-0.541219,0.035781,-0.604859,0.000000,0.756566,0.223329,-0.719736,0.768124,0.724908,0.163111,-0.541809,0.399752,-0.481341,0.757504,0.763302,0.373669,-0.629472,0.147323,0.065166,0.461275,0.460566,-0.335502,0.240587,0.801381,0.803517,0.770620,0.767672,0.449615,-0.325299,0.745239,0.409054,0.013034,-0.329554,-0.287411,-0.264767,0.188841,-0.192696,0.502619,0.718032,0.508789,0.075012,-0.451523,-0.278180,-0.260143,-0.373793,-0.454884,-0.348346,0.421684,0.577497,-0.329160,0.329485,-0.650132,-0.268623,-0.600091,0.332803,0.060057,-0.321767,-0.488124,0.324717,-0.598972,-0.002970,0.088525,-0.253003,-0.289239,0.257628,-0.117380,-0.180479,-0.343351,-0.424521,0.252490,0.542737,0.272899,-0.136819,0.128827,0.427278,-0.333108,0.055525,-0.589882,0.497104,-0.574465,-0.047755,-0.206581,0.670786,-0.630145,0.426280,0.425460,0.753087,-0.726635,0.436630,-0.542400,-0.165168,-0.711139,0.440975,-0.153596,-0.120363,0.192576,0.550485,0.357632,0.317678,-0.355187,0.635066,0.488178,0.738984,-0.585799,0.275796,-0.071747,0.771700,-0.075492,-0.200596,0.065493,0.119137,0.440299,0.149633,-0.268420,0.136779
0.458628,-0.466530,0.054707,-0.523243,0.756566,0.000000,0.213183,-0.644994,0.711756,0.695863,0.221925,-0.449924,0.424087,-0.397540,0.706248,0.744628,0.367135,-0.565635,0.191440,0.146890,0.496440,0.517608,-0.266686,0.319651,0.754850,0.763864,0.719486,0.739023,0.408764,-0.253481,0.729109,0.418924,0.061864,-0.214472,-0.232759,-0.203940,0.237623,-0.109998,0.521065,0.697040,0.515752,0.051413,-0.399334,-0.229094,-0.188239,-0.323393,-0.385481,-0.276586,0.481639,0.603858,-0.244555,0.379207,-0.562539,-0.241681,-0.503772,0.322397,0.142272,-0.264388,-0.379824,0.385055,-0.495133,0.057003,0.157216,-0.213725,-0.210374,0.298381,-0.035349,-0.088147,-0.244010,-0.323874,0.308104,0.547320,0.278459,-0.095496,0.180876,0.385618,-0.267460,0.057118,-0.503896,0.481845,-0.456780,0.020358,-0.118498,0.650600,-0.527102,0.413990,0.489247,0.706666,-0.627346,0.386130,-0.452425,-0.111346,-0.638935,0.416035,-0.138222,-0.092210,0.183772,0.501062,0.373925,0.309969,-0.282444,0.596002,0.488355,0.674309,-0.512487,0.257793,-0.014038,0.707189,-0.126631,-0.207064,0.060764,0.143890,0.426683,0.117733,-0.253522,0.139164
0.691585,-0.182932,0.752511,0.073742,0.223329,0.213183,0.000000,-0.179777,0.426445,0.166629,0.684597,-0.117823,0.714300,-0.051055,0.424437,0.381914,0.689872,-0.307079,0.595011,-0.088098,0.172646,-0.006661,0.499210,-0.027870,0.299658,0.254387,0.190437,0.231320,0.701266,-0.035187,0.253295,0.047867,0.609188,0.004466,0.354452,0.328485,0.531907,0.074742,0.346051,0.444065,0.455806,0.018211,0.295905,0.289563,0.353785,0.312365,0.308566,0.375918,0.506191,0.357535,0.442681,0.360326,0.105528,0.503740,0.184009,0.689885,0.566210,0.274304,0.151799,0.456437,0.044667,0.470775,0.606795,0.166457,0.402576,0.195366,0.473709,0.302458,0.338296,0.271544,0.308614,0.371349,0.668615,0.290993,0.002465,0.423598,0.223758,0.388538,-0.011062,0.524963,0.121227,0.315320,0.087988,0.504897,-0.001131,0.636596,0.136967,0.402090,-0.162201,0.640147,0.022800,0.199149,-0.102236,0.646701,0.417645,0.413423,0.530447,0.543510,0.630123,0.631061,-0.301607,0.594064,0.090117,0.402221,0.056447,0.702009,0.488069,0.207565,0.335401,0.362562,0.523848,0.558660,0.555983,0.585553,0.468712,0.268245
-0.380583,0.737353,0.049034,0.760447,-0.719736,-0.644994,-0.179777,0.000000,-0.713053,-0.578607,-0.073814,0.743006,-0.336903,0.716645,-0.648592,-0.680651,-0.339932,0.746031,0.060851,0.242454,-0.396886,-0.376359,0.468459,0.058786,-0.690063,-0.728824,-0.696678,-0.711829,-0.395993,0.546894,-0.590525,-0.099851,0.133096,0.580387,0.327876,0.388319,-0.138784,0.356520,-0.349449,-0.627394,-0.388061,0.169617,0.511611,0.387068,0.425126,0.522811,0.503039,0.417582,-0.243960,-0.368696,0.415519,-0.113683,0.700154,0.280403,0.652698,-0.326105,0.104184,0.533503,0.658382,-0.097125,0.726170,0.235482,0.026190,0.481070,0.368115,-0.009409,0.241517,0.386320,0.507346,0.578961,-0.052858,-0.393010,-0.252983,0.301683,0.048865,-0.330751,0.440112,0.090868,0.703558,-0.465006,0.660084,0.265604,0.340750,-0.598483,0.722501,-0.363793,-0.218237,-0.726918,0.785522,-0.462000,0.677003,0.342466,0.786884,-0.333476,0.227831,0.184639,-0.062081,-0.418268,-0.266089,-0.187813,0.566591,-0.605386,-0.278462,-0.701294,0.710210,-0.257784,0.117123,-0.728996,0.119406,0.279705,0.052750,0.006772,-0.315676,-0.011359,0.324252,-0.007688
0.577862,-0.592247,0.246300,-0.545848,0.768124,0.711756,0.426445,-0.713053,0.000000,0.660850,0.318604,-0.570634,0.543308,-0.492188,0.762712,0.779064,0.548000,-0.690261,0.241107,-0.073265,0.443956,0.396410,-0.180588,0.132239,0.775065,0.782558,0.720282,0.727904,0.611358,-0.370234,0.683534,0.283546,0.150149,-0.359277,-0.158152,-0.164946,0.343929,-0.179974,0.500879,0.754371,0.590016,0.012522,-0.305720,-0.156886,-0.152964,-0.249543,-0.300161,-0.181567,0.498144,0.569581,-0.160119,0.360361,-0.552105,-0.050677,-0.484439,0.531765,0.175201,-0.251483,-0.419120,0.372501,-0.555281,0.092279,0.246056,-0.224794,-0.153738,0.224492,0.018647,-0.114309,-0.234786,-0.321763,0.227813,0.558103,0.466955,-0.095667,0.032007,0.495817,-0.255195,0.136777,-0.575555,0.613612,-0.492348,0.014481,-0.221954,0.744171,-0.596808,0.580500,0.342610,0.786307,-0.711542,0.616918,-0.510944,-0.102727,-0.680483,0.572939,-0.030387,-0.006830,0.293380,0.618641,0.493321,0.432887,-0.479840,0.746151,0.385837,0.766559,-0.533734,0.466469,0.093991,0.733061,0.012545,-0.102308,0.181880,0.240038,0.507150,0.275627,-0.096015,0.157810
0.346586,-0.359703,0.032157,-0.443484,0.724908,0.695863,0.166629,-0.578607,0.660850,0.000000,0.117421,-0.355252,0.331681,-0.285286,0.686347,0.719367,0.328637,-0.457191,0.201247,0.194269,0.422233,0.447697,-0.271031,0.411997,0.716006,0.728393,0.701547,0.721238,0.387157,-0.120108,0.738820,0.493520,0.081345,-0.160513,-0.240741,-0.197879,0.154460,-0.071035,0.535487,0.658696,0.434654,0.213235,-0.392889,-0.174835,-0.132927,-0.270532,-0.405576,-0.312206,0.449687,0.570023,-0.295922,0.380701,-0.592940,-0.263598,-0.539402,0.267248,0.066245,-0.172684,-0.382465,0.392993,-0.505999,0.116012,0.044415,-0.089445,-0.298331,0.426313,-0.057491,-0.046238,-0.260514,-0.312884,0.290756,0.557910,0.211926,-0.089998,0.202754,0.461182,-0.269247,0.109506,-0.449111,0.481664,-0.482739,0.152347,-0.129988,0.636910,-0.534304,0.423276,0.460788,0.680242,-0.630279,0.343904,-0.433283,-0.052867,-0.591235,0.409661,-0.094017,-0.039426,0.253193,0.559306,0.318351,0.324577,-0.197672,0.559173,0.559167,0.666326,-0.459856,0.247079,-0.062721,0.721295,-0.041439,-0.145538,0.065356,0.179090,0.465274,0.186943,-0.230441,0.248327
0.702137,-0.015013,0.639594,0.130634,0.163111,0.221925,0.684597,-0.073814,0.318604,0.117421,0.000000,0.063571,0.734431,0.103504,0.388930,0.291397,0.636281,-0.150804,0.644128,0.135204,0.102503,-0.049860,0.470404,0.071310,0.235499,0.177642,0.132914,0.161436,0.649836,0.118769,0.227794,0.130575,0.579295,0.151414,0.270716,0.271318,0.477752,0.085420,0.337330,0.354888,0.435967,0.081320,0.254892,0.215726,0.372195,0.320654,0.277717,0.328241,0.481653,0.365318,0.471201,0.361237,0.186466,0.400698,0.249733,0.536861,0.695498,0.342959,0.298487,0.529165,0.216703,0.497095,0.633913,0.197015,0.459751,0.203618,0.460484,0.340936,0.459553,0.387045,0.331434,0.292924,0.585209,0.309211,0.114928,0.323120,0.231015,0.301343,0.098240,0.358605,0.246773,0.342781,0.149955,0.376773,0.152444,0.490052,0.252783,0.283365,-0.028975,0.455915,0.101113,0.187741,-0.014440,0.508439,0.414876,0.434028,0.505377,0.451979,0.534480,0.531191,-0.121959,0.448022,0.146822,0.279691,0.143101,0.563471,0.437197,0.112120,0.323633,0.377998,0.486908,0.486962,0.468497,0.523535,0.421264,0.286827
-0.244637,0.782275,0.073055,0.714887,-0.541809,-0.449924,-0.117823,0.743006,-0.570634,-0.355252,0.063571,0.000000,-0.173130,0.801107,-0.448972,-0.500268,-0.248577,0.736230,0.224805,0.480077,-0.330316,-0.281652,0.459730,0.309138,-0.525422,-0.574085,-0.524587,-0.555942,-0.281874,0.676210,-0.372348,0.120470,0.207810,0.666454,0.241746,0.322881,-0.149608,0.345108,-0.196477,-0.483024,-0.256622,0.303494,0.400334,0.327017,0.491085,0.528216,0.384387,0.319282,-0.074785,-0.148286,0.367156,0.063565,0.575962,0.182246,0.536575,-0.299021,0.227218,0.619929,0.667887,0.133523,0.702054,0.391785,0.092447,0.590737,0.327210,0.199190,0.235956,0.428493,0.537539,0.600314,0.078062,-0.261717,-0.242061,0.332605,0.185959,-0.222796,0.369682,0.104384,0.649917,-0.399818,0.595313,0.415926,0.353945,-0.460587,0.656727,-0.267091,-0.023040,-0.583248,0.674464,-0.438231,0.615692,0.371885,0.683619,-0.244842,0.243350,0.250477,0.053901,-0.263516,-0.214826,-0.100065,0.598936,-0.496893,-0.090972,-0.571436,0.635960,-0.232791,0.071473,-0.573617,0.131957,0.308352,0.084429,0.058022,-0.187802,0.065581,0.259580,0.137867
0.759053,-0.242067,0.592863,-0.122310,0.399752,0.424087,0.714300,-0.336903,0.543308,0.331681,0.734431,-0.173130,0.000000,-0.107443,0.579675,0.516234,0.681638,-0.379871,0.594870,0.072016,0.268313,0.139551,0.301985,0.087037,0.456648,0.412088,0.371630,0.393607,0.716806,-0.046753,0.430701,0.187873,0.505387,-0.032779,0.161943,0.122950,0.480712,0.002975,0.424600,0.547072,0.535536,0.051224,0.071066,0.093024,0.229522,0.142814,0.093924,0.170845,0.545646,0.479503,0.280493,0.396309,-0.077881,0.282401,-0.003309,0.600253,0.584210,0.156673,0.053341,0.550795,-0.053694,0.413942,0.537503,0.048378,0.289856,0.258627,0.343964,0.196951,0.246260,0.162069,0.351867,0.431180,0.608272,0.200259,0.106054,0.428053,0.068153,0.271920,-0.139989,0.505964,0.001723,0.248336,0.041428,0.561415,-0.108176,0.583785,0.316879,0.509091,-0.297685,0.570968,-0.133508,0.106201,-0.273764,0.604011,0.291496,0.319303,0.467838,0.566711,0.576931,0.558294,-0.302028,0.619934,0.255352,0.510081,-0.120356,0.591361,0.323924,0.374635,0.245461,0.237292,0.403847,0.441964,0.523845,0.487201,0.263148,0.270165
-0.191141,0.763413,0.143068,0.718972,-0.481341,-0.397540,-0.051055,0.716645,-0.492188,-0.285286,0.103504,0.801107,-0.107443,0.000000,-0.380367,-0.424635,-0.184883,0.694739,0.285736,0.496725,-0.279072,-0.227712,0.497285,0.343743,-0.452506,-0.507436,-0.455983,-0.489788,-0.206470,0.682172,-0.304712,0.181479,0.275518,0.690958,0.256684,0.354908,-0.074402,0.395114,-0.133986,-0.394550,-0.168621,0.362668,0.430496,0.388130,0.521769,0.573291,0.408905,0.359519,0.007125,-0.084608,0.413846,0.127366,0.569450,0.231730,0.535907,-0.221284,0.274715,0.650938,0.684846,0.199376,0.689049,0.448443,0.139633,0.616983,0.346570,0.241381,0.283914,0.475934,0.579535,0.627571,0.133170,-0.181604,-0.174766,0.369917,0.228229,-0.127752,0.407781,0.183554,0.636177,-0.300876,0.599594,0.482149,0.358826,-0.377536,0.639637,-0.184766,0.031232,-0.522560,0.643720,-0.364693,0.617812,0.414478,0.661244,-0.165661,0.250497,0.240896,0.082702,-0.195349,-0.140441,-0.037513,0.585738,-0.429249,-0.039747,-0.504630,0.633977,-0.172543,0.126921,-0.519335,0.141011,0.296724,0.111538,0.107523,-0.141093,0.130953,0.282099,0.149462
0.609978,-0.465796,0.239665,-0.472837,0.757504,0.706248,0.424437,-0.648592,0.762712,0.686347,0.388930,-0.448972,0.579675,-0.380367,0.000000,0.765941,0.511688,-0.590163,0.358156,0.105432,0.474799,0.395274,-0.138678,0.231078,0.769764,0.750057,0.703850,0.733434,0.587097,-0.252300,0.718663,0.384290,0.225845,-0.240320,-0.135575,-0.119788,0.348861,-0.114990,0.578070,0.750921,0.589734,0.104080,-0.302016,-0.155967,-0.072039,-0.203966,-0.306518,-0.197380,0.528978,0.629614,-0.123364,0.424562,-0.502819,-0.104566,-0.433532,0.476569,0.280380,-0.150925,-0.328751,0.471367,-0.451312,0.151901,0.260003,-0.171377,-0.108347,0.317144,0.071244,-0.021128,-0.137096,-0.229681,0.332379,0.546124,0.416254,-0.030443,0.178246,0.498639,-0.214697,0.149537,-0.467853,0.562050,-0.414502,0.100695,-0.088165,0.727173,-0.486049,0.546189,0.510478,0.761919,-0.639048,0.524188,-0.447560,-0.078811,-0.627245,0.542994,-0.013991,0.018585,0.320134,0.634891,0.480198,0.470868,-0.356816,0.706112,0.476950,0.727228,-0.464377,0.434633,0.062451,0.699558,0.050845,-0.079670,0.196728,0.271356,0.560310,0.311231,-0.088232,0.214094
0.542683,-0.530179,0.215860,-0.504856,0.763302,0.744628,0.381914,-0.680651,0.779064,0.719367,0.291397,-0.500268,0.516234,-0.424635,0.765941,0.000000,0.509034,-0.653552,0.268347,0.026761,0.494084,0.464490,-0.168665,0.266696,0.777835,0.791514,0.741747,0.754604,0.575775,-0.293878,0.722043,0.370244,0.163970,-0.280341,-0.163061,-0.146169,0.326458,-0.128160,0.558242,0.772876,0.576583,0.047774,-0.324595,-0.144974,-0.128587,-0.258709,-0.329830,-0.213025,0.500885,0.583916,-0.191259,0.364205,-0.570075,-0.113538,-0.502495,0.505459,0.158761,-0.200978,-0.416179,0.393353,-0.547788,0.153174,0.225506,-0.147112,-0.204976,0.289703,0.003076,-0.086807,-0.232186,-0.301723,0.250856,0.598330,0.424616,-0.093001,0.110999,0.532653,-0.240316,0.168821,-0.548039,0.625140,-0.485892,0.084531,-0.146484,0.771728,-0.585269,0.599920,0.397387,0.796358,-0.695363,0.579037,-0.483178,-0.110417,-0.669617,0.551600,-0.031921,0.007979,0.299450,0.622099,0.483646,0.438462,-0.430152,0.726880,0.420473,0.750200,-0.515236,0.440591,0.057583,0.735460,-0.008520,-0.109859,0.173048,0.255778,0.559141,0.256502,-0.106496,0.195244
0.695879,-0.283446,0.601017,-0.100957,0.373669,0.367135,0.689872,-0.339932,0.548000,0.328637,0.636281,-0.248577,0.681638,-0.184883,0.511688,0.509034,0.000000,-0.386581,0.558675,-0.052717,0.235630,0.087012,0.298733,0.008564,0.440373,0.422671,0.341887,0.370845,0.772453,-0.051793,0.377166,0.134489,0.550410,-0.040415,0.227775,0.208977,0.513041,0.023712,0.446784,0.556967,0.529106,0.048088,0.184713,0.232796,0.251856,0.223826,0.213727,0.291027,0.547101,0.455708,0.324202,0.389997,-0.059972,0.409923,0.016639,0.702311,0.540179,0.196378,0.012332,0.507092,-0.130721,0.441116,0.596477,0.144839,0.271033,0.285703,0.411826,0.258808,0.228245,0.155624,0.270848,0.495258,0.713036,0.261009,0.013571,0.470410,0.171663,0.412996,-0.143147,0.602176,-0.016269,0.328001,-0.035110,0.610982,-0.172481,0.695074,0.161677,0.526414,-0.328401,0.685822,-0.124977,0.177922,-0.275212,0.701246,0.406852,0.423487,0.609244,0.672960,0.680776,0.626603,-0.312655,0.682046,0.262265,0.572345,-0.079716,0.714049,0.415576,0.408284,0.331580,0.349802,0.525315,0.531382,0.609534,0.564113,0.374883,0.321593
-0.444191,0.764281,-0.130458,0.635591,-0.629472,-0.565635,-0.307079,0.746031,-0.690261,-0.457191,-0.150804,0.736230,-0.379871,0.694739,-0.590163,-0.653552,-0.386581,0.000000,0.020121,0.409240,-0.362903,-0.294217,0.296168,0.158273,-0.636677,-0.670237,-0.601865,-0.617450,-0.464452,0.643194,-0.463204,0.024840,0.057195,0.616988,0.181441,0.224244,-0.260790,0.357187,-0.298137,-0.621632,-0.422776,0.264698,0.369576,0.289414,0.387926,0.450046,0.346366,0.253754,-0.212811,-0.282748,0.278536,-0.055951,0.565227,0.080467,0.500310,-0.480531,0.077407,0.489894,0.594195,-0.043418,0.652805,0.151063,-0.076483,0.457398,0.243558,0.083114,0.141112,0.353419,0.432561,0.510155,0.017575,-0.360622,-0.396287,0.290689,0.177555,-0.338760,0.349593,0.026092,0.671806,-0.511341,0.588860,0.298268,0.324717,-0.612656,0.654675,-0.471305,-0.094460,-0.705931,0.711774,-0.611228,0.609758,0.328286,0.707595,-0.398861,0.131337,0.135090,-0.095676,-0.389687,-0.354902,-0.243717,0.671516,-0.644150,-0.089506,-0.644411,0.600768,-0.401619,-0.047309,-0.616890,0.057316,0.197715,-0.076657,-0.070259,-0.330725,-0.078179,0.126388,0.051520
0.609956,0.221231,0.614280,0.314353,0.147323,0.191440,0.595011,0.060851,0.241107,0.201247,0.644128,0.224805,0.594870,0.285736,0.358156,0.268347,0.558675,0.020121,0.000000,0.379028,0.232182,0.090965,0.531107,0.234839,0.234523,0.153180,0.087000,0.152000,0.529194,0.306901,0.285246,0.329012,0.736226,0.375749,0.444565,0.473505,0.498794,0.320478,0.460196,0.367341,0.450764,0.344377,0.354285,0.365931,0.472788,0.449658,0.379112,0.435888,0.495690,0.420191,0.505708,0.467516,0.244975,0.442522,0.323265,0.488468,0.718913,0.565721,0.407610,0.672430,0.301439,0.665397,0.557646,0.394346,0.461886,0.503252,0.612263,0.582255,0.578716,0.507743,0.489094,0.373071,0.516772,0.513107,0.257860,0.332268,0.422301,0.489709,0.251983,0.332742,0.307459,0.516717,0.342614,0.385185,0.243050,0.492589,0.379386,0.238549,0.058905,0.370148,0.216069,0.403701,0.091962,0.564477,0.478353,0.438774,0.569176,0.538419,0.546839,0.587853,0.106264,0.393355,0.344289,0.278785,0.280950,0.511616,0.353832,0.139194,0.408714,0.452969,0.569143,0.544918,0.508305,0.544202,0.453147,0.280030
0.025482,0.516892,-0.033223,0.259352,0.065166,0.146890,-0.088098,0.242454,-0.073265,0.194269,0.135204,0.480077,0.072016,0.496725,0.105432,0.026761,-0.052717,0.409240,0.379028,0.000000,0.149728,0.223360,0.119005,0.592754,0.062768,0.008188,0.054546,0.047545,-0.078738,0.555541,0.248152,0.565357,0.208539,0.599386,0.027694,0.099654,-0.021218,0.361541,0.268825,0.033593,0.128939,0.488326,0.033428,0.106785,0.313827,0.246078,0.007827,0.017605,0.272246,0.344109,0.115125,0.359807,0.100932,-0.165854,0.080741,-0.221934,0.352723,0.435237,0.404561,0.470810,0.343456,0.367340,0.119444,0.398807,0.119701,0.491290,0.178719,0.398023,0.360121,0.362228,0.385536,0.168017,-0.179470,0.291672,0.480754,0.045875,0.172416,0.144843,0.304334,-0.120494,0.252600,0.411467,0.389512,-0.013730,0.278340,-0.115071,0.499390,-0.088456,0.207236,-0.323237,0.290795,0.316790,0.197400,0.008630,0.048867,0.082413,0.111782,0.122543,-0.007090,0.088802,0.545088,-0.130489,0.472769,-0.042844,0.209728,-0.209440,-0.131493,0.021776,0.012263,0.069523,0.039491,0.089948,0.109576,0.054722,-0.085087,0.204057
0.324009,-0.260626,0.096021,-0.262951,0.461275,0.496440,0.172646,-0.396886,0.443956,0.422233,0.102503,-0.330316,0.268313,-0.279072,0.474799,0.494084,0.235630,-0.362903,0.232182,0.149728,0.000000,0.715075,-0.134225,0.113666,0.500811,0.484187,0.406539,0.521365,0.226215,-0.169937,0.546728,0.302691,0.158503,-0.065384,0.131854,0.047488,0.457300,0.322866,0.534660,0.560220,0.522971,0.212516,-0.104795,0.017981,-0.049763,-0.122696,-0.109480,0.012483,0.341176,0.397221,-0.043859,0.283854,-0.277730,-0.057615,-0.232847,0.291143,0.174491,-0.094412,-0.167947,0.325372,-0.249370,0.079599,0.157115,-0.176786,-0.049121,0.283497,0.165100,0.155103,-0.067949,-0.100027,0.330224,0.403399,0.237986,0.083853,0.096743,0.277411,-0.020650,0.231673,-0.202982,0.403447,-0.153502,0.033937,0.363814,0.541956,-0.245361,0.294382,0.456473,0.482511,-0.335660,0.268558,-0.170544,0.141933,-0.328343,0.385813,-0.138897,-0.142685,0.020880,0.390393,0.327715,0.322840,-0.109560,0.422479,0.426714,0.479050,-0.259866,0.168201,-0.056887,0.474683,-0.121898,-0.234939,0.067058,0.179615,0.356283,-0.008197,-0.137290,-0.065474
0.156643,-0.221105,-0.079111,-0.306810,0.460566,0.517608,-0.006661,-0.376359,0.396410,0.447697,-0.049860,-0.281652,0.139551,-0.227712,0.395274,0.464490,0.087012,-0.294217,0.090965,0.223360,0.715075,0.000000,-0.252170,0.219761,0.478434,0.477027,0.455120,0.513662,0.094210,-0.094007,0.553863,0.346373,-0.001789,-0.043142,-0.058946,-0.122444,0.282280,0.296496,0.455977,0.486372,0.432416,0.212682,-0.218521,-0.065197,-0.107717,-0.200433,-0.236825,-0.138615,0.285770,0.370506,-0.174768,0.235521,-0.347505,-0.234131,-0.330195,0.110218,0.043660,-0.158997,-0.206677,0.243585,-0.271493,0.012597,0.048559,-0.144055,-0.166844,0.249052,-0.015735,0.028973,-0.162274,-0.181505,0.345852,0.383546,0.069237,0.009058,0.172054,0.251060,-0.095073,0.141304,-0.239079,0.297690,-0.185394,-0.017604,0.283884,0.435225,-0.272470,0.152075,0.423785,0.403669,-0.326251,0.108465,-0.190391,0.065138,-0.326876,0.249583,-0.272664,-0.257709,-0.100622,0.269266,0.173570,0.151784,-0.025114,0.294902,0.451497,0.420391,-0.316671,-0.006098,-0.152344,0.475976,-0.261040,-0.356935,-0.101660,0.014411,0.222793,-0.113211,-0.308896,-0.054651
0.256193,0.391166,0.654292,0.645289,-0.335502,-0.266686,0.499210,0.468459,-0.180588,-0.271031,0.470404,0.459730,0.301985,0.497285,-0.138678,-0.168665,0.298733,0.296168,0.531107,0.119005,-0.134225,-0.252170,0.000000,0.110521,-0.227841,-0.305192,-0.340668,-0.323561,0.276451,0.403847,-0.188222,0.069880,0.620102,0.474356,0.553014,0.586645,0.367804,0.367549,0.047480,-0.070178,0.113372,0.190584,0.628188,0.539627,0.607118,0.619559,0.602139,0.596782,0.214465,-0.009092,0.644861,0.149154,0.579923,0.599210,0.618087,0.308649,0.509691,0.592408,0.589642,0.245867,0.549017,0.554350,0.465162,0.468996,0.609275,0.198590,0.600363,0.562191,0.637441,0.627178,0.247191,0.058667,0.370871,0.509539,0.083465,0.134547,0.543089,0.414888,0.513244,0.125371,0.587570,0.496453,0.320195,-0.017233,0.536668,0.277494,-0.039945,-0.194918,0.454302,0.174770,0.535353,0.429415,0.505341,0.307049,0.497156,0.454950,0.406340,0.140649,0.329009,0.374407,0.203015,0.034621,-0.123600,-0.195239,0.607920,0.407449,0.548122,-0.359442,0.336797,0.505701,0.475739,0.475264,0.221677,0.486893,0.650865,0.245757
0.036818,0.271075,0.035521,0.119745,0.240587,0.319651,-0.027870,0.058786,0.132239,0.411997,0.071310,0.309138,0.087037,0.343743,0.231078,0.266696,0.008564,0.158273,0.234839,0.592754,0.113666,0.219761,0.110521,0.000000,0.236496,0.225629,0.245571,0.203852,0.047426,0.374147,0.366240,0.643622,0.109687,0.415207,-0.051767,0.044196,-0.015483,0.194337,0.327230,0.190663,0.190712,0.396243,-0.114158,0.030169,0.220856,0.059461,-0.165417,-0.129423,0.301375,0.357260,-0.071770,0.312211,-0.145151,-0.228544,-0.137070,-0.093857,0.159425,0.241011,0.128234,0.323881,0.057782,0.296723,0.031649,0.285428,-0.033022,0.486867,0.079988,0.229401,0.111269,0.142136,0.268973,0.339280,-0.062964,0.102131,0.337536,0.214100,-0.001345,0.115761,0.044116,0.083054,-0.000087,0.407960,0.158677,0.194501,0.006023,0.101785,0.427639,0.142674,-0.038981,-0.110291,0.109284,0.180261,-0.009650,0.114664,0.048426,0.121053,0.217899,0.218275,0.062570,0.144805,0.298492,0.059897,0.364867,0.086489,0.054364,-0.038364,-0.068025,0.170171,-0.014052,0.040553,0.056879,0.154533,0.232725,0.116776,-0.055723,0.321359
0.505103,-0.527495,0.138919,-0.531493,0.801381,0.754850,0.299658,-0.690063,0.775065,0.716006,0.235499,-0.525422,0.456648,-0.452506,0.769764,0.777835,0.440373,-0.636677,0.234523,0.062768,0.500811,0.478434,-0.227841,0.236496,0.000000,0.807414,0.757380,0.772514,0.509630,-0.300800,0.756329,0.424914,0.117314,-0.286333,-0.190381,-0.172372,0.304340,-0.115985,0.553796,0.759375,0.577629,0.106521,-0.364689,-0.200055,-0.192927,-0.304727,-0.373803,-0.259297,0.467212,0.585181,-0.228842,0.349168,-0.583476,-0.178918,-0.520173,0.413090,0.146064,-0.266572,-0.423650,0.366364,-0.543220,0.068750,0.166729,-0.226155,-0.187551,0.296112,-0.007959,-0.095631,-0.260716,-0.356995,0.320625,0.588158,0.365873,-0.063357,0.143805,0.478265,-0.249164,0.125233,-0.533051,0.565678,-0.496375,0.019592,-0.144705,0.715214,-0.564140,0.501950,0.450694,0.766604,-0.685506,0.498393,-0.491934,-0.110805,-0.669015,0.517469,-0.085992,-0.075931,0.251340,0.594810,0.439442,0.386458,-0.348578,0.673426,0.492755,0.751987,-0.512189,0.368104,0.036128,0.759619,-0.043623,-0.151131,0.143385,0.193760,0.494667,0.226010,-0.168878,0.157087
0.466794,-0.575137,0.087147,-0.591358,0.803517,0.763864,0.254387,-0.728824,0.782558,0.728393,0.177642,-0.574085,0.412088,-0.507436,0.750057,0.791514,0.422671,-0.670237,0.153180,0.008188,0.484187,0.477027,-0.305192,0.225629,0.807414,0.000000,0.769847,0.781782,0.485378,-0.365957,0.729648,0.372098,0.040221,-0.347567,-0.242524,-0.230332,0.255763,-0.179959,0.531977,0.747224,0.544612,0.033582,-0.421253,-0.246717,-0.249304,-0.364104,-0.422518,-0.307975,0.438097,0.559584,-0.292509,0.318492,-0.640040,-0.218256,-0.581490,0.403015,0.072101,-0.319709,-0.491602,0.319507,-0.610815,0.016583,0.121981,-0.261645,-0.265178,0.249059,-0.076709,-0.167348,-0.332745,-0.410138,0.222608,0.566175,0.339049,-0.156414,0.089654,0.456829,-0.314179,0.073469,-0.606736,0.553732,-0.566716,-0.028769,-0.211024,0.716721,-0.638459,0.491828,0.397355,0.780975,-0.734483,0.501110,-0.548632,-0.164761,-0.720467,0.476469,-0.125332,-0.094555,0.216138,0.567902,0.404539,0.340473,-0.409651,0.675087,0.453628,0.752488,-0.580778,0.341195,-0.017169,0.771538,-0.077860,-0.193169,0.092533,0.155329,0.473176,0.170926,-0.221300,0.139124
0.385168,-0.534288,0.014415,-0.605862,0.770620,0.719486,0.190437,-0.696678,0.720282,0.701547,0.132914,-0.524587,0.371630,-0.455983,0.703850,0.741747,0.341887,-0.601865,0.087000,0.054546,0.406539,0.455120,-0.340668,0.245571,0.757380,0.769847,0.000000,0.757356,0.417047,-0.294581,0.706096,0.389951,-0.029969,-0.316732,-0.349025,-0.333199,0.155134,-0.187308,0.475547,0.695659,0.457045,0.035534,-0.466846,-0.281135,-0.264326,-0.371766,-0.482150,-0.386728,0.385685,0.518668,-0.345672,0.276790,-0.647280,-0.305978,-0.606117,0.303426,0.008554,-0.334247,-0.494509,0.268616,-0.599928,-0.021855,0.068288,-0.220229,-0.315502,0.209869,-0.182883,-0.228128,-0.359218,-0.433133,0.218351,0.529281,0.218868,-0.169797,0.159283,0.447034,-0.347823,0.030076,-0.589635,0.501103,-0.559908,-0.032610,-0.237705,0.636720,-0.620701,0.409140,0.388504,0.724288,-0.699135,0.409205,-0.531606,-0.200451,-0.689786,0.395120,-0.192913,-0.149128,0.143876,0.491981,0.318300,0.263214,-0.355638,0.582419,0.441064,0.698820,-0.590672,0.251203,-0.056622,0.731045,-0.148922,-0.227328,0.006149,0.071450,0.403211,0.132976,-0.299565,0.126630
0.437692,-0.536118,0.055222,-0.581754,0.767672,0.739023,0.231320,-0.711829,0.727904,0.721238,0.161436,-0.555942,0.393607,-0.489788,0.733434,0.754604,0.370845,-0.617450,0.152000,0.047545,0.521365,0.513662,-0.323561,0.203852,0.772514,0.781782,0.757356,0.000000,0.420584,-0.327895,0.734511,0.358844,0.038093,-0.329313,-0.243528,-0.245317,0.245128,-0.129336,0.543868,0.729511,0.501137,0.040630,-0.441210,-0.270020,-0.250689,-0.374716,-0.450032,-0.348528,0.410187,0.525568,-0.295563,0.301929,-0.625586,-0.265165,-0.570443,0.349107,0.066280,-0.310681,-0.479144,0.315283,-0.590424,-0.015834,0.064531,-0.281195,-0.282738,0.249474,-0.082218,-0.158743,-0.312655,-0.387065,0.267629,0.512010,0.255737,-0.147216,0.157870,0.458514,-0.315657,0.044542,-0.567432,0.524297,-0.532518,-0.018012,-0.132385,0.686304,-0.600042,0.429542,0.452547,0.751932,-0.698782,0.428046,-0.534121,-0.187131,-0.696888,0.430522,-0.161372,-0.123549,0.163424,0.525247,0.351348,0.301428,-0.363134,0.622645,0.471975,0.720701,-0.573690,0.290002,-0.044063,0.750371,-0.103694,-0.234858,0.031748,0.120633,0.454206,0.132254,-0.267961,0.129959
0.710052,-0.345485,0.597264,-0.157032,0.449615,0.408764,0.701266,-0.395993,0.611358,0.387157,0.649836,-0.281874,0.716806,-0.206470,0.587097,0.575775,0.772453,-0.464452,0.529194,-0.078738,0.226215,0.094210,0.276451,0.047426,0.509630,0.485378,0.417047,0.420584,0.000000,-0.095343,0.439912,0.186536,0.500419,-0.113895,0.130029,0.118098,0.524038,-0.022970,0.457221,0.608630,0.558874,0.069684,0.089299,0.149135,0.186545,0.136133,0.097032,0.183205,0.513099,0.438699,0.235725,0.331136,-0.150936,0.336419,-0.071397,0.702301,0.487626,0.117251,-0.067513,0.462538,-0.186182,0.410710,0.542750,0.084575,0.215641,0.240925,0.316451,0.163801,0.158960,0.071923,0.262232,0.498401,0.704538,0.168157,-0.001703,0.505749,0.065330,0.353588,-0.224323,0.633827,-0.096773,0.286365,-0.094562,0.641195,-0.235686,0.714209,0.161247,0.581076,-0.397925,0.710416,-0.201630,0.085076,-0.338219,0.683067,0.333386,0.357878,0.564126,0.665341,0.641587,0.599462,-0.381827,0.707086,0.232410,0.591001,-0.144279,0.714891,0.419799,0.441768,0.282606,0.281286,0.464192,0.496242,0.596358,0.581978,0.333744,0.350965
-0.160370,0.654286,0.076078,0.553291,-0.325299,-0.253481,-0.035187,0.546894,-0.370234,-0.120108,0.118769,0.676210,-0.046753,0.682172,-0.252300,-0.293878,-0.051793,0.643194,0.306901,0.555541,-0.169937,-0.094007,0.403847,0.374147,-0.300800,-0.365957,-0.294581,-0.327895,-0.095343,0.000000,-0.077684,0.319993,0.298899,0.674233,0.144404,0.216604,-0.061218,0.448009,0.028912,-0.269428,-0.115693,0.468685,0.352673,0.368932,0.513220,0.498146,0.305938,0.255076,0.100769,0.028856,0.295217,0.155556,0.408110,0.101065,0.384647,-0.237829,0.281551,0.561637,0.553933,0.243960,0.542131,0.429261,0.156639,0.611953,0.257258,0.344429,0.228071,0.454617,0.467115,0.501999,0.337161,-0.001280,-0.143210,0.455752,0.349440,-0.029516,0.387928,0.256208,0.604308,-0.172523,0.535524,0.524117,0.363298,-0.267808,0.527949,-0.143770,0.105418,-0.393746,0.500517,-0.353118,0.537935,0.398695,0.543121,-0.055494,0.293206,0.337205,0.216841,-0.006628,-0.061670,0.057647,0.629648,-0.317639,0.201924,-0.304538,0.535198,-0.121813,0.120205,-0.301039,0.125795,0.339613,0.124787,0.163331,-0.000515,0.193021,0.217977,0.346276
0.433589,-0.371350,0.092642,-0.443910,0.745239,0.729109,0.253295,-0.590525,0.683534,0.738820,0.227794,-0.372348,0.430701,-0.304712,0.718663,0.722043,0.377166,-0.463204,0.285246,0.248152,0.546728,0.553863,-0.188222,0.366240,0.756329,0.729648,0.706096,0.734511,0.439912,-0.077684,0.000000,0.564141,0.164942,-0.103301,-0.182872,-0.171740,0.274042,0.043697,0.583706,0.701038,0.534836,0.268645,-0.319063,-0.124194,-0.085672,-0.231611,-0.352755,-0.251333,0.500276,0.608465,-0.206181,0.391624,-0.532975,-0.240656,-0.481786,0.286849,0.190927,-0.168598,-0.317452,0.427699,-0.433303,0.121603,0.157129,-0.118578,-0.181235,0.391582,0.013825,0.016353,-0.183548,-0.264323,0.463086,0.608755,0.267931,0.046146,0.283447,0.473468,-0.178300,0.186054,-0.381771,0.532617,-0.372632,0.149462,0.007079,0.650272,-0.452650,0.412888,0.535568,0.679539,-0.582297,0.341402,-0.362365,-0.015501,-0.552891,0.467594,-0.093112,-0.065409,0.233246,0.577537,0.386095,0.377915,-0.151475,0.575182,0.607780,0.693364,-0.421850,0.258441,-0.001859,0.724567,-0.065416,-0.151523,0.096663,0.204047,0.486391,0.205033,-0.210932,0.211814
0.154009,0.124732,0.062360,-0.006005,0.409054,0.418924,0.047867,-0.099851,0.283546,0.493520,0.130575,0.120470,0.187873,0.181479,0.384290,0.370244,0.134489,0.024840,0.329012,0.565357,0.302691,0.346373,0.069880,0.643622,0.424914,0.372098,0.389951,0.358844,0.186536,0.319993,0.564141,0.000000,0.226723,0.381201,-0.011402,0.058565,0.131145,0.271582,0.487533,0.368994,0.325611,0.510220,-0.059269,0.099733,0.170410,0.038979,-0.138488,-0.079785,0.398065,0.460030,-0.045687,0.332727,-0.200870,-0.202901,-0.180762,-0.013217,0.234114,0.152529,0.050414,0.365154,-0.037630,0.248299,0.105628,0.190452,-0.004927,0.484127,0.161851,0.294276,0.091348,0.064278,0.475701,0.518270,0.071620,0.270278,0.408923,0.321336,0.113230,0.308654,0.017796,0.228526,-0.037725,0.344925,0.221800,0.314391,-0.062291,0.151878,0.535536,0.270173,-0.141388,-0.016070,0.066434,0.228656,-0.106675,0.261627,0.030384,0.025820,0.242126,0.382729,0.230537,0.270262,0.309986,0.179832,0.578408,0.291977,0.012675,0.046331,-0.011296,0.359274,0.018135,0.029376,0.147371,0.222556,0.303330,0.206440,-0.057235,0.244796
0.531891,0.209338,0.655110,0.388545,0.013034,0.061864,0.609188,0.133096,0.150149,0.081345,0.579295,0.207810,0.505387,0.275518,0.225845,0.163970,0.550410,0.057195,0.736226,0.208539,0.158503,-0.001789,0.620102,0.109687,0.117314,0.040221,-0.029969,0.038093,0.500419,0.298899,0.164942,0.226723,0.000000,0.417845,0.550270,0.560034,0.554369,0.380453,0.358437,0.291500,0.351259,0.290474,0.517652,0.523814,0.548778,0.551140,0.520977,0.569624,0.478031,0.299578,0.621717,0.404007,0.358417,0.593831,0.432483,0.521659,0.677248,0.567889,0.450079,0.539946,0.333457,0.595386,0.550815,0.384024,0.534687,0.418448,0.711468,0.657836,0.631891,0.563091,0.445803,0.324034,0.543137,0.562447,0.198750,0.305490,0.534547,0.577798,0.339854,0.390485,0.401622,0.573753,0.307209,0.324432,0.309011,0.511399,0.243269,0.156155,0.148864,0.394292,0.307504,0.433270,0.191067,0.544124,0.475705,0.410952,0.540688,0.482490,0.564523,0.590624,0.102619,0.348603,0.219299,0.197180,0.382644,0.564546,0.500066,0.026687,0.422341,0.435681,0.551150,0.595028,0.464359,0.599245,0.547484,0.238716
-0.087692,0.681046,0.165671,0.615428,-0.329554,-0.214472,0.004466,0.580387,-0.359277,-0.160513,0.151414,0.666454,-0.032779,0.690958,-0.240320,-0.280341,-0.040415,0.616988,0.375749,0.599386,-0.065384,-0.043142,0.474356,0.415207,-0.286333,-0.347567,-0.316732,-0.329313,-0.113895,0.674233,-0.103301,0.381201,0.417845,0.000000,0.356321,0.427799,0.102060,0.543248,0.079716,-0.211139,-0.030574,0.451097,0.494607,0.500552,0.573191,0.586692,0.450986,0.430341,0.219775,0.099401,0.479187,0.260617,0.521724,0.236378,0.500951,-0.146584,0.411428,0.635342,0.682172,0.302911,0.628472,0.438296,0.250379,0.566038,0.401078,0.358488,0.450113,0.643801,0.612385,0.646999,0.332776,0.064773,-0.065159,0.511583,0.359668,-0.031973,0.545767,0.390465,0.643857,-0.126468,0.615919,0.560504,0.474654,-0.207969,0.598062,-0.101432,0.224414,-0.378957,0.567047,-0.305382,0.643715,0.514851,0.577061,-0.010450,0.247335,0.206924,0.169032,-0.007564,0.063212,0.137464,0.646411,-0.288167,0.189883,-0.319404,0.600868,-0.093466,0.171224,-0.341952,0.139478,0.253207,0.194560,0.262582,0.030493,0.199247,0.273106,0.149288
0.209944,0.279151,0.500074,0.502495,-0.287411,-0.232759,0.354452,0.327876,-0.158152,-0.240741,0.270716,0.241746,0.161943,0.256684,-0.135575,-0.163061,0.227775,0.181441,0.444565,0.027694,0.131854,-0.058946,0.553014,-0.051767,-0.190381,-0.242524,-0.349025,-0.243528,0.130029,0.144404,-0.182872,-0.011402,0.550270,0.356321,0.000000,0.724763,0.429253,0.417200,0.159677,-0.022580,0.127425,0.143275,0.594701,0.504089,0.417524,0.452687,0.626195,0.647551,0.146560,-0.030512,0.555292,0.138513,0.502067,0.577377,0.572786,0.287732,0.409164,0.458920,0.449905,0.203667,0.418960,0.365460,0.329201,0.242246,0.574031,0.248163,0.695780,0.599340,0.510935,0.520928,0.235243,0.110256,0.358797,0.460812,-0.030250,0.019662,0.585896,0.453460,0.451029,0.051864,0.474362,0.267148,0.482978,0.060177,0.438943,0.200594,0.067443,-0.131866,0.368699,0.174972,0.468285,0.489355,0.408879,0.328766,0.485356,0.364481,0.359752,0.174269,0.363690,0.394074,0.189107,0.061400,-0.014698,-0.095023,0.532073,0.332814,0.302562,-0.233563,0.410490,0.431816,0.538527,0.488178,0.222951,0.262621,0.585472,-0.052535
0.177574,0.345567,0.470962,0.563606,-0.264767,-0.203940,0.328485,0.388319,-0.164946,-0.197879,0.271318,0.322881,0.122950,0.354908,-0.119788,-0.146169,0.208977,0.224244,0.473505,0.099654,0.047488,-0.122444,0.586645,0.044196,-0.172372,-0.230332,-0.333199,-0.245317,0.118098,0.216604,-0.171740,0.058565,0.560034,0.427799,0.724763,0.000000,0.373179,0.399600,0.133925,-0.020360,0.115464,0.180658,0.627849,0.575395,0.453416,0.507081,0.656084,0.668823,0.193341,0.057737,0.578540,0.237674,0.538328,0.580553,0.602831,0.287814,0.402341,0.529264,0.481784,0.247511,0.433103,0.437288,0.371648,0.367142,0.493794,0.275968,0.680058,0.638481,0.540265,0.546508,0.271065,0.156365,0.338122,0.539401,0.089385,0.091595,0.647772,0.532344,0.477006,0.056175,0.484501,0.341755,0.437937,0.044924,0.453715,0.222274,0.098525,-0.144970,0.399480,0.159335,0.513524,0.491755,0.433308,0.316972,0.490212,0.358645,0.385374,0.197628,0.394011,0.433688,0.266481,0.054883,0.017706,-0.105363,0.591312,0.334923,0.352584,-0.252132,0.428152,0.448777,0.578791,0.516754,0.264392,0.329423,0.621928,-0.020651
0.549044,-0.139373,0.547642,0.097201,0.188841,0.237623,0.531907,-0.138784,0.343929,0.154460,0.477752,-0.149608,0.480712,-0.074402,0.348861,0.326458,0.513041,-0.260790,0.498794,-0.021218,0.457300,0.282280,0.367804,-0.015483,0.304340,0.255763,0.155134,0.245128,0.524038,-0.061218,0.274042,0.131145,0.554369,0.102060,0.429253,0.373179,0.000000,0.443581,0.484549,0.486949,0.585419,0.228748,0.319608,0.334157,0.261857,0.267552,0.319069,0.418169,0.397646,0.248158,0.443091,0.250669,0.143084,0.448238,0.230255,0.587905,0.520561,0.189813,0.176609,0.386194,0.091984,0.341662,0.485976,0.003000,0.452006,0.262353,0.555171,0.437799,0.360939,0.272687,0.349576,0.376615,0.588614,0.280613,0.012647,0.322073,0.301861,0.423094,0.058673,0.550001,0.222704,0.324420,0.269835,0.473815,0.107759,0.546613,0.255982,0.342541,-0.059217,0.504927,0.085082,0.300791,-0.035084,0.574235,0.215041,0.161830,0.336294,0.460227,0.585543,0.528834,-0.121560,0.483086,0.187582,0.343043,0.122263,0.570725,0.497347,0.186055,0.111369,0.128112,0.374831,0.485197,0.450604,0.458122,0.369429,0.128169
