0.000000 0.594072 0.597902 0.575932 0.316671 0.328827 0.601646 0.249558 0.501243 0.327147 0.269616 0.503653 0.533131 0.531466 0.465057 0.315487 0.364177 0.491047 0.605634 0.597864 0.290110 0.404572 0.452804 0.485235 0.456255 0.396687 0.209918 -0.112191 0.195076 0.383894 0.523286 0.406985 0.611853 0.561303 0.225796 0.035620 0.297808 0.545588 0.365969 0.442296 0.294317 0.424032 0.230532 0.457819 0.481589 0.424492 0.234984 0.243043 0.389938 0.410953 0.266150 0.495875 0.159691 0.087918 0.354395 0.270962 0.685622 0.598796 0.393445 0.449058 0.534434 0.449933 0.442750 0.453358 0.464868 0.524356 0.589127 0.568679 0.612706 0.213894 0.567939 0.334428 0.295208 0.513019 0.492583 0.293150 0.525454 0.421991 0.028095 0.258177 0.343498 0.391523 0.314925 0.268440 0.389605 0.202281 0.453564 0.329544 0.100801 0.240371 0.359382 0.107476 -0.067765 -0.155701 0.145406 0.170416 0.458830 0.539206 0.546882 0.478722 0.552448 0.031568 0.517889 0.414643 0.422095 0.338974 0.265063 0.358195 0.101667 0.235198 0.511994 0.496381 0.487024 0.542901 -0.152661 0.139478
0.594072 0.000000 0.668507 0.666838 0.273365 0.389736 0.586462 0.090612 0.558783 0.521272 0.240674 0.632004 0.452791 0.611545 0.494299 0.503354 0.227306 0.502495 0.622342 0.712224 0.456949 0.427412 0.439467 0.640415 0.484619 0.510658 0.095539 -0.252062 0.229372 0.372919 0.614704 0.525636 0.662779 0.607958 0.239431 0.137163 0.345949 0.566589 0.433025 0.501233 0.323060 0.518391 0.140223 0.493011 0.474795 0.381225 0.245702 0.303822 0.396099 0.473459 0.196303 0.597930 0.037937 0.116684 0.296311 0.394672 0.516463 0.748110 0.300156 0.518086 0.401747 0.607767 0.353088 0.676365 0.524196 0.612908 0.602819 0.644937 0.694704 0.221951 0.581373 0.531214 0.397757 0.572977 0.411166 0.413641 0.555719 0.552126 -0.102513 0.343335 0.194988 0.495055 0.304859 0.398364 0.068108 0.376107 0.460366 0.509901 -0.101314 0.417237 0.296239 0.113472 -0.226618 -0.244010 0.154395 0.182084 0.401578 0.560079 0.595772 0.550417 0.551030 -0.004269 0.596590 0.582662 0.291506 0.455479 0.334028 0.530173 0.125918 0.181114 0.536519 0.560238 0.545982 0.568262 -0.304489 0.116021
0.597902 0.668507 0.000000 0.700504 0.326276 0.471112 0.632916 -0.027713 0.675073 0.600760 0.251896 0.602114 0.512007 0.653247 0.646772 0.616993 0.253226 0.482523 0.629711 0.661185 0.526430 0.530051 0.599696 0.763446 0.619985 0.622239 0.127076 -0.236006 0.258380 0.433600 0.715898 0.635606 0.628867 0.526560 0.248779 0.148542 0.438242 0.646224 0.487731 0.607027 0.369423 0.658174 0.017138 0.418078 0.428150 0.268339 0.170507 0.284064 0.281675 0.365565 0.041148 0.500105 -0.052594 0.102554 0.311276 0.442188 0.394567 0.601525 0.107785 0.310619 0.287571 0.430788 0.348976 0.595896 0.558487 0.517835 0.588273 0.650511 0.626112 0.100440 0.639464 0.553806 0.423224 0.634096 0.502018 0.415853 0.522145 0.538829 -0.082814 0.290654 0.195596 0.517751 0.430511 0.494119 0.040121 0.348848 0.618700 0.629984 -0.149375 0.464773 0.272245 0.100942 -0.287687 -0.314491 0.208747 0.202559 0.414015 0.592641 0.611654 0.657637 0.599247 -0.052895 0.699689 0.674169 0.359728 0.531969 0.406712 0.598504 0.195088 0.185212 0.566086 0.531886 0.606392 0.567354 -0.373877 0.158277
0.575932 0.666838 0.700504 0.000000 0.268400 0.432915 0.662052 0.199410 0.581374 0.501256 0.338107 0.587276 0.533886 0.657319 0.521288 0.543050 0.319386 0.432840 0.692935 0.705555 0.480680 0.406384 0.597884 0.673239 0.478429 0.495508 0.037608 -0.189464 0.388613 0.382408 0.637935 0.612311 0.685156 0.631133 0.317466 0.227644 0.439165 0.557966 0.490240 0.572203 0.405558 0.581739 0.194397 0.501546 0.501260 0.409749 0.326279 0.407809 0.387041 0.483828 0.203534 0.579144 0.121282 0.297564 0.388649 0.534561 0.464250 0.662846 0.239493 0.478376 0.382821 0.582914 0.470856 0.685228 0.533213 0.607677 0.632653 0.660713 0.661673 0.293193 0.534863 0.554810 0.517454 0.555857 0.376227 0.406162 0.577610 0.623542 -0.012276 0.438520 0.279943 0.594897 0.381368 0.515700 0.093095 0.490420 0.450706 0.587595 -0.117394 0.560641 0.377825 0.269709 -0.149187 -0.143226 0.248182 0.259932 0.428200 0.603796 0.618908 0.602368 0.517422 0.105633 0.602545 0.637100 0.319191 0.560057 0.345935 0.543278 0.220191 0.200016 0.607043 0.557381 0.534201 0.594773 -0.266690 0.146198
0.316671 0.273365 0.326276 0.268400 0.000000 0.480446 0.372840 0.131791 0.455521 0.301748 0.316652 0.244160 0.418364 0.254498 0.250720 0.221630 0.217820 0.254053 0.358271 0.284221 0.331826 0.401481 0.403439 0.317667 0.387931 0.289318 0.287114 0.211249 0.266660 0.093953 0.411848 0.420498 0.292682 0.324433 0.083543 -0.098283 0.344723 0.243612 0.278136 0.281742 0.306853 0.302020 0.135950 0.183054 0.175150 0.141987 -0.022399 0.030121 0.128888 0.094042 0.089290 0.159746 -0.025024 0.097797 0.195650 0.233717 0.249729 0.264979 -0.035176 0.062760 0.234024 0.252612 0.238602 0.225459 0.255614 0.211279 0.167278 0.154199 0.234571 0.192697 0.314796 0.387273 0.369149 0.331825 0.187030 0.273221 0.374396 0.345803 0.007318 0.129933 0.145620 0.274236 0.116970 0.226371 0.109012 0.264468 0.225122 0.247312 0.027515 0.260024 0.154009 0.133355 -0.019591 0.030171 0.054576 0.002201 0.232208 0.357373 0.173262 0.163286 0.109121 0.157746 0.220299 0.258928 0.091545 0.222456 -0.070109 0.236964 -0.098287 0.270985 0.194228 0.089669 0.094700 0.187212 -0.086307 0.229218
0.328827 0.389736 0.471112 0.432915 0.480446 0.000000 0.509608 -0.044128 0.574457 0.430991 0.322380 0.350158 0.506834 0.329615 0.458020 0.492501 0.278689 0.242290 0.466273 0.384053 0.590383 0.507954 0.406451 0.542955 0.489149 0.524160 0.252970 0.208564 0.348635 0.172605 0.595882 0.610774 0.414459 0.444929 0.098749 -0.027641 0.612124 0.445471 0.528923 0.463298 0.461239 0.504521 0.062498 0.235833 0.207852 0.130197 -0.013349 0.088571 0.125784 0.137583 0.023250 0.257250 -0.137214 0.107487 0.203398 0.436127 0.182430 0.368280 -0.138552 0.119376 0.148139 0.340078 0.289021 0.450764 0.282998 0.295540 0.222642 0.257058 0.325126 0.175204 0.411348 0.626682 0.530485 0.487485 0.341132 0.492166 0.497730 0.529454 0.020546 0.225236 0.218154 0.459615 0.319990 0.526522 -0.040093 0.398228 0.441627 0.504597 -0.111951 0.520089 0.188676 0.149264 -0.187353 -0.051202 0.347057 0.222259 0.357395 0.550291 0.341677 0.364640 0.226224 0.208760 0.454518 0.567835 -0.013087 0.469114 0.119105 0.582202 0.073883 0.349796 0.325001 0.183957 0.221283 0.259501 -0.346255 0.279739
0.601646 0.586462 0.632916 0.662052 0.372840 0.509608 0.000000 0.314112 0.590088 0.398786 0.489813 0.463777 0.685283 0.507960 0.450584 0.459613 0.426478 0.389993 0.692445 0.622324 0.470348 0.400327 0.620570 0.590069 0.437080 0.462207 0.197834 -0.009064 0.470256 0.272517 0.585357 0.618924 0.672725 0.642592 0.291284 0.028546 0.472021 0.451617 0.521944 0.555944 0.438482 0.546855 0.310191 0.494592 0.531034 0.434202 0.304226 0.369229 0.415820 0.422157 0.278985 0.479291 0.149925 0.344662 0.445997 0.548602 0.513922 0.590546 0.219295 0.386420 0.526997 0.573688 0.543941 0.557253 0.573139 0.559055 0.593750 0.540220 0.589259 0.423765 0.471228 0.579753 0.537470 0.495577 0.326577 0.456809 0.628203 0.623229 0.051529 0.452283 0.337693 0.566875 0.289161 0.468301 0.223424 0.513602 0.397928 0.503475 0.042886 0.575849 0.477321 0.382439 0.042862 0.067061 0.245307 0.215856 0.459303 0.606765 0.537339 0.516867 0.445507 0.313009 0.555339 0.601300 0.375607 0.595896 0.326772 0.487213 0.149947 0.269701 0.490057 0.438212 0.415020 0.575471 -0.138262 0.184881
0.249558 0.090612 -0.027713 0.199410 0.131791 -0.044128 0.314112 0.000000 -0.043349 -0.181193 0.377812 0.101365 0.320537 0.179916 -0.153467 -0.188578 0.322768 0.207990 0.273362 0.200413 -0.145816 -0.140238 0.282215 -0.133537 -0.148754 -0.238859 -0.063869 0.235853 0.256909 0.075498 -0.073345 0.036110 0.237201 0.302932 0.133177 -0.023929 0.049911 -0.032590 0.017916 0.054820 0.100538 -0.033195 0.590775 0.393757 0.421443 0.496899 0.469423 0.403166 0.447114 0.376042 0.544618 0.261127 0.590249 0.478189 0.391053 0.200233 0.453650 0.210859 0.500932 0.366958 0.565818 0.349458 0.421253 0.104852 0.176085 0.259204 0.298670 0.137643 0.235776 0.546860 -0.032958 -0.039780 0.182219 -0.083307 -0.043429 -0.047901 0.210453 0.159091 0.298569 0.313430 0.397101 0.244048 -0.024910 -0.010369 0.499280 0.233460 -0.229991 -0.122018 0.398362 0.125827 0.520389 0.474435 0.568056 0.441310 0.093612 0.080502 0.265484 0.082577 0.159845 0.048781 0.086669 0.399772 -0.065050 -0.098642 0.296264 0.070809 -0.022980 -0.200871 0.049314 0.173015 0.198231 0.174846 -0.014580 0.248054 0.437480 0.053177
0.501243 0.558783 0.675073 0.581374 0.455521 0.574457 0.590088 -0.043349 0.000000 0.692829 0.208068 0.552708 0.462964 0.548700 0.636819 0.618397 0.215848 0.384781 0.586627 0.548453 0.551296 0.508121 0.486989 0.692708 0.669411 0.702069 0.187583 -0.160279 0.252986 0.392000 0.720788 0.635103 0.514809 0.440656 0.092738 0.027013 0.408864 0.570248 0.441861 0.559245 0.338753 0.592893 -0.021711 0.329221 0.283473 0.117742 0.090756 0.182743 0.177860 0.241011 -0.033679 0.367159 -0.166697 0.065774 0.216460 0.365329 0.291060 0.523266 -0.018931 0.216008 0.227245 0.421491 0.267941 0.507276 0.434551 0.432401 0.408841 0.486443 0.555289 0.065136 0.628601 0.609180 0.436555 0.629973 0.444186 0.415077 0.472855 0.517954 -0.089139 0.295351 0.161988 0.464211 0.391353 0.504135 -0.047779 0.281904 0.604455 0.574094 -0.197334 0.465202 0.252362 0.108665 -0.275233 -0.289850 0.199220 0.193914 0.305634 0.517523 0.540507 0.562247 0.485149 -0.033049 0.607846 0.635060 0.220568 0.485985 0.321411 0.566602 0.136772 0.198392 0.484993 0.454756 0.523940 0.460706 -0.380900 0.162873
0.327147 0.521272 0.600760 0.501256 0.301748 0.430991 0.398786 -0.181193 0.692829 0.000000 -0.011733 0.583476 0.225894 0.549589 0.638700 0.654245 -0.019701 0.374146 0.463616 0.478265 0.520289 0.473998 0.332488 0.653800 0.654744 0.707254 0.014750 -0.328877 0.043001 0.396250 0.676009 0.540007 0.396814 0.273905 -0.001165 0.060809 0.235076 0.492893 0.271445 0.523721 0.097069 0.513952 -0.172189 0.260244 0.198054 -0.008858 0.021565 0.126919 0.100172 0.209453 -0.156516 0.337169 -0.237990 -0.017505 0.079333 0.282213 0.100929 0.443257 -0.088910 0.174794 0.055993 0.330270 0.043608 0.501950 0.359613 0.400354 0.343607 0.483171 0.495943 -0.120027 0.625089 0.524045 0.311812 0.610620 0.402483 0.264044 0.292773 0.374338 -0.157346 0.216243 0.030946 0.382886 0.385820 0.415690 -0.233266 0.163811 0.572767 0.574978 -0.287783 0.380867 0.108041 -0.043007 -0.397440 -0.459401 0.122588 0.115836 0.164304 0.348378 0.485904 0.589349 0.483210 -0.264712 0.562744 0.568175 0.096751 0.324839 0.293242 0.514978 0.147565 0.074502 0.440771 0.451467 0.542382 0.375827 -0.466292 0.119786
0.269616 0.240674 0.251896 0.338107 0.316652 0.322380 0.489813 0.377812 0.208068 -0.011733 0.000000 0.122849 0.674000 0.207273 0.037189 0.100211 0.569627 0.142246 0.409788 0.338040 0.214459 0.076351 0.551549 0.218923 0.069399 0.042631 0.167843 0.317590 0.666433 0.067072 0.205383 0.421755 0.384949 0.477391 0.370090 0.105711 0.523805 0.137839 0.446856 0.253153 0.549515 0.277071 0.472552 0.350119 0.344826 0.404386 0.328301 0.394610 0.364030 0.295175 0.380235 0.218846 0.332758 0.510714 0.476321 0.533457 0.346916 0.270465 0.132062 0.168890 0.360892 0.347558 0.602435 0.289127 0.271091 0.204095 0.257024 0.126781 0.180257 0.585967 -0.012800 0.345842 0.482724 0.051042 -0.041971 0.387585 0.424115 0.439677 0.288497 0.461964 0.369865 0.454012 0.090816 0.355946 0.263797 0.615573 0.025269 0.253607 0.193835 0.491730 0.390101 0.535242 0.329760 0.463774 0.287557 0.221260 0.414481 0.406806 0.190593 0.126821 0.007306 0.538559 0.139399 0.244818 0.243938 0.466662 0.025363 0.142927 0.125833 0.331674 0.240213 0.089812 0.021511 0.329722 0.285579 0.229051
0.503653 0.632004 0.602114 0.587276 0.244160 0.350158 0.463777 0.101365 0.552708 0.583476 0.122849 0.000000 0.345907 0.740075 0.612994 0.554747 0.090083 0.590746 0.570633 0.626119 0.425969 0.464485 0.350136 0.584140 0.489992 0.493704 -0.025540 -0.328930 0.049173 0.539790 0.598738 0.424323 0.506488 0.410302 0.053533 0.114411 0.250340 0.596748 0.263595 0.505007 0.118560 0.496833 0.028278 0.450356 0.374471 0.278577 0.189002 0.252981 0.306997 0.425562 0.084033 0.555433 0.012507 0.046331 0.144104 0.255702 0.351882 0.626951 0.266667 0.472418 0.372892 0.523630 0.180955 0.614545 0.449675 0.581214 0.523608 0.632083 0.644609 0.006519 0.656024 0.420565 0.295673 0.600991 0.467553 0.183196 0.389725 0.405602 -0.088182 0.269389 0.169231 0.459378 0.399324 0.374553 0.031420 0.167888 0.511757 0.496482 -0.169411 0.312919 0.275930 0.032217 -0.282955 -0.412927 0.147575 0.170185 0.345541 0.430485 0.603307 0.620843 0.607094 -0.213583 0.547088 0.499647 0.157756 0.256589 0.242587 0.446887 0.152466 0.208064 0.600865 0.593638 0.614711 0.463632 -0.319416 0.183883
0.533131 0.452791 0.512007 0.533886 0.418364 0.506834 0.685283 0.320537 0.462964 0.225894 0.674000 0.345907 0.000000 0.425748 0.326289 0.335682 0.589307 0.358684 0.606534 0.537178 0.398810 0.323940 0.650089 0.470384 0.315603 0.305025 0.211415 0.165874 0.609476 0.222921 0.473642 0.578845 0.566036 0.611139 0.324631 0.047885 0.586692 0.397326 0.538795 0.480060 0.572588 0.511063 0.395528 0.436715 0.463649 0.430070 0.305144 0.384602 0.400731 0.371059 0.339168 0.379223 0.230927 0.416552 0.513523 0.572260 0.502690 0.453594 0.159973 0.255171 0.442553 0.431738 0.638306 0.447246 0.409624 0.335805 0.425223 0.333666 0.428168 0.497544 0.290471 0.504726 0.564078 0.328867 0.234846 0.469479 0.581241 0.562717 0.195237 0.459567 0.433203 0.567768 0.275852 0.479028 0.270697 0.558987 0.284092 0.416107 0.113986 0.554124 0.463261 0.451692 0.173224 0.247632 0.312557 0.247121 0.481490 0.578700 0.406770 0.379272 0.285361 0.442512 0.432320 0.488945 0.361464 0.577490 0.198638 0.393580 0.141759 0.348284 0.402554 0.269904 0.257332 0.498951 0.016301 0.246402
0.531466 0.611545 0.653247 0.657319 0.254498 0.329615 0.507960 0.179916 0.548700 0.549589 0.207273 0.740075 0.425748 0.000000 0.575002 0.534288 0.198758 0.581396 0.607007 0.648505 0.395611 0.406673 0.484427 0.610084 0.479397 0.472538 -0.061347 -0.308011 0.175970 0.542723 0.587301 0.479991 0.558765 0.470687 0.136339 0.156817 0.309662 0.598309 0.333285 0.533346 0.225359 0.527548 0.118723 0.510276 0.459758 0.360356 0.296063 0.385626 0.372453 0.491525 0.173081 0.597687 0.124272 0.170291 0.285513 0.375764 0.394405 0.603566 0.295891 0.470654 0.374234 0.505517 0.325111 0.629367 0.471066 0.558248 0.575728 0.651187 0.635308 0.104208 0.601314 0.417068 0.345920 0.558597 0.452395 0.220979 0.426283 0.452952 -0.008318 0.351259 0.253810 0.535448 0.440911 0.431099 0.100068 0.275735 0.489940 0.542003 -0.107073 0.387347 0.329306 0.119603 -0.214141 -0.320642 0.205619 0.229604 0.399818 0.477764 0.621734 0.640646 0.608589 -0.122597 0.577491 0.530577 0.291646 0.352593 0.311375 0.452056 0.227315 0.198974 0.632583 0.605279 0.617132 0.541947 -0.263831 0.130599
0.465057 0.494299 0.646772 0.521288 0.250720 0.458020 0.450584 -0.153467 0.636819 0.638700 0.037189 0.612994 0.326289 0.575002 0.000000 0.698968 0.125838 0.471858 0.509763 0.508440 0.533850 0.591083 0.369561 0.665924 0.634177 0.663463 0.179265 -0.297871 0.068201 0.499792 0.677232 0.504090 0.433963 0.310743 -0.001019 0.037178 0.282386 0.573061 0.342938 0.573652 0.112738 0.574215 -0.139733 0.297740 0.254265 0.079824 0.013604 0.107739 0.149998 0.230374 -0.119244 0.374152 -0.172941 -0.038539 0.108958 0.295421 0.217031 0.442065 -0.014746 0.181434 0.129765 0.285381 0.121650 0.476701 0.408466 0.376638 0.401127 0.527487 0.523872 -0.123358 0.670927 0.479075 0.321592 0.675226 0.514992 0.254177 0.346524 0.371725 -0.077336 0.173488 0.144652 0.416496 0.518554 0.463083 -0.036616 0.125572 0.692221 0.595560 -0.232873 0.360096 0.171683 -0.050474 -0.358763 -0.453874 0.176005 0.215422 0.284167 0.447554 0.526679 0.640922 0.561473 -0.225214 0.631080 0.597412 0.149170 0.332010 0.311327 0.542897 0.169949 0.163721 0.481767 0.473829 0.573393 0.382170 -0.465460 0.179839
0.315487 0.503354 0.616993 0.543050 0.221630 0.492501 0.459613 -0.188578 0.618397 0.654245 0.100211 0.554747 0.335682 0.534288 0.698968 0.000000 0.130106 0.330849 0.507498 0.480668 0.614471 0.561230 0.389873 0.694453 0.549598 0.673196 0.123618 -0.320552 0.217456 0.395134 0.645304 0.596254 0.422851 0.331071 0.042785 0.116441 0.378241 0.540963 0.376736 0.591982 0.229995 0.643961 -0.160949 0.246579 0.210489 0.047029 0.017437 0.159683 0.119165 0.199046 -0.139508 0.339971 -0.222705 0.085808 0.104521 0.413317 0.099912 0.463375 -0.130764 0.153475 0.047793 0.370029 0.160665 0.533569 0.382242 0.348759 0.330860 0.465305 0.457935 -0.041579 0.531554 0.608923 0.401082 0.624759 0.354049 0.384382 0.361456 0.469652 -0.131829 0.248045 0.071637 0.465189 0.476558 0.595956 -0.234908 0.310581 0.628854 0.698558 -0.376192 0.535033 0.199295 0.111951 -0.318108 -0.322002 0.202767 0.232453 0.200749 0.480664 0.510993 0.642212 0.441133 -0.065674 0.607902 0.690411 0.117188 0.485060 0.356504 0.616762 0.207979 0.099704 0.438001 0.445720 0.524551 0.369496 -0.475340 0.179283
0.364177 0.227306 0.253226 0.319386 0.217820 0.278689 0.426478 0.322768 0.215848 -0.019701 0.569627 0.090083 0.589307 0.198758 0.125838 0.130106 0.000000 0.319176 0.401702 0.322643 0.158613 0.053237 0.464899 0.189858 0.088056 0.091462 0.206691 0.250191 0.635129 0.318244 0.236462 0.364715 0.368611 0.464696 0.185503 -0.096300 0.457510 0.184676 0.388154 0.273238 0.481758 0.309449 0.482757 0.387825 0.368270 0.411302 0.355223 0.346176 0.368445 0.298809 0.360628 0.243544 0.312495 0.414210 0.435479 0.439652 0.449616 0.263935 0.176506 0.145407 0.291915 0.251742 0.647191 0.269489 0.233519 0.117391 0.257209 0.140865 0.223655 0.482243 0.031183 0.280250 0.471911 0.150660 0.056842 0.337678 0.375868 0.369554 0.527182 0.541066 0.579914 0.514266 0.264581 0.386544 0.305095 0.449689 0.049372 0.181006 0.125404 0.399532 0.368948 0.405981 0.275511 0.357684 0.398664 0.434428 0.456325 0.390054 0.247457 0.183237 0.107334 0.459032 0.238597 0.271881 0.286954 0.450399 0.140653 0.181805 0.233768 0.362264 0.257544 0.144158 0.068848 0.387261 0.196009 0.099341
0.491047 0.502495 0.482523 0.432840 0.254053 0.242290 0.389993 0.207990 0.384781 0.374146 0.142246 0.590746 0.358684 0.581396 0.471858 0.330849 0.319176 0.000000 0.488186 0.552466 0.293336 0.352789 0.335521 0.400198 0.337399 0.292404 0.008270 -0.121142 0.084321 0.518323 0.456518 0.309953 0.428265 0.372227 -0.106517 -0.142676 0.211276 0.438164 0.186903 0.417724 0.079264 0.438169 0.184637 0.464128 0.427101 0.322061 0.254465 0.252983 0.339411 0.418959 0.172863 0.468066 0.191964 0.114837 0.283309 0.250024 0.461188 0.499704 0.318980 0.362209 0.368642 0.323169 0.298055 0.489005 0.387620 0.394868 0.449914 0.491058 0.544923 0.098365 0.524745 0.269608 0.308419 0.466366 0.468955 0.122279 0.341397 0.276731 0.167204 0.312646 0.368432 0.483125 0.343011 0.234150 0.184277 0.083436 0.332179 0.288219 0.057706 0.207270 0.334305 0.037830 -0.054259 -0.247063 0.145548 0.146383 0.419800 0.356455 0.526503 0.538952 0.587997 -0.126099 0.506592 0.359820 0.261414 0.168663 0.213875 0.302264 0.068737 0.308446 0.484249 0.481585 0.485605 0.467947 -0.110163 0.206568
0.605634 0.622342 0.629711 0.692935 0.358271 0.466273 0.692445 0.273362 0.586627 0.463616 0.409788 0.570633 0.606534 0.607007 0.509763 0.507498 0.401702 0.488186 0.000000 0.705351 0.479983 0.415735 0.581028 0.596999 0.418454 0.437597 0.079460 -0.133881 0.417516 0.358321 0.612350 0.574303 0.693584 0.643827 0.190344 0.028060 0.432051 0.497125 0.444735 0.498020 0.407527 0.573353 0.288830 0.534168 0.536875 0.431040 0.347961 0.403411 0.448953 0.486073 0.247175 0.535175 0.145771 0.351258 0.400265 0.531080 0.496413 0.627094 0.236839 0.440202 0.462453 0.613240 0.502466 0.616548 0.520054 0.535167 0.579309 0.580482 0.653235 0.346336 0.522481 0.557808 0.560141 0.534687 0.375419 0.403823 0.595408 0.622023 0.015631 0.477618 0.324381 0.623370 0.326608 0.502792 0.131614 0.449300 0.417244 0.540656 -0.101974 0.564752 0.444455 0.338552 -0.053122 -0.065196 0.223166 0.213375 0.396676 0.588550 0.609431 0.590633 0.460176 0.172540 0.567111 0.613412 0.264009 0.527242 0.278685 0.501628 0.150570 0.240465 0.554800 0.529083 0.496430 0.600024 -0.203327 0.152993
0.597864 0.712224 0.661185 0.705555 0.284221 0.384053 0.622324 0.200413 0.548453 0.478265 0.338040 0.626119 0.537178 0.648505 0.508440 0.480668 0.322643 0.552466 0.705351 0.000000 0.450472 0.424131 0.504636 0.613103 0.438128 0.443019 0.069659 -0.194359 0.322393 0.396158 0.601402 0.532660 0.658592 0.621458 0.188911 0.144942 0.352380 0.512323 0.463945 0.536717 0.357387 0.572626 0.187588 0.496223 0.508327 0.410080 0.292054 0.350971 0.396925 0.492791 0.205888 0.577152 0.113867 0.227026 0.392960 0.489365 0.505530 0.677681 0.304542 0.479137 0.416870 0.572066 0.457960 0.675566 0.454940 0.549759 0.579852 0.615978 0.702162 0.295585 0.570241 0.517627 0.498601 0.575986 0.410474 0.372622 0.578216 0.580973 -0.025958 0.427676 0.269457 0.556743 0.323989 0.406466 0.106396 0.405387 0.437402 0.529694 -0.035160 0.487829 0.371027 0.192277 -0.133384 -0.169766 0.151004 0.163098 0.412831 0.565887 0.577772 0.568394 0.566833 0.070256 0.617380 0.604799 0.321564 0.466888 0.367748 0.523493 0.128345 0.194438 0.529894 0.515355 0.534845 0.600371 -0.250017 0.134229
0.290110 0.456949 0.526430 0.480680 0.331826 0.590383 0.470348 -0.145816 0.551296 0.520289 0.214459 0.425969 0.398810 0.395611 0.533850 0.614471 0.158613 0.293336 0.479983 0.450472 0.000000 0.581923 0.341743 0.617996 0.429262 0.552196 0.214396 -0.015984 0.268655 0.150428 0.602986 0.591134 0.428820 0.413107 0.014072 0.012984 0.488495 0.411285 0.470459 0.489982 0.383878 0.603727 -0.042225 0.232870 0.226051 0.105440 -0.006919 0.122064 0.127466 0.166883 -0.066360 0.277781 -0.198927 0.119032 0.243567 0.466585 0.130418 0.437238 -0.140960 0.151041 0.061910 0.367960 0.237650 0.539916 0.280146 0.286879 0.239138 0.348247 0.382688 0.089631 0.447877 0.667134 0.502697 0.521635 0.377880 0.487796 0.504928 0.554077 -0.162560 0.229638 0.097995 0.458239 0.352726 0.544211 -0.219602 0.379719 0.538598 0.617134 -0.219929 0.560389 0.191851 0.133756 -0.254425 -0.176050 0.195294 0.107135 0.224401 0.506377 0.420302 0.491853 0.314603 0.067227 0.523850 0.631305 0.044044 0.481665 0.227804 0.646495 0.060140 0.172255 0.304735 0.272280 0.354658 0.361325 -0.422223 0.214646
0.404572 0.427412 0.530051 0.406384 0.401481 0.507954 0.400327 -0.140238 0.508121 0.473998 0.076351 0.464485 0.323940 0.406673 0.591083 0.561230 0.053237 0.352789 0.415735 0.424131 0.581923 0.000000 0.297726 0.554194 0.491845 0.509693 0.319100 -0.064045 0.063516 0.234988 0.569959 0.465748 0.359084 0.300821 0.001367 0.060873 0.266539 0.424956 0.338051 0.435036 0.165666 0.566050 -0.157842 0.138063 0.174868 0.045942 -0.180690 -0.079342 0.080709 0.109748 -0.127725 0.255177 -0.237502 -0.089793 0.064058 0.250047 0.198378 0.403148 -0.062257 0.126010 0.142209 0.272457 0.074965 0.378131 0.302302 0.277245 0.249592 0.366517 0.383122 -0.095343 0.568940 0.510131 0.275524 0.595025 0.491317 0.344616 0.392477 0.344154 -0.203460 -0.034095 -0.068674 0.210476 0.219703 0.269614 -0.111918 0.138606 0.567486 0.496698 -0.198500 0.303555 0.097807 -0.060834 -0.298778 -0.318985 -0.086233 -0.079916 0.184130 0.493768 0.362518 0.430356 0.376797 -0.094159 0.474924 0.491574 0.061775 0.239398 0.158149 0.511353 -0.153685 0.276650 0.279817 0.287143 0.395791 0.257722 -0.447056 0.241039
0.452804 0.439467 0.599696 0.597884 0.403439 0.406451 0.620570 0.282215 0.486989 0.332488 0.551549 0.350136 0.650089 0.484427 0.369561 0.389873 0.464899 0.335521 0.581028 0.504636 0.341743 0.297726 0.000000 0.549047 0.420502 0.354289 0.073836 0.052693 0.527867 0.289924 0.520998 0.629522 0.562333 0.529807 0.384537 0.133486 0.511225 0.411480 0.476881 0.496806 0.473769 0.522018 0.314275 0.433955 0.477712 0.382606 0.318320 0.427052 0.385279 0.382862 0.267344 0.392253 0.224777 0.416838 0.474289 0.557800 0.387415 0.412264 0.101977 0.192213 0.333382 0.362042 0.534144 0.418707 0.505125 0.357815 0.492715 0.412759 0.431255 0.422830 0.324529 0.440780 0.501938 0.336528 0.233512 0.388585 0.475839 0.493162 0.184554 0.415545 0.358341 0.559478 0.312130 0.471889 0.220199 0.531634 0.308548 0.470973 0.064265 0.525278 0.413796 0.430364 0.116487 0.145946 0.288463 0.240432 0.440862 0.494929 0.423435 0.450174 0.308842 0.301008 0.446177 0.486717 0.416159 0.570361 0.253667 0.359188 0.212527 0.263973 0.447954 0.337585 0.304290 0.479832 0.008811 0.170996
0.485235 0.640415 0.763446 0.673239 0.317667 0.542955 0.590069 -0.133537 0.692708 0.653800 0.218923 0.584140 0.470384 0.610084 0.665924 0.694453 0.189858 0.400198 0.596999 0.613103 0.617996 0.554194 0.549047 0.000000 0.622922 0.686571 0.156703 -0.261214 0.265071 0.368750 0.733249 0.680101 0.593357 0.505551 0.215780 0.176904 0.456878 0.603292 0.533257 0.602498 0.373902 0.665889 -0.052920 0.360185 0.355286 0.188601 0.095614 0.231861 0.222948 0.315290 -0.027627 0.454825 -0.152062 0.097312 0.261899 0.478976 0.263759 0.569437 -0.013336 0.260057 0.162312 0.431271 0.289246 0.617464 0.490960 0.469206 0.492314 0.586792 0.569732 0.072358 0.605331 0.635356 0.443194 0.630212 0.474832 0.479684 0.512659 0.566743 -0.136823 0.284083 0.130337 0.511658 0.436798 0.557962 -0.099074 0.391812 0.651505 0.705651 -0.219125 0.546177 0.220932 0.098619 -0.341394 -0.320734 0.201850 0.196257 0.336735 0.593392 0.568157 0.638098 0.532019 -0.046519 0.688290 0.727705 0.256441 0.562478 0.393444 0.673141 0.168521 0.167249 0.512534 0.483329 0.563267 0.503339 -0.445963 0.180201
0.456255 0.484619 0.619985 0.478429 0.387931 0.489149 0.437080 -0.148754 0.669411 0.654744 0.069399 0.489992 0.315603 0.479397 0.634177 0.549598 0.088056 0.337399 0.418454 0.438128 0.429262 0.491845 0.420502 0.622922 0.000000 0.732067 0.194726 -0.157040 0.085352 0.417647 0.704062 0.573736 0.422520 0.324061 0.167241 0.065958 0.290300 0.526339 0.343732 0.607696 0.140463 0.475769 -0.084226 0.269810 0.240388 0.061853 0.007027 0.086005 0.109550 0.174169 -0.062447 0.324443 -0.159679 -0.083647 0.140031 0.237742 0.224417 0.402860 -0.038461 0.135798 0.125625 0.210309 0.127035 0.419804 0.403000 0.394634 0.387586 0.451608 0.462960 -0.051421 0.651230 0.468834 0.318969 0.653384 0.396740 0.242476 0.359676 0.357274 -0.023595 0.188097 0.158575 0.330785 0.398032 0.344162 0.048397 0.160704 0.571846 0.481555 -0.068074 0.291448 0.111753 -0.080449 -0.322439 -0.359466 0.205015 0.185829 0.361504 0.410522 0.418089 0.480898 0.501237 -0.162069 0.577745 0.517639 0.204917 0.328745 0.304922 0.468440 0.197649 0.159532 0.435170 0.374327 0.441243 0.341923 -0.378884 0.141091
0.396687 0.510658 0.622239 0.495508 0.289318 0.524160 0.462207 -0.238859 0.702069 0.707254 0.042631 0.493704 0.305025 0.472538 0.663463 0.673196 0.091462 0.292404 0.437597 0.443019 0.552196 0.509693 0.354289 0.686571 0.732067 0.000000 0.229530 -0.252525 0.141436 0.381979 0.714307 0.621355 0.435228 0.348749 0.087058 0.052719 0.316006 0.515174 0.416066 0.599371 0.189814 0.529468 -0.142420 0.256779 0.214856 0.034444 -0.014240 0.097197 0.088311 0.174269 -0.119231 0.326495 -0.257116 -0.045611 0.119007 0.319980 0.147494 0.440352 -0.100455 0.150717 0.045936 0.282801 0.139281 0.494327 0.357957 0.377221 0.347876 0.450086 0.452431 -0.060384 0.609074 0.586951 0.343734 0.667224 0.390765 0.367812 0.377168 0.430443 -0.096496 0.237125 0.106606 0.376431 0.433415 0.465104 -0.125169 0.231688 0.636240 0.595340 -0.194901 0.423372 0.106311 -0.036803 -0.374050 -0.365402 0.208423 0.217073 0.269128 0.456616 0.445829 0.532597 0.483793 -0.133366 0.617077 0.631374 0.169429 0.433445 0.367784 0.582204 0.208888 0.108508 0.402548 0.390943 0.478917 0.371011 -0.470363 0.136075
0.209918 0.095539 0.127076 0.037608 0.287114 0.252970 0.197834 -0.063869 0.187583 0.014750 0.167843 -0.025540 0.211415 -0.061347 0.179265 0.123618 0.206691 0.008270 0.079460 0.069659 0.214396 0.319100 0.073836 0.156703 0.194726 0.229530 0.000000 0.195472 0.154873 -0.013126 0.184292 0.204467 0.155386 0.211934 0.074666 -0.099652 0.133950 0.051941 0.323661 0.101073 0.167092 0.117157 0.044794 0.055830 0.086053 0.125878 -0.152733 -0.144706 0.081308 0.011429 0.055890 0.051779 -0.069660 -0.052851 0.117581 0.133239 0.179792 0.142300 0.034133 0.037110 0.096693 0.090849 0.201673 0.061186 0.113928 0.038180 0.052124 0.039589 0.056562 0.115895 0.149796 0.264205 0.102428 0.237130 0.174535 0.335806 0.282165 0.209489 0.007251 -0.010239 0.068941 0.026738 0.032371 0.055318 0.163555 0.156829 0.249535 0.138878 0.125607 0.132140 0.012242 -0.006554 -0.006829 0.078491 -0.057718 0.031046 0.156243 0.329191 0.017326 -0.029756 0.047042 0.161327 0.123031 0.148390 0.092745 0.161889 0.018196 0.182303 -0.198689 0.209944 -0.029623 -0.033790 -0.019465 0.079437 -0.052783 0.239646
-0.112191 -0.252062 -0.236006 -0.189464 0.211249 0.208564 -0.009064 0.235853 -0.160279 -0.328877 0.317590 -0.328930 0.165874 -0.308011 -0.297871 -0.320552 0.250191 -0.121142 -0.133881 -0.194359 -0.015984 -0.064045 0.052693 -0.261214 -0.157040 -0.252525 0.195472 0.000000 0.212478 -0.245085 -0.159503 -0.007108 -0.119044 0.024698 0.008310 -0.190324 0.222684 -0.245914 0.066765 -0.114487 0.191167 -0.132187 0.291068 -0.051849 -0.022304 0.082259 -0.011665 -0.048397 0.000554 -0.109889 0.175030 -0.194958 0.181069 0.154291 0.166676 0.071210 0.043737 -0.191201 -0.051030 -0.165018 0.048784 -0.133667 0.178155 -0.178531 -0.135569 -0.186078 -0.201593 -0.328644 -0.258274 0.294316 -0.280505 -0.012866 0.186399 -0.208552 -0.142049 0.050709 0.061607 -0.007421 0.302536 0.006911 0.208537 -0.003424 -0.152144 -0.063187 0.206247 0.149732 -0.263782 -0.225715 0.325452 0.009823 0.062231 0.178812 0.359835 0.464359 0.145069 -0.011176 0.128325 -0.008138 -0.260579 -0.318625 -0.312355 0.392514 -0.252849 -0.217941 -0.137460 -0.052319 -0.286975 -0.171667 -0.117910 0.268088 -0.221916 -0.373581 -0.435588 -0.163850 0.288901 0.120865
0.195076 0.229372 0.258380 0.388613 0.266660 0.348635 0.470256 0.256909 0.252986 0.043001 0.666433 0.049173 0.609476 0.175970 0.068201 0.217456 0.635129 0.084321 0.417516 0.322393 0.268655 0.063516 0.527867 0.265071 0.085352 0.141436 0.154873 0.212478 0.000000 0.123916 0.259857 0.497351 0.391767 0.488228 0.335454 0.096536 0.529201 0.129689 0.469933 0.306561 0.592361 0.356532 0.423530 0.323466 0.315304 0.346317 0.361314 0.414926 0.316453 0.282824 0.319568 0.222497 0.233470 0.541562 0.443950 0.591675 0.259869 0.242428 0.010354 0.128354 0.189961 0.333872 0.629563 0.339244 0.209792 0.131225 0.209874 0.103589 0.165010 0.557783 -0.048340 0.423532 0.567205 0.101951 -0.145736 0.433608 0.414871 0.502913 0.333773 0.575009 0.372465 0.515095 0.158298 0.482170 0.068362 0.641738 0.005215 0.299478 -0.009354 0.592583 0.366992 0.561211 0.251534 0.452528 0.349014 0.368081 0.350211 0.445728 0.213818 0.157042 -0.036427 0.593278 0.218282 0.390597 0.209370 0.598184 0.147495 0.266076 0.240555 0.259180 0.227320 0.102225 0.025963 0.330385 0.151089 0.084756
0.383894 0.372919 0.433600 0.382408 0.093953 0.172605 0.272517 0.075498 0.392000 0.396250 0.067072 0.539790 0.222921 0.542723 0.499792 0.395134 0.318244 0.518323 0.358321 0.396158 0.150428 0.234988 0.289924 0.368750 0.417647 0.381979 -0.013126 -0.245085 0.123916 0.000000 0.429784 0.264053 0.280472 0.189073 -0.017486 0.003712 0.131695 0.462507 0.137194 0.424207 0.012154 0.360537 0.053456 0.353898 0.261997 0.176177 0.208379 0.189103 0.210036 0.284719 0.052633 0.373400 0.060392 -0.011947 0.047142 0.104923 0.270568 0.359136 0.196379 0.237964 0.234776 0.237487 0.198288 0.358495 0.297566 0.333387 0.367620 0.421511 0.429723 -0.040336 0.474698 0.149175 0.169259 0.452936 0.294306 0.011866 0.126617 0.149795 0.361154 0.364571 0.366306 0.385011 0.481250 0.293779 0.118664 0.001906 0.318251 0.267993 -0.120222 0.121608 0.202627 -0.038967 -0.179776 -0.326783 0.297068 0.479102 0.422189 0.253879 0.445718 0.449852 0.510462 -0.202609 0.453218 0.329369 0.232077 0.185113 0.301192 0.238940 0.383298 0.229754 0.482726 0.440958 0.454191 0.340671 -0.149349 0.036586
0.523286 0.614704 0.715898 0.637935 0.411848 0.595882 0.585357 -0.073345 0.720788 0.676009 0.205383 0.598738 0.473642 0.587301 0.677232 0.645304 0.236462 0.456518 0.612350 0.601402 0.602986 0.569959 0.520998 0.733249 0.704062 0.714307 0.184292 -0.159503 0.259857 0.429784 0.000000 0.703252 0.601158 0.526590 0.160911 0.048897 0.444793 0.582555 0.475495 0.626661 0.311425 0.623176 0.028698 0.404021 0.367728 0.208464 0.108900 0.200399 0.250986 0.322709 0.019224 0.458610 -0.121658 0.076955 0.251600 0.426870 0.312483 0.547596 0.009527 0.268737 0.200903 0.408302 0.286731 0.616763 0.469318 0.480149 0.484576 0.565903 0.591990 0.076347 0.674568 0.631412 0.503524 0.689434 0.459590 0.410724 0.520060 0.544358 -0.022263 0.321268 0.219748 0.533247 0.428671 0.504534 -0.032931 0.328912 0.600153 0.608504 -0.179778 0.490021 0.221313 0.068290 -0.316375 -0.312774 0.244518 0.214952 0.396400 0.569340 0.549082 0.599124 0.520538 -0.048833 0.655432 0.670040 0.172095 0.477509 0.298957 0.616187 0.161378 0.262020 0.524554 0.465008 0.526435 0.478157 -0.426613 0.186878
0.406985 0.525636 0.635606 0.612311 0.420498 0.610774 0.618924 0.036110 0.635103 0.540007 0.421755 0.424323 0.578845 0.479991 0.504090 0.596254 0.364715 0.309953 0.574303 0.532660 0.591134 0.465748 0.629522 0.680101 0.573736 0.621355 0.204467 -0.007108 0.497351 0.264053 0.703252 0.000000 0.593672 0.589546 0.304438 0.141821 0.582052 0.472938 0.594461 0.607913 0.493152 0.614125 0.182617 0.416695 0.407817 0.291858 0.204024 0.343211 0.310086 0.335972 0.148627 0.411744 0.006637 0.315957 0.403877 0.612759 0.279638 0.482848 -0.026421 0.214823 0.175935 0.406060 0.443142 0.586471 0.435578 0.384073 0.424346 0.444228 0.463241 0.306974 0.449801 0.697589 0.603184 0.540838 0.285490 0.544225 0.569032 0.630246 0.056790 0.412270 0.275956 0.591322 0.385403 0.601790 -0.016683 0.573730 0.482624 0.635181 -0.083726 0.657533 0.328547 0.333354 -0.081679 0.010571 0.318726 0.261441 0.415032 0.611043 0.468543 0.518329 0.342030 0.254368 0.559971 0.666997 0.244757 0.632688 0.292100 0.580674 0.194279 0.271870 0.460486 0.379460 0.374726 0.472908 -0.223240 0.214195
0.611853 0.662779 0.628867 0.685156 0.292682 0.414459 0.672725 0.237201 0.514809 0.396814 0.384949 0.506488 0.566036 0.558765 0.433963 0.422851 0.368611 0.428265 0.693584 0.658592 0.428820 0.359084 0.562333 0.593357 0.422520 0.435228 0.155386 -0.119044 0.391767 0.280472 0.601158 0.593672 0.000000 0.759014 0.395005 0.095923 0.436551 0.478808 0.518668 0.475285 0.405846 0.479975 0.371923 0.606581 0.624556 0.547059 0.406609 0.440125 0.559671 0.587341 0.381770 0.634363 0.230646 0.353837 0.473783 0.563110 0.562967 0.650538 0.359184 0.545577 0.466373 0.605036 0.497063 0.653989 0.584693 0.602448 0.686039 0.659747 0.656416 0.405365 0.502374 0.557683 0.508673 0.495004 0.379667 0.459741 0.651310 0.651454 0.033653 0.406537 0.323163 0.590178 0.268501 0.435752 0.218947 0.513636 0.394351 0.505635 0.012481 0.531889 0.424167 0.334702 -0.037024 -0.017147 0.201432 0.216894 0.462237 0.642707 0.584229 0.519145 0.446339 0.202834 0.525730 0.563087 0.289062 0.520652 0.242282 0.471086 0.103610 0.293378 0.575101 0.531637 0.446038 0.590877 -0.150379 0.139445
0.561303 0.607958 0.526560 0.631133 0.324433 0.444929 0.642592 0.302932 0.440656 0.273905 0.477391 0.410302 0.611139 0.470687 0.310743 0.331071 0.464696 0.372227 0.643827 0.621458 0.413107 0.300821 0.529807 0.505551 0.324061 0.348749 0.211934 0.024698 0.488228 0.189073 0.526590 0.589546 0.759014 0.000000 0.388703 0.088160 0.489153 0.389064 0.572432 0.422116 0.502052 0.429541 0.452220 0.592427 0.596450 0.583116 0.405454 0.437395 0.554855 0.551135 0.436911 0.582441 0.274115 0.406981 0.535017 0.591848 0.568186 0.612610 0.365377 0.531762 0.450299 0.598370 0.581549 0.632166 0.478418 0.526333 0.598038 0.551263 0.574223 0.510805 0.373525 0.570341 0.565897 0.421505 0.292710 0.509414 0.665440 0.665722 0.094130 0.432932 0.371536 0.581240 0.227020 0.432600 0.238574 0.591090 0.295142 0.443029 0.072329 0.554989 0.412393 0.378008 0.043325 0.125655 0.228041 0.231263 0.474190 0.653198 0.493804 0.393440 0.332129 0.335740 0.439685 0.509301 0.261495 0.532046 0.175394 0.444278 0.064150 0.316498 0.488394 0.420081 0.319239 0.568648 -0.072154 0.160621
0.225796 0.239431 0.248779 0.317466 0.083543 0.098749 0.291284 0.133177 0.092738 -0.001165 0.370090 0.053533 0.324631 0.136339 -0.001019 0.042785 0.185503 -0.106517 0.190344 0.188911 0.014072 0.001367 0.384537 0.215780 0.167241 0.087058 0.074666 0.008310 0.335454 -0.017486 0.160911 0.304438 0.395005 0.388703 0.000000 0.497146 0.310813 0.216026 0.356038 0.167489 0.365261 0.099076 0.322348 0.297658 0.294596 0.356714 0.291441 0.337751 0.330250 0.295232 0.338984 0.281522 0.244251 0.282422 0.289875 0.306582 0.272235 0.212142 0.195371 0.238855 0.223811 0.214900 0.283733 0.193653 0.375583 0.293941 0.409394 0.301105 0.178101 0.333031 0.032172 0.178461 0.171157 0.034330 -0.027939 0.279862 0.317825 0.316830 0.055150 0.140026 0.122427 0.183833 0.032570 0.177527 0.249099 0.440116 0.062432 0.186364 0.094744 0.233352 0.201608 0.324182 0.121184 0.242207 0.159630 0.189790 0.291215 0.314569 0.172900 0.057923 0.029647 0.322440 0.067200 0.145496 0.221127 0.342184 0.031031 0.073840 0.137177 0.168672 0.318422 0.202847 0.072773 0.220502 0.163849 0.022281
0.035620 0.137163 0.148542 0.227644 -0.098283 -0.027641 0.028546 -0.023929 0.027013 0.060809 0.105711 0.114411 0.047885 0.156817 0.037178 0.116441 -0.096300 -0.142676 0.028060 0.144942 0.012984 0.060873 0.133486 0.176904 0.065958 0.052719 -0.099652 -0.190324 0.096536 0.003712 0.048897 0.141821 0.095923 0.088160 0.497146 0.000000 0.100560 0.193279 0.230357 0.107950 0.172750 0.124215 -0.045498 0.037583 -0.005276 0.040444 0.091815 0.180166 0.022294 0.082113 0.030012 0.124772 0.035117 0.084286 0.059161 0.141117 0.003088 0.106945 0.045811 0.130022 -0.037755 0.098877 0.020979 0.127124 0.015109 0.101713 0.116625 0.164948 0.094582 0.032575 0.029559 0.067887 -0.016805 0.022688 0.023841 0.124368 0.103897 0.138060 -0.133866 -0.005568 -0.148461 -0.027457 0.054568 0.107618 -0.069239 0.179780 0.130446 0.230375 -0.070614 0.146320 0.055727 0.129180 -0.053856 -0.005560 -0.035127 0.043949 0.031185 0.120316 0.108059 0.072271 0.063052 0.071491 0.046618 0.117450 0.161077 0.172489 0.156538 0.090365 0.081154 -0.050449 0.200592 0.193711 0.168041 0.063320 0.025886 0.056359
0.297808 0.345949 0.438242 0.439165 0.344723 0.612124 0.472021 0.049911 0.408864 0.235076 0.523805 0.250340 0.586692 0.309662 0.282386 0.378241 0.457510 0.211276 0.432051 0.352380 0.488495 0.266539 0.511225 0.456878 0.290300 0.316006 0.133950 0.222684 0.529201 0.131695 0.444793 0.582052 0.436551 0.489153 0.310813 0.100560 0.000000 0.494603 0.554367 0.412561 0.676555 0.478778 0.248914 0.325683 0.289498 0.280212 0.245391 0.353381 0.266977 0.237226 0.205822 0.289275 0.107752 0.350787 0.427227 0.552929 0.256649 0.343055 -0.041201 0.152109 0.162050 0.309378 0.473784 0.433789 0.309377 0.239721 0.276290 0.248484 0.279615 0.365026 0.183219 0.517097 0.549954 0.262512 0.217563 0.546306 0.515351 0.580957 0.140806 0.318833 0.392861 0.581611 0.393826 0.646952 0.086990 0.562498 0.322889 0.466741 -0.037359 0.574187 0.346386 0.391955 0.020411 0.174963 0.547080 0.382318 0.489148 0.565011 0.399106 0.377519 0.163010 0.385051 0.385748 0.504373 0.137010 0.597580 0.105797 0.486255 0.256409 0.293582 0.430470 0.238488 0.214650 0.344593 -0.078290 0.305104
