0.000000,0.618481,0.705436,0.544000,-0.047174,-0.078305,0.761840,0.276310,-0.200778,0.146788,0.554544,0.390202,0.389883,0.325065,0.518169,0.468248,0.095200,-0.013527,0.532731,0.499031,0.444734,0.492012,0.478537,0.494446,0.036167,-0.089644,-0.066336,0.139087,0.478581,0.063491,0.599135,0.456280,0.565138,0.407003,0.270364,0.202612,0.465739,0.273630,0.437148,0.292044,0.392846,0.195706,0.036750,0.352803,0.554490,0.180940,0.264778,0.210771,0.607351,0.640610,0.244517,0.345447,0.057215,-0.215746,0.319159,0.524778,0.578788,0.187185,-0.034210,0.371819,0.158363,0.136617,0.592060,0.345431,0.490904,0.236977,0.526783,0.475394,0.637707,0.607593,0.608359,0.446797,0.142800,0.247347,0.535744,0.371198,0.571203,0.479850,-0.189139,0.081991,0.293906,0.364777,0.483564,0.469022,0.114602,0.201418,0.575824,0.454495,-0.043039,0.140543,-0.013880,0.250546,-0.021623,0.393870,0.135400,0.420192,0.193121,0.593746,0.630491,0.609557,0.194258,0.381598,0.500443,0.446276,0.084563,0.294096,0.497563,0.386066,0.128142,-0.228902,0.192399,0.613071,-0.266943,0.059308,-0.009970,0.045551
0.618481,0.000000,0.458291,0.556626,-0.111985,-0.160710,0.582807,0.350641,-0.158265,0.084010,0.515368,0.478513,0.442182,0.272521,0.332183,0.422478,0.369747,-0.164419,0.671975,0.435555,0.325135,0.300416,0.495726,0.375977,-0.000087,-0.049180,-0.003830,0.136712,0.510079,-0.092866,0.452365,0.381785,0.637944,0.371971,0.312667,0.339686,0.398653,0.037909,0.239929,0.340591,0.298397,0.111982,0.090975,0.348100,0.604986,0.280730,0.249113,0.254581,0.559083,0.589751,0.186721,0.447296,-0.008026,0.179326,0.152529,0.588217,0.499258,0.433197,0.107316,0.640664,0.190205,0.521075,0.557681,0.519923,0.534626,0.285891,0.581027,0.516183,0.643112,0.552185,0.434734,0.485913,0.273991,0.247771,0.423327,0.273707,0.448652,0.481903,-0.251626,0.295853,0.086037,0.515851,0.313906,0.394062,-0.055462,0.527363,0.293753,0.428896,-0.211312,0.484807,-0.090633,0.473977,-0.154977,0.516283,0.166853,0.494225,0.115616,0.511822,0.524844,0.510718,-0.005153,0.501074,0.230958,0.516429,-0.051374,0.475093,0.316121,0.425182,0.100608,-0.137603,0.285148,0.560867,-0.161825,0.071188,0.063279,0.084689
0.705436,0.458291,0.000000,0.553455,0.124997,0.106093,0.762903,0.326762,-0.083057,0.297692,0.411789,0.267635,0.284093,0.397864,0.639597,0.501089,-0.024828,-0.007748,0.367369,0.558356,0.461918,0.610775,0.563242,0.691406,0.180753,0.054657,0.053183,0.235893,0.477612,0.113066,0.662238,0.574774,0.519231,0.415246,0.369361,0.257710,0.513771,0.386881,0.616081,0.393745,0.506882,0.311664,-0.068712,0.251596,0.552918,0.092845,0.208216,0.168515,0.538417,0.590301,0.199333,0.254025,0.031649,-0.347821,0.410955,0.540895,0.486232,0.062574,-0.146201,0.303061,0.037536,0.088214,0.493174,0.276906,0.511720,0.337567,0.537408,0.511576,0.596755,0.640499,0.634175,0.487090,0.099494,0.288527,0.552399,0.431469,0.571148,0.486171,-0.146285,-0.036109,0.287377,0.288830,0.605785,0.527098,0.193794,0.111971,0.714460,0.551425,0.021104,0.061987,-0.015046,0.166323,0.047284,0.349355,0.226264,0.414348,0.241889,0.595453,0.637203,0.582633,0.291012,0.291423,0.621476,0.506849,0.198001,0.272569,0.550943,0.367213,0.172352,-0.284570,0.060772,0.509614,-0.387717,0.106915,-0.105003,0.104893
0.544000,0.556626,0.553455,0.000000,-0.294788,-0.320213,0.637859,-0.074576,-0.487826,-0.124302,0.347536,0.135222,0.148551,-0.046755,0.667816,0.804385,0.367417,-0.552850,0.661814,0.129232,0.698466,0.629240,0.424050,0.369705,-0.258637,-0.357864,-0.193175,0.077641,0.554843,-0.425821,0.703023,0.372495,0.578469,0.059798,0.038555,0.019059,0.589861,-0.113723,0.336373,0.450346,0.227872,-0.100180,-0.411080,-0.004276,0.452038,-0.196487,-0.180900,-0.140425,0.455457,0.587927,-0.164881,0.156272,-0.453908,-0.212542,-0.125084,0.666307,0.113427,-0.178778,-0.431333,0.356846,-0.351032,0.154735,0.688395,0.211189,0.571589,0.063732,0.476294,0.425731,0.708666,0.529112,0.359206,0.303413,-0.096420,-0.083088,0.714858,0.107145,0.253058,0.416386,-0.571423,0.462213,-0.128613,0.460724,0.677813,0.783998,-0.363509,0.603549,0.629653,0.795507,-0.576610,0.582024,-0.514378,0.586305,-0.515573,0.772793,0.134513,0.413642,-0.238187,0.625000,0.681211,0.386067,-0.300750,0.667694,0.163653,0.699212,-0.347249,0.423804,0.531566,0.776857,0.122454,-0.532828,-0.096363,0.657651,-0.610828,-0.281691,-0.346364,0.094755
-0.047174,-0.111985,0.124997,-0.294788,0.000000,0.813113,-0.051727,0.424431,0.789653,0.593807,0.019715,0.160079,0.145449,0.491855,-0.072776,-0.281683,-0.197422,0.411029,-0.322327,0.292839,-0.326962,-0.110488,0.200268,0.289455,0.788745,0.759318,0.509546,0.520932,-0.074601,0.466638,0.063333,0.286454,-0.035470,0.316205,0.299580,0.201681,-0.227362,0.239657,0.133369,0.049463,0.201995,0.354300,0.336895,0.177752,-0.067881,0.289981,0.375806,0.305797,-0.152677,-0.157937,0.251252,0.101709,0.446859,0.077290,0.385393,-0.121002,0.264353,0.297271,0.299228,0.013501,0.387519,0.163123,-0.229022,0.184404,-0.047131,0.386870,0.030838,0.053609,-0.186202,0.008951,0.206829,0.232272,0.293027,0.294737,-0.278458,0.253757,0.198539,0.032042,0.436454,-0.322610,0.316033,-0.045940,-0.177312,-0.268011,0.471272,-0.276210,-0.029728,-0.221417,0.503636,-0.324834,0.440278,-0.349428,0.489633,-0.388590,0.110643,-0.056875,0.385017,-0.145191,-0.210911,0.037647,0.422938,-0.332102,0.251939,-0.170844,0.375054,-0.171825,-0.186533,-0.404686,0.113758,0.445718,0.203907,-0.299044,0.243674,0.246450,0.212571,0.138000
-0.078305,-0.160710,0.106093,-0.320213,0.813113,0.000000,-0.064108,0.423813,0.763712,0.637602,0.016065,0.150480,0.134746,0.440336,-0.059828,-0.286200,-0.243516,0.412798,-0.335493,0.264598,-0.332438,-0.119079,0.152130,0.276227,0.738378,0.743863,0.522814,0.470089,-0.100552,0.456112,0.040429,0.269543,-0.111238,0.310645,0.261869,0.190675,-0.259934,0.247511,0.106193,0.089947,0.211263,0.355638,0.338178,0.175372,-0.084123,0.286483,0.332365,0.272328,-0.154372,-0.183892,0.233164,0.048159,0.443926,0.049994,0.372380,-0.189617,0.236393,0.274555,0.282373,-0.035410,0.367330,0.146990,-0.247322,0.171163,-0.122658,0.351569,-0.032641,0.010750,-0.230874,-0.038638,0.217105,0.215865,0.273119,0.331072,-0.271707,0.252730,0.173804,0.060644,0.463579,-0.294744,0.313314,-0.044543,-0.179684,-0.281680,0.486286,-0.301921,0.004495,-0.218754,0.528095,-0.342427,0.430506,-0.376476,0.473637,-0.426112,0.097902,-0.078747,0.397261,-0.148470,-0.222285,0.029744,0.425808,-0.322783,0.263930,-0.163045,0.376033,-0.187386,-0.160079,-0.403531,0.084124,0.467141,0.192369,-0.309306,0.278426,0.286734,0.238552,0.069999
0.761840,0.582807,0.762903,0.637859,-0.051727,-0.064108,0.000000,0.309231,-0.218301,0.206400,0.463615,0.346543,0.411001,0.316250,0.643070,0.574392,0.104313,-0.102895,0.539464,0.470917,0.521138,0.579029,0.636938,0.624880,0.038473,-0.072532,-0.016345,0.145206,0.561904,-0.001242,0.658350,0.547832,0.642601,0.408730,0.369691,0.285236,0.536733,0.289313,0.511636,0.403878,0.458654,0.214265,-0.027274,0.315409,0.632313,0.154170,0.223435,0.200476,0.640200,0.669700,0.199160,0.318922,-0.013025,-0.203397,0.325341,0.610086,0.507085,0.094009,-0.118409,0.401968,0.091216,0.187958,0.617626,0.325028,0.595679,0.343963,0.610466,0.570842,0.689027,0.654008,0.643111,0.495190,0.154209,0.278049,0.640889,0.363240,0.578220,0.551531,-0.253183,0.140671,0.254074,0.444350,0.586718,0.573178,0.105980,0.317227,0.685194,0.587230,-0.087422,0.261735,-0.081171,0.369286,-0.078753,0.500956,0.190822,0.507003,0.186627,0.641482,0.682630,0.632584,0.155448,0.429146,0.545586,0.567993,0.079654,0.408095,0.544592,0.482969,0.166497,-0.273962,0.140100,0.634064,-0.328775,0.074963,-0.034440,0.061399
0.276310,0.350641,0.326762,-0.074576,0.424431,0.423813,0.309231,0.000000,0.442021,0.542179,0.304020,0.461007,0.427212,0.689690,-0.030600,-0.192515,-0.130810,0.429377,-0.004979,0.573759,-0.268557,-0.017695,0.438039,0.569276,0.503503,0.499806,0.231585,0.140796,0.110868,0.492360,0.093652,0.346232,0.338266,0.665340,0.567660,0.564821,-0.022239,0.400044,0.271043,0.105346,0.300259,0.436016,0.536662,0.486307,0.361073,0.562560,0.571944,0.541350,0.288674,0.169309,0.507015,0.414033,0.570658,0.266937,0.569551,0.089380,0.545195,0.631950,0.528561,0.349927,0.641290,0.516320,-0.005612,0.448126,0.207832,0.585913,0.374112,0.379147,0.077275,0.237932,0.430787,0.482024,0.412824,0.522989,-0.118578,0.407873,0.463033,0.308808,0.361500,-0.279331,0.444848,0.181645,-0.072152,-0.185416,0.555443,-0.070835,-0.002240,-0.140412,0.534349,-0.141249,0.560327,-0.088371,0.558224,-0.192488,0.205296,0.276778,0.521029,0.063029,0.059286,0.364022,0.541686,-0.191743,0.377086,-0.041432,0.490055,0.073361,-0.082289,-0.303442,0.125128,0.349563,0.407617,-0.008838,0.362626,0.474615,0.347564,0.047923
-0.200778,-0.158265,-0.083057,-0.487826,0.789653,0.763712,-0.218301,0.442021,0.000000,0.595151,-0.016979,0.154383,0.193903,0.456333,-0.270086,-0.472280,-0.150323,0.516924,-0.388349,0.232656,-0.480427,-0.292479,0.103914,0.142183,0.769820,0.802910,0.554767,0.445919,-0.137468,0.541488,-0.150579,0.183794,-0.154237,0.284064,0.310892,0.237944,-0.317776,0.267358,-0.009859,-0.009713,0.165953,0.393940,0.502954,0.268984,-0.112541,0.409460,0.448466,0.399353,-0.219189,-0.276396,0.303961,0.109519,0.535616,0.271467,0.380764,-0.240844,0.227237,0.412160,0.457249,0.015128,0.481294,0.208455,-0.368053,0.176844,-0.163642,0.364429,-0.048990,-0.003938,-0.328942,-0.129880,0.116163,0.188775,0.396588,0.358369,-0.427855,0.211273,0.157365,0.004705,0.591774,-0.320469,0.333278,-0.055398,-0.365844,-0.456130,0.528769,-0.297380,-0.258721,-0.409284,0.586747,-0.331630,0.534185,-0.375119,0.554360,-0.512541,0.109459,-0.104710,0.444431,-0.255008,-0.355936,-0.018976,0.436733,-0.414778,0.148511,-0.289690,0.403139,-0.212876,-0.350367,-0.544433,0.035507,0.577152,0.278774,-0.398392,0.459243,0.347840,0.324139,0.077643
0.146788,0.084010,0.297692,-0.124302,0.593807,0.637602,0.206400,0.542179,0.595151,0.000000,0.223527,0.354954,0.351441,0.552581,0.169833,-0.059452,-0.120995,0.440715,-0.134461,0.482734,-0.119186,0.064254,0.458157,0.484740,0.658398,0.656265,0.522548,0.453528,0.174152,0.472402,0.170876,0.508847,0.130170,0.482659,0.519867,0.399748,-0.018871,0.440877,0.229737,0.292849,0.417918,0.551804,0.432883,0.416222,0.256648,0.460227,0.501728,0.450258,0.166417,0.122543,0.389470,0.262995,0.480777,0.116071,0.526645,0.091434,0.440476,0.353099,0.291837,0.191586,0.401163,0.250157,0.010317,0.338411,0.162310,0.554812,0.270732,0.314370,0.061721,0.258971,0.460681,0.446764,0.411455,0.535054,-0.020889,0.377398,0.433040,0.354044,0.437590,-0.171177,0.451585,0.237296,0.005959,-0.085817,0.559637,-0.074824,0.193714,-0.015505,0.502084,-0.139121,0.444965,-0.145710,0.461073,-0.202079,0.190595,0.194461,0.535784,0.111783,0.076702,0.350243,0.504486,-0.157031,0.454773,0.066637,0.400973,0.006951,0.053722,-0.204013,0.011206,0.388896,0.283589,0.036046,0.271969,0.422012,0.274456,-0.001234
0.554544,0.515368,0.411789,0.347536,0.019715,0.016065,0.463615,0.304020,-0.016979,0.223527,0.000000,0.468906,0.534147,0.391890,0.331254,0.321901,0.280588,0.034473,0.439060,0.422322,0.235283,0.274538,0.374467,0.398406,0.071894,0.035215,0.037014,0.147485,0.446995,0.120352,0.449346,0.419844,0.401075,0.389580,0.155375,0.084808,0.271861,0.107194,0.152448,0.286433,0.304165,0.218154,0.100777,0.354528,0.352563,0.261590,0.200354,0.193507,0.400141,0.391295,0.194733,0.311927,0.072569,0.024644,0.190345,0.374784,0.423854,0.299579,0.018611,0.330519,0.150342,0.305134,0.478280,0.471238,0.347921,0.232662,0.295096,0.281871,0.379483,0.371191,0.462725,0.523900,0.312725,0.330365,0.311183,0.384296,0.460864,0.451490,-0.032389,0.178521,0.251334,0.412708,0.278285,0.284781,0.098375,0.276317,0.284088,0.300866,-0.023075,0.202874,0.002701,0.233117,-0.020957,0.287776,0.103070,0.261983,0.167564,0.401060,0.410967,0.459340,0.119461,0.351653,0.252300,0.343370,-0.024278,0.181008,0.266437,0.277350,-0.023442,0.009491,0.220372,0.387690,-0.020370,0.057664,-0.022856,0.063578
0.390202,0.478513,0.267635,0.135222,0.160079,0.150480,0.346543,0.461007,0.154383,0.354954,0.468906,0.000000,0.422938,0.463528,0.187293,0.130404,0.068652,0.303225,0.209717,0.463232,0.055483,0.084939,0.436138,0.337077,0.248466,0.232168,0.231557,0.217823,0.292207,0.302166,0.231806,0.361708,0.376729,0.490279,0.313072,0.259188,0.005743,0.166125,0.023228,0.113851,0.198166,0.202129,0.354745,0.401303,0.311453,0.490948,0.411524,0.368859,0.411156,0.397277,0.453618,0.522165,0.395529,0.266541,0.381931,0.277161,0.581108,0.407008,0.403411,0.515540,0.436059,0.373218,0.409126,0.621139,0.282289,0.374312,0.341733,0.341779,0.338658,0.352659,0.384568,0.352220,0.247440,0.338747,0.126768,0.257839,0.354337,0.296119,0.103473,0.078681,0.359260,0.405793,0.064621,0.065752,0.263313,0.186005,0.181979,0.068586,0.235877,0.154468,0.260154,0.096825,0.186794,0.054095,-0.002387,0.251994,0.249906,0.158728,0.170162,0.329771,0.204229,0.029636,0.316821,0.137378,0.098176,0.148399,0.131473,0.061681,-0.109687,0.225080,0.255044,0.229328,0.170820,0.142702,0.096140,-0.086071
0.389883,0.442182,0.284093,0.148551,0.145449,0.134746,0.411001,0.427212,0.193903,0.351441,0.534147,0.422938,0.000000,0.488557,0.250485,0.160320,0.221042,0.128438,0.373551,0.296228,0.036651,0.063859,0.466421,0.392730,0.228465,0.220674,0.047847,0.084387,0.351287,0.153768,0.287199,0.350370,0.364127,0.413827,0.323311,0.217042,0.182630,0.177779,0.128678,0.319077,0.374900,0.232934,0.346433,0.564679,0.402678,0.484016,0.359428,0.391009,0.384424,0.286634,0.292550,0.282407,0.243124,0.292151,0.290611,0.272314,0.482376,0.399592,0.234640,0.288701,0.419629,0.427291,0.296300,0.380929,0.346851,0.397828,0.273122,0.263675,0.242125,0.191101,0.503229,0.553811,0.543247,0.410610,0.178218,0.344928,0.442219,0.501669,0.120126,0.222592,0.353216,0.514245,0.080564,0.121179,0.317073,0.313322,0.134178,0.134941,0.167934,0.200670,0.129460,0.337009,0.115478,0.192100,0.210278,0.316754,0.361214,0.341658,0.246943,0.457786,0.144398,0.166572,0.243716,0.279590,0.115311,0.280969,-0.028822,0.105139,0.051533,0.305843,0.429099,0.311690,0.211541,0.274151,0.203228,0.118154
0.325065,0.272521,0.397864,-0.046755,0.491855,0.440336,0.316250,0.689690,0.456333,0.552581,0.391890,0.463528,0.488557,0.000000,0.107633,-0.090694,-0.093822,0.454132,-0.043992,0.602205,-0.201399,0.076382,0.389155,0.576941,0.558867,0.505687,0.219358,0.281233,0.177345,0.537501,0.199802,0.408924,0.319895,0.625636,0.483028,0.393718,0.058064,0.427880,0.337785,0.142474,0.337151,0.481971,0.456582,0.523781,0.316691,0.548628,0.548888,0.506916,0.326060,0.233599,0.539047,0.421126,0.560836,0.154462,0.613120,0.166155,0.560183,0.518861,0.419147,0.264987,0.563431,0.391074,0.119398,0.481849,0.278676,0.580308,0.314559,0.325895,0.119193,0.289163,0.484915,0.558722,0.477662,0.531681,-0.021061,0.488810,0.530247,0.348074,0.341625,-0.304579,0.549097,0.214334,-0.005331,-0.091309,0.590748,-0.100799,0.101629,-0.072346,0.518832,-0.188498,0.504151,-0.136150,0.532577,-0.160673,0.221354,0.229960,0.558968,0.162223,0.139002,0.434890,0.533903,-0.201366,0.465856,0.032863,0.506610,0.067436,-0.055515,-0.266151,0.077082,0.362280,0.454166,0.034246,0.242100,0.457248,0.283931,0.173277
0.518169,0.332183,0.639597,0.667816,-0.072776,-0.059828,0.643070,-0.030600,-0.270086,0.169833,0.331254,0.187293,0.250485,0.107633,0.000000,0.748390,0.142296,-0.294927,0.412387,0.231665,0.690118,0.711689,0.465915,0.476219,-0.042448,-0.147269,-0.013394,0.211941,0.559736,-0.148891,0.714935,0.516132,0.382640,0.095200,0.103799,-0.005052,0.581625,0.172652,0.500611,0.578991,0.433554,0.134640,-0.292713,0.129436,0.400324,-0.113113,-0.061962,-0.015473,0.435647,0.553239,-0.018809,0.119080,-0.262343,-0.321389,0.139434,0.590529,0.214870,-0.261929,-0.401296,0.212627,-0.274135,-0.043847,0.599752,0.169191,0.482146,0.143314,0.379621,0.376808,0.605024,0.527303,0.533016,0.349463,0.010937,0.095039,0.697464,0.248012,0.345441,0.504667,-0.298521,0.334564,0.153681,0.424610,0.761295,0.756697,-0.018861,0.375538,0.786354,0.745830,-0.256756,0.348480,-0.336040,0.418341,-0.281030,0.570166,0.275556,0.411853,0.009281,0.631968,0.671927,0.493015,-0.049279,0.445057,0.428155,0.659759,-0.140805,0.274601,0.515345,0.639316,0.138896,-0.378215,-0.066608,0.609223,-0.492281,-0.100540,-0.287075,0.091114
0.468248,0.422478,0.501089,0.804385,-0.281683,-0.286200,0.574392,-0.192515,-0.472280,-0.059452,0.321901,0.130404,0.160320,-0.090694,0.748390,0.000000,0.339589,-0.545097,0.587790,0.040655,0.735248,0.653960,0.396784,0.316359,-0.256782,-0.354630,-0.164493,0.101962,0.525049,-0.422866,0.700112,0.359542,0.448440,-0.037690,-0.051158,-0.123739,0.563664,-0.124690,0.286509,0.492651,0.222108,-0.126222,-0.446355,-0.020492,0.353250,-0.244256,-0.240303,-0.196704,0.390586,0.533027,-0.216765,0.069723,-0.487708,-0.252678,-0.160353,0.607595,0.060745,-0.303496,-0.504562,0.252973,-0.422378,0.036200,0.677636,0.150399,0.512526,0.008803,0.369406,0.330594,0.653075,0.464835,0.351530,0.249577,-0.115823,-0.130102,0.728749,0.084773,0.190385,0.408110,-0.538079,0.536277,-0.096125,0.474936,0.717491,0.821040,-0.340498,0.592672,0.677767,0.822628,-0.560697,0.566991,-0.558586,0.577438,-0.540320,0.754103,0.143395,0.376625,-0.262096,0.605136,0.642577,0.334606,-0.349094,0.638816,0.147604,0.694225,-0.419771,0.325130,0.500599,0.806118,0.065288,-0.488731,-0.133483,0.644193,-0.610099,-0.339937,-0.424043,0.086541
0.095200,0.369747,-0.024828,0.367417,-0.197422,-0.243516,0.104313,-0.130810,-0.150323,-0.120995,0.280588,0.068652,0.221042,-0.093822,0.142296,0.339589,0.000000,-0.263979,0.404717,-0.081617,0.312475,0.205450,0.152139,-0.000557,-0.103977,-0.048257,-0.082062,0.131905,0.549154,-0.153401,0.282097,0.227806,0.291768,-0.091757,-0.033722,-0.043176,0.443691,-0.105180,-0.026442,0.371530,0.194258,0.081097,-0.013594,0.222657,0.197733,0.092594,0.030163,0.153323,0.174660,0.245059,-0.044403,0.238808,-0.255976,0.329933,-0.153525,0.460856,-0.010289,0.097712,-0.112689,0.272174,-0.200583,0.231253,0.397835,0.245276,0.409192,0.035796,0.289775,0.271378,0.277328,0.186826,0.004860,0.249644,0.277855,0.067645,0.298001,0.018155,0.191399,0.339969,-0.125417,0.512256,-0.020705,0.515783,0.218489,0.350851,-0.209628,0.610308,0.011193,0.367103,-0.429842,0.603495,-0.285787,0.520199,-0.368904,0.507816,0.178394,0.255404,-0.092633,0.388348,0.331767,0.228398,-0.318027,0.529761,-0.173204,0.400962,-0.334518,0.260125,0.078485,0.411202,0.023495,-0.142694,0.132788,0.318274,-0.111363,-0.126229,-0.131181,0.130293
-0.013527,-0.164419,-0.007748,-0.552850,0.411029,0.412798,-0.102895,0.429377,0.516924,0.440715,0.034473,0.303225,0.128438,0.454132,-0.294927,-0.545097,-0.263979,0.000000,-0.492443,0.413635,-0.417508,-0.246135,0.023407,0.119790,0.493852,0.519118,0.378633,0.209294,-0.096853,0.761069,-0.265293,0.143831,-0.112765,0.435292,0.366252,0.284861,-0.247542,0.542790,0.005098,-0.216947,0.177619,0.515287,0.631129,0.424540,0.019881,0.562221,0.601363,0.518763,0.083625,-0.071780,0.610436,0.303731,0.746578,0.144747,0.620905,-0.212003,0.443845,0.420669,0.566132,0.010423,0.555982,-0.061618,-0.207259,0.267932,-0.082164,0.380910,0.060320,0.136188,-0.248516,0.038244,0.154098,0.129357,0.352853,0.506769,-0.330711,0.272566,0.319849,-0.000029,0.658837,-0.525020,0.597982,-0.063559,-0.345919,-0.521951,0.678002,-0.512868,-0.184137,-0.527204,0.754282,-0.540948,0.735753,-0.528461,0.711501,-0.618913,-0.036852,-0.073809,0.589982,-0.178577,-0.204954,0.147855,0.645907,-0.534005,0.384346,-0.427261,0.572649,-0.250194,-0.120407,-0.619235,-0.116301,0.490955,0.273042,-0.253890,0.527783,0.494510,0.363944,-0.169553
0.532731,0.671975,0.367369,0.661814,-0.322327,-0.335493,0.539464,-0.004979,-0.388349,-0.134461,0.439060,0.209717,0.373551,-0.043992,0.412387,0.587790,0.404717,-0.492443,0.000000,0.107273,0.464090,0.339151,0.391404,0.198215,-0.261747,-0.306163,-0.199809,-0.024190,0.446313,-0.445214,0.469137,0.234804,0.477939,0.024548,0.049058,0.055406,0.422942,-0.206893,0.157484,0.345473,0.158405,-0.171337,-0.214202,0.104210,0.474224,-0.061145,-0.108987,-0.078765,0.398192,0.463828,-0.204622,0.110243,-0.393510,0.002250,-0.206608,0.509589,0.191914,0.059592,-0.237149,0.407428,-0.126059,0.309734,0.534863,0.181510,0.399267,0.000114,0.372086,0.292428,0.593907,0.372163,0.315271,0.314028,0.068134,-0.047599,0.504911,0.035873,0.193894,0.380886,-0.486465,0.513244,-0.194228,0.431949,0.394939,0.537277,-0.360616,0.611206,0.339520,0.561720,-0.514811,0.580304,-0.445535,0.629182,-0.482418,0.687063,0.116957,0.378918,-0.196561,0.488796,0.489882,0.344524,-0.327391,0.670736,0.008940,0.586455,-0.322366,0.486987,0.325164,0.631930,0.094501,-0.344580,0.061526,0.606772,-0.339827,-0.197896,-0.111220,0.094897
0.499031,0.435555,0.558356,0.129232,0.292839,0.264598,0.470917,0.573759,0.232656,0.482734,0.422322,0.463232,0.296228,0.602205,0.231665,0.040655,-0.081617,0.413635,0.107273,0.000000,0.028423,0.223833,0.451066,0.525082,0.376878,0.335843,0.303899,0.336270,0.371601,0.464039,0.264104,0.516591,0.417247,0.621385,0.551482,0.521281,0.237456,0.528372,0.445878,0.233546,0.497684,0.580983,0.334073,0.417469,0.519916,0.459706,0.540320,0.468742,0.500609,0.440855,0.533516,0.488574,0.459657,-0.009371,0.653977,0.367613,0.652793,0.471367,0.302779,0.453914,0.385057,0.267703,0.273866,0.509879,0.349917,0.488551,0.489562,0.499884,0.382916,0.607214,0.556891,0.548148,0.398653,0.604099,0.208347,0.508649,0.653450,0.424541,0.201594,-0.342573,0.440275,0.195864,0.184219,0.049488,0.449401,-0.085091,0.317638,0.107109,0.379469,-0.110716,0.418873,-0.092087,0.429037,-0.015864,0.152273,0.336440,0.534124,0.344420,0.386713,0.569425,0.617503,0.027330,0.641645,0.225349,0.524666,0.251785,0.343194,-0.073541,0.066822,0.111104,0.283066,0.257299,0.086994,0.477911,0.263646,0.019397
0.444734,0.325135,0.461918,0.698466,-0.326962,-0.332438,0.521138,-0.268557,-0.480427,-0.119186,0.235283,0.055483,0.036651,-0.201399,0.690118,0.735248,0.312475,-0.417508,0.464090,0.028423,0.000000,0.707183,0.286358,0.222744,-0.280673,-0.352299,-0.075861,0.132211,0.552293,-0.292726,0.608046,0.355659,0.331498,-0.128435,-0.053602,-0.139023,0.636894,0.071006,0.334832,0.480117,0.314438,-0.007661,-0.354344,0.015107,0.342932,-0.247068,-0.146621,-0.092036,0.371566,0.528964,-0.122399,0.091350,-0.417001,-0.267368,-0.058960,0.603868,0.051778,-0.343264,-0.432704,0.211681,-0.443237,-0.156801,0.583985,0.032511,0.442011,-0.085597,0.384559,0.352772,0.626847,0.490436,0.328590,0.143502,-0.121147,-0.101936,0.691435,0.052494,0.202738,0.348215,-0.378478,0.456735,-0.001609,0.377345,0.747240,0.770192,-0.257007,0.452832,0.652373,0.728851,-0.467915,0.469590,-0.453871,0.484847,-0.462613,0.637411,0.216773,0.399353,-0.182737,0.598061,0.645043,0.367209,-0.259571,0.580842,0.208662,0.600411,-0.370116,0.221159,0.583403,0.736998,0.035214,-0.569557,-0.203480,0.622202,-0.516549,-0.307530,-0.407487,-0.059195
0.492012,0.300416,0.610775,0.629240,-0.110488,-0.119079,0.579029,-0.017695,-0.292479,0.064254,0.274538,0.084939,0.063859,0.076382,0.711689,0.653960,0.205450,-0.246135,0.339151,0.223833,0.707183,0.000000,0.369754,0.439990,-0.033123,-0.140720,-0.035842,0.243850,0.540163,-0.029770,0.665033,0.447612,0.357101,0.050741,0.088286,-0.013406,0.685672,0.262409,0.583091,0.522154,0.386814,0.212940,-0.222873,0.144961,0.372237,-0.158087,0.001558,0.070224,0.350605,0.492629,0.020509,0.147386,-0.230399,-0.296060,0.186790,0.590659,0.181572,-0.211738,-0.306530,0.229889,-0.268380,-0.076997,0.514426,0.114872,0.479582,0.066720,0.458727,0.439230,0.574747,0.534499,0.467648,0.270192,-0.031739,0.065761,0.627238,0.218411,0.345900,0.415955,-0.208281,0.247762,0.218610,0.330718,0.805994,0.742483,0.010054,0.291768,0.670092,0.689426,-0.218430,0.294096,-0.227078,0.350754,-0.193330,0.512314,0.409200,0.470154,-0.002496,0.612468,0.654983,0.447960,-0.027733,0.406669,0.384497,0.561734,-0.127198,0.104668,0.464237,0.582258,0.172898,-0.502922,-0.114466,0.521862,-0.464689,-0.154409,-0.367936,0.089069
0.478537,0.495726,0.563242,0.424050,0.200268,0.152130,0.636938,0.438039,0.103914,0.458157,0.374467,0.436138,0.466421,0.389155,0.465915,0.396784,0.152139,0.023407,0.391404,0.451066,0.286358,0.369754,0.000000,0.626936,0.328882,0.242326,0.197353,0.321724,0.504769,0.082683,0.503012,0.647294,0.607025,0.435272,0.606958,0.453855,0.342393,0.258119,0.364238,0.382428,0.435260,0.315819,0.174449,0.340933,0.578794,0.313003,0.383103,0.356095,0.471527,0.497927,0.243382,0.373772,0.141877,0.085909,0.361261,0.535974,0.491308,0.245481,0.070160,0.504053,0.239225,0.373156,0.457482,0.407677,0.595365,0.559394,0.645987,0.610252,0.540097,0.568268,0.571763,0.528526,0.302499,0.368565,0.406838,0.255249,0.539994,0.503691,-0.058744,0.136789,0.231065,0.481525,0.367540,0.357651,0.202962,0.379778,0.457426,0.418208,0.044554,0.327411,0.085193,0.368751,0.073237,0.388558,0.183678,0.470127,0.250044,0.433715,0.441950,0.511307,0.191199,0.303286,0.434255,0.451449,0.125488,0.393813,0.345264,0.325227,0.131246,-0.034654,0.191353,0.441151,-0.091022,0.130204,0.073234,0.071420
0.494446,0.375977,0.691406,0.369705,0.289455,0.276227,0.624880,0.569276,0.142183,0.484740,0.398406,0.337077,0.392730,0.576941,0.476219,0.316359,-0.000557,0.119790,0.198215,0.525082,0.222744,0.439990,0.626936,0.000000,0.350219,0.286033,0.085532,0.214052,0.421738,0.238936,0.541111,0.619367,0.507174,0.553534,0.506144,0.402990,0.375007,0.399020,0.514934,0.383122,0.494216,0.406253,0.135025,0.360398,0.488519,0.267867,0.345640,0.332652,0.461478,0.453834,0.305823,0.324035,0.229588,-0.107780,0.493056,0.415438,0.451079,0.215404,0.027104,0.278988,0.216639,0.304039,0.347829,0.384673,0.495153,0.551053,0.512050,0.508659,0.392505,0.494559,0.583970,0.596810,0.265376,0.394867,0.342287,0.451543,0.574915,0.508065,0.039031,-0.069980,0.364267,0.331207,0.401522,0.341890,0.353123,0.129438,0.510111,0.375093,0.203910,0.065633,0.194685,0.144332,0.240111,0.222505,0.221840,0.387788,0.362217,0.443339,0.477008,0.553362,0.384934,0.134216,0.557674,0.378958,0.310721,0.247176,0.318941,0.161081,0.166401,-0.019162,0.234981,0.336510,-0.132006,0.273246,0.057997,0.164675
0.036167,-0.000087,0.180753,-0.258637,0.788745,0.738378,0.038473,0.503503,0.769820,0.658398,0.071894,0.248466,0.228465,0.558867,-0.042448,-0.256782,-0.103977,0.493852,-0.261747,0.376878,-0.280673,-0.033123,0.328882,0.350219,0.000000,0.800491,0.553865,0.570644,0.048613,0.566312,0.104817,0.384964,0.089072,0.406393,0.473256,0.336815,-0.112137,0.388658,0.206009,0.114564,0.280476,0.489669,0.494836,0.371816,0.098466,0.451543,0.541444,0.490062,-0.019508,-0.036109,0.392560,0.253439,0.544152,0.192446,0.511480,0.005444,0.397401,0.424013,0.412057,0.153703,0.484467,0.223677,-0.129712,0.300237,0.105198,0.510351,0.227537,0.252503,-0.071284,0.133146,0.312153,0.329647,0.405375,0.418853,-0.203499,0.289766,0.352222,0.168543,0.525982,-0.283885,0.471396,0.100468,-0.140335,-0.235458,0.584089,-0.194252,-0.014668,-0.192426,0.555874,-0.245383,0.531205,-0.263846,0.554828,-0.331194,0.207996,0.075430,0.501091,-0.032248,-0.117982,0.178011,0.477289,-0.297770,0.332357,-0.122184,0.425356,-0.121456,-0.163061,-0.373226,0.098203,0.447854,0.319574,-0.180250,0.312207,0.332284,0.261362,0.113466
-0.089644,-0.049180,0.054657,-0.357864,0.759318,0.743863,-0.072532,0.499806,0.802910,0.656265,0.035215,0.232168,0.220674,0.505687,-0.147269,-0.354630,-0.048257,0.519118,-0.306163,0.335843,-0.352299,-0.140720,0.242326,0.286033,0.800491,0.000000,0.558620,0.519850,0.050714,0.567667,-0.003600,0.351151,-0.008650,0.368367,0.437238,0.350575,-0.133763,0.388941,0.118195,0.136248,0.313982,0.519026,0.532982,0.359622,0.055362,0.471542,0.533753,0.501736,-0.072094,-0.110378,0.383266,0.229123,0.552163,0.284349,0.488272,-0.065019,0.326757,0.451620,0.455134,0.125973,0.477547,0.265745,-0.221743,0.295868,0.013152,0.469712,0.146567,0.192108,-0.175281,0.048296,0.216897,0.302767,0.460461,0.453169,-0.293714,0.271187,0.289777,0.147094,0.575992,-0.262113,0.415469,0.089181,-0.235523,-0.322688,0.567557,-0.194041,-0.127220,-0.267289,0.565522,-0.224190,0.537017,-0.276291,0.543408,-0.394434,0.205551,0.044785,0.520361,-0.083819,-0.184660,0.136296,0.466711,-0.306849,0.266413,-0.145970,0.434730,-0.100592,-0.217849,-0.434864,0.083221,0.516264,0.339322,-0.251820,0.414998,0.403308,0.325490,0.085514
-0.066336,-0.003830,0.053183,-0.193175,0.509546,0.522814,-0.016345,0.231585,0.554767,0.522548,0.037014,0.231557,0.047847,0.219358,-0.013394,-0.164493,-0.082062,0.378633,-0.199809,0.303899,-0.075861,-0.035842,0.197353,0.085532,0.553865,0.558620,0.000000,0.577439,0.070530,0.387832,0.029893,0.316879,0.012060,0.268094,0.349136,0.280158,-0.096345,0.314862,0.056053,0.150618,0.271735,0.404635,0.351919,0.205822,0.094808,0.311669,0.366333,0.289353,-0.025946,-0.058935,0.253851,0.141136,0.360591,0.120109,0.338766,0.019466,0.316015,0.291028,0.276565,0.236577,0.249709,0.088934,-0.065725,0.259958,0.031011,0.377124,0.185398,0.253407,0.018723,0.175624,0.256454,0.149294,0.267538,0.396819,-0.070001,0.197753,0.264942,0.181020,0.408559,-0.137304,0.291543,0.131212,-0.091831,-0.163243,0.366937,-0.084254,0.055893,-0.092307,0.367993,-0.091136,0.343282,-0.207512,0.312826,-0.254292,0.072829,0.050770,0.371965,-0.011822,-0.077124,0.115370,0.316077,-0.130508,0.277247,-0.027947,0.246126,-0.038524,0.070268,-0.186349,-0.055602,0.298009,0.136556,-0.075869,0.243039,0.244066,0.179616,-0.161969
0.139087,0.136712,0.235893,0.077641,0.520932,0.470089,0.145206,0.140796,0.445919,0.453528,0.147485,0.217823,0.084387,0.281233,0.211941,0.101962,0.131905,0.209294,-0.024190,0.336270,0.132211,0.243850,0.321724,0.214052,0.570644,0.519850,0.577439,0.000000,0.308956,0.278781,0.333360,0.472302,0.196946,0.201735,0.309814,0.171710,0.163253,0.248793,0.204836,0.301724,0.300794,0.394892,0.190960,0.240250,0.208506,0.228922,0.348332,0.323518,0.121250,0.178263,0.223804,0.260672,0.225287,0.050353,0.314162,0.294429,0.324273,0.189282,0.094268,0.265384,0.121210,0.091557,0.205666,0.329274,0.292143,0.344255,0.344473,0.357384,0.233403,0.382844,0.348710,0.306958,0.320555,0.312186,0.143758,0.195087,0.349393,0.243281,0.195881,-0.013725,0.300829,0.249152,0.147695,0.122067,0.244946,0.088708,0.249363,0.151977,0.168429,0.067894,0.180961,-0.037669,0.152678,0.030899,0.183312,0.164479,0.304886,0.236882,0.180530,0.262531,0.207866,0.111030,0.347093,0.190453,0.125411,0.046683,0.195467,0.049509,0.016368,0.130868,0.199333,0.139192,-0.003919,0.121655,0.091284,0.025069
0.478581,0.510079,0.477612,0.554843,-0.074601,-0.100552,0.561904,0.110868,-0.137468,0.174152,0.446995,0.292207,0.351287,0.177345,0.559736,0.525049,0.549154,-0.096853,0.446313,0.371601,0.552293,0.540163,0.504769,0.421738,0.048613,0.050714,0.070530,0.308956,0.000000,0.057213,0.580889,0.614167,0.551713,0.246980,0.313829,0.239083,0.669873,0.308097,0.394401,0.623409,0.594257,0.412454,0.066745,0.401785,0.553012,0.249630,0.282389,0.373640,0.552902,0.635121,0.261006,0.479473,-0.051505,0.127760,0.285896,0.747272,0.359025,0.124074,-0.080967,0.467658,-0.064929,0.222141,0.652507,0.448812,0.645822,0.297445,0.604863,0.588979,0.613918,0.627443,0.460062,0.525366,0.374657,0.376430,0.589365,0.297561,0.572074,0.641528,-0.093117,0.350389,0.258927,0.615769,0.542158,0.571722,0.061723,0.525603,0.499690,0.579552,-0.211068,0.523870,-0.136663,0.514122,-0.179088,0.557114,0.307257,0.546429,0.212359,0.692056,0.690822,0.634735,0.061313,0.550582,0.382261,0.641835,-0.022863,0.463551,0.476573,0.507194,0.077604,-0.220107,0.210848,0.600202,-0.181696,0.145969,-0.000305,0.065797
0.063491,-0.092866,0.113066,-0.425821,0.466638,0.456112,-0.001242,0.492360,0.541488,0.472402,0.120352,0.302166,0.153768,0.537501,-0.148891,-0.422866,-0.153401,0.761069,-0.445214,0.464039,-0.292726,-0.029770,0.082683,0.238936,0.566312,0.567667,0.387832,0.278781,0.057213,0.000000,-0.102378,0.239816,-0.046542,0.439293,0.348147,0.277356,-0.053772,0.627360,0.206399,-0.007672,0.295807,0.605176,0.643359,0.512683,0.071754,0.532362,0.644798,0.614467,0.095990,-0.006187,0.634393,0.350142,0.717570,0.169629,0.691854,-0.082226,0.440995,0.439386,0.554640,0.079481,0.522756,0.019450,-0.157289,0.296381,-0.005562,0.359398,0.148204,0.215116,-0.165340,0.104072,0.282912,0.219419,0.408232,0.568235,-0.238032,0.372278,0.432335,0.140117,0.709064,-0.456826,0.701793,-0.009577,-0.133547,-0.343921,0.749791,-0.446026,-0.094314,-0.385693,0.740039,-0.454409,0.716550,-0.442725,0.717268,-0.514786,0.193194,0.080529,0.635427,-0.047511,-0.076695,0.256192,0.658786,-0.450285,0.443653,-0.289471,0.563854,-0.270458,-0.141362,-0.529275,-0.018651,0.396873,0.329991,-0.198640,0.478011,0.484030,0.296714,-0.045104
0.599135,0.452365,0.662238,0.703023,0.063333,0.040429,0.658350,0.093652,-0.150579,0.170876,0.449346,0.231806,0.287199,0.199802,0.714935,0.700112,0.282097,-0.265293,0.469137,0.264104,0.608046,0.665033,0.503012,0.541111,0.104817,-0.003600,0.029893,0.333360,0.580889,-0.102378,0.000000,0.587418,0.540343,0.257523,0.157227,0.044247,0.565873,0.112847,0.422319,0.529906,0.405401,0.144440,-0.201670,0.192079,0.420526,-0.008375,0.028151,0.053240,0.456544,0.552998,0.015160,0.207676,-0.197536,-0.237618,0.126247,0.602728,0.308898,-0.067242,-0.314400,0.282129,-0.164702,0.122812,0.649189,0.326793,0.565772,0.239786,0.478748,0.464036,0.604683,0.533360,0.546706,0.450487,0.081059,0.118603,0.654823,0.297664,0.430113,0.512765,-0.268276,0.351876,0.189031,0.521968,0.663055,0.702421,-0.051086,0.426220,0.695755,0.711850,-0.271610,0.357674,-0.281788,0.396447,-0.258736,0.558231,0.211627,0.377082,0.031870,0.654598,0.648624,0.467880,-0.066897,0.505454,0.360297,0.615300,-0.193908,0.244997,0.488472,0.607497,0.148288,-0.292518,0.065835,0.576412,-0.480224,-0.154057,-0.320040,0.116030
0.456280,0.381785,0.574774,0.372495,0.286454,0.269543,0.547832,0.346232,0.183794,0.508847,0.419844,0.361708,0.350370,0.408924,0.516132,0.359542,0.227806,0.143831,0.234804,0.516591,0.355659,0.447612,0.647294,0.619367,0.384964,0.351151,0.316879,0.472302,0.614167,0.239816,0.587418,0.000000,0.461599,0.424037,0.524861,0.394789,0.443051,0.426102,0.443338,0.508268,0.594702,0.513920,0.175826,0.408135,0.559099,0.348296,0.409494,0.407435,0.484153,0.529372,0.302312,0.398502,0.167029,-0.040217,0.458350,0.561858,0.482830,0.187554,-0.004485,0.412609,0.110696,0.226932,0.461071,0.444829,0.532689,0.545009,0.591681,0.628780,0.491058,0.632738,0.557692,0.600259,0.381998,0.478617,0.433199,0.419803,0.618778,0.587577,0.092130,0.083638,0.352902,0.496690,0.418374,0.369748,0.290777,0.256390,0.514134,0.427013,0.087025,0.216210,0.099817,0.180347,0.095530,0.277591,0.251538,0.427133,0.392714,0.542581,0.538690,0.611488,0.321952,0.310397,0.556353,0.480494,0.207530,0.320156,0.471495,0.272727,0.131115,-0.035197,0.219976,0.452452,-0.111748,0.252128,0.053696,0.073018
0.565138,0.637944,0.519231,0.578469,-0.035470,-0.111238,0.642601,0.338266,-0.154237,0.130170,0.401075,0.376729,0.364127,0.319895,0.382640,0.448440,0.291768,-0.112765,0.477939,0.417247,0.331498,0.357101,0.607025,0.507174,0.089072,-0.008650,0.012060,0.196946,0.551713,-0.046542,0.540343,0.461599,0.000000,0.534735,0.456345,0.426227,0.414446,0.135953,0.316811,0.289594,0.324257,0.179055,0.091617,0.316381,0.602939,0.317505,0.321864,0.292471,0.615354,0.593809,0.289239,0.502857,0.069758,0.130431,0.255047,0.630305,0.504835,0.321492,0.054995,0.567603,0.186931,0.450111,0.630797,0.541934,0.722504,0.472592,0.705144,0.647544,0.648323,0.623554,0.470280,0.503506,0.233403,0.288605,0.493725,0.230332,0.543770,0.490397,-0.262762,0.168624,0.169484,0.558961,0.336910,0.421664,0.017451,0.489727,0.406339,0.464160,-0.160844,0.429602,-0.008798,0.451551,-0.058264,0.523914,0.078384,0.502961,0.186963,0.543153,0.569145,0.528789,0.090333,0.440574,0.336177,0.483979,0.049960,0.502574,0.395673,0.397885,0.153784,-0.106281,0.287946,0.529249,-0.187216,0.118803,0.050680,0.084826
0.407003,0.371971,0.415246,0.059798,0.316205,0.310645,0.408730,0.665340,0.284064,0.482659,0.389580,0.490279,0.413827,0.625636,0.095200,-0.037690,-0.091757,0.435292,0.024548,0.621385,-0.128435,0.050741,0.435272,0.553534,0.406393,0.368367,0.268094,0.201735,0.246980,0.439293,0.257523,0.424037,0.534735,0.000000,0.582388,0.560455,0.044489,0.409316,0.229439,0.117397,0.356634,0.431536,0.466206,0.491885,0.429246,0.613826,0.561050,0.470398,0.479983,0.317218,0.554593,0.470777,0.551434,0.148412,0.575685,0.211275,0.666322,0.558699,0.408018,0.385131,0.546701,0.429763,0.255866,0.615622,0.356366,0.627588,0.456529,0.490315,0.242193,0.404325,0.504929,0.539519,0.399903,0.579216,0.108590,0.476492,0.593963,0.444329,0.251173,-0.213451,0.481294,0.362440,-0.012881,-0.053030,0.458481,-0.009179,0.191275,-0.001893,0.423683,-0.101834,0.471222,-0.046110,0.456293,-0.077437,0.019600,0.286298,0.558689,0.258680,0.246148,0.466945,0.536266,-0.067292,0.504499,0.102449,0.447078,0.193933,0.145258,-0.141094,0.061796,0.350891,0.456679,0.186995,0.234994,0.473551,0.272343,-0.010367
0.270364,0.312667,0.369361,0.038555,0.299580,0.261869,0.369691,0.567660,0.310892,0.519867,0.155375,0.313072,0.323311,0.483028,0.103799,-0.051158,-0.033722,0.366252,0.049058,0.551482,-0.053602,0.088286,0.606958,0.506144,0.473256,0.437238,0.349136,0.309814,0.313829,0.348147,0.157227,0.524861,0.456345,0.582388,0.000000,0.748140,0.171370,0.497203,0.337825,0.229053,0.438450,0.523389,0.464928,0.449280,0.592480,0.549969,0.612958,0.545543,0.415740,0.309144,0.447459,0.412286,0.449383,0.187005,0.575191,0.304142,0.550545,0.479242,0.346677,0.439568,0.452139,0.371495,0.155227,0.401476,0.437773,0.701061,0.623955,0.641197,0.294518,0.470267,0.436230,0.510326,0.459005,0.578406,0.100195,0.322613,0.564448,0.434993,0.253519,-0.201412,0.344036,0.318226,0.009700,-0.050492,0.447472,0.085014,0.163441,0.029461,0.357865,0.021910,0.432355,0.057647,0.407180,0.013360,0.183521,0.395480,0.569554,0.272972,0.264721,0.494640,0.498757,-0.003805,0.503947,0.187633,0.480098,0.357020,0.196859,-0.099740,0.096159,0.230787,0.409206,0.221395,0.218243,0.510217,0.387136,-0.032586
0.202612,0.339686,0.257710,0.019059,0.201681,0.190675,0.285236,0.564821,0.237944,0.399748,0.084808,0.259188,0.217042,0.393718,-0.005052,-0.123739,-0.043176,0.284861,0.055406,0.521281,-0.139023,-0.013406,0.453855,0.402990,0.336815,0.350575,0.280158,0.171710,0.239083,0.277356,0.044247,0.394789,0.426227,0.560455,0.748140,0.000000,0.101385,0.407756,0.285626,0.171928,0.374931,0.442880,0.406485,0.358673,0.531632,0.489885,0.510786,0.456887,0.352263,0.241676,0.400706,0.382625,0.389411,0.208607,0.472727,0.235706,0.455725,0.507053,0.362695,0.424524,0.424454,0.424249,0.081830,0.393326,0.325013,0.600409,0.540182,0.568857,0.214748,0.410644,0.331445,0.428283,0.413136,0.537581,0.046231,0.293419,0.471221,0.367514,0.187169,-0.235351,0.222639,0.219934,-0.074344,-0.126686,0.338338,0.060913,0.045634,-0.032251,0.282888,0.020012,0.377286,0.012738,0.360916,-0.016751,0.133464,0.354615,0.510296,0.202897,0.201564,0.423365,0.480920,-0.003132,0.395753,0.146581,0.506663,0.422188,0.146214,-0.142763,0.132827,0.217102,0.413430,0.161639,0.236548,0.533870,0.455256,0.001560
0.465739,0.398653,0.513771,0.589861,-0.227362,-0.259934,0.536733,-0.022239,-0.317776,-0.018871,0.271861,0.005743,0.182630,0.058064,0.581625,0.563664,0.443691,-0.247542,0.422942,0.237456,0.636894,0.685672,0.342393,0.375007,-0.112137,-0.133763,-0.096345,0.163253,0.669873,-0.053772,0.565873,0.443051,0.414446,0.044489,0.171370,0.101385,0.000000,0.353535,0.590135,0.617827,0.541894,0.322477,-0.122292,0.279948,0.485668,-0.023186,0.101342,0.217794,0.447091,0.538617,0.076022,0.229972,-0.218990,-0.101634,0.202971,0.660117,0.179092,-0.057288,-0.256603,0.285837,-0.236755,0.039948,0.501610,0.135011,0.570237,0.090572,0.515604,0.493315,0.565959,0.546672,0.411697,0.380512,0.179048,0.187257,0.605632,0.206022,0.458727,0.529609,-0.197250,0.269287,0.185658,0.414796,0.689900,0.673721,0.026023,0.412237,0.527130,0.647569,-0.265591,0.416745,-0.218075,0.493042,-0.212157,0.589688,0.467986,0.540462,0.130107,0.722682,0.726731,0.564213,-0.002444,0.524491,0.350225,0.637504,-0.048799,0.339481,0.436457,0.542525,0.204646,-0.433154,0.084171,0.574105,-0.345797,0.031108,-0.174376,0.149703
