0.000000,0.521531,0.320873,0.420284,0.061874,0.376983,0.521855,0.416583,0.154857,0.137175,0.496461,0.242531,0.546376,0.433332,0.225055,0.322167,0.509941,0.511514,0.654479,0.699476,0.258076,0.202963,0.282830,0.286454,0.296410,0.324760,0.219540,0.318194,0.442605,0.282525,0.446540,0.328601,0.661987,0.620355,0.583912,0.523083,0.311695,0.269939,0.446475,0.214893,0.406968,0.202152,0.498020,0.630480,0.629287,0.617556,0.593426,0.621944,0.630358,0.644481,0.599171,0.642800,0.556084,0.515030,0.536825,0.564795,0.646607,0.521829,0.686538,0.326918,0.663240,0.505706,0.583858,0.537484,0.570894,0.589325,0.657377,0.675234,0.632830,0.657393,0.157057,0.241970,0.506607,0.389088,0.352553,0.576138,0.362315,0.359911,0.517799,0.335949,0.667035,0.591253,0.564769,0.620250,0.549512,0.580589,0.280602,0.131216,0.441455,0.588313,0.474889,0.525578,0.499458,0.532223,0.415373,0.588802,0.513960,0.515385,0.513222,0.494911,-0.036028,0.475285,0.225076,0.457718,-0.330952,0.452073,0.211790,-0.180892,0.190227,0.394937,0.511089,0.538106,0.503518,0.320367,0.438027,0.391136
0.521531,0.000000,0.412940,0.555116,0.168246,0.203681,0.415398,0.546074,0.319217,0.202696,0.490951,0.374323,0.544048,0.438457,0.377594,0.233224,0.437777,0.591265,0.602494,0.549685,0.202442,0.408789,0.351211,0.398639,0.393433,0.299522,0.219403,0.083502,0.352095,0.450508,0.464311,0.403690,0.569692,0.558134,0.477644,0.507517,0.290694,0.457790,0.393652,0.296305,0.172130,0.281017,0.255207,0.454005,0.478207,0.508410,0.492430,0.417048,0.443081,0.480012,0.394871,0.349951,0.409659,0.132546,0.480267,0.269803,0.339204,0.715117,0.504154,0.680836,0.530149,0.718052,0.570562,0.633220,0.517657,0.562342,0.559675,0.580285,0.612256,0.508690,0.325843,0.265223,0.506634,0.578373,0.506624,0.431085,0.516474,0.460979,0.346091,0.409118,0.481860,0.398014,0.554904,0.313588,0.497820,0.297499,0.475313,-0.071148,0.544040,0.173175,0.277697,0.085200,0.252505,0.251147,0.330039,0.346633,0.486888,0.278567,0.366815,0.225631,0.067847,0.212425,0.151962,0.084876,-0.046255,0.039356,0.155358,-0.241229,0.145945,0.357272,0.452756,0.412577,0.383778,0.068015,0.161595,0.112826
0.320873,0.412940,0.000000,0.679658,0.480981,0.361685,0.656466,0.658520,0.448067,0.281046,0.630367,0.669311,0.624764,0.630346,0.492961,0.387747,0.558200,0.593085,0.340980,0.343614,0.459570,0.502002,0.715019,0.647306,0.551347,0.548750,0.325928,0.154479,0.586585,0.609936,0.633287,0.660178,0.430643,0.406641,0.392882,0.413454,0.530272,0.626000,0.370770,0.424129,0.143420,0.250474,0.022050,0.161965,0.303246,0.340726,0.113518,0.079329,0.143263,0.132858,0.082182,0.073147,-0.009488,-0.173620,0.080951,0.133767,0.297800,0.427893,0.288831,0.443348,0.299143,0.429693,0.463276,0.463467,0.470758,0.445712,0.270621,0.317234,0.240880,0.211838,0.641663,0.636366,0.565954,0.562122,0.462419,0.380978,0.558086,0.549169,0.382300,0.497903,0.345933,0.337944,0.330073,0.251568,0.331132,0.320754,0.278651,0.217410,0.170231,0.085696,-0.156586,-0.187021,-0.187553,-0.134031,0.194151,0.144369,0.078496,0.033186,-0.097793,-0.095246,0.138552,0.095387,-0.101648,-0.172642,0.243653,-0.119608,-0.052050,-0.025681,0.232344,0.217231,0.207933,-0.017771,0.026935,-0.157266,-0.139773,-0.191415
0.420284,0.555116,0.679658,0.000000,0.474153,0.388073,0.659809,0.695503,0.425830,0.393456,0.643021,0.594406,0.617019,0.623951,0.579138,0.459355,0.554427,0.661654,0.406418,0.431947,0.420175,0.574424,0.625610,0.722268,0.619485,0.584964,0.335393,0.162099,0.575545,0.601900,0.661243,0.629764,0.497305,0.440708,0.438392,0.474654,0.555191,0.653778,0.504723,0.491431,0.246157,0.384971,0.157985,0.278954,0.403825,0.437913,0.241477,0.220794,0.258773,0.272814,0.225965,0.212303,0.150649,-0.019485,0.242688,0.278056,0.376308,0.532388,0.383910,0.552600,0.402382,0.547148,0.486421,0.533480,0.487082,0.501498,0.391278,0.428871,0.385327,0.306728,0.626420,0.601536,0.599037,0.608925,0.496150,0.473945,0.584064,0.549854,0.372167,0.472044,0.409832,0.352547,0.419677,0.308798,0.369802,0.343068,0.409989,0.215622,0.298339,0.174482,0.038128,-0.042366,-0.010405,0.044686,0.305379,0.278618,0.202803,0.147264,0.065718,0.041184,0.097557,0.178066,-0.079607,-0.041320,0.188634,-0.020809,0.011264,-0.194009,0.222402,0.206721,0.232526,0.088504,0.099767,-0.045482,0.053642,-0.044349
0.061874,0.168246,0.480981,0.474153,0.000000,0.282840,0.373681,0.346468,0.301721,0.562861,0.294059,0.383364,0.262812,0.330912,0.493912,0.338585,0.242932,0.365074,0.009428,0.068004,0.224392,0.402928,0.459579,0.576004,0.618621,0.608116,0.442118,0.073038,0.351311,0.370144,0.501239,0.491820,0.185427,0.085632,0.044195,0.139794,0.407973,0.409716,0.141188,0.214746,0.127490,0.310663,-0.131719,-0.050152,0.030599,0.095559,-0.103180,-0.092847,-0.095286,-0.059710,-0.179404,-0.132387,-0.224020,-0.208211,-0.212528,0.013745,0.215058,0.221664,0.083390,0.248538,0.090905,0.176296,0.156892,0.245834,0.095932,0.091585,0.010205,0.067220,0.014468,-0.022678,0.513487,0.496435,0.293279,0.289619,0.153024,0.120012,0.248211,0.216368,0.249025,0.375228,0.079359,0.063255,-0.011889,-0.012670,-0.031505,0.065054,0.079693,0.263625,-0.156078,-0.020744,-0.245843,-0.228827,-0.302602,-0.206386,-0.063592,-0.059115,-0.187783,-0.102432,-0.293420,-0.222822,0.321879,0.062661,-0.345683,-0.235508,0.303087,-0.110973,-0.249659,-0.188185,0.161008,-0.138624,-0.102847,-0.284945,-0.279919,-0.390145,-0.115832,-0.357945
0.376983,0.203681,0.361685,0.388073,0.282840,0.000000,0.481198,0.366011,0.574004,0.240705,0.358824,0.432776,0.397628,0.515251,0.308454,0.598998,0.413998,0.397350,0.181211,0.242267,0.579963,0.280027,0.445296,0.367665,0.324758,0.489805,0.581055,0.666717,0.476247,0.397124,0.390886,0.457191,0.364215,0.353914,0.238047,0.172575,0.216408,0.398848,0.299553,0.315298,0.011019,0.013286,0.376190,0.338827,0.310431,0.331549,0.279235,0.298904,0.339651,0.309962,0.365473,0.327600,0.292600,0.293144,0.143974,0.237823,0.391655,0.240690,0.299765,0.131282,0.318312,0.206869,0.333517,0.336262,0.275316,0.258673,0.238597,0.279141,0.186565,0.229273,0.378147,0.491397,0.444446,0.336043,0.298428,0.414943,0.251364,0.356998,0.303085,0.311352,0.348190,0.412854,0.251519,0.422572,0.187189,0.355644,0.129510,0.339986,0.063801,0.241916,0.285502,0.215748,0.220545,0.197932,0.213700,0.211286,0.080340,0.282619,0.161905,0.100036,-0.041783,0.107917,-0.179575,0.135962,-0.182446,0.201489,-0.293327,-0.132188,-0.092192,0.258979,0.262038,0.153612,0.031888,0.068777,0.150070,0.166202
0.521855,0.415398,0.656466,0.659809,0.373681,0.481198,0.000000,0.707337,0.402284,0.287590,0.688502,0.609837,0.687664,0.655768,0.470511,0.453723,0.635158,0.628678,0.457162,0.503483,0.483508,0.470515,0.639925,0.609452,0.506664,0.565958,0.280230,0.245996,0.665831,0.591999,0.660108,0.643104,0.530447,0.506668,0.553985,0.526366,0.570592,0.579505,0.476802,0.421570,0.296179,0.304307,0.280862,0.371750,0.515263,0.524871,0.304839,0.310017,0.380624,0.355905,0.371407,0.379049,0.268051,0.144707,0.309895,0.377727,0.449245,0.391253,0.425828,0.352438,0.426231,0.458603,0.497607,0.491225,0.580669,0.576136,0.429559,0.475823,0.356038,0.370131,0.580618,0.651021,0.647948,0.575503,0.465782,0.563091,0.542727,0.558251,0.469904,0.471755,0.493726,0.457872,0.426456,0.441615,0.413960,0.457526,0.282107,0.229536,0.307067,0.329574,0.142132,0.146996,0.116880,0.181469,0.391124,0.386714,0.248603,0.256745,0.176830,0.165364,0.024433,0.259920,0.055249,0.146339,-0.008138,0.144000,0.030008,-0.115918,0.268985,0.331336,0.338880,0.209529,0.214848,0.121305,0.147177,0.101842
0.416583,0.546074,0.658520,0.695503,0.346468,0.366011,0.707337,0.000000,0.461335,0.263993,0.676506,0.658921,0.696364,0.657138,0.492083,0.375879,0.570549,0.652764,0.478270,0.470889,0.435313,0.546463,0.627829,0.611529,0.504956,0.507556,0.246091,0.127973,0.585077,0.657128,0.628934,0.643846,0.500343,0.510183,0.529516,0.530425,0.511709,0.634497,0.449357,0.436647,0.166409,0.315823,0.170525,0.307769,0.474519,0.478714,0.289973,0.228040,0.311139,0.278825,0.302275,0.269404,0.232564,-0.031741,0.329497,0.227791,0.262440,0.482599,0.338128,0.501508,0.346874,0.567436,0.486265,0.525718,0.565144,0.598365,0.426793,0.466572,0.381721,0.348303,0.603278,0.612901,0.630206,0.661393,0.566723,0.489697,0.622984,0.613130,0.366017,0.499501,0.410580,0.386352,0.468408,0.326635,0.425480,0.334298,0.395620,0.088693,0.409310,0.131641,0.070666,-0.047235,0.042023,0.070249,0.380440,0.296675,0.296459,0.166125,0.151506,0.055831,0.049141,0.151563,0.071923,-0.025839,0.094344,-0.065283,0.064846,-0.113059,0.238944,0.363672,0.365634,0.202564,0.228499,0.058355,0.017150,0.021199
0.154857,0.319217,0.448067,0.425830,0.301721,0.574004,0.402284,0.461335,0.000000,0.209730,0.368158,0.572905,0.437267,0.544352,0.378416,0.494437,0.329601,0.391036,0.174240,0.153368,0.597879,0.398125,0.515142,0.397817,0.333349,0.432043,0.564275,0.494924,0.376038,0.525051,0.363831,0.497061,0.299239,0.332860,0.128216,0.083987,0.133942,0.495249,0.226161,0.351780,-0.243989,-0.025039,0.139649,0.145179,0.181261,0.169700,0.157045,0.073578,0.129835,0.073810,0.162448,0.048487,0.139315,-0.059497,0.054728,-0.112982,0.065515,0.333797,0.094298,0.286793,0.110694,0.288967,0.284452,0.339025,0.203670,0.229728,0.157673,0.177041,0.161957,0.154273,0.469105,0.495249,0.447355,0.462836,0.479681,0.276360,0.397846,0.470551,0.143071,0.389039,0.175589,0.292098,0.288326,0.215402,0.160202,0.131579,0.249597,0.158401,0.131645,-0.163302,0.081807,-0.173888,0.009269,-0.078524,0.150615,-0.008684,0.048286,0.076278,0.021670,-0.185877,0.029311,-0.122804,-0.248992,-0.253754,0.047790,-0.212717,-0.351869,-0.094040,-0.191166,0.318111,0.262054,0.053321,-0.019665,-0.134356,-0.171319,-0.024110
0.137175,0.202696,0.281046,0.393456,0.562861,0.240705,0.287590,0.263993,0.209730,0.000000,0.244996,0.158962,0.175707,0.220953,0.602859,0.516222,0.149540,0.311324,0.068084,0.107667,0.066701,0.412106,0.212486,0.462438,0.593943,0.538810,0.276636,0.020819,0.245895,0.280224,0.358987,0.302144,0.146161,0.021328,0.083204,0.174305,0.423624,0.368801,0.277693,0.263216,0.317399,0.457956,0.060907,0.046681,0.120665,0.132756,0.019595,0.072354,0.026931,0.056437,0.019126,-0.000446,-0.009585,-0.001180,0.035926,0.252148,0.210888,0.180025,0.121105,0.224756,0.135219,0.146616,0.078438,0.110456,0.067802,0.070390,0.080041,0.090770,0.102894,0.058926,0.395955,0.365264,0.283308,0.296409,0.110299,0.261147,0.180651,0.095088,0.122928,0.171200,0.088829,-0.005572,0.067666,0.073917,0.069912,0.126277,0.232029,0.322322,0.061159,0.141362,0.014348,-0.014006,-0.067074,0.035092,0.078597,0.127600,-0.021062,0.043211,-0.034478,0.015465,0.144003,0.091477,-0.302330,-0.013082,0.133651,0.115828,-0.069222,-0.418291,0.192712,-0.201171,-0.133370,-0.147178,-0.190697,-0.202436,0.159227,-0.210855
0.496461,0.490951,0.630367,0.643021,0.294059,0.358824,0.688502,0.676506,0.368158,0.244996,0.000000,0.581394,0.732891,0.661019,0.518119,0.432208,0.644214,0.604257,0.497445,0.501290,0.421616,0.511277,0.563355,0.577375,0.466496,0.461443,0.210494,0.152875,0.622054,0.600076,0.605148,0.572532,0.518426,0.483272,0.567094,0.555325,0.576273,0.627006,0.516044,0.474601,0.258877,0.311496,0.243546,0.345932,0.489191,0.490047,0.305352,0.299085,0.366924,0.317669,0.364468,0.314623,0.256820,0.064718,0.381157,0.372222,0.387190,0.425613,0.413912,0.436839,0.431840,0.474391,0.537128,0.447769,0.595573,0.564414,0.434562,0.474659,0.398893,0.369924,0.588768,0.584161,0.651616,0.652952,0.525222,0.556037,0.590447,0.567550,0.373012,0.415883,0.491614,0.413452,0.492903,0.407855,0.505010,0.460580,0.411592,0.235303,0.424451,0.270805,0.124670,0.073463,0.098651,0.185186,0.444764,0.372661,0.304727,0.219594,0.200797,0.179336,-0.014825,0.219557,0.124421,0.109865,0.047152,0.081163,0.109149,-0.118489,0.325585,0.335970,0.339860,0.244005,0.238459,0.126771,0.109393,0.074546
0.242531,0.374323,0.669311,0.594406,0.383364,0.432776,0.609837,0.658921,0.572905,0.158962,0.581394,0.000000,0.619252,0.703084,0.354458,0.366107,0.524126,0.572995,0.258419,0.271183,0.538175,0.404220,0.717292,0.566422,0.413310,0.487056,0.387704,0.265956,0.572162,0.652235,0.573256,0.677674,0.383086,0.416106,0.327603,0.304777,0.375961,0.585763,0.259946,0.378749,-0.067908,0.069016,0.036516,0.146257,0.258060,0.291649,0.103371,0.042298,0.131139,0.102813,0.099165,0.072912,0.019324,-0.161809,0.026633,-0.019847,0.197393,0.369236,0.171075,0.337410,0.222021,0.394500,0.422831,0.479406,0.437219,0.421259,0.196599,0.263937,0.158409,0.142808,0.610636,0.640707,0.515876,0.536789,0.466790,0.314735,0.485890,0.550995,0.314671,0.523865,0.278873,0.368554,0.274852,0.238122,0.240698,0.276175,0.179588,0.158095,0.108666,-0.037059,-0.112170,-0.207179,-0.143654,-0.146161,0.166536,0.053473,0.026449,0.025326,-0.093986,-0.161310,0.123666,0.013767,-0.070417,-0.221109,0.168907,-0.206633,-0.178760,0.073480,0.059418,0.336988,0.268441,0.028261,0.012252,-0.119420,-0.218272,-0.099634
0.546376,0.544048,0.624764,0.617019,0.262812,0.397628,0.687664,0.696364,0.437267,0.175707,0.732891,0.619252,0.000000,0.690356,0.436293,0.383616,0.636148,0.644513,0.572212,0.569401,0.462938,0.459494,0.593632,0.529398,0.436913,0.459217,0.268317,0.225174,0.609435,0.615534,0.610575,0.608533,0.601941,0.600435,0.583740,0.540840,0.481180,0.587905,0.464596,0.404271,0.209492,0.229642,0.258982,0.411468,0.531129,0.528664,0.381422,0.338897,0.415247,0.364385,0.391721,0.361451,0.309530,0.092589,0.393267,0.301760,0.392098,0.509829,0.458917,0.445160,0.459383,0.540711,0.579484,0.544689,0.620721,0.621111,0.511167,0.551336,0.466517,0.463750,0.524877,0.557547,0.667713,0.660889,0.563655,0.533504,0.607341,0.609427,0.454375,0.514401,0.546922,0.523786,0.557541,0.462797,0.547448,0.485620,0.378328,0.142995,0.438142,0.257188,0.157071,0.089448,0.151756,0.190458,0.430567,0.392407,0.371888,0.264817,0.246006,0.164372,0.008964,0.253315,0.146446,0.085626,-0.040754,0.054057,0.091625,-0.059437,0.240203,0.473553,0.483955,0.332115,0.328903,0.128448,0.077695,0.126893
0.433332,0.438457,0.630346,0.623951,0.330912,0.515251,0.655768,0.657138,0.544352,0.220953,0.661019,0.703084,0.690356,0.000000,0.423170,0.521015,0.595828,0.625007,0.378714,0.424012,0.589724,0.463021,0.658730,0.579421,0.457921,0.538745,0.397563,0.361571,0.637806,0.645553,0.598321,0.645244,0.504039,0.513029,0.445300,0.376996,0.457248,0.632626,0.435563,0.474506,0.101713,0.149552,0.213847,0.321878,0.400548,0.424035,0.273661,0.241859,0.302101,0.257726,0.281401,0.252149,0.176142,0.044772,0.213100,0.222386,0.370344,0.430489,0.347157,0.347594,0.375992,0.421459,0.514557,0.495865,0.518315,0.485763,0.351356,0.407167,0.299992,0.313992,0.580299,0.625732,0.605368,0.603446,0.512944,0.481255,0.536385,0.582464,0.383912,0.514081,0.454856,0.509945,0.433994,0.456037,0.409353,0.473525,0.319808,0.327406,0.241671,0.198265,0.062330,0.017207,0.035802,0.068625,0.321870,0.290636,0.198111,0.231617,0.094918,0.065109,0.031538,0.158609,-0.027647,-0.029570,0.023338,-0.014580,-0.075030,0.013567,0.085445,0.389536,0.366048,0.190304,0.156220,0.035876,-0.031811,0.083482
0.225055,0.377594,0.492961,0.579138,0.493912,0.308454,0.470511,0.492083,0.378416,0.602859,0.518119,0.354458,0.436293,0.423170,0.000000,0.568712,0.377455,0.460921,0.228750,0.216210,0.273848,0.635160,0.398500,0.593956,0.642005,0.566155,0.253319,0.038128,0.434377,0.519558,0.499317,0.458639,0.286124,0.185595,0.246754,0.315424,0.568502,0.618397,0.475843,0.501236,0.283522,0.505357,0.132400,0.120940,0.246663,0.245011,0.121637,0.133016,0.126336,0.108078,0.152283,0.047704,0.102065,-0.059482,0.219574,0.286759,0.203032,0.329853,0.213254,0.454285,0.212523,0.323680,0.250060,0.234352,0.251723,0.245199,0.215628,0.211704,0.237702,0.161086,0.578648,0.509209,0.501401,0.553335,0.373267,0.410419,0.446077,0.339947,0.183299,0.285922,0.227075,0.108224,0.297888,0.154963,0.285874,0.198380,0.481774,0.315553,0.310795,0.090782,0.064457,-0.087694,-0.038756,0.037592,0.298268,0.239275,0.133761,0.091797,0.066736,0.023334,0.084129,0.064537,-0.236323,-0.049567,0.190224,0.023154,-0.000765,-0.396535,0.283647,-0.023186,0.009099,-0.057396,-0.082588,-0.134245,0.129388,-0.142711
0.322167,0.233224,0.387747,0.459355,0.338585,0.598998,0.453723,0.375879,0.494437,0.516222,0.432208,0.366107,0.383616,0.521015,0.568712,0.000000,0.372410,0.410830,0.167706,0.220893,0.475441,0.468149,0.381620,0.471739,0.486926,0.558681,0.439715,0.447176,0.460116,0.436952,0.396167,0.406566,0.293923,0.231179,0.210377,0.179099,0.398357,0.531579,0.462768,0.469808,0.183761,0.238901,0.290300,0.228030,0.266445,0.252871,0.185249,0.225162,0.218995,0.183510,0.264164,0.180678,0.173606,0.162434,0.177244,0.342975,0.327294,0.220445,0.241325,0.190113,0.253449,0.161139,0.257951,0.197842,0.222968,0.182030,0.191718,0.194548,0.180444,0.193378,0.464942,0.508369,0.478876,0.437340,0.318605,0.486042,0.313553,0.323253,0.186245,0.217658,0.285007,0.282470,0.282036,0.397111,0.252360,0.368691,0.357167,0.530270,0.161492,0.256022,0.179364,0.122161,0.092961,0.143863,0.270223,0.274662,0.083884,0.239765,0.113230,0.114496,-0.061557,0.109082,-0.270178,0.064857,-0.044743,0.168637,-0.165153,-0.296501,0.012080,0.076295,0.079199,0.044751,-0.052882,0.001750,0.167208,0.048944
0.509941,0.437777,0.558200,0.554427,0.242932,0.413998,0.635158,0.570549,0.329601,0.149540,0.644214,0.524126,0.636148,0.595828,0.377455,0.372410,0.000000,0.627470,0.413667,0.456295,0.443572,0.392556,0.546179,0.483210,0.409391,0.446268,0.201745,0.233116,0.704537,0.595535,0.591687,0.554411,0.570007,0.528569,0.540947,0.549252,0.543326,0.563529,0.459538,0.442799,0.238487,0.241121,0.348231,0.459000,0.491917,0.568775,0.400947,0.406419,0.494917,0.450440,0.436636,0.386469,0.332636,0.211948,0.363690,0.418449,0.523093,0.432782,0.537003,0.389314,0.586340,0.474890,0.643872,0.503658,0.653976,0.541828,0.441387,0.499310,0.372108,0.356264,0.531999,0.541836,0.621750,0.583319,0.421442,0.511654,0.480561,0.484610,0.534053,0.483347,0.617131,0.500301,0.417261,0.439469,0.469195,0.488170,0.273127,0.264491,0.332857,0.358560,0.197752,0.189738,0.168544,0.251127,0.413966,0.388416,0.294982,0.321416,0.240514,0.274304,-0.014504,0.209913,0.163741,0.196969,-0.057949,0.192593,0.049519,-0.004472,0.312240,0.348672,0.350665,0.298030,0.260742,0.156814,0.141257,0.174511
0.511514,0.591265,0.593085,0.661654,0.365074,0.397350,0.628678,0.652764,0.391036,0.311324,0.604257,0.572995,0.644513,0.625007,0.460921,0.410830,0.627470,0.000000,0.490345,0.506931,0.383360,0.471222,0.585708,0.606106,0.545806,0.537290,0.300277,0.194722,0.616649,0.623599,0.659568,0.633851,0.588503,0.558774,0.514444,0.527772,0.485566,0.593320,0.438543,0.382380,0.242387,0.275642,0.246049,0.419871,0.479711,0.531478,0.370632,0.342355,0.404853,0.412528,0.338548,0.330928,0.281321,0.109517,0.320010,0.321808,0.461402,0.589575,0.488442,0.498834,0.519507,0.606262,0.597827,0.650911,0.580927,0.579942,0.474794,0.527601,0.443279,0.409551,0.527826,0.547368,0.627270,0.623812,0.500092,0.525587,0.527703,0.521770,0.521712,0.601258,0.570777,0.527735,0.466648,0.405437,0.483638,0.471005,0.355404,0.146829,0.353192,0.276463,0.135980,0.072492,0.098678,0.143542,0.334159,0.371884,0.310596,0.248984,0.186348,0.144617,0.081575,0.233302,0.036369,0.062780,-0.022038,0.112861,0.019983,-0.164357,0.217210,0.357532,0.378821,0.263149,0.233361,0.010660,0.119839,0.068313
0.654479,0.602494,0.340980,0.406418,0.009428,0.181211,0.457162,0.478270,0.174240,0.068084,0.497445,0.258419,0.572212,0.378714,0.228750,0.167706,0.413667,0.490345,0.000000,0.744074,0.166111,0.278832,0.251819,0.246141,0.257761,0.198359,0.130348,0.136795,0.304645,0.287779,0.425330,0.312474,0.649875,0.656540,0.611253,0.558795,0.230132,0.276922,0.363881,0.121877,0.277543,0.168300,0.332307,0.555952,0.653084,0.582640,0.560237,0.508454,0.526730,0.517745,0.509389,0.520322,0.502808,0.297016,0.584028,0.373557,0.402077,0.599996,0.581368,0.455649,0.502786,0.600522,0.540109,0.545530,0.557551,0.665272,0.701887,0.695516,0.699483,0.698735,0.145571,0.170751,0.532977,0.486011,0.527980,0.526514,0.510457,0.477405,0.449848,0.370777,0.592805,0.539314,0.671055,0.508886,0.631733,0.472002,0.410853,-0.096526,0.604977,0.380090,0.375488,0.318087,0.407209,0.424276,0.461150,0.505224,0.625342,0.378491,0.508314,0.371207,-0.074676,0.407711,0.311825,0.270214,-0.255988,0.236589,0.289781,-0.183066,0.223546,0.509784,0.620386,0.580363,0.609754,0.262637,0.315176,0.296374
0.699476,0.549685,0.343614,0.431947,0.068004,0.242267,0.503483,0.470889,0.153368,0.107667,0.501290,0.271183,0.569401,0.424012,0.216210,0.220893,0.456295,0.506931,0.744074,0.000000,0.225031,0.263993,0.282088,0.288981,0.300692,0.278876,0.178694,0.203588,0.376219,0.292966,0.477520,0.339203,0.686631,0.673815,0.611632,0.556641,0.284011,0.281765,0.413035,0.153577,0.359770,0.204079,0.384340,0.606197,0.674636,0.627500,0.579079,0.559906,0.557496,0.556645,0.523346,0.571257,0.494235,0.386458,0.551116,0.451218,0.511804,0.571478,0.619611,0.373376,0.539578,0.554375,0.553843,0.548825,0.571115,0.667292,0.713558,0.720141,0.687642,0.716411,0.164148,0.215214,0.550761,0.458813,0.485618,0.562910,0.494721,0.473694,0.527377,0.402132,0.647642,0.604123,0.655461,0.603274,0.618353,0.558872,0.351035,0.025109,0.517455,0.488786,0.390071,0.414828,0.433636,0.472427,0.477583,0.563437,0.593852,0.453750,0.495979,0.429890,-0.062183,0.477074,0.286128,0.336032,-0.274738,0.304820,0.269715,-0.146387,0.216715,0.486662,0.605312,0.569490,0.601071,0.299627,0.360181,0.347031
0.258076,0.202442,0.459570,0.420175,0.224392,0.579963,0.483508,0.435313,0.597879,0.066701,0.421616,0.538175,0.462938,0.589724,0.273848,0.475441,0.443572,0.383360,0.166111,0.225031,0.000000,0.399466,0.525366,0.396290,0.297278,0.444979,0.454020,0.525687,0.511946,0.504550,0.411985,0.483998,0.324589,0.366134,0.233226,0.171406,0.263243,0.491083,0.389771,0.444252,-0.055646,0.012073,0.236653,0.235563,0.248123,0.245539,0.210576,0.177652,0.217738,0.162905,0.236539,0.193398,0.165543,0.096291,0.114508,0.094372,0.237268,0.236391,0.203466,0.160711,0.204221,0.217382,0.324996,0.297843,0.305198,0.275928,0.221425,0.245685,0.134555,0.192797,0.475147,0.550443,0.459991,0.398239,0.398849,0.341181,0.418024,0.502049,0.301150,0.385004,0.322789,0.444705,0.350399,0.421819,0.266460,0.345090,0.220418,0.341353,0.099547,0.100202,0.100173,0.035011,0.078639,0.028978,0.243245,0.180393,0.075503,0.227337,0.060485,-0.002207,-0.050644,0.066531,-0.127616,-0.078874,-0.016176,-0.074741,-0.217912,0.074187,-0.144268,0.354172,0.284129,0.098372,0.083801,0.074307,-0.084136,0.135870
0.202963,0.408789,0.502002,0.574424,0.402928,0.280027,0.470515,0.546463,0.398125,0.412106,0.511277,0.404220,0.459494,0.463021,0.635160,0.468149,0.392556,0.471222,0.278832,0.263993,0.399466,0.000000,0.414861,0.568537,0.573060,0.499116,0.242280,0.049018,0.431651,0.524852,0.511579,0.475695,0.304289,0.254586,0.267758,0.342901,0.524455,0.634281,0.482275,0.500999,0.173721,0.406042,0.023189,0.126032,0.245050,0.240839,0.131710,0.086501,0.122428,0.088137,0.122006,0.036130,0.077857,-0.132500,0.262106,0.237864,0.126110,0.352119,0.205091,0.477002,0.176348,0.386849,0.278419,0.278144,0.271615,0.314417,0.261835,0.264330,0.256947,0.202536,0.618350,0.540632,0.508463,0.595772,0.476073,0.387015,0.566557,0.494948,0.202995,0.329959,0.261688,0.183137,0.392019,0.197940,0.356644,0.213534,0.610439,0.281916,0.374783,0.059707,-0.015853,-0.151902,-0.088117,-0.004053,0.329964,0.240821,0.200296,0.090003,0.042175,0.000984,0.004533,0.108113,-0.121123,-0.140978,0.140280,-0.100533,0.005112,-0.339634,0.200498,0.107947,0.120064,0.002231,0.058718,-0.111538,0.032157,-0.116271
0.282830,0.351211,0.715019,0.625610,0.459579,0.445296,0.639925,0.627829,0.515142,0.212486,0.563355,0.717292,0.593632,0.658730,0.398500,0.381620,0.546179,0.585708,0.251819,0.282088,0.525366,0.414861,0.000000,0.643273,0.512550,0.579832,0.377097,0.248785,0.623115,0.642519,0.645227,0.720134,0.412855,0.418705,0.351906,0.342380,0.455154,0.591923,0.312605,0.403438,0.068215,0.172465,0.049186,0.154233,0.256460,0.317344,0.092202,0.068416,0.125672,0.128608,0.077794,0.082872,-0.005729,-0.123185,-0.002079,0.067280,0.292625,0.383403,0.220416,0.325943,0.266841,0.380097,0.439128,0.488888,0.431839,0.401946,0.198633,0.267734,0.158235,0.145804,0.606486,0.653250,0.536074,0.507961,0.404313,0.324883,0.463419,0.497774,0.387726,0.553946,0.334839,0.384823,0.255615,0.258729,0.252068,0.312041,0.166043,0.206860,0.064578,0.052137,-0.132815,-0.163540,-0.164293,-0.143620,0.138713,0.101601,-0.008927,0.045651,-0.123132,-0.139739,0.170103,0.033873,-0.143227,-0.170404,0.159580,-0.128897,-0.176768,0.034481,0.088284,0.263955,0.222920,-0.027724,-0.025547,-0.167002,-0.193005,-0.141244
0.286454,0.398639,0.647306,0.722268,0.576004,0.367665,0.609452,0.611529,0.397817,0.462438,0.577375,0.566422,0.529398,0.579421,0.593956,0.471739,0.483210,0.606106,0.246141,0.288981,0.396290,0.568537,0.643273,0.000000,0.669517,0.653893,0.327596,0.114898,0.564901,0.573191,0.662630,0.652499,0.374627,0.298424,0.329015,0.371030,0.563649,0.625310,0.418838,0.446374,0.231742,0.381305,0.022836,0.118068,0.250310,0.292523,0.057373,0.062440,0.087937,0.110374,0.062627,0.068089,-0.020267,-0.112417,0.063500,0.203986,0.322577,0.392134,0.236428,0.408114,0.274055,0.391292,0.366525,0.421837,0.351917,0.343499,0.212858,0.262441,0.205093,0.141374,0.647572,0.636800,0.529890,0.537792,0.394109,0.395596,0.486953,0.454201,0.313137,0.463341,0.304038,0.262123,0.268516,0.213856,0.238836,0.279110,0.328235,0.285160,0.128158,0.104206,-0.096158,-0.130427,-0.156143,-0.056717,0.219622,0.170215,0.013266,0.019324,-0.105685,-0.091107,0.121087,0.114695,-0.199611,-0.119208,0.206436,-0.056164,-0.107291,-0.196014,0.198490,0.075803,0.082922,-0.083476,-0.072416,-0.168919,-0.026524,-0.160011
0.296410,0.393433,0.551347,0.619485,0.618621,0.324758,0.506664,0.504956,0.333349,0.593943,0.466496,0.413310,0.436913,0.457921,0.642005,0.486926,0.409391,0.545806,0.257761,0.300692,0.297278,0.573060,0.512550,0.669517,0.000000,0.714061,0.360691,0.089931,0.502091,0.522584,0.633690,0.566892,0.414088,0.314421,0.269232,0.347494,0.551774,0.569358,0.406673,0.391436,0.329950,0.468240,0.069685,0.184632,0.264209,0.291574,0.155505,0.154438,0.126372,0.153142,0.073856,0.071980,0.022047,-0.047457,0.098572,0.254265,0.341740,0.418907,0.273878,0.394936,0.285967,0.361288,0.342549,0.376947,0.283230,0.281461,0.269787,0.299171,0.262192,0.216292,0.565508,0.532731,0.481026,0.488210,0.319123,0.349696,0.425515,0.349652,0.353482,0.449319,0.322708,0.246211,0.272565,0.207238,0.252756,0.260888,0.343034,0.304302,0.152287,0.143710,-0.027219,-0.073396,-0.091266,-0.010400,0.187999,0.233842,0.085125,0.129170,-0.032157,-0.020799,0.189775,0.156216,-0.257295,-0.092258,0.156282,0.034079,-0.062792,-0.316613,0.180249,0.000426,0.081785,-0.066624,-0.060520,-0.249636,0.059144,-0.181955
0.324760,0.299522,0.548750,0.584964,0.608116,0.489805,0.565958,0.507556,0.432043,0.538810,0.461443,0.487056,0.459217,0.538745,0.566155,0.558681,0.446268,0.537290,0.198359,0.278876,0.444979,0.499116,0.579832,0.653893,0.714061,0.000000,0.439824,0.263463,0.591896,0.569287,0.644105,0.633623,0.417051,0.343855,0.257804,0.297632,0.531969,0.554038,0.397347,0.407327,0.285062,0.395598,0.138429,0.203108,0.257126,0.298822,0.157522,0.172604,0.153962,0.168904,0.111396,0.127135,0.040481,0.034356,0.036046,0.244782,0.393316,0.342499,0.262918,0.261300,0.285230,0.283362,0.320896,0.362567,0.285686,0.270948,0.237835,0.279872,0.196898,0.189510,0.551231,0.595097,0.490266,0.454190,0.283961,0.366153,0.362767,0.336357,0.417211,0.497557,0.345535,0.332922,0.235167,0.304145,0.214944,0.324488,0.226121,0.370877,0.044286,0.184754,0.005627,-0.001002,-0.049029,0.006311,0.170396,0.229476,0.015316,0.186657,-0.044912,-0.019547,0.190577,0.134787,-0.304786,-0.041516,0.079810,0.063927,-0.158965,-0.215789,0.101529,0.050308,0.118566,-0.073801,-0.091542,-0.198353,0.031119,-0.121731
0.219540,0.219403,0.325928,0.335393,0.442118,0.581055,0.280230,0.246091,0.564275,0.276636,0.210494,0.387704,0.268317,0.397563,0.253319,0.439715,0.201745,0.300277,0.130348,0.178694,0.454020,0.242280,0.377097,0.327596,0.360691,0.439824,0.000000,0.610750,0.252252,0.268335,0.339608,0.378081,0.315738,0.279751,0.029582,0.004286,0.039604,0.289800,0.129976,0.159961,-0.148049,-0.049596,0.120277,0.178526,0.147575,0.147446,0.153717,0.120184,0.114301,0.123065,0.082076,0.080351,0.070677,0.067784,-0.061019,-0.039305,0.257702,0.321416,0.166602,0.178792,0.166612,0.201023,0.255057,0.350154,0.090252,0.137756,0.171275,0.203267,0.185720,0.194995,0.313028,0.353681,0.311175,0.231075,0.290390,0.197531,0.238180,0.317043,0.223133,0.323111,0.177550,0.291097,0.191863,0.234309,0.043217,0.161172,0.094912,0.231112,-0.077358,0.004041,0.083219,-0.017436,0.046273,-0.017548,-0.009114,-0.012165,-0.015652,0.123803,-0.030684,-0.131020,0.119864,0.057149,-0.292392,-0.144938,0.028528,-0.049566,-0.385796,-0.141000,-0.229133,0.160942,0.203259,0.009346,-0.067238,-0.192452,-0.039696,-0.049096
0.318194,0.083502,0.154479,0.162099,0.073038,0.666717,0.245996,0.127973,0.494924,0.020819,0.152875,0.265956,0.225174,0.361571,0.038128,0.447176,0.233116,0.194722,0.136795,0.203588,0.525687,0.049018,0.248785,0.114898,0.089931,0.263463,0.610750,0.000000,0.254687,0.162413,0.167613,0.227325,0.303823,0.318574,0.102965,-0.019850,-0.069220,0.154186,0.168552,0.153116,-0.125025,-0.216013,0.359858,0.320985,0.230382,0.206260,0.281321,0.281969,0.288089,0.257434,0.312788,0.295891,0.276869,0.341970,0.083524,0.101861,0.324141,0.177501,0.235133,-0.025386,0.235582,0.076947,0.256264,0.243913,0.144965,0.141045,0.211765,0.224325,0.173037,0.248048,0.120926,0.235295,0.272395,0.128900,0.219964,0.281193,0.130612,0.263873,0.213589,0.181403,0.277816,0.416348,0.234122,0.427884,0.120999,0.309089,0.018009,0.276971,-0.027118,0.196071,0.309989,0.267110,0.296489,0.192195,0.112327,0.143997,0.075224,0.298530,0.175450,0.093345,-0.102286,0.106015,-0.130958,0.115901,-0.228627,0.169057,-0.312580,-0.005131,-0.308177,0.298977,0.299663,0.204730,0.088857,0.121484,0.107458,0.275720
0.442605,0.352095,0.586585,0.575545,0.351311,0.476247,0.665831,0.585077,0.376038,0.245895,0.622054,0.572162,0.609435,0.637806,0.434377,0.460116,0.704537,0.616649,0.304645,0.376219,0.511946,0.431651,0.623115,0.564901,0.502091,0.591896,0.252252,0.254687,0.000000,0.671689,0.658012,0.645416,0.512182,0.477540,0.464850,0.479029,0.606818,0.596775,0.488876,0.501924,0.289713,0.300866,0.320710,0.384299,0.409650,0.496811,0.316501,0.341679,0.393510,0.367725,0.339433,0.311603,0.229041,0.169666,0.237386,0.388467,0.501697,0.357253,0.417169,0.300230,0.484414,0.384314,0.531101,0.449508,0.558471,0.460194,0.340789,0.405734,0.260500,0.255859,0.579068,0.614616,0.599551,0.557005,0.354602,0.470561,0.416126,0.419015,0.517019,0.516983,0.546075,0.484353,0.338982,0.432559,0.399247,0.491184,0.244149,0.366004,0.210363,0.335877,0.120549,0.143257,0.079755,0.155425,0.319142,0.363026,0.174211,0.326334,0.133429,0.199784,0.079767,0.138265,0.012437,0.144776,-0.011851,0.155617,-0.032041,-0.004349,0.258112,0.272190,0.275518,0.167630,0.110195,0.058144,0.058127,0.077250
0.282525,0.450508,0.609936,0.601900,0.370144,0.397124,0.591999,0.657128,0.525051,0.280224,0.600076,0.652235,0.615534,0.645553,0.519558,0.436952,0.595535,0.623599,0.287779,0.292966,0.504550,0.524852,0.642519,0.573191,0.522584,0.569287,0.268335,0.162413,0.671689,0.000000,0.621242,0.669250,0.439405,0.445092,0.386432,0.430566,0.531433,0.676343,0.446455,0.534278,0.108243,0.302820,0.196909,0.256795,0.327321,0.388232,0.248020,0.204143,0.253394,0.210636,0.224917,0.133231,0.155644,-0.064293,0.201087,0.163902,0.244087,0.419123,0.258902,0.423867,0.318686,0.448713,0.455980,0.445766,0.483466,0.435315,0.285357,0.331311,0.244552,0.192882,0.626039,0.612974,0.579873,0.643796,0.457225,0.379869,0.500097,0.474087,0.385233,0.567785,0.401580,0.389588,0.363407,0.286773,0.378438,0.323364,0.339192,0.217831,0.285757,0.054385,0.020518,-0.116662,-0.029806,-0.019550,0.273283,0.226139,0.167100,0.188900,0.068605,0.011318,0.140568,-0.038317,-0.068057,-0.094526,0.109468,-0.104786,-0.066492,-0.027297,0.179723,0.297620,0.266398,0.090782,0.046329,-0.055263,-0.112350,-0.061074
0.446540,0.464311,0.633287,0.661243,0.501239,0.390886,0.660108,0.628934,0.363831,0.358987,0.605148,0.573256,0.610575,0.598321,0.499317,0.396167,0.591687,0.659568,0.425330,0.477520,0.411985,0.511579,0.645227,0.662630,0.633690,0.644105,0.339608,0.167613,0.658012,0.621242,0.000000,0.719125,0.581995,0.537481,0.486536,0.517470,0.563951,0.577623,0.425552,0.378823,0.299662,0.358926,0.184806,0.341351,0.435740,0.489454,0.281168,0.276779,0.299922,0.317856,0.241085,0.266506,0.166136,0.065748,0.211933,0.303472,0.464183,0.507425,0.409517,0.420377,0.427539,0.505741,0.516651,0.562126,0.508780,0.522964,0.416270,0.478505,0.377193,0.339928,0.578559,0.584276,0.607963,0.569987,0.437732,0.460353,0.506966,0.480671,0.549476,0.599683,0.521433,0.478174,0.394293,0.367073,0.406194,0.431711,0.304608,0.202417,0.240627,0.256858,0.063726,0.051863,0.028268,0.099818,0.303316,0.319945,0.205927,0.221488,0.090044,0.092613,0.172278,0.221241,-0.037154,0.044048,0.041693,0.092266,-0.024812,-0.154328,0.258791,0.260435,0.309553,0.133882,0.135976,-0.075233,0.084864,-0.029034
0.328601,0.403690,0.660178,0.629764,0.491820,0.457191,0.643104,0.643846,0.497061,0.302144,0.572532,0.677674,0.608533,0.645244,0.458639,0.406566,0.554411,0.633851,0.312474,0.339203,0.483998,0.475695,0.720134,0.652499,0.566892,0.633623,0.378081,0.227325,0.645416,0.669250,0.719125,0.000000,0.480701,0.477966,0.403616,0.414302,0.495577,0.590255,0.336920,0.392872,0.144787,0.242005,0.119037,0.232310,0.333469,0.390967,0.176419,0.147415,0.200169,0.198769,0.154903,0.155837,0.081798,-0.056878,0.087672,0.135031,0.337873,0.436199,0.274519,0.367990,0.314056,0.437636,0.450011,0.520912,0.446679,0.445797,0.281151,0.350194,0.239617,0.207578,0.608681,0.644857,0.563742,0.551672,0.426779,0.365190,0.470467,0.491891,0.457555,0.602707,0.400475,0.431835,0.303079,0.286940,0.316561,0.354523,0.234630,0.174801,0.150072,0.099067,-0.029503,-0.093332,-0.079551,-0.043564,0.214907,0.182194,0.087909,0.119720,-0.022962,-0.066429,0.192511,0.083823,-0.121303,-0.089928,0.078054,-0.044351,-0.145663,-0.061998,0.162036,0.294705,0.280936,0.040011,0.023989,-0.149096,-0.075545,-0.091976
0.661987,0.569692,0.430643,0.497305,0.185427,0.364215,0.530447,0.500343,0.299239,0.146161,0.518426,0.383086,0.601941,0.504039,0.286124,0.293923,0.570007,0.588503,0.649875,0.686631,0.324589,0.304289,0.412855,0.374627,0.414088,0.417051,0.315738,0.303823,0.512182,0.439405,0.581995,0.480701,0.000000,0.744824,0.560997,0.519030,0.330944,0.381377,0.399162,0.224506,0.302566,0.199303,0.396292,0.626149,0.618527,0.639691,0.603775,0.569999,0.581635,0.568345,0.502934,0.510805,0.457911,0.342189,0.463594,0.400326,0.579106,0.642880,0.652023,0.423261,0.614743,0.570458,0.643032,0.618571,0.591717,0.620286,0.688401,0.711961,0.671515,0.654195,0.278751,0.298102,0.593292,0.518207,0.482083,0.520805,0.481503,0.468396,0.610888,0.525641,0.692687,0.629992,0.587346,0.541809,0.557524,0.522021,0.313709,0.086836,0.421275,0.407786,0.363411,0.330709,0.370501,0.374129,0.397526,0.481822,0.509721,0.470355,0.426743,0.361980,0.027259,0.360804,0.165641,0.255684,-0.211364,0.265295,0.130790,-0.114057,0.165832,0.448076,0.582377,0.502133,0.474423,0.154383,0.271253,0.278671
0.620355,0.558134,0.406641,0.440708,0.085632,0.353914,0.506668,0.510183,0.332860,0.021328,0.483272,0.416106,0.600435,0.513029,0.185595,0.231179,0.528569,0.558774,0.656540,0.673815,0.366134,0.254586,0.418705,0.298424,0.314421,0.343855,0.279751,0.318574,0.477540,0.445092,0.537481,0.477966,0.744824,0.000000,0.588521,0.505020,0.239702,0.348169,0.357260,0.198235,0.211168,0.093204,0.387339,0.620464,0.632039,0.633194,0.605462,0.539106,0.570832,0.552365,0.506271,0.526259,0.471325,0.315559,0.462446,0.307027,0.474712,0.617311,0.588687,0.400840,0.549373,0.578078,0.627096,0.624482,0.608724,0.660970,0.677423,0.703792,0.634990,0.649963,0.220474,0.259790,0.567175,0.504196,0.517330,0.486885,0.484464,0.495916,0.574675,0.533633,0.666628,0.668237,0.607231,0.552302,0.574473,0.520802,0.294871,0.005192,0.440920,0.356105,0.348903,0.296559,0.370539,0.323790,0.402399,0.465358,0.539625,0.461999,0.437391,0.333314,0.024240,0.324852,0.218485,0.213244,-0.249498,0.199587,0.127468,-0.015351,0.085389,0.561166,0.664225,0.546677,0.527747,0.185068,0.211177,0.318664
0.583912,0.477644,0.392882,0.438392,0.044195,0.238047,0.553985,0.529516,0.128216,0.083204,0.567094,0.327603,0.583740,0.445300,0.246754,0.210377,0.540947,0.514444,0.611253,0.611632,0.233226,0.267758,0.351906,0.329015,0.269232,0.257804,0.029582,0.102965,0.464850,0.386432,0.486536,0.403616,0.560997,0.588521,0.000000,0.684564,0.383744,0.359655,0.430384,0.256117,0.325632,0.224719,0.381490,0.533979,0.676713,0.646475,0.496993,0.482966,0.538692,0.516718,0.543158,0.562950,0.468813,0.302558,0.560763,0.474288,0.428955,0.434214,0.530577,0.370507,0.525382,0.527973,0.596487,0.474664,0.693917,0.679489,0.590034,0.622481,0.500580,0.520861,0.270647,0.295645,0.545995,0.495732,0.449418,0.545155,0.475861,0.453305,0.429038,0.360813,0.600963,0.504923,0.545271,0.498234,0.584313,0.524551,0.329162,0.039991,0.543711,0.465031,0.318882,0.337885,0.344021,0.392244,0.531464,0.506478,0.532349,0.361774,0.445825,0.421659,-0.080304,0.338727,0.407114,0.348329,-0.211119,0.286399,0.304861,-0.006304,0.328471,0.462139,0.520211,0.512339,0.536029,0.367225,0.310970,0.333128
0.523083,0.507517,0.413454,0.474654,0.139794,0.172575,0.526366,0.530425,0.083987,0.174305,0.555325,0.304777,0.540840,0.376996,0.315424,0.179099,0.549252,0.527772,0.558795,0.556641,0.171406,0.342901,0.342380,0.371030,0.347494,0.297632,0.004286,-0.019850,0.479029,0.430566,0.517470,0.414302,0.519030,0.505020,0.684564,0.000000,0.472593,0.415942,0.462253,0.309322,0.360018,0.374258,0.330944,0.478302,0.584653,0.597239,0.456860,0.457033,0.478855,0.480453,0.464090,0.454005,0.407341,0.220583,0.527304,0.478955,0.403861,0.437412,0.497110,0.441382,0.515324,0.542396,0.554531,0.449329,0.637377,0.626389,0.543002,0.578073,0.478120,0.446996,0.356517,0.347697,0.541288,0.524614,0.405958,0.503760,0.476293,0.410445,0.419132,0.356413,0.555086,0.409340,0.493328,0.408035,0.560569,0.446535,0.357332,0.035414,0.536333,0.404172,0.252216,0.248813,0.269649,0.347681,0.470531,0.462212,0.480446,0.321393,0.379273,0.377564,-0.032556,0.248501,0.336532,0.294533,-0.081303,0.230438,0.317122,-0.086804,0.420135,0.345625,0.414403,0.411022,0.441338,0.291540,0.250362,0.170221
0.311695,0.290694,0.530272,0.555191,0.407973,0.216408,0.570592,0.511709,0.133942,0.423624,0.576273,0.375961,0.481180,0.457248,0.568502,0.398357,0.543326,0.485566,0.230132,0.284011,0.263243,0.524455,0.455154,0.563649,0.551774,0.531969,0.039604,-0.069220,0.606818,0.531433,0.563951,0.495577,0.330944,0.239702,0.383744,0.472593,0.000000,0.594267,0.543907,0.549334,0.485804,0.563451,0.192085,0.213834,0.307130,0.374470,0.171363,0.235551,0.232374,0.214013,0.191368,0.159110,0.091224,0.035528,0.242186,0.468672,0.381876,0.251214,0.318029,0.333428,0.343909,0.294938,0.343477,0.243980,0.419244,0.344037,0.254036,0.288027,0.201922,0.154375,0.573869,0.546998,0.493680,0.497042,0.235161,0.402270,0.421855,0.332764,0.373799,0.333313,0.378061,0.228832,0.259864,0.263452,0.373142,0.380539,0.339440,0.369684,0.256055,0.324132,0.004581,0.060112,-0.042518,0.105110,0.299246,0.378162,0.150724,0.211961,0.059975,0.198879,0.088782,0.147395,-0.037460,0.139431,0.169780,0.135902,0.167229,-0.157794,0.433622,0.035026,0.055809,-0.011828,0.017588,0.006358,0.126409,-0.070850
