0.000000 0.700153 0.452085 0.424805 0.238984 0.294483 0.507942 0.451995 0.317794 0.283866 0.512557 0.618460 0.602085 0.444373 0.336774 0.230391 0.352348 0.336482 0.649204 0.653314 0.185247 0.216198 0.539488 0.397676 0.234273 0.288498 0.270788 0.393364 0.386195 0.365096 0.419100 0.394444 0.548697 0.591564 0.481559 0.453849 0.231367 0.347467 0.189454 0.231627 0.355849 0.434140 0.205893 0.332100 0.389316 0.386454 0.332146 0.327761 0.163204 0.164120 0.263672 0.179306 0.149829 0.119761 0.353487 0.208299 0.679399 0.589383 0.367513 0.543083 0.472256 0.417841 0.510787 0.570181 0.420946 0.422908 0.518519 0.620786 0.691064 0.656107 0.453543 0.368653 0.247955 0.334968 -0.054761 -0.012614 0.285014 0.266478 0.186580 0.057897 0.338672 0.372989 0.434794 0.285072 0.371662 0.216696 0.240651 0.196057 0.243632 0.093736 0.342837 -0.016862 0.124074 -0.132169 0.240913 0.175513 0.447835 0.384482 0.400863 0.371696 0.322885 -0.113964 0.340640 0.298956 0.436544 0.269667 0.283504 0.199698 0.168186 0.378830 0.468567 0.390064 0.320820 0.286841 -0.082550 0.264974
0.700153 0.000000 0.356424 0.380784 0.155613 0.182965 0.406418 0.413431 0.281503 0.194267 0.548486 0.605229 0.561522 0.432552 0.220904 0.133647 0.411024 0.299458 0.628219 0.583427 0.162463 0.133982 0.495797 0.317158 0.184175 0.192214 0.154508 0.307934 0.488761 0.347321 0.354202 0.334276 0.606925 0.620872 0.503941 0.478265 0.229696 0.311152 0.162202 0.159242 0.387731 0.430613 0.305895 0.389936 0.473965 0.474118 0.396122 0.399042 0.208349 0.266815 0.348506 0.287973 0.215171 0.268185 0.364927 0.260149 0.684910 0.666324 0.432751 0.617967 0.548991 0.529379 0.572272 0.653226 0.489037 0.502552 0.585393 0.640196 0.676165 0.618189 0.372658 0.331067 0.306920 0.306986 -0.075379 0.025418 0.298920 0.291015 0.189677 0.080683 0.330166 0.369528 0.357359 0.242925 0.347458 0.326398 0.126714 0.137806 0.198113 0.168321 0.334571 0.118483 0.181745 -0.008461 0.239241 0.262545 0.436690 0.407438 0.367133 0.346248 0.214664 0.036902 0.201435 0.222197 0.391432 0.326815 0.167837 0.166358 0.109761 0.424142 0.525844 0.404071 0.315914 0.294184 -0.009906 0.252452
0.452085 0.356424 0.000000 0.618977 0.541398 0.614649 0.729318 0.605175 0.607345 0.698366 0.269807 0.591318 0.553840 0.592399 0.661322 0.527560 0.204571 0.442813 0.485626 0.637573 0.443678 0.587519 0.692900 0.654277 0.505244 0.666580 0.584871 0.474607 0.200581 0.382355 0.707831 0.686564 0.272363 0.369403 0.166176 0.163049 0.234492 0.421674 0.240540 0.366415 0.326423 0.331333 -0.088734 0.151342 0.127069 0.145449 0.060007 0.109099 0.241359 0.011169 0.042918 -0.060485 -0.143457 -0.283939 0.145822 0.024282 0.241989 0.114194 0.012650 0.168222 -0.008519 -0.105076 0.151124 0.160771 0.044841 0.002010 0.134213 0.374168 0.372937 0.336450 0.562537 0.488254 -0.015080 0.311999 0.301887 0.076695 0.184633 0.136500 0.120516 -0.076728 0.255955 0.338329 0.552790 0.434673 0.220938 -0.115679 0.582744 0.417600 0.215652 -0.111773 0.244171 -0.404625 -0.172418 -0.561159 0.166959 -0.107052 0.220546 0.235458 0.484728 0.444096 0.696225 -0.423474 0.692890 0.546189 0.276518 -0.038477 0.551168 0.455524 0.208897 0.024074 0.165408 0.326804 0.312188 0.283973 -0.414394 0.175133
0.424805 0.380784 0.618977 0.000000 0.626231 0.439884 0.631602 0.760575 0.602280 0.575108 0.428559 0.525503 0.522591 0.677562 0.611584 0.638958 0.353279 0.201259 0.569126 0.478019 0.569680 0.595696 0.683812 0.743525 0.424511 0.606750 0.532772 0.454846 0.326693 0.128819 0.603452 0.681292 0.299475 0.298312 0.181930 0.125122 0.445525 0.314275 0.345887 0.439738 0.391308 0.206554 -0.043288 0.191396 0.083018 0.148883 -0.004912 0.149822 0.098953 -0.042239 -0.058217 -0.082986 -0.337485 -0.144074 -0.014469 0.300627 0.200138 0.197966 -0.132415 0.173896 -0.009890 0.010702 0.335552 0.213436 0.038183 0.035745 0.191280 0.372718 0.414668 0.229660 0.283534 0.659541 0.169744 -0.033792 0.113517 0.391076 0.164052 0.313044 -0.053020 0.120519 0.067450 0.488566 0.535219 0.625539 -0.017572 0.216180 0.615083 0.647472 -0.187221 0.311028 -0.001279 -0.230585 -0.417985 -0.533385 0.216346 -0.028598 0.076477 0.482642 0.533602 0.537368 0.473166 -0.182265 0.547139 0.700526 0.075177 0.198605 0.372171 0.671669 0.214827 0.042776 0.144494 0.380505 0.285373 0.286052 -0.435056 0.174209
0.238984 0.155613 0.541398 0.626231 0.000000 0.568155 0.494263 0.606245 0.565885 0.524199 0.171993 0.349726 0.284265 0.484844 0.544997 0.603277 0.193328 0.139577 0.370559 0.360481 0.495694 0.590784 0.500634 0.669574 0.437274 0.613461 0.601843 0.454396 0.156970 0.061170 0.551287 0.583712 0.074591 0.116021 0.005189 -0.027852 0.340474 0.221880 0.227299 0.374887 0.371489 0.092812 -0.234397 -0.020336 -0.132548 -0.050792 -0.190508 -0.048194 -0.068881 -0.222209 -0.266391 -0.288011 -0.470911 -0.349567 -0.174127 0.145604 0.033904 -0.015287 -0.323228 -0.084047 -0.217756 -0.233715 0.151473 0.008245 -0.168772 -0.219330 -0.057619 0.127975 0.251460 0.135540 0.237696 0.561819 0.027508 -0.055659 0.223693 0.316714 0.007045 0.155370 -0.114057 0.014972 0.001890 0.372958 0.447173 0.537726 -0.109518 0.036468 0.581146 0.603607 -0.227361 0.170776 -0.178994 -0.428777 -0.526322 -0.612979 0.094616 -0.184012 -0.108355 0.273988 0.283718 0.285110 0.423692 -0.369277 0.539194 0.656307 -0.109369 -0.036993 0.385259 0.627251 0.174642 -0.132111 -0.132165 0.090241 0.045630 0.080108 -0.545010 0.033268
0.294483 0.182965 0.614649 0.439884 0.568155 0.000000 0.528951 0.407328 0.538593 0.594287 0.036678 0.455953 0.321649 0.338874 0.482548 0.354428 0.051723 0.373465 0.224436 0.462416 0.331115 0.438117 0.470497 0.543822 0.361567 0.639795 0.568608 0.595876 0.045992 0.357821 0.597718 0.558447 0.049962 0.168831 -0.054490 -0.049998 0.175737 0.320783 0.098200 0.145244 0.250501 0.244694 -0.251076 -0.034934 -0.019395 -0.012152 -0.086297 -0.091676 0.029120 -0.170550 -0.083112 -0.237609 -0.240073 -0.411861 -0.017133 -0.181645 0.130336 0.004759 -0.032629 0.065549 -0.050152 -0.158684 0.025520 0.059108 -0.031566 -0.140053 -0.002997 0.211554 0.254788 0.278372 0.456850 0.331243 -0.150156 0.298671 0.247649 -0.116469 -0.085228 -0.133007 0.075434 -0.121323 0.148367 0.202116 0.426409 0.306675 0.121839 -0.254878 0.423497 0.241058 0.155208 -0.269706 0.060885 -0.564160 -0.208386 -0.586504 0.081944 -0.151980 0.065704 0.021711 0.209005 0.114748 0.547422 -0.604647 0.615965 0.426056 0.080428 -0.247438 0.479541 0.315189 0.165453 -0.088398 -0.029155 0.022913 0.008247 -0.012863 -0.486793 0.098626
0.507942 0.406418 0.729318 0.631602 0.494263 0.528951 0.000000 0.639820 0.585888 0.667384 0.396330 0.595934 0.639578 0.604084 0.663514 0.547231 0.264077 0.417778 0.545552 0.642552 0.456207 0.603081 0.681344 0.631651 0.436383 0.616706 0.578039 0.476688 0.240409 0.360684 0.675048 0.659112 0.328643 0.412885 0.210030 0.220823 0.247583 0.417902 0.303235 0.407970 0.286164 0.344570 -0.062236 0.198690 0.137159 0.167949 0.069868 0.149128 0.233681 0.026690 0.033774 -0.047927 -0.145401 -0.240321 0.143035 0.082289 0.274042 0.135394 0.008414 0.188247 0.026078 -0.039028 0.230258 0.196384 0.064032 0.053979 0.172290 0.413989 0.402015 0.347434 0.557091 0.532039 0.054562 0.284147 0.186666 0.149755 0.276478 0.247627 0.111496 -0.030613 0.248891 0.339474 0.555820 0.454623 0.189871 -0.071583 0.595730 0.447085 0.201436 -0.036579 0.256080 -0.355254 -0.176684 -0.543251 0.198560 -0.088621 0.233038 0.295188 0.535637 0.512055 0.669773 -0.379154 0.673858 0.545086 0.302306 0.016865 0.543924 0.473911 0.223928 0.043809 0.202917 0.387631 0.355995 0.323135 -0.394938 0.174050
0.451995 0.413431 0.605175 0.760575 0.606245 0.407328 0.639820 0.000000 0.599207 0.567492 0.480892 0.537946 0.558994 0.688869 0.614828 0.644781 0.395489 0.217046 0.599579 0.494800 0.572488 0.603459 0.675481 0.721230 0.405140 0.585120 0.521227 0.443833 0.375188 0.148627 0.593119 0.668397 0.342962 0.345590 0.229308 0.175446 0.448512 0.335561 0.381346 0.471943 0.418373 0.241323 -0.004021 0.234026 0.110306 0.186657 0.030102 0.194643 0.121740 -0.009717 -0.033936 -0.049491 -0.304752 -0.110800 0.019730 0.336831 0.234850 0.215654 -0.116709 0.191921 0.013838 0.050151 0.380198 0.252912 0.069812 0.080580 0.215880 0.402610 0.438916 0.259729 0.304403 0.677944 0.214242 -0.009120 0.109871 0.412300 0.233489 0.380939 -0.021525 0.148579 0.109149 0.504728 0.549454 0.633304 0.003663 0.241724 0.617608 0.650844 -0.163672 0.333879 0.033159 -0.204758 -0.392212 -0.509041 0.243694 -0.018172 0.101815 0.506878 0.557576 0.561629 0.472983 -0.161279 0.542677 0.694365 0.103031 0.210935 0.386441 0.661746 0.220616 0.056168 0.170802 0.410310 0.311246 0.306055 -0.425901 0.161996
0.317794 0.281503 0.607345 0.602280 0.565885 0.538593 0.585888 0.599207 0.000000 0.645238 0.262725 0.471520 0.533001 0.600844 0.585194 0.515764 0.292854 0.350151 0.397319 0.416389 0.543381 0.533214 0.627478 0.620277 0.515050 0.652360 0.531977 0.385648 0.303921 0.331559 0.664702 0.693930 0.275715 0.297812 0.134018 0.098402 0.317587 0.370942 0.317553 0.370261 0.391377 0.342761 0.031276 0.224085 0.173653 0.197274 0.059748 0.135927 0.299563 0.087948 0.095646 0.008107 -0.169284 -0.157153 0.063613 0.125921 0.152671 0.075259 0.001205 0.165785 0.041239 -0.015692 0.248276 0.164613 0.124487 0.064569 0.166896 0.326120 0.253755 0.163918 0.448597 0.529529 0.113731 0.211972 0.281580 0.207437 0.185424 0.212053 0.090804 0.062128 0.212936 0.356292 0.500485 0.476719 0.147419 0.061780 0.472175 0.446217 0.042629 0.067551 0.160667 -0.241360 -0.210948 -0.455559 0.250694 0.008362 0.160119 0.340200 0.485012 0.457728 0.527711 -0.243727 0.508955 0.500783 0.121375 0.029844 0.443355 0.495815 0.188406 -0.001143 0.180945 0.358203 0.307707 0.298315 -0.352496 0.101526
0.283866 0.194267 0.698366 0.575108 0.524199 0.594287 0.667384 0.567492 0.645238 0.000000 0.156008 0.454797 0.497939 0.562961 0.673368 0.559147 0.183665 0.434177 0.339694 0.502636 0.479733 0.626737 0.596788 0.609409 0.456603 0.706936 0.604626 0.450658 0.107484 0.326203 0.664056 0.689080 0.221658 0.301047 0.063116 0.076797 0.206778 0.356765 0.274745 0.384051 0.264627 0.248151 -0.074565 0.172870 0.071155 0.092701 0.021963 0.090239 0.290565 0.022853 0.031891 -0.067306 -0.157787 -0.301925 0.108335 0.011681 0.094352 -0.021294 -0.059512 0.058046 -0.108888 -0.166248 0.108563 0.068601 -0.033819 -0.048772 0.049868 0.278374 0.201869 0.174006 0.512997 0.490172 -0.041794 0.254887 0.367928 0.175262 0.219545 0.176677 0.121923 -0.007672 0.238549 0.319819 0.484151 0.431233 0.158670 -0.126533 0.585379 0.415223 0.179329 -0.099062 0.219866 -0.394870 -0.196422 -0.563479 0.164736 -0.131394 0.174299 0.206522 0.495017 0.444524 0.677429 -0.398757 0.654106 0.504120 0.209669 -0.111267 0.543924 0.438693 0.178488 -0.056371 0.116180 0.322685 0.303307 0.301580 -0.401428 0.097449
0.512557 0.548486 0.269807 0.428559 0.171993 0.036678 0.396330 0.480892 0.262725 0.156008 0.000000 0.473884 0.578296 0.451185 0.319399 0.282554 0.528788 0.167457 0.561563 0.381989 0.308668 0.207590 0.449125 0.356946 0.131995 0.162071 0.162833 0.261145 0.571089 0.160252 0.254253 0.292598 0.446208 0.407095 0.389069 0.337186 0.340780 0.297969 0.355116 0.314077 0.401306 0.391105 0.191190 0.303679 0.288683 0.345830 0.205745 0.340373 0.088768 0.139754 0.150580 0.178993 -0.014401 0.201241 0.168441 0.398513 0.440611 0.409792 0.123888 0.368800 0.290263 0.338700 0.526618 0.439897 0.346863 0.346549 0.393915 0.458402 0.531954 0.395754 0.150932 0.374938 0.383581 0.026329 -0.227715 0.258747 0.266100 0.372737 0.117363 0.211095 0.206834 0.405916 0.378639 0.400230 0.147731 0.367238 0.301526 0.370400 -0.041892 0.380160 0.119468 0.088251 -0.093897 -0.118816 0.255081 0.141795 0.175189 0.453846 0.391161 0.398506 0.150997 0.093269 0.191293 0.340251 0.130854 0.283298 0.116595 0.302206 0.118950 0.160137 0.324506 0.399015 0.268312 0.202769 -0.169904 0.136225
0.618460 0.605229 0.591318 0.525503 0.349726 0.455953 0.595934 0.537946 0.471520 0.454797 0.473884 0.000000 0.627388 0.592292 0.464671 0.333688 0.421108 0.490939 0.581801 0.642804 0.364800 0.350913 0.644686 0.518675 0.365387 0.474847 0.387157 0.482047 0.448543 0.511999 0.591457 0.546413 0.454973 0.529291 0.287695 0.266331 0.349260 0.460753 0.264950 0.223758 0.385507 0.470093 0.129105 0.301547 0.329690 0.334135 0.276210 0.283188 0.237824 0.133611 0.234549 0.138566 0.031075 0.014072 0.293682 0.142065 0.490350 0.439122 0.261356 0.464972 0.331016 0.295777 0.422303 0.494567 0.323922 0.309479 0.401341 0.556370 0.556216 0.506625 0.497539 0.431291 0.232757 0.365530 0.068173 -0.005924 0.226138 0.179025 0.276919 0.129278 0.355881 0.462317 0.537603 0.389804 0.364113 0.160826 0.347937 0.251740 0.219409 0.013811 0.318548 -0.144031 0.030448 -0.298388 0.295190 0.176077 0.338807 0.340255 0.449492 0.396092 0.472057 -0.217247 0.469190 0.385189 0.340608 0.132301 0.370560 0.284761 0.199973 0.205124 0.377820 0.362128 0.299101 0.221397 -0.247295 0.253260
0.602085 0.561522 0.553840 0.522591 0.284265 0.321649 0.639578 0.558994 0.533001 0.497939 0.578296 0.627388 0.000000 0.608593 0.542835 0.394687 0.479477 0.475180 0.586089 0.592304 0.400717 0.378996 0.644963 0.492436 0.378001 0.458832 0.374539 0.360912 0.450224 0.437644 0.564244 0.571034 0.546160 0.574227 0.394736 0.378180 0.295774 0.454066 0.368738 0.371030 0.359628 0.504833 0.246839 0.424161 0.409143 0.429567 0.311644 0.375119 0.370231 0.259115 0.305063 0.235771 0.102334 0.082373 0.341597 0.239380 0.479542 0.376601 0.256107 0.428207 0.316015 0.276051 0.477607 0.462061 0.367920 0.367265 0.442252 0.580357 0.520325 0.454468 0.496408 0.455826 0.281650 0.343997 0.049973 0.148339 0.394914 0.358065 0.268974 0.176755 0.415190 0.448993 0.515889 0.410473 0.380255 0.186959 0.403016 0.324472 0.255478 0.112452 0.389820 -0.049317 0.044478 -0.253894 0.331308 0.146386 0.397875 0.420608 0.575921 0.538091 0.475397 -0.121141 0.438124 0.363149 0.385172 0.167661 0.375541 0.297987 0.190128 0.199188 0.457989 0.526177 0.445626 0.389192 -0.169252 0.182267
0.444373 0.432552 0.592399 0.677562 0.484844 0.338874 0.604084 0.688869 0.600844 0.562961 0.451185 0.592292 0.608593 0.000000 0.629247 0.614093 0.503598 0.406020 0.609804 0.521445 0.583213 0.555003 0.691781 0.627195 0.510784 0.578256 0.469860 0.298275 0.468983 0.331902 0.626611 0.664865 0.436905 0.445666 0.272484 0.212287 0.477545 0.448242 0.466815 0.515330 0.424466 0.330982 0.173008 0.358057 0.240926 0.301675 0.194520 0.306415 0.342449 0.176807 0.149450 0.150586 -0.111270 -0.004953 0.215313 0.380197 0.284590 0.274885 0.021627 0.274634 0.092444 0.109200 0.403923 0.329795 0.150645 0.190491 0.292195 0.436447 0.397251 0.254229 0.405650 0.618402 0.284909 0.110718 0.236335 0.378602 0.359396 0.423481 0.217301 0.295084 0.324274 0.597266 0.599882 0.608898 0.226988 0.309536 0.544353 0.552945 0.002967 0.286347 0.213257 -0.045798 -0.189471 -0.341423 0.375157 0.166164 0.270122 0.540496 0.605001 0.611219 0.493943 -0.028278 0.464823 0.550286 0.260389 0.275631 0.393033 0.518045 0.282372 0.129720 0.320295 0.503385 0.435478 0.406528 -0.235444 0.232759
0.336774 0.220904 0.661322 0.611584 0.544997 0.482548 0.663514 0.614828 0.585194 0.673368 0.319399 0.464671 0.542835 0.629247 0.000000 0.681984 0.348594 0.447634 0.445007 0.513003 0.592623 0.665781 0.604950 0.630145 0.498798 0.680240 0.619710 0.400331 0.257541 0.329401 0.637024 0.653263 0.249309 0.311708 0.110265 0.061947 0.383715 0.457609 0.463626 0.562211 0.368610 0.295343 -0.054062 0.181317 0.030092 0.094517 0.017744 0.128151 0.230813 -0.023135 -0.045066 -0.073833 -0.227313 -0.293607 0.133722 0.197078 0.125403 0.013744 -0.170246 0.006396 -0.169899 -0.205542 0.181174 0.085628 -0.052882 -0.077170 0.039136 0.248639 0.278035 0.201745 0.466392 0.561872 0.100838 0.148750 0.323285 0.309019 0.288749 0.312928 0.200377 0.168534 0.304216 0.471364 0.617435 0.587131 0.194838 0.019425 0.689718 0.569874 0.098777 0.061510 0.152357 -0.338774 -0.280680 -0.550500 0.296566 -0.041784 0.166229 0.355250 0.532433 0.505378 0.628103 -0.324510 0.636392 0.575917 0.194293 -0.009806 0.544747 0.494962 0.274709 -0.091629 0.103160 0.353908 0.311668 0.289223 -0.415818 0.090811
0.230391 0.133647 0.527560 0.638958 0.603277 0.354428 0.547231 0.644781 0.515764 0.559147 0.282554 0.333688 0.394687 0.614093 0.681984 0.000000 0.343200 0.251531 0.447179 0.371834 0.621084 0.692189 0.512823 0.621483 0.480165 0.609221 0.606548 0.294825 0.258138 0.122674 0.536788 0.579433 0.168364 0.185851 0.047266 -0.007324 0.471477 0.372379 0.493916 0.631874 0.335149 0.130523 -0.084457 0.132863 -0.105997 0.004577 -0.062311 0.104580 0.100029 -0.098409 -0.200465 -0.150714 -0.367586 -0.270818 -0.012749 0.334770 0.011418 -0.035441 -0.345101 -0.114028 -0.282832 -0.247687 0.191587 0.011819 -0.204957 -0.157380 -0.041727 0.138986 0.208100 0.066728 0.279253 0.627648 0.152220 -0.104019 0.265543 0.486266 0.252431 0.387587 0.064853 0.242827 0.165439 0.505274 0.572847 0.674886 -0.004454 0.161079 0.687324 0.699264 -0.154669 0.290658 -0.036064 -0.245740 -0.450998 -0.521310 0.316443 -0.032853 0.013790 0.445390 0.490119 0.521040 0.487696 -0.178678 0.534247 0.641095 0.062998 0.129611 0.461522 0.612806 0.307438 -0.126476 -0.007624 0.308496 0.260106 0.277667 -0.399318 0.029640
0.352348 0.411024 0.204571 0.353279 0.193328 0.051723 0.264077 0.395489 0.292854 0.183665 0.528788 0.421108 0.479477 0.503598 0.348594 0.343200 0.000000 0.427113 0.482256 0.312719 0.417027 0.236313 0.379030 0.293273 0.289052 0.267016 0.207224 0.146036 0.612611 0.332611 0.328949 0.338537 0.485719 0.456625 0.327513 0.222805 0.466565 0.410390 0.499838 0.414008 0.441084 0.389106 0.363118 0.451674 0.312152 0.400384 0.309965 0.440813 0.287214 0.261597 0.218056 0.293630 0.042951 0.209538 0.296184 0.489238 0.368458 0.365355 0.075741 0.282825 0.197496 0.257689 0.585756 0.462850 0.255072 0.306893 0.348086 0.378027 0.386619 0.276159 0.212435 0.399768 0.492724 0.102175 0.091417 0.362142 0.413973 0.474441 0.443685 0.533624 0.476707 0.624235 0.422052 0.459482 0.277275 0.466637 0.295142 0.352039 -0.014385 0.388427 0.221599 0.194487 -0.021718 -0.035713 0.430912 0.335297 0.315510 0.558075 0.467511 0.430665 0.168786 0.161421 0.150504 0.281688 0.201500 0.282579 0.161658 0.227031 0.194596 0.172168 0.393966 0.469435 0.323029 0.259950 -0.053640 0.148416
0.336482 0.299458 0.442813 0.201259 0.139577 0.373465 0.417778 0.217046 0.350151 0.434177 0.167457 0.490939 0.475180 0.406020 0.447634 0.251531 0.427113 0.000000 0.294358 0.492292 0.334359 0.288780 0.399340 0.227286 0.406387 0.452531 0.356076 0.240683 0.322792 0.665057 0.509086 0.403375 0.385100 0.480984 0.173924 0.161909 0.250522 0.575366 0.378545 0.317905 0.273352 0.477490 0.269947 0.408935 0.325050 0.353007 0.395422 0.365545 0.489556 0.320250 0.336345 0.283551 0.261720 -0.013841 0.491108 0.099014 0.338399 0.212018 0.262631 0.265038 0.157572 0.067460 0.243343 0.349752 0.185534 0.197978 0.252142 0.368524 0.277059 0.364852 0.584384 0.231996 0.171183 0.518665 0.363592 -0.053143 0.391037 0.191948 0.601259 0.288040 0.654358 0.418341 0.488421 0.260574 0.562176 0.004176 0.273265 0.053550 0.510901 -0.199029 0.527457 -0.074915 0.274190 -0.136706 0.428377 0.260492 0.480914 0.234343 0.422727 0.339431 0.507368 -0.210945 0.401085 0.111203 0.481407 -0.021826 0.458747 -0.013532 0.264527 0.117115 0.389032 0.365086 0.361687 0.287767 -0.010627 0.171270
0.649204 0.628219 0.485626 0.569126 0.370559 0.224436 0.545552 0.599579 0.397319 0.339694 0.561563 0.581801 0.586089 0.609804 0.445007 0.447179 0.482256 0.294358 0.000000 0.635700 0.362556 0.402656 0.607617 0.492460 0.369245 0.356143 0.345706 0.273909 0.488749 0.279514 0.492505 0.482021 0.525241 0.549179 0.444429 0.390194 0.359533 0.378734 0.338133 0.425819 0.406677 0.358274 0.188649 0.335783 0.272056 0.330921 0.230909 0.324633 0.191768 0.139379 0.124584 0.125352 -0.012762 0.070080 0.229153 0.362335 0.513707 0.462521 0.129148 0.376939 0.256243 0.259034 0.521457 0.460498 0.238686 0.292416 0.398880 0.519375 0.602757 0.494338 0.407967 0.545419 0.342342 0.169981 0.071509 0.265763 0.387760 0.449465 0.178563 0.188401 0.322277 0.509619 0.504230 0.468474 0.230356 0.321957 0.396355 0.435532 0.046347 0.292443 0.235457 0.024359 -0.080173 -0.198059 0.304868 0.169159 0.357959 0.529116 0.500290 0.521366 0.365381 0.014283 0.368748 0.464734 0.348997 0.371098 0.314651 0.412273 0.257579 0.306795 0.388924 0.481758 0.396938 0.378563 -0.145116 0.279837
0.653314 0.583427 0.637573 0.478019 0.360481 0.462416 0.642552 0.494800 0.416389 0.502636 0.381989 0.642804 0.592304 0.521445 0.513003 0.371834 0.312719 0.492292 0.635700 0.000000 0.276435 0.432407 0.606971 0.474767 0.368282 0.472025 0.438745 0.423830 0.310579 0.469281 0.588319 0.522804 0.463090 0.579885 0.339371 0.345400 0.191958 0.428176 0.216678 0.319358 0.346086 0.409611 0.072913 0.261275 0.261474 0.271934 0.226950 0.235507 0.235760 0.104128 0.155801 0.062865 0.074638 -0.111356 0.314468 0.085217 0.516519 0.381255 0.217178 0.352459 0.228280 0.144570 0.343647 0.401930 0.202543 0.204621 0.323033 0.505200 0.579489 0.590040 0.610022 0.426941 0.125061 0.431478 0.217201 0.006849 0.335845 0.248805 0.263508 0.005118 0.409947 0.377732 0.508320 0.324689 0.372338 0.001978 0.413351 0.254551 0.343011 -0.093625 0.378318 -0.219835 0.060539 -0.317888 0.220320 0.057723 0.431339 0.286450 0.442641 0.400136 0.561631 -0.294479 0.540403 0.375553 0.460881 0.097467 0.475048 0.258842 0.227176 0.258638 0.358414 0.379539 0.347395 0.319135 -0.209986 0.263190
0.185247 0.162463 0.443678 0.569680 0.495694 0.331115 0.456207 0.572488 0.543381 0.479733 0.308668 0.364800 0.400717 0.583213 0.592623 0.621084 0.417027 0.334359 0.362556 0.276435 0.000000 0.573463 0.485111 0.549207 0.417168 0.565119 0.511741 0.310414 0.390374 0.262837 0.510986 0.533518 0.171460 0.158315 0.004757 -0.106344 0.592843 0.492848 0.603162 0.551827 0.429865 0.287713 0.022254 0.228884 0.015106 0.123028 0.043699 0.184514 0.196675 0.018769 -0.037610 -0.008610 -0.296253 -0.131435 0.046898 0.370154 0.018098 0.016145 -0.188013 0.038706 -0.125757 -0.100132 0.222057 0.096736 -0.036859 -0.051963 0.057736 0.188001 0.195719 0.054076 0.262126 0.574263 0.227230 -0.052259 0.217627 0.391894 0.207453 0.330998 0.178674 0.347997 0.202098 0.490605 0.611034 0.661548 0.048714 0.222754 0.566752 0.578236 -0.123640 0.269348 0.029138 -0.143971 -0.328297 -0.417156 0.454978 0.190164 0.084337 0.507740 0.499478 0.490539 0.401235 -0.121197 0.440460 0.551006 0.051073 0.151931 0.406366 0.527811 0.318055 -0.089239 0.100415 0.352562 0.266751 0.227168 -0.332342 0.094912
0.216198 0.133982 0.587519 0.595696 0.590784 0.438117 0.603081 0.603459 0.533214 0.626737 0.207590 0.350913 0.378996 0.555003 0.665781 0.692189 0.236313 0.288780 0.402656 0.432407 0.573463 0.000000 0.496110 0.580587 0.411520 0.604834 0.635595 0.344611 0.177272 0.170977 0.571961 0.577792 0.144332 0.203052 -0.006640 -0.007863 0.298721 0.305534 0.373861 0.544693 0.285092 0.095753 -0.170386 0.087273 -0.134545 -0.047247 -0.114824 0.034777 0.119359 -0.102751 -0.209969 -0.196465 -0.347506 -0.347408 -0.022079 0.184872 -0.019807 -0.109500 -0.316303 -0.134435 -0.291997 -0.290197 0.112152 -0.047830 -0.242898 -0.224426 -0.107595 0.110168 0.156795 0.068751 0.404569 0.595334 0.043812 0.035854 0.365854 0.407105 0.278137 0.342159 0.029123 0.056535 0.138380 0.347437 0.511284 0.536809 -0.020683 -0.034842 0.686135 0.606026 -0.021923 0.099319 0.033361 -0.359723 -0.385969 -0.576848 0.189384 -0.145841 0.038050 0.315770 0.448033 0.479000 0.584232 -0.308774 0.599622 0.598036 0.096893 -0.003318 0.532145 0.590072 0.215021 -0.084667 -0.027671 0.273353 0.265955 0.286310 -0.433958 0.067328
0.539488 0.495797 0.692900 0.683812 0.500634 0.470497 0.681344 0.675481 0.627478 0.596788 0.449125 0.644686 0.644963 0.691781 0.604950 0.512823 0.379030 0.399340 0.607617 0.606971 0.485111 0.496110 0.000000 0.676865 0.533574 0.597386 0.481714 0.401108 0.387700 0.349235 0.678414 0.699498 0.440988 0.467714 0.326214 0.278778 0.346141 0.425586 0.311990 0.389808 0.402553 0.388646 0.113065 0.310010 0.307172 0.328510 0.189977 0.264539 0.314808 0.155678 0.188586 0.113865 -0.075243 -0.041904 0.212382 0.222133 0.375161 0.315859 0.133048 0.356413 0.183186 0.119268 0.365884 0.345828 0.242137 0.217755 0.353501 0.524823 0.491543 0.379008 0.466941 0.539594 0.174821 0.230526 0.186597 0.183244 0.245692 0.260977 0.138608 0.081872 0.286207 0.472871 0.567188 0.506961 0.264878 0.161224 0.513467 0.467751 0.108546 0.135759 0.258506 -0.162319 -0.141772 -0.406018 0.260084 0.057437 0.275295 0.418554 0.562382 0.542381 0.553022 -0.178355 0.542726 0.543911 0.281433 0.180516 0.416931 0.491543 0.219676 0.140675 0.330980 0.459926 0.410545 0.369684 -0.294464 0.229149
0.397676 0.317158 0.654277 0.743525 0.669574 0.543822 0.631651 0.721230 0.620277 0.609409 0.356946 0.518675 0.492436 0.627195 0.630145 0.621483 0.293273 0.227286 0.492460 0.474767 0.549207 0.580587 0.676865 0.000000 0.455168 0.657246 0.579235 0.517428 0.250423 0.146184 0.624883 0.697563 0.227044 0.249304 0.134805 0.077971 0.405089 0.312065 0.293525 0.391644 0.398167 0.226286 -0.115873 0.120381 0.053287 0.103740 -0.050319 0.080598 0.059478 -0.110402 -0.093298 -0.152051 -0.366400 -0.231793 -0.040361 0.196566 0.172723 0.142710 -0.152409 0.122834 -0.050505 -0.069689 0.261013 0.158676 0.023448 -0.024683 0.138489 0.332381 0.387206 0.234431 0.291667 0.603579 0.098507 0.006682 0.136968 0.296132 0.067682 0.193507 -0.057896 0.062979 0.062679 0.457358 0.527555 0.594418 -0.003609 0.117643 0.625755 0.616324 -0.154785 0.203602 -0.023095 -0.343039 -0.436067 -0.602122 0.160776 -0.100273 0.031177 0.381750 0.476618 0.447831 0.503102 -0.313853 0.595115 0.692384 0.026692 0.072354 0.395073 0.636726 0.181992 -0.034857 0.076444 0.292571 0.204528 0.195897 -0.508339 0.128158
0.234273 0.184175 0.505244 0.424511 0.437274 0.361567 0.436383 0.405140 0.515050 0.456603 0.131995 0.365387 0.378001 0.510784 0.498798 0.480165 0.289052 0.406387 0.369245 0.368282 0.417168 0.411520 0.533574 0.455168 0.000000 0.529683 0.487729 0.066098 0.268914 0.303664 0.569365 0.523257 0.279604 0.304846 0.223275 0.190899 0.278874 0.428740 0.284763 0.418646 0.306272 0.321557 0.164041 0.221201 0.211881 0.241076 0.209278 0.224598 0.367020 0.171045 0.145050 0.126873 -0.011008 -0.069297 0.218822 0.157833 0.168535 0.089369 0.004782 0.082972 -0.030629 -0.144271 0.171785 0.134483 0.056552 0.079123 0.160922 0.266950 0.195168 0.144844 0.381695 0.312370 0.096415 0.171356 0.335001 0.134507 0.174262 0.129872 0.253321 0.117994 0.382784 0.414446 0.475171 0.406130 0.341824 0.118914 0.366943 0.372159 0.153975 0.059381 0.205422 -0.090983 -0.095102 -0.255089 0.285670 0.064625 0.136899 0.252874 0.364070 0.384507 0.439126 -0.096368 0.367891 0.327912 0.168598 0.052190 0.350556 0.338648 0.189272 -0.075737 0.164579 0.268249 0.323724 0.311751 -0.153613 -0.032895
0.288498 0.192214 0.666580 0.606750 0.613461 0.639795 0.616706 0.585120 0.652360 0.706936 0.162071 0.474847 0.458832 0.578256 0.680240 0.609221 0.267016 0.452531 0.356143 0.472025 0.565119 0.604834 0.597386 0.657246 0.529683 0.000000 0.652672 0.507191 0.194145 0.363004 0.688462 0.696216 0.186868 0.254682 0.020521 -0.017433 0.388434 0.446358 0.360790 0.422982 0.342698 0.292609 -0.077305 0.156976 0.032922 0.082598 0.018864 0.082309 0.203720 -0.056902 -0.040812 -0.126847 -0.247999 -0.323243 0.054632 0.072385 0.105699 0.027321 -0.116622 0.045019 -0.130227 -0.180257 0.136054 0.094700 -0.055278 -0.089890 0.055010 0.259504 0.249299 0.193002 0.457044 0.542477 0.044078 0.188923 0.316269 0.177077 0.134664 0.151045 0.177199 0.141163 0.262591 0.440959 0.581764 0.560910 0.151323 -0.015936 0.579985 0.470994 0.064865 -0.018511 0.116250 -0.396144 -0.272718 -0.576601 0.290076 -0.019406 0.123354 0.286913 0.454493 0.401354 0.603924 -0.398799 0.634862 0.553583 0.138446 -0.051210 0.532245 0.465286 0.282893 -0.103498 0.077774 0.259414 0.222659 0.210444 -0.427964 0.081535
0.270788 0.154508 0.584871 0.532772 0.601843 0.568608 0.578039 0.521227 0.531977 0.604626 0.162833 0.387157 0.374539 0.469860 0.619710 0.606548 0.207224 0.356076 0.345706 0.438745 0.511741 0.635595 0.481714 0.579235 0.487729 0.652672 0.000000 0.459535 0.120235 0.236372 0.591182 0.567603 0.132672 0.205763 -0.027848 -0.005798 0.270711 0.336074 0.296384 0.408005 0.227299 0.174543 -0.184595 0.047731 -0.074804 -0.020386 -0.066616 0.007579 0.074725 -0.144316 -0.178166 -0.221581 -0.310795 -0.384717 -0.007106 0.034748 0.070149 -0.047079 -0.212431 -0.066295 -0.199416 -0.266064 0.112813 0.013472 -0.163250 -0.182968 -0.042561 0.164278 0.212768 0.166905 0.417686 0.485871 -0.033625 0.099739 0.250828 0.199100 0.118760 0.139323 0.094938 0.036415 0.190255 0.335150 0.505905 0.479275 0.077697 -0.080252 0.588282 0.484994 0.059199 -0.017179 0.004251 -0.451663 -0.349573 -0.597283 0.198518 -0.138146 0.020463 0.209957 0.334414 0.311201 0.547599 -0.451808 0.600944 0.520148 0.061817 -0.125227 0.502497 0.466991 0.180690 -0.130265 -0.024700 0.143196 0.116364 0.133913 -0.471676 0.001569
0.393364 0.307934 0.474607 0.454846 0.454396 0.595876 0.476688 0.443833 0.385648 0.450658 0.261145 0.482047 0.360912 0.298275 0.400331 0.294825 0.146036 0.240683 0.273909 0.423830 0.310414 0.344611 0.401108 0.517428 0.066098 0.507191 0.459535 0.000000 0.113312 0.248868 0.430795 0.438081 0.099601 0.170183 -0.031895 -0.059336 0.273751 0.245830 0.132840 0.089714 0.272314 0.242836 -0.243820 -0.005201 -0.038288 -0.026898 -0.074537 -0.031284 -0.170636 -0.263664 -0.140865 -0.272705 -0.274065 -0.291821 -0.074919 -0.059456 0.222322 0.173280 -0.031438 0.163601 0.050428 0.045598 0.168607 0.185349 0.049444 -0.058635 0.089304 0.262945 0.391466 0.365437 0.278654 0.401332 0.023143 0.164100 -0.080930 -0.048589 -0.078060 -0.025283 -0.016049 -0.008240 0.014138 0.231903 0.387339 0.355717 -0.024775 -0.089263 0.381156 0.251075 -0.012500 -0.079564 -0.027035 -0.464379 -0.239927 -0.532110 0.096788 -0.086977 0.040821 0.141068 0.216066 0.123549 0.369182 -0.500905 0.521435 0.451465 0.032077 -0.111102 0.352896 0.306094 0.142387 -0.013890 0.020423 0.050928 -0.082319 -0.111806 -0.499561 0.120997
0.386195 0.488761 0.200581 0.326693 0.156970 0.045992 0.240409 0.375188 0.303921 0.107484 0.571089 0.448543 0.450224 0.468983 0.257541 0.258138 0.612611 0.322792 0.488749 0.310579 0.390374 0.177272 0.387700 0.250423 0.268914 0.194145 0.120235 0.113312 0.000000 0.383325 0.306208 0.274043 0.416676 0.386478 0.304328 0.205137 0.492290 0.470845 0.468791 0.369907 0.498286 0.455563 0.318576 0.370149 0.324106 0.403376 0.320884 0.403596 0.242642 0.266064 0.257645 0.310460 0.083049 0.258490 0.274661 0.465646 0.398482 0.408669 0.191937 0.389347 0.304437 0.351188 0.508407 0.474132 0.328336 0.349110 0.379047 0.396846 0.439842 0.328841 0.218949 0.341968 0.479007 0.120478 -0.000849 0.202829 0.296292 0.370589 0.364328 0.395764 0.395521 0.483491 0.471133 0.426354 0.276097 0.447210 0.178224 0.278556 0.008658 0.352711 0.191072 0.218466 0.036925 0.031778 0.481103 0.407121 0.283656 0.534435 0.371126 0.379418 0.122194 0.208389 0.101746 0.243678 0.208719 0.383410 0.153779 0.210876 0.248450 0.202804 0.386637 0.408371 0.323816 0.245057 -0.003741 0.167737
0.365096 0.347321 0.382355 0.128819 0.061170 0.357821 0.360684 0.148627 0.331559 0.326203 0.160252 0.511999 0.437644 0.331902 0.329401 0.122674 0.332611 0.665057 0.279514 0.469281 0.262837 0.170977 0.349235 0.146184 0.303664 0.363004 0.236372 0.248868 0.383325 0.000000 0.464062 0.322134 0.290809 0.405296 0.106741 0.061316 0.258841 0.572054 0.329906 0.184111 0.241055 0.521287 0.192284 0.284053 0.288053 0.279358 0.322991 0.219036 0.397120 0.228922 0.317492 0.211950 0.243227 -0.040662 0.393231 -0.031356 0.337961 0.225805 0.341566 0.330360 0.259842 0.173117 0.193943 0.337946 0.250252 0.221304 0.238825 0.330963 0.280619 0.367139 0.585313 0.161049 0.164477 0.574069 0.256005 -0.231179 0.281598 0.090047 0.600967 0.239059 0.569575 0.277120 0.477872 0.181542 0.525252 -0.042580 0.117774 -0.080227 0.489164 -0.298767 0.482450 -0.078239 0.337840 -0.070590 0.447921 0.359531 0.477238 0.175188 0.311006 0.219814 0.422237 -0.208852 0.326136 0.030131 0.480846 0.030540 0.419729 -0.096930 0.318723 0.142547 0.373776 0.290824 0.286417 0.180622 0.016263 0.213518
0.419100 0.354202 0.707831 0.603452 0.551287 0.597718 0.675048 0.593119 0.664702 0.664056 0.254253 0.591457 0.564244 0.626611 0.637024 0.536788 0.328949 0.509086 0.492505 0.588319 0.510986 0.571961 0.678414 0.624883 0.569365 0.688462 0.591182 0.430795 0.306208 0.464062 0.000000 0.717922 0.314083 0.397901 0.152835 0.119164 0.321463 0.478847 0.309840 0.395426 0.346123 0.368986 -0.002674 0.222053 0.164877 0.200156 0.096197 0.147443 0.308194 0.069130 0.066291 -0.016971 -0.137681 -0.243212 0.149434 0.077592 0.229260 0.127876 0.018135 0.182747 0.019613 -0.061424 0.226270 0.207096 0.059921 0.024932 0.159179 0.365965 0.335812 0.282937 0.583685 0.531655 0.112588 0.343574 0.337217 0.123799 0.243701 0.201880 0.224240 0.078326 0.340505 0.413562 0.585111 0.475529 0.245666 -0.026432 0.528157 0.409009 0.181732 -0.051376 0.255565 -0.317150 -0.147681 -0.497227 0.293463 0.027528 0.265193 0.321873 0.511189 0.472024 0.649716 -0.350657 0.631166 0.515880 0.287646 0.023217 0.541216 0.445029 0.292823 0.058854 0.220768 0.370883 0.349635 0.312707 -0.346279 0.163632
0.394444 0.334276 0.686564 0.681292 0.583712 0.558447 0.659112 0.668397 0.693930 0.689080 0.292598 0.546413 0.571034 0.664865 0.653263 0.579433 0.338537 0.403375 0.482021 0.522804 0.533518 0.577792 0.699498 0.697563 0.523257 0.696216 0.567603 0.438081 0.274043 0.322134 0.717922 0.000000 0.338583 0.384068 0.179678 0.139836 0.331483 0.372691 0.306666 0.394847 0.351340 0.290017 0.017479 0.242378 0.185008 0.212765 0.060390 0.146661 0.285928 0.057602 0.066102 -0.019274 -0.202176 -0.195419 0.099596 0.138194 0.205155 0.142018 -0.014398 0.188821 0.022126 -0.028212 0.278593 0.211191 0.090723 0.063543 0.200487 0.394168 0.335045 0.230835 0.463589 0.579442 0.111662 0.211166 0.299756 0.254580 0.228756 0.248468 0.120830 0.103234 0.244395 0.454598 0.530926 0.521259 0.163958 0.069546 0.572835 0.501078 0.046129 0.078837 0.176910 -0.281812 -0.246312 -0.518631 0.238053 -0.019187 0.211457 0.369173 0.551675 0.506830 0.595105 -0.289281 0.598189 0.578871 0.196696 0.059295 0.464386 0.527254 0.224656 0.049652 0.216036 0.400757 0.349553 0.331445 -0.379386 0.146799
0.548697 0.606925 0.272363 0.299475 0.074591 0.049962 0.328643 0.342962 0.275715 0.221658 0.446208 0.454973 0.546160 0.436905 0.249309 0.168364 0.485719 0.385100 0.525241 0.463090 0.171460 0.144332 0.440988 0.227044 0.279604 0.186868 0.132672 0.099601 0.416676 0.290809 0.314083 0.338583 0.000000 0.728866 0.614303 0.595220 0.153905 0.276773 0.220530 0.256730 0.330537 0.367991 0.557558 0.606168 0.614701 0.627250 0.550279 0.581215 0.459168 0.494934 0.506450 0.486053 0.380156 0.418997 0.537850 0.361127 0.627152 0.603242 0.459577 0.567573 0.517796 0.488051 0.608944 0.634331 0.527637 0.590043 0.656731 0.666229 0.541462 0.498397 0.359048 0.309484 0.332446 0.296463 0.110073 0.184046 0.515573 0.458628 0.308436 0.236309 0.499515 0.456221 0.275122 0.223004 0.486123 0.413025 0.127054 0.138252 0.291338 0.242977 0.479956 0.300845 0.287886 0.127304 0.293195 0.278200 0.508921 0.431498 0.462046 0.450033 0.197440 0.195978 0.110009 0.115494 0.441954 0.302026 0.152082 0.104048 0.077885 0.411522 0.616722 0.517258 0.473862 0.461827 0.147717 0.144490
0.591564 0.620872 0.369403 0.298312 0.116021 0.168831 0.412885 0.345590 0.297812 0.301047 0.407095 0.529291 0.574227 0.445666 0.311708 0.185851 0.456625 0.480984 0.549179 0.579885 0.158315 0.203052 0.467714 0.249304 0.304846 0.254682 0.205763 0.170183 0.386478 0.405296 0.397901 0.384068 0.728866 0.000000 0.571619 0.580667 0.109388 0.316992 0.203790 0.245614 0.322633 0.405351 0.464493 0.538135 0.562210 0.565596 0.496931 0.493486 0.448410 0.420337 0.452608 0.403467 0.353747 0.274283 0.533719 0.241141 0.628581 0.558187 0.439000 0.526289 0.470650 0.420001 0.555664 0.615771 0.463681 0.524067 0.587136 0.652284 0.550025 0.556737 0.487022 0.305807 0.283429 0.421228 0.193210 0.095699 0.523069 0.415845 0.376896 0.180731 0.550014 0.434164 0.322383 0.194862 0.526509 0.277177 0.179368 0.107434 0.388536 0.081660 0.522383 0.156301 0.302127 0.038367 0.268343 0.229447 0.548263 0.353727 0.452898 0.410761 0.314367 0.039415 0.223955 0.128307 0.501334 0.195389 0.253644 0.075726 0.101352 0.389115 0.577537 0.479507 0.458129 0.432233 0.077568 0.163958
0.481559 0.503941 0.166176 0.181930 0.005189 -0.054490 0.210030 0.229308 0.134018 0.063116 0.389069 0.287695 0.394736 0.272484 0.110265 0.047266 0.327513 0.173924 0.444429 0.339371 0.004757 -0.006640 0.326214 0.134805 0.223275 0.020521 -0.027848 -0.031895 0.304328 0.106741 0.152835 0.179678 0.614303 0.571619 0.000000 0.688516 0.024039 0.160870 0.101010 0.196882 0.290551 0.296841 0.510763 0.496711 0.579373 0.590181 0.496110 0.512175 0.359837 0.446296 0.457572 0.458536 0.372630 0.423896 0.453233 0.338020 0.582100 0.529006 0.415982 0.494948 0.470325 0.423828 0.460782 0.503620 0.537659 0.575065 0.599785 0.596109 0.479703 0.466792 0.227459 0.166777 0.258695 0.209155 0.030371 0.101386 0.393600 0.369105 0.161622 0.070794 0.359830 0.295339 0.164466 0.107041 0.378728 0.349043 0.041188 0.093109 0.226415 0.239835 0.414324 0.314460 0.267055 0.202144 0.117162 0.135556 0.406032 0.331180 0.327720 0.328738 0.079456 0.234907 0.022605 0.076783 0.356049 0.291072 0.024545 0.063976 -0.011609 0.370007 0.497501 0.404068 0.382443 0.361737 0.173461 0.131732
0.453849 0.478265 0.163049 0.125122 -0.027852 -0.049998 0.220823 0.175446 0.098402 0.076797 0.337186 0.266331 0.378180 0.212287 0.061947 -0.007324 0.222805 0.161909 0.390194 0.345400 -0.106344 -0.007863 0.278778 0.077971 0.190899 -0.017433 -0.005798 -0.059336 0.205137 0.061316 0.119164 0.139836 0.595220 0.580667 0.688516 0.000000 -0.136239 0.069052 -0.027010 0.113931 0.188329 0.236517 0.469493 0.459493 0.552583 0.555085 0.477991 0.492028 0.361268 0.458726 0.457211 0.454641 0.413421 0.411602 0.449420 0.238633 0.556431 0.480614 0.429091 0.460087 0.450809 0.397255 0.406376 0.482249 0.466843 0.554038 0.553550 0.573647 0.420441 0.447719 0.248710 0.098810 0.150828 0.234841 0.020323 0.052829 0.390060 0.315752 0.099012 -0.059064 0.318714 0.193938 0.052490 -0.017351 0.381359 0.256884 0.001254 0.022651 0.313238 0.155782 0.420560 0.265970 0.300945 0.196767 0.001767 0.024293 0.345748 0.186386 0.253708 0.278114 0.101512 0.185494 0.018518 -0.003117 0.345381 0.186797 0.031255 0.018777 -0.113433 0.335785 0.456561 0.327206 0.368703 0.373020 0.185109 0.085639
0.231367 0.229696 0.234492 0.445525 0.340474 0.175737 0.247583 0.448512 0.317587 0.206778 0.340780 0.349260 0.295774 0.477545 0.383715 0.471477 0.466565 0.250522 0.359533 0.191958 0.592843 0.298721 0.346141 0.405089 0.278874 0.388434 0.270711 0.273751 0.492290 0.258841 0.321463 0.331483 0.153905 0.109388 0.024039 -0.136239 0.000000 0.544072 0.607808 0.459546 0.445239 0.314070 0.098904 0.215336 0.015662 0.136564 0.140715 0.245842 0.043119 -0.013820 -0.016486 0.037075 -0.215934 0.021186 0.066894 0.465227 0.129710 0.206096 -0.114907 0.136798 -0.004371 0.086267 0.294540 0.232098 0.026241 0.048278 0.145566 0.194077 0.299269 0.142454 0.074946 0.470977 0.351865 -0.142163 -0.023201 0.287544 0.098533 0.264177 0.226160 0.517374 0.197218 0.568567 0.575852 0.656131 0.061409 0.417346 0.342645 0.450299 -0.235194 0.392346 -0.036731 0.042898 -0.244796 -0.201734 0.571767 0.414732 0.096751 0.571138 0.383601 0.383375 0.161716 0.060024 0.248155 0.445736 0.066424 0.347505 0.223485 0.371102 0.421062 -0.020580 0.142266 0.275555 0.157102 0.100545 -0.171560 0.123316
