0.000000 0.584542 0.559077 0.549970 0.407412 0.425748 0.619649 0.601040 0.504692 0.436204 0.541500 0.572360 0.565228 0.515898 0.504027 0.439889 0.412174 0.506656 0.615189 0.602748 0.503078 0.349002 0.581951 0.528170 0.512763 0.409499 0.276222 0.218815 0.349845 0.584709 0.558528 0.538787 0.517004 0.507301 0.489259 0.520996 0.526004 0.427508 0.528686 0.299284 0.267919 0.452756 0.378767 0.590301 0.374927 0.528555 0.504251 0.559672 0.297290 0.281914 0.313325 0.181768 0.449921 0.078837 0.602582 0.412156 0.610156 0.566738 0.624824 0.570797 0.547153 0.453843 0.561256 0.471175 0.501416 0.452750 0.566370 0.543781 0.571588 0.571478 0.596251 0.468253 0.180194 0.565456 0.353135 0.337947 0.502171 0.381750 0.497921 0.271320 0.488417 0.549330 0.618267 0.515231 0.464906 0.329403 0.455957 0.499886 0.459100 0.089318 0.443665 0.140851 0.433637 0.149644 0.439650 0.466891 0.519662 0.416825 0.504912 0.463470 0.560525 0.152175 0.513448 0.243514 0.582691 0.231948 0.442429 0.195745 0.393460 0.513331 0.486676 0.443921 0.422455 0.436900 0.346154 0.414515
0.584542 0.000000 0.564215 0.562033 0.314600 0.420378 0.555306 0.615530 0.482252 0.492449 0.424259 0.561246 0.409686 0.436113 0.307708 0.377191 0.367154 0.569434 0.560303 0.570729 0.433287 0.312902 0.519605 0.493318 0.517759 0.425091 0.288690 0.215559 0.270160 0.593216 0.492150 0.480389 0.393526 0.394858 0.384407 0.413853 0.338187 0.264276 0.448579 0.125667 0.116372 0.287453 0.205706 0.502815 0.191505 0.442736 0.364218 0.443015 0.089483 0.115496 0.104824 0.006574 0.353370 -0.077034 0.524586 0.276731 0.579788 0.617797 0.552714 0.534935 0.438583 0.454310 0.436212 0.486344 0.389055 0.469123 0.507356 0.556662 0.611624 0.520472 0.582351 0.341182 0.062483 0.460973 0.233133 0.305274 0.345664 0.242300 0.487454 0.290607 0.521891 0.487966 0.533690 0.439741 0.515158 0.270238 0.490155 0.515912 0.453942 -0.034057 0.413757 -0.037232 0.326683 -0.042766 0.284104 0.339616 0.339663 0.239852 0.342663 0.296099 0.440409 0.001406 0.487742 0.137267 0.495243 0.061702 0.484590 0.126161 0.274677 0.312932 0.299056 0.260588 0.212562 0.242470 0.129778 0.260968
0.559077 0.564215 0.000000 0.549151 0.405277 0.485648 0.640549 0.578566 0.599174 0.523876 0.376504 0.537077 0.396898 0.378909 0.356323 0.403993 0.258709 0.473574 0.513976 0.507435 0.534790 0.470461 0.544129 0.570280 0.516759 0.515749 0.448412 0.282710 0.166405 0.565405 0.488507 0.478756 0.333930 0.297754 0.333941 0.355437 0.392558 0.283277 0.550899 0.124082 0.101537 0.314428 0.098931 0.443576 0.093053 0.326894 0.256914 0.337931 -0.042507 -0.039318 -0.008172 -0.119909 0.224071 -0.208039 0.519803 0.238534 0.445153 0.479575 0.466471 0.428619 0.350690 0.325276 0.350967 0.360214 0.385590 0.435757 0.510991 0.569683 0.611125 0.492260 0.635557 0.316329 -0.030991 0.476605 0.203200 0.239024 0.336497 0.204369 0.339276 0.055808 0.417556 0.375565 0.542892 0.438193 0.510611 0.196245 0.591161 0.592697 0.422318 -0.113928 0.471059 -0.090481 0.297567 -0.097089 0.297057 0.295540 0.333588 0.244714 0.323854 0.291721 0.471732 -0.072314 0.592278 0.126072 0.547386 0.002741 0.591601 0.180679 0.337911 0.313605 0.275515 0.191076 0.158954 0.193344 0.049580 0.280060
0.549970 0.562033 0.549151 0.000000 0.459268 0.542585 0.545829 0.610946 0.459912 0.572012 0.430679 0.503626 0.497496 0.539731 0.473010 0.548078 0.470376 0.471081 0.604986 0.608720 0.536252 0.400151 0.624118 0.621865 0.543454 0.538661 0.346163 0.362836 0.417811 0.503212 0.595190 0.590909 0.511696 0.513556 0.464394 0.469766 0.459527 0.437815 0.511963 0.359416 0.295845 0.443094 0.328710 0.541399 0.298538 0.489757 0.429902 0.479495 0.125278 0.249622 0.064394 0.194585 0.188458 0.109361 0.437429 0.463129 0.562525 0.598276 0.543460 0.569764 0.482858 0.541245 0.443439 0.488429 0.519263 0.573919 0.594653 0.625989 0.512830 0.571939 0.558835 0.497806 0.253330 0.472751 0.378616 0.447915 0.469510 0.432367 0.369941 0.368943 0.395126 0.528528 0.523946 0.575773 0.342566 0.418058 0.412631 0.588861 0.245028 0.215292 0.251850 0.205434 0.184259 0.195196 0.484404 0.512345 0.492560 0.446179 0.494330 0.467743 0.450676 0.248473 0.517128 0.392208 0.534714 0.284248 0.442293 0.363812 0.436225 0.448115 0.420890 0.392552 0.368880 0.388490 0.286601 0.489717
0.407412 0.314600 0.405277 0.459268 0.000000 0.533992 0.409887 0.402127 0.380923 0.456954 0.373294 0.321686 0.433913 0.422811 0.488906 0.452133 0.314912 0.252351 0.443122 0.451006 0.441706 0.348487 0.480719 0.497288 0.410631 0.429208 0.436623 0.405362 0.342034 0.299248 0.477513 0.493607 0.461731 0.452318 0.463150 0.460856 0.440718 0.408530 0.427980 0.375517 0.309775 0.437999 0.284215 0.389689 0.237768 0.357393 0.311214 0.360925 0.127392 0.251183 0.048639 0.214923 0.077580 0.162096 0.317247 0.403601 0.365654 0.380823 0.409812 0.427482 0.408279 0.390958 0.339124 0.349263 0.467526 0.426071 0.489242 0.469245 0.342030 0.450688 0.406111 0.480555 0.289554 0.418641 0.417830 0.412197 0.496732 0.463992 0.127572 0.184460 0.170899 0.351039 0.377308 0.472532 0.145625 0.401313 0.261384 0.423808 0.089751 0.278303 0.122802 0.269498 0.082638 0.274136 0.469716 0.416404 0.458978 0.422057 0.486982 0.427116 0.391300 0.262702 0.440639 0.391080 0.457296 0.342130 0.300626 0.358389 0.342655 0.405796 0.433029 0.388168 0.375678 0.388921 0.321109 0.438474
0.425748 0.420378 0.485648 0.542585 0.533992 0.000000 0.431887 0.480889 0.437907 0.594593 0.380588 0.335770 0.417759 0.380693 0.396611 0.497811 0.396758 0.336666 0.480044 0.517978 0.489979 0.423899 0.518432 0.543906 0.491302 0.512339 0.423313 0.449125 0.392380 0.377638 0.533561 0.540479 0.451837 0.426643 0.438800 0.440232 0.424627 0.430996 0.444544 0.340691 0.318677 0.446957 0.244321 0.416739 0.194143 0.399095 0.324769 0.370877 0.029337 0.177282 -0.072788 0.137736 0.041487 0.080487 0.327010 0.426764 0.409123 0.463131 0.451070 0.488451 0.412077 0.420805 0.340132 0.439001 0.473345 0.446824 0.536194 0.551846 0.429362 0.528502 0.473681 0.448812 0.291162 0.436888 0.385031 0.434784 0.442714 0.428282 0.184928 0.204809 0.272025 0.363472 0.407309 0.529247 0.227212 0.387839 0.310972 0.532694 0.130337 0.224634 0.159213 0.211526 0.039628 0.197929 0.433022 0.414824 0.417103 0.410552 0.458631 0.424923 0.377107 0.235271 0.498797 0.418020 0.420825 0.237671 0.385993 0.430469 0.352071 0.356312 0.393117 0.330865 0.298986 0.280468 0.197478 0.397130
0.619649 0.555306 0.640549 0.545829 0.409887 0.431887 0.000000 0.608020 0.583809 0.470985 0.411095 0.600871 0.458084 0.453898 0.447717 0.421533 0.266471 0.504430 0.549381 0.524154 0.528966 0.416880 0.553883 0.545252 0.504106 0.460830 0.390485 0.212995 0.175666 0.582907 0.502540 0.476035 0.398382 0.381970 0.402521 0.438542 0.455566 0.315527 0.567497 0.179156 0.120034 0.347132 0.209384 0.510282 0.226017 0.416163 0.343692 0.425448 0.122909 0.099883 0.169824 -0.002934 0.364511 -0.110958 0.592314 0.285440 0.494259 0.479107 0.543154 0.483993 0.446536 0.380769 0.438625 0.392708 0.436461 0.464012 0.538258 0.566856 0.598817 0.502896 0.642036 0.361266 -0.000727 0.522644 0.241737 0.233370 0.417617 0.258782 0.385988 0.115035 0.419482 0.449272 0.600883 0.461333 0.511531 0.209961 0.574052 0.549417 0.483031 -0.059782 0.512863 -0.012668 0.414055 -0.007061 0.352121 0.357384 0.415237 0.302651 0.403347 0.355545 0.557925 -0.008022 0.580193 0.133664 0.598673 0.086920 0.561611 0.134993 0.374733 0.412469 0.368274 0.306155 0.286786 0.314969 0.180916 0.338192
0.601040 0.615530 0.578566 0.610946 0.402127 0.480889 0.608020 0.000000 0.514687 0.549451 0.436649 0.623508 0.458251 0.494024 0.402348 0.448756 0.368077 0.562224 0.574812 0.587063 0.490412 0.369477 0.563825 0.544493 0.515775 0.453807 0.329215 0.217803 0.282862 0.600269 0.517587 0.505928 0.439759 0.455075 0.428962 0.465317 0.429560 0.334192 0.504947 0.201584 0.163442 0.357382 0.248787 0.543614 0.259006 0.512957 0.400080 0.479428 0.138928 0.186910 0.134788 0.074580 0.366107 -0.035825 0.566592 0.335666 0.555975 0.576807 0.590392 0.582848 0.504975 0.538481 0.473389 0.525815 0.463276 0.562874 0.547279 0.608719 0.594763 0.547956 0.614454 0.390023 0.100180 0.509924 0.273188 0.321587 0.426835 0.310588 0.434360 0.265459 0.475265 0.517098 0.579806 0.509602 0.507149 0.321553 0.498449 0.551605 0.454923 0.027189 0.438186 0.038023 0.348485 0.031510 0.353667 0.393656 0.424344 0.317593 0.431370 0.371232 0.510669 0.060042 0.550795 0.201815 0.568823 0.127531 0.507685 0.170354 0.327637 0.402652 0.398859 0.345562 0.298666 0.318405 0.205624 0.352100
0.504692 0.482252 0.599174 0.459912 0.380923 0.437907 0.583809 0.514687 0.000000 0.463970 0.380386 0.466364 0.374278 0.280154 0.345362 0.335709 0.237677 0.378217 0.429157 0.411144 0.480693 0.482904 0.469603 0.500010 0.482817 0.528231 0.498174 0.324363 0.131162 0.490786 0.426010 0.400940 0.286945 0.243056 0.322323 0.346906 0.343892 0.266094 0.500865 0.100601 0.107835 0.284990 0.103642 0.400242 0.100862 0.300483 0.217187 0.315609 -0.002728 -0.035521 0.041167 -0.111393 0.237483 -0.180583 0.478589 0.193697 0.395345 0.407794 0.427458 0.380564 0.345368 0.289397 0.350669 0.305892 0.380921 0.397896 0.465483 0.502740 0.541697 0.432379 0.605878 0.330838 -0.043427 0.443231 0.171676 0.164838 0.298969 0.168423 0.300319 0.031208 0.419139 0.318837 0.501533 0.396187 0.484588 0.202127 0.553521 0.530505 0.408457 -0.112590 0.486811 -0.072970 0.365747 -0.084124 0.264993 0.233818 0.314567 0.226905 0.298002 0.284867 0.388806 -0.090834 0.491881 0.086828 0.470486 0.000335 0.520265 0.155312 0.250237 0.258247 0.304676 0.219254 0.157385 0.160963 0.042129 0.220798
0.436204 0.492449 0.523876 0.572012 0.456954 0.594593 0.470985 0.549451 0.463970 0.000000 0.356726 0.422870 0.365013 0.394586 0.348008 0.495703 0.348640 0.407574 0.475206 0.499465 0.496616 0.415984 0.504803 0.537868 0.485763 0.527933 0.455370 0.405104 0.303875 0.410385 0.482187 0.492198 0.368205 0.375234 0.381494 0.381347 0.354359 0.327100 0.446122 0.225635 0.171723 0.327141 0.182569 0.421342 0.150490 0.384706 0.273787 0.335426 -0.012468 0.106532 -0.061366 0.053799 0.104874 -0.009735 0.348530 0.333963 0.427145 0.491440 0.443725 0.482176 0.408284 0.465414 0.322749 0.426040 0.427323 0.498547 0.491883 0.562305 0.458581 0.483240 0.505190 0.394047 0.154140 0.370086 0.272413 0.338006 0.371116 0.334319 0.233439 0.200465 0.343836 0.383831 0.435845 0.499504 0.325552 0.339880 0.390298 0.540389 0.215133 0.121906 0.243455 0.088022 0.139501 0.073700 0.337004 0.329473 0.347633 0.309406 0.368912 0.330676 0.353560 0.112231 0.473673 0.291738 0.419848 0.142651 0.422267 0.303910 0.274026 0.273337 0.329768 0.267802 0.219741 0.193906 0.119154 0.333861
0.541500 0.424259 0.376504 0.430679 0.373294 0.380588 0.411095 0.436649 0.380386 0.356726 0.000000 0.355325 0.626375 0.416823 0.474373 0.395173 0.536900 0.315439 0.535098 0.536692 0.401458 0.286741 0.525370 0.459150 0.443116 0.375790 0.198905 0.292305 0.503685 0.419632 0.522685 0.517698 0.492774 0.466889 0.443201 0.444457 0.489522 0.501599 0.407414 0.384860 0.417137 0.463481 0.421464 0.467069 0.396607 0.469221 0.488584 0.509670 0.359861 0.347418 0.309187 0.300793 0.291933 0.244526 0.393465 0.446776 0.537749 0.497804 0.529036 0.524713 0.505121 0.447963 0.593924 0.413116 0.506179 0.349963 0.446222 0.381630 0.379798 0.520026 0.434421 0.528168 0.345801 0.447139 0.393603 0.347217 0.433814 0.413631 0.442939 0.273558 0.461698 0.473825 0.497378 0.492167 0.307924 0.478359 0.269761 0.415279 0.254530 0.263517 0.231662 0.281868 0.333686 0.283598 0.450300 0.446259 0.520931 0.465143 0.484903 0.475743 0.375175 0.279723 0.318009 0.341460 0.415932 0.362211 0.225018 0.304194 0.326165 0.482032 0.526629 0.500531 0.444268 0.429665 0.425797 0.446731
0.572360 0.561246 0.537077 0.503626 0.321686 0.335770 0.600871 0.623508 0.466364 0.422870 0.355325 0.000000 0.382452 0.482110 0.362399 0.369937 0.233520 0.583228 0.490784 0.505095 0.414229 0.305762 0.482664 0.455831 0.420794 0.334084 0.266124 0.046329 0.128736 0.603613 0.424011 0.398298 0.367751 0.389349 0.333704 0.400472 0.372937 0.206260 0.477762 0.102469 0.043920 0.269968 0.154048 0.476065 0.203159 0.434122 0.309336 0.398030 0.138981 0.123102 0.189726 -0.007718 0.434113 -0.136401 0.599060 0.205873 0.477266 0.468112 0.532380 0.483353 0.437224 0.424377 0.440098 0.473854 0.365637 0.493389 0.457856 0.524622 0.569121 0.452384 0.578180 0.256928 -0.037227 0.494538 0.191165 0.199308 0.381608 0.204143 0.405529 0.172416 0.423531 0.469097 0.563781 0.395340 0.539064 0.172375 0.521858 0.458657 0.529892 -0.111457 0.494506 -0.083430 0.399947 -0.069774 0.252117 0.290690 0.346638 0.202363 0.340069 0.256634 0.540339 -0.057099 0.536864 0.057042 0.586396 0.052310 0.525127 0.004234 0.257453 0.361634 0.333945 0.274213 0.253412 0.297560 0.168080 0.269203
0.565228 0.409686 0.396898 0.497496 0.433913 0.417759 0.458084 0.458251 0.374278 0.365013 0.626375 0.382452 0.000000 0.525265 0.591554 0.505870 0.552036 0.329058 0.582797 0.576499 0.472965 0.323554 0.588296 0.528125 0.462828 0.409538 0.191677 0.281752 0.543631 0.427061 0.589164 0.585461 0.585179 0.555439 0.517722 0.518986 0.583781 0.586280 0.489836 0.515884 0.507144 0.568108 0.507143 0.532876 0.479782 0.518461 0.556555 0.567563 0.408428 0.433133 0.340246 0.393436 0.285469 0.323007 0.430902 0.558036 0.557321 0.509629 0.556127 0.552677 0.530742 0.465774 0.595932 0.429587 0.568719 0.395489 0.520394 0.440538 0.382555 0.570687 0.445691 0.587208 0.421989 0.514987 0.491308 0.442250 0.543921 0.522407 0.393682 0.319598 0.374221 0.525368 0.534253 0.569064 0.238880 0.494481 0.275077 0.461782 0.209909 0.352559 0.206429 0.387512 0.294371 0.396273 0.576378 0.563200 0.617195 0.575034 0.588750 0.570475 0.455554 0.386475 0.393289 0.443741 0.492433 0.461395 0.259608 0.401411 0.447103 0.593124 0.592246 0.571779 0.545151 0.534577 0.515747 0.556970
0.515898 0.436113 0.378909 0.539731 0.422811 0.380693 0.453898 0.494024 0.280154 0.394586 0.416823 0.482110 0.525265 0.000000 0.562652 0.581457 0.420372 0.429401 0.546743 0.549288 0.419766 0.239544 0.536081 0.497238 0.381858 0.320814 0.143007 0.154814 0.411349 0.426284 0.536188 0.527433 0.560075 0.578529 0.464817 0.503098 0.486624 0.428819 0.471515 0.464285 0.350198 0.493462 0.419156 0.505511 0.409086 0.500684 0.477078 0.509769 0.342393 0.422985 0.274958 0.354842 0.274601 0.256482 0.433255 0.503640 0.523771 0.488196 0.531399 0.529047 0.469353 0.471799 0.497084 0.471935 0.465178 0.452011 0.501972 0.475832 0.382274 0.490471 0.410324 0.475260 0.322223 0.483708 0.456928 0.433180 0.541106 0.489220 0.317359 0.385210 0.246161 0.531614 0.503683 0.506526 0.190602 0.332136 0.303410 0.432464 0.196011 0.305377 0.191414 0.317699 0.217179 0.333443 0.532634 0.545309 0.540113 0.482029 0.539559 0.484866 0.510030 0.348327 0.456057 0.409631 0.538745 0.415087 0.340771 0.329311 0.439243 0.549687 0.490213 0.471072 0.492974 0.507515 0.443532 0.510151
0.504027 0.307708 0.356323 0.473010 0.488906 0.396611 0.447717 0.402348 0.345362 0.348008 0.474373 0.362399 0.591554 0.562652 0.000000 0.552660 0.439778 0.290217 0.519646 0.504042 0.486427 0.338666 0.541719 0.497984 0.371285 0.377905 0.257990 0.290184 0.458473 0.343828 0.536231 0.531521 0.567379 0.560768 0.505117 0.516312 0.579068 0.535935 0.513067 0.554667 0.461582 0.569422 0.493637 0.496132 0.469071 0.458257 0.502205 0.510475 0.393863 0.448867 0.339714 0.422895 0.252538 0.343426 0.403443 0.551721 0.469248 0.396749 0.491039 0.478027 0.483096 0.401315 0.520689 0.382928 0.534912 0.366281 0.490079 0.410498 0.295144 0.485982 0.386371 0.563323 0.389917 0.487761 0.499292 0.432224 0.589214 0.563267 0.249216 0.310688 0.219567 0.492843 0.511119 0.559825 0.118599 0.417284 0.254296 0.410350 0.126952 0.387692 0.156073 0.419440 0.244258 0.445420 0.605232 0.574519 0.611224 0.572246 0.592559 0.548194 0.481441 0.414889 0.398569 0.450785 0.494496 0.487398 0.262520 0.394638 0.476351 0.598857 0.576819 0.554531 0.578002 0.558276 0.534238 0.583456
0.439889 0.377191 0.403993 0.548078 0.452133 0.497811 0.421533 0.448756 0.335709 0.495703 0.395173 0.369937 0.505870 0.581457 0.552660 0.000000 0.456867 0.343835 0.495779 0.510973 0.492698 0.394579 0.554318 0.545437 0.425222 0.455281 0.280634 0.301878 0.440332 0.357299 0.554895 0.554015 0.502208 0.493535 0.421684 0.435286 0.502758 0.497207 0.514162 0.509578 0.420277 0.527956 0.380626 0.466347 0.355869 0.438871 0.411542 0.437100 0.231510 0.333225 0.139423 0.307132 0.107649 0.227306 0.343194 0.531155 0.446417 0.433308 0.441524 0.469579 0.392815 0.409482 0.432028 0.407188 0.484825 0.430397 0.489964 0.485722 0.332614 0.491002 0.406527 0.495016 0.353827 0.438450 0.461035 0.441271 0.511781 0.492713 0.202011 0.286689 0.216137 0.463988 0.480654 0.567429 0.133827 0.363925 0.312610 0.516328 0.070182 0.333496 0.140225 0.333691 0.128531 0.338051 0.535654 0.514655 0.521468 0.516322 0.524652 0.490880 0.436643 0.350457 0.461670 0.467700 0.465237 0.384021 0.362370 0.479572 0.454248 0.495228 0.490855 0.437558 0.439293 0.410075 0.361742 0.522203
0.412174 0.367154 0.258709 0.470376 0.314912 0.396758 0.266471 0.368077 0.237677 0.348640 0.536900 0.233520 0.552036 0.420372 0.439778 0.456867 0.000000 0.327185 0.488106 0.513648 0.381453 0.300291 0.505849 0.439343 0.448438 0.401824 0.135458 0.345913 0.614725 0.352005 0.531317 0.533582 0.507659 0.492888 0.385818 0.362606 0.461878 0.556132 0.355849 0.498995 0.526092 0.501067 0.464745 0.456767 0.439403 0.473157 0.492363 0.485757 0.317982 0.411377 0.200585 0.402600 0.140535 0.378977 0.241445 0.521150 0.531968 0.525023 0.435827 0.499532 0.452902 0.464694 0.536405 0.446190 0.522711 0.361172 0.431240 0.364517 0.267117 0.536688 0.311416 0.537738 0.492715 0.378463 0.442038 0.465085 0.435792 0.505783 0.393152 0.481412 0.415484 0.545275 0.415207 0.550195 0.146865 0.550833 0.113865 0.400350 0.046555 0.409223 -0.002654 0.398239 0.088578 0.397106 0.488273 0.516835 0.528081 0.528844 0.485971 0.494457 0.265731 0.434492 0.228839 0.475160 0.313568 0.443680 0.112859 0.432418 0.343709 0.452560 0.500020 0.509235 0.458291 0.438898 0.434740 0.525341
0.506656 0.569434 0.473574 0.471081 0.252351 0.336666 0.504430 0.562224 0.378217 0.407574 0.315439 0.583228 0.329058 0.429401 0.290217 0.343835 0.327185 0.000000 0.477955 0.511968 0.384633 0.300650 0.431952 0.373351 0.425080 0.297750 0.225594 0.049993 0.185760 0.610942 0.403789 0.382504 0.342703 0.359323 0.260411 0.321545 0.330756 0.210358 0.441712 0.106774 0.069383 0.254441 0.138075 0.451748 0.201936 0.436918 0.294640 0.376348 0.089971 0.120144 0.115051 -0.010053 0.390212 -0.097778 0.528797 0.207839 0.486444 0.499850 0.491374 0.482066 0.405317 0.415649 0.451218 0.544536 0.355060 0.421150 0.408907 0.459264 0.538292 0.483536 0.500688 0.219165 0.025784 0.461789 0.196259 0.249948 0.360924 0.225310 0.407005 0.295011 0.465747 0.538091 0.536989 0.426813 0.515437 0.203853 0.447831 0.439396 0.480636 -0.083913 0.376252 -0.076383 0.256324 -0.065899 0.216968 0.289712 0.315513 0.194117 0.298320 0.220476 0.479837 -0.026713 0.469356 0.066650 0.480743 0.017968 0.447664 0.016680 0.218712 0.294555 0.292366 0.254079 0.226294 0.244503 0.122456 0.255427
0.615189 0.560303 0.513976 0.604986 0.443122 0.480044 0.549381 0.574812 0.429157 0.475206 0.535098 0.490784 0.582797 0.546743 0.519646 0.495779 0.488106 0.477955 0.000000 0.648465 0.526333 0.319543 0.621268 0.569584 0.529300 0.441548 0.240093 0.288474 0.457683 0.517262 0.595708 0.597950 0.558464 0.554038 0.530924 0.536601 0.531577 0.493223 0.492836 0.386563 0.351982 0.481676 0.433519 0.583240 0.398106 0.544724 0.540096 0.578890 0.276975 0.346320 0.224034 0.268436 0.325971 0.192932 0.506822 0.511017 0.614781 0.600847 0.597443 0.593861 0.531156 0.521036 0.530428 0.483899 0.537784 0.487041 0.584995 0.554436 0.526588 0.603472 0.535048 0.527673 0.313571 0.537866 0.432904 0.450950 0.531798 0.473226 0.444781 0.362765 0.418485 0.560491 0.557321 0.571213 0.360997 0.436176 0.377891 0.529326 0.312266 0.239338 0.278495 0.261525 0.271839 0.259387 0.522754 0.556140 0.548896 0.497347 0.546718 0.521122 0.510530 0.286873 0.484799 0.376388 0.532707 0.321621 0.370698 0.317424 0.454916 0.527680 0.479966 0.466959 0.458235 0.469096 0.388868 0.486295
0.602748 0.570729 0.507435 0.608720 0.451006 0.517978 0.524154 0.587063 0.411144 0.499465 0.536692 0.505095 0.576499 0.549288 0.504042 0.510973 0.513648 0.511968 0.648465 0.000000 0.509166 0.353181 0.612982 0.570886 0.502312 0.433514 0.246051 0.272680 0.489490 0.546604 0.607605 0.616615 0.579362 0.574390 0.503634 0.523234 0.523193 0.486803 0.506400 0.405025 0.385378 0.509045 0.389752 0.562568 0.359462 0.541470 0.518841 0.552175 0.237324 0.326956 0.171005 0.253525 0.296171 0.166004 0.505853 0.507439 0.601447 0.607435 0.606785 0.609220 0.528757 0.529078 0.551892 0.559098 0.520457 0.479276 0.574474 0.562724 0.522279 0.612469 0.529799 0.510514 0.333904 0.557763 0.451537 0.496964 0.536773 0.490769 0.426361 0.370291 0.428889 0.567193 0.560288 0.590341 0.356977 0.450183 0.366999 0.538003 0.299715 0.233099 0.244388 0.238607 0.208292 0.242724 0.507258 0.548486 0.544011 0.488049 0.544399 0.493425 0.509727 0.282159 0.518022 0.394758 0.544229 0.321884 0.395290 0.330294 0.424674 0.528338 0.496123 0.464860 0.449202 0.465341 0.378997 0.497602
0.503078 0.433287 0.534790 0.536252 0.441706 0.489979 0.528966 0.490412 0.480693 0.496616 0.401458 0.414229 0.472965 0.419766 0.486427 0.492698 0.381453 0.384633 0.526333 0.509166 0.000000 0.491116 0.548824 0.552317 0.493983 0.531224 0.391602 0.352123 0.332221 0.445489 0.499265 0.515549 0.406487 0.389928 0.379780 0.375048 0.548509 0.472199 0.566328 0.342511 0.287852 0.456482 0.313774 0.500650 0.316683 0.404472 0.407059 0.425103 0.123387 0.174882 0.133570 0.147433 0.200919 0.073949 0.441171 0.423292 0.438738 0.436651 0.422486 0.440963 0.366654 0.358780 0.387593 0.332825 0.455052 0.404843 0.494529 0.498588 0.433437 0.505228 0.495830 0.442341 0.178900 0.439634 0.317708 0.327692 0.443883 0.387790 0.304833 0.183518 0.325135 0.459263 0.552586 0.571252 0.328812 0.385470 0.411566 0.549597 0.252963 0.165180 0.284735 0.171160 0.234802 0.171308 0.460168 0.454400 0.465791 0.429714 0.440027 0.401289 0.444893 0.171332 0.464177 0.269348 0.459096 0.195895 0.398368 0.303096 0.459529 0.427417 0.404625 0.357366 0.352208 0.317493 0.249892 0.443555
0.349002 0.312902 0.470461 0.400151 0.348487 0.423899 0.416880 0.369477 0.482904 0.415984 0.286741 0.305762 0.323554 0.239544 0.338666 0.394579 0.300291 0.300650 0.319543 0.353181 0.491116 0.000000 0.417269 0.452286 0.387099 0.509288 0.488461 0.332303 0.188878 0.367030 0.373676 0.371806 0.233520 0.191400 0.165558 0.165174 0.380363 0.343111 0.503579 0.241035 0.253502 0.369886 0.090799 0.328035 0.145521 0.235285 0.170849 0.211883 -0.066340 -0.041928 -0.043362 -0.046038 0.049158 -0.105033 0.325204 0.240906 0.262375 0.279980 0.263252 0.276077 0.201507 0.192434 0.306840 0.270741 0.335601 0.303733 0.353024 0.386979 0.350783 0.393696 0.445853 0.301332 0.072479 0.353847 0.189906 0.208510 0.291554 0.244275 0.167033 0.036348 0.313371 0.332140 0.442973 0.466167 0.337203 0.290863 0.422907 0.513541 0.192348 0.005515 0.277389 0.020068 0.139661 0.006775 0.266261 0.252297 0.327846 0.291875 0.281335 0.251416 0.296340 0.007597 0.411700 0.160139 0.343792 0.032342 0.405982 0.282795 0.239121 0.233398 0.322500 0.213310 0.161058 0.130267 0.039281 0.293447
0.581951 0.519605 0.544129 0.624118 0.480719 0.518432 0.553883 0.563825 0.469603 0.504803 0.525370 0.482664 0.588296 0.536081 0.541719 0.554318 0.505849 0.431952 0.621268 0.612982 0.548824 0.417269 0.000000 0.646841 0.578992 0.531560 0.323620 0.356437 0.463996 0.511778 0.642646 0.635531 0.552593 0.528344 0.501931 0.500670 0.549802 0.522967 0.543130 0.421764 0.390857 0.516462 0.387072 0.552572 0.356354 0.494245 0.475806 0.511457 0.217258 0.285850 0.157695 0.228426 0.238962 0.154945 0.472616 0.498991 0.577729 0.574570 0.545496 0.546485 0.478560 0.479443 0.508023 0.447350 0.555730 0.505807 0.573350 0.569085 0.489912 0.594958 0.564212 0.525819 0.302174 0.526972 0.434671 0.447686 0.521970 0.467966 0.408563 0.306728 0.417407 0.529355 0.564124 0.583750 0.343853 0.435571 0.412241 0.577773 0.255590 0.228641 0.273022 0.242837 0.243400 0.243079 0.519136 0.527787 0.544428 0.497809 0.529230 0.505802 0.479398 0.264817 0.506392 0.394727 0.558322 0.332969 0.419187 0.374911 0.469487 0.527031 0.490867 0.447055 0.430377 0.453649 0.369340 0.524109
0.528170 0.493318 0.570280 0.621865 0.497288 0.543906 0.545252 0.544493 0.500010 0.537868 0.459150 0.455831 0.528125 0.497238 0.497984 0.545437 0.439343 0.373351 0.569584 0.570886 0.552317 0.452286 0.646841 0.000000 0.551481 0.588782 0.391036 0.398859 0.407361 0.466862 0.610180 0.618499 0.499820 0.473683 0.460044 0.455480 0.492426 0.467532 0.542552 0.386354 0.346171 0.473979 0.294153 0.488998 0.247825 0.404218 0.388811 0.428720 0.109946 0.183965 0.050039 0.149916 0.123612 0.072361 0.420576 0.449697 0.504983 0.526530 0.475804 0.477001 0.401856 0.433894 0.407239 0.382245 0.510194 0.514384 0.561512 0.588255 0.482472 0.549269 0.550902 0.497804 0.247430 0.483125 0.405696 0.425556 0.470355 0.429381 0.324370 0.216438 0.338500 0.440765 0.508431 0.540805 0.306984 0.396772 0.432009 0.595939 0.198146 0.188573 0.250184 0.186058 0.176306 0.185432 0.490918 0.475421 0.486998 0.449110 0.477124 0.451153 0.433900 0.211967 0.527430 0.377903 0.549361 0.289466 0.457179 0.389276 0.469922 0.469212 0.418433 0.360737 0.351685 0.384095 0.289212 0.499446
0.512763 0.517759 0.516759 0.543454 0.410631 0.491302 0.504106 0.515775 0.482817 0.485763 0.443116 0.420794 0.462828 0.381858 0.371285 0.425222 0.448438 0.425080 0.529300 0.502312 0.493983 0.387099 0.578992 0.551481 0.000000 0.562191 0.363305 0.379563 0.347891 0.479191 0.555895 0.526834 0.430792 0.394935 0.440995 0.425416 0.454975 0.444567 0.456744 0.264577 0.264382 0.373436 0.321181 0.530472 0.305184 0.458531 0.390936 0.456107 0.155732 0.183380 0.130911 0.117693 0.248024 0.066440 0.426442 0.358020 0.538535 0.551710 0.471853 0.459937 0.428788 0.400897 0.394006 0.341794 0.498789 0.493415 0.546809 0.553726 0.493633 0.559537 0.554151 0.432331 0.201294 0.449575 0.303689 0.329637 0.415418 0.335303 0.431517 0.254119 0.481406 0.474900 0.497506 0.479166 0.399181 0.353810 0.397844 0.522007 0.299381 0.094547 0.307338 0.123076 0.263724 0.112953 0.364833 0.365284 0.417292 0.360651 0.401522 0.402036 0.367286 0.124913 0.405629 0.257906 0.451002 0.184194 0.368451 0.276944 0.324755 0.348360 0.383700 0.341122 0.276275 0.290748 0.212819 0.359733
0.409499 0.425091 0.515749 0.538661 0.429208 0.512339 0.460830 0.453807 0.528231 0.527933 0.375790 0.334084 0.409538 0.320814 0.377905 0.455281 0.401824 0.297750 0.441548 0.433514 0.531224 0.509288 0.531560 0.588782 0.562191 0.000000 0.498049 0.482241 0.307725 0.377019 0.500778 0.499433 0.348304 0.309466 0.333102 0.318564 0.386610 0.398336 0.481433 0.274067 0.250877 0.342544 0.204515 0.412401 0.180087 0.315021 0.258439 0.312707 0.013046 0.059296 -0.014511 0.051795 0.035611 0.002281 0.301796 0.314583 0.410765 0.450171 0.342836 0.366455 0.304841 0.346509 0.307250 0.267846 0.440540 0.469645 0.491977 0.535603 0.417869 0.469784 0.503662 0.430364 0.150084 0.342630 0.265540 0.315273 0.330114 0.309441 0.260244 0.151617 0.360812 0.365522 0.430126 0.478243 0.303610 0.374671 0.416702 0.564382 0.154372 0.118217 0.230503 0.100438 0.167896 0.091873 0.366221 0.327620 0.370992 0.335394 0.337097 0.338176 0.274575 0.105938 0.388762 0.262705 0.392661 0.167364 0.393597 0.349621 0.330882 0.276581 0.326856 0.265724 0.206644 0.203906 0.136790 0.380686
0.276222 0.288690 0.448412 0.346163 0.436623 0.423313 0.390485 0.329215 0.498174 0.455370 0.198905 0.266124 0.191677 0.143007 0.257990 0.280634 0.135458 0.225594 0.240093 0.246051 0.391602 0.488461 0.323620 0.391036 0.363305 0.498049 0.000000 0.480730 0.046049 0.261052 0.279581 0.278099 0.167389 0.131528 0.191133 0.187594 0.188593 0.144729 0.385531 0.065604 0.011261 0.154848 -0.012131 0.233775 -0.026054 0.124081 0.020001 0.105333 -0.152440 -0.109476 -0.122190 -0.128953 -0.001044 -0.163462 0.236891 0.085692 0.188089 0.239823 0.208551 0.213528 0.213425 0.178261 0.163816 0.184806 0.293804 0.324996 0.329119 0.384444 0.330760 0.279134 0.420245 0.267102 -0.052217 0.240792 0.077393 0.122136 0.212743 0.150231 0.051982 -0.000781 0.252369 0.198873 0.305880 0.328334 0.283721 0.222202 0.383638 0.405311 0.166538 -0.042725 0.240875 -0.072158 0.131011 -0.069740 0.152111 0.103637 0.179526 0.119132 0.175883 0.135717 0.224420 -0.084348 0.337658 0.080798 0.294984 -0.008062 0.363720 0.133444 0.112272 0.075734 0.194322 0.116274 0.055202 0.048447 -0.031293 0.183165
0.218815 0.215559 0.282710 0.362836 0.405362 0.449125 0.212995 0.217803 0.324363 0.405104 0.292305 0.046329 0.281752 0.154814 0.290184 0.301878 0.345913 0.049993 0.288474 0.272680 0.352123 0.332303 0.356437 0.398859 0.379563 0.482241 0.480730 0.000000 0.321791 0.101052 0.350406 0.356794 0.274812 0.237789 0.297317 0.237933 0.219007 0.315584 0.239016 0.259935 0.229453 0.253932 0.224217 0.251882 0.125027 0.180626 0.194309 0.213910 0.000803 0.115515 -0.073030 0.150059 -0.115265 0.164620 0.046848 0.289656 0.269127 0.312067 0.204854 0.256169 0.253617 0.246019 0.174930 0.145778 0.376168 0.299217 0.351262 0.333577 0.182793 0.306936 0.273572 0.423350 0.254027 0.170533 0.226538 0.304849 0.241689 0.316106 0.122701 0.209299 0.224547 0.213232 0.182436 0.352659 0.041619 0.394546 0.129356 0.336784 -0.078928 0.275855 -0.020274 0.235490 0.002647 0.224074 0.314435 0.272165 0.265839 0.293773 0.277237 0.309944 0.080206 0.234867 0.158723 0.339334 0.155955 0.235135 0.115876 0.342031 0.235368 0.162256 0.231829 0.223432 0.183777 0.165852 0.156042 0.311498
0.349845 0.270160 0.166405 0.417811 0.342034 0.392380 0.175666 0.282862 0.131162 0.303875 0.503685 0.128736 0.543631 0.411349 0.458473 0.440332 0.614725 0.185760 0.457683 0.489490 0.332221 0.188878 0.463996 0.407361 0.347891 0.307725 0.046049 0.321791 0.000000 0.237447 0.519139 0.544132 0.543212 0.534848 0.433517 0.403227 0.459655 0.575507 0.284028 0.568732 0.590232 0.540920 0.505002 0.396239 0.433619 0.432418 0.516958 0.474021 0.343415 0.479241 0.186246 0.495903 0.074438 0.489037 0.162065 0.587527 0.469055 0.463422 0.402058 0.468694 0.432406 0.449425 0.462759 0.403987 0.476597 0.279385 0.393075 0.300275 0.159822 0.473823 0.199295 0.561925 0.594194 0.336028 0.509735 0.526956 0.453713 0.570371 0.299404 0.467596 0.254077 0.451134 0.315454 0.515962 -0.024370 0.552821 -0.021229 0.313062 -0.085312 0.529440 -0.127138 0.513249 -0.011430 0.514290 0.553872 0.567793 0.529326 0.571817 0.518746 0.525439 0.230653 0.548879 0.193796 0.566635 0.267128 0.541049 0.023706 0.497830 0.400187 0.497834 0.492808 0.521366 0.510356 0.492177 0.517573 0.553128
0.584709 0.593216 0.565405 0.503212 0.299248 0.377638 0.582907 0.600269 0.490786 0.410385 0.419632 0.603613 0.427061 0.426284 0.343828 0.357299 0.352005 0.610942 0.517262 0.546604 0.445489 0.367030 0.511778 0.466862 0.479191 0.377019 0.261052 0.101052 0.237447 0.000000 0.483505 0.457546 0.383195 0.369077 0.298479 0.358346 0.395235 0.280335 0.512290 0.135997 0.142143 0.334692 0.152098 0.475601 0.183786 0.422191 0.339842 0.411299 0.094514 0.082522 0.125467 -0.039153 0.399752 -0.129795 0.585838 0.244145 0.517298 0.527513 0.531075 0.499275 0.414124 0.406297 0.490362 0.517632 0.367355 0.407298 0.450997 0.496977 0.603994 0.512089 0.593051 0.268554 0.016681 0.521028 0.210396 0.261217 0.358126 0.216423 0.480988 0.222141 0.523142 0.506105 0.593780 0.445093 0.563601 0.219690 0.526130 0.512268 0.521929 -0.109992 0.461892 -0.088391 0.336698 -0.080265 0.272957 0.326640 0.357554 0.234096 0.328028 0.274239 0.506260 -0.048076 0.532453 0.082272 0.548390 0.026129 0.527165 0.066952 0.306346 0.365493 0.325716 0.267618 0.232281 0.278654 0.143716 0.291691
0.558528 0.492150 0.488507 0.595190 0.477513 0.533561 0.502540 0.517587 0.426010 0.482187 0.522685 0.424011 0.589164 0.536188 0.536231 0.554895 0.531317 0.403789 0.595708 0.607605 0.499265 0.373676 0.642646 0.610180 0.555895 0.500778 0.279581 0.350406 0.519139 0.483505 0.000000 0.661212 0.600994 0.567279 0.509452 0.512314 0.537568 0.536200 0.522746 0.478734 0.451926 0.547202 0.396972 0.523736 0.345687 0.484578 0.477686 0.512393 0.234288 0.324512 0.137134 0.271190 0.197807 0.209948 0.425484 0.536681 0.571337 0.571047 0.548533 0.547844 0.505251 0.477991 0.509244 0.475878 0.540731 0.447364 0.564554 0.541892 0.450980 0.588076 0.524981 0.549186 0.382395 0.538767 0.494421 0.500414 0.543174 0.517028 0.369315 0.350047 0.374514 0.515380 0.522964 0.576501 0.255364 0.416935 0.345331 0.542786 0.195341 0.281598 0.186301 0.293835 0.162665 0.300604 0.545839 0.550432 0.558950 0.527565 0.547559 0.529350 0.470391 0.333742 0.496193 0.466937 0.540594 0.400840 0.391721 0.436970 0.455583 0.533790 0.504013 0.472429 0.461186 0.491048 0.401283 0.540818
0.538787 0.480389 0.478756 0.590909 0.493607 0.540479 0.476035 0.505928 0.400940 0.492198 0.517698 0.398298 0.585461 0.527433 0.531521 0.554015 0.533582 0.382504 0.597950 0.616615 0.515549 0.371806 0.635531 0.618499 0.526834 0.499433 0.278099 0.356794 0.544132 0.457546 0.661212 0.000000 0.593431 0.568598 0.516157 0.508874 0.552891 0.555071 0.505456 0.493418 0.474405 0.554927 0.408005 0.520076 0.349644 0.482170 0.491805 0.512172 0.224350 0.331439 0.118055 0.292319 0.172342 0.236276 0.405358 0.556997 0.555777 0.568031 0.528483 0.543408 0.475288 0.482377 0.488062 0.462439 0.541568 0.443174 0.557663 0.532914 0.434880 0.590986 0.485381 0.563518 0.406178 0.516502 0.509074 0.515268 0.551335 0.544770 0.350219 0.341706 0.339274 0.509191 0.505845 0.591919 0.225475 0.464162 0.309060 0.537708 0.150620 0.319057 0.144697 0.320234 0.116394 0.325264 0.557497 0.565229 0.559523 0.543257 0.557438 0.530339 0.457910 0.356914 0.487294 0.480597 0.523682 0.412899 0.357988 0.450036 0.462081 0.542576 0.500580 0.469357 0.465725 0.493275 0.411988 0.555927
0.517004 0.393526 0.333930 0.511696 0.461731 0.451837 0.398382 0.439759 0.286945 0.368205 0.492774 0.367751 0.585179 0.560075 0.567379 0.502208 0.507659 0.342703 0.558464 0.579362 0.406487 0.233520 0.552593 0.499820 0.430792 0.348304 0.167389 0.274812 0.543212 0.383195 0.600994 0.593431 0.000000 0.658513 0.572513 0.579966 0.528591 0.536333 0.422109 0.542743 0.494232 0.560208 0.511683 0.537115 0.443876 0.532902 0.553156 0.567199 0.389648 0.489626 0.274788 0.445327 0.259432 0.369665 0.401321 0.577058 0.547526 0.518093 0.557504 0.540784 0.555532 0.473342 0.519745 0.481906 0.547372 0.405032 0.563231 0.480261 0.352547 0.555193 0.399973 0.571422 0.488348 0.535363 0.555052 0.546211 0.601599 0.593926 0.337477 0.435953 0.290341 0.523689 0.440257 0.539107 0.131308 0.448933 0.165494 0.384341 0.137810 0.393319 0.077519 0.425150 0.130419 0.447507 0.582394 0.599223 0.595063 0.566420 0.603915 0.569035 0.462091 0.457004 0.406100 0.520634 0.506182 0.524044 0.236921 0.399197 0.432245 0.588312 0.562561 0.560297 0.566360 0.596919 0.537402 0.556668
0.507301 0.394858 0.297754 0.513556 0.452318 0.426643 0.381970 0.455075 0.243056 0.375234 0.466889 0.389349 0.555439 0.578529 0.560768 0.493535 0.492888 0.359323 0.554038 0.574390 0.389928 0.191400 0.528344 0.473683 0.394935 0.309466 0.131528 0.237789 0.534848 0.369077 0.567279 0.568598 0.658513 0.000000 0.568941 0.580954 0.515531 0.509451 0.394512 0.529496 0.456042 0.532190 0.525146 0.540166 0.472686 0.555811 0.561361 0.573447 0.411107 0.526627 0.304185 0.476889 0.295946 0.397902 0.397835 0.572147 0.553980 0.515198 0.562715 0.553960 0.568964 0.523662 0.518285 0.497116 0.534633 0.437165 0.538923 0.471365 0.325896 0.526675 0.368119 0.562565 0.483218 0.504789 0.544653 0.533466 0.603048 0.599696 0.342925 0.474996 0.275612 0.540756 0.433641 0.531243 0.122945 0.455939 0.136260 0.350552 0.140144 0.420304 0.073146 0.437290 0.144841 0.458636 0.574057 0.600143 0.596108 0.554983 0.609538 0.555574 0.466032 0.470488 0.380292 0.506387 0.495190 0.529295 0.206137 0.361506 0.414411 0.587003 0.561126 0.576701 0.585907 0.605752 0.556095 0.561158
0.489259 0.384407 0.333941 0.464394 0.463150 0.438800 0.402521 0.428962 0.322323 0.381494 0.443201 0.333704 0.517722 0.464817 0.505117 0.421684 0.385818 0.260411 0.530924 0.503634 0.379780 0.165558 0.501931 0.460044 0.440995 0.333102 0.191133 0.297317 0.433517 0.298479 0.509452 0.516157 0.572513 0.568941 0.000000 0.647679 0.483533 0.473625 0.347322 0.426746 0.387530 0.452079 0.516608 0.522982 0.433046 0.522733 0.535238 0.562732 0.376566 0.458065 0.289209 0.399043 0.297887 0.332156 0.391709 0.521723 0.501371 0.480744 0.548418 0.517132 0.539037 0.460068 0.417375 0.360213 0.536089 0.429166 0.569833 0.491438 0.364796 0.511000 0.393427 0.546281 0.403226 0.478669 0.478444 0.446857 0.561085 0.532823 0.306481 0.331425 0.260490 0.413675 0.396020 0.463486 0.141490 0.398752 0.173936 0.351336 0.162007 0.350043 0.152344 0.388516 0.222296 0.391047 0.511443 0.513485 0.524132 0.493935 0.566800 0.519848 0.412433 0.373160 0.363293 0.440352 0.432403 0.424169 0.198362 0.339723 0.359477 0.507112 0.512149 0.498009 0.486057 0.484597 0.453340 0.425276
0.520996 0.413853 0.355437 0.469766 0.460856 0.440232 0.438542 0.465317 0.346906 0.381347 0.444457 0.400472 0.518986 0.503098 0.516312 0.435286 0.362606 0.321545 0.536601 0.523234 0.375048 0.165174 0.500670 0.455480 0.425416 0.318564 0.187594 0.237933 0.403227 0.358346 0.512314 0.508874 0.579966 0.580954 0.647679 0.000000 0.484644 0.442949 0.384382 0.409781 0.349247 0.452826 0.486803 0.531748 0.423279 0.540379 0.532325 0.576649 0.392407 0.453513 0.317713 0.375529 0.350752 0.283148 0.459458 0.507619 0.513258 0.479440 0.575385 0.530956 0.541134 0.462572 0.447504 0.405525 0.519159 0.444894 0.572318 0.509586 0.403462 0.506334 0.427421 0.516160 0.355618 0.513900 0.467014 0.436724 0.568469 0.508867 0.319701 0.319805 0.273327 0.430296 0.434218 0.458049 0.192498 0.357049 0.231696 0.366485 0.236905 0.302786 0.218058 0.343953 0.265358 0.353674 0.514216 0.516469 0.531822 0.479161 0.571222 0.509970 0.474776 0.333665 0.413723 0.407175 0.486548 0.399886 0.259833 0.300748 0.363500 0.529881 0.522938 0.498419 0.492013 0.491528 0.449757 0.413541
0.526004 0.338187 0.392558 0.459527 0.440718 0.424627 0.455566 0.429560 0.343892 0.354359 0.489522 0.372937 0.583781 0.486624 0.579068 0.502758 0.461878 0.330756 0.531577 0.523193 0.548509 0.380363 0.549802 0.492426 0.454975 0.386610 0.188593 0.219007 0.459655 0.395235 0.537568 0.552891 0.528591 0.515531 0.483533 0.484644 0.000000 0.616756 0.517983 0.516682 0.485442 0.591791 0.504371 0.557297 0.517799 0.520323 0.557624 0.554629 0.379844 0.408149 0.342755 0.373694 0.310836 0.294776 0.463213 0.555665 0.482685 0.415603 0.488997 0.479365 0.455692 0.380665 0.505819 0.360074 0.530748 0.360134 0.496275 0.423726 0.338140 0.543895 0.413451 0.518255 0.383583 0.516010 0.472069 0.396420 0.579363 0.528445 0.341921 0.242616 0.286307 0.513633 0.549082 0.572591 0.221626 0.424077 0.257651 0.434507 0.211522 0.317386 0.227906 0.377732 0.261310 0.383404 0.555651 0.551238 0.608785 0.577699 0.585036 0.545742 0.493779 0.356650 0.415842 0.392760 0.482509 0.394592 0.255484 0.381862 0.463709 0.597210 0.578188 0.539931 0.540341 0.502453 0.474924 0.532407
0.427508 0.264276 0.283277 0.437815 0.408530 0.430996 0.315527 0.334192 0.266094 0.327100 0.501599 0.206260 0.586280 0.428819 0.535935 0.497207 0.556132 0.210358 0.493223 0.486803 0.472199 0.343111 0.522967 0.467532 0.444567 0.398336 0.144729 0.315584 0.575507 0.280335 0.536200 0.555071 0.536333 0.509451 0.473625 0.442949 0.616756 0.000000 0.421620 0.590115 0.597447 0.606330 0.553376 0.507051 0.530577 0.501017 0.555010 0.534234 0.382198 0.457899 0.283130 0.461190 0.181787 0.426207 0.302260 0.609020 0.471645 0.423109 0.429676 0.456998 0.428591 0.387509 0.473914 0.321856 0.547761 0.336224 0.474945 0.374847 0.234023 0.534593 0.314160 0.570587 0.523646 0.434304 0.521068 0.465751 0.535973 0.568098 0.305420 0.322041 0.263848 0.480041 0.434560 0.570225 0.092548 0.512527 0.124121 0.406491 0.042400 0.453623 0.069142 0.503955 0.136251 0.494076 0.584290 0.574662 0.603883 0.629415 0.586971 0.599552 0.350188 0.480191 0.295621 0.509270 0.364126 0.482537 0.124226 0.506306 0.449937 0.558834 0.570221 0.562821 0.542629 0.494789 0.501124 0.560013
