0.000000 0.792364 0.719515 0.796559 0.440469 0.510247 0.679836 0.582637 0.429396 0.457878 0.733726 0.418905 0.757947 0.588313 0.525544 0.171682 0.730017 0.710834 0.830431 0.729530 0.480682 0.538904 0.645376 0.607307 0.432144 0.447323 0.487875 0.485897 0.717443 0.618643 0.657101 0.612840 0.760595 0.695288 0.480937 0.396403 0.534069 0.427748 0.581917 0.328986 0.494632 0.575660 -0.047425 0.081667 0.126389 0.011299 -0.162596 -0.207800 -0.096218 0.147183 -0.014778 -0.247905 -0.347520 -0.366030 -0.051542 0.270086 0.832493 0.584004 0.406056 0.249304 0.765209 0.461517 0.772843 0.427705 0.537234 0.240314 0.315588 0.386278 0.815734 0.025081 0.655296 0.673281 0.707869 0.671972 0.333700 0.396833 0.632319 0.637068 0.554509 0.481077 0.728549 0.635198 0.615676 0.481802 0.660828 0.017602 0.517824 0.456279 0.269446 0.272064 -0.483686 -0.439891 -0.422783 -0.428733 0.443042 0.274797 0.691269 0.654805 -0.416985 -0.427160 -0.402348 -0.295580 0.128293 0.011328 0.443469 0.602010 0.172457 0.433196 0.222411 0.424780 0.692856 -0.445607 -0.504635 0.445252 -0.042685 0.517126
0.792364 0.000000 0.616875 0.715586 0.194112 0.282185 0.531273 0.742132 0.147879 0.272190 0.592979 0.613528 0.623711 0.569665 0.291570 0.247329 0.638784 0.729717 0.744854 0.582616 0.277544 0.312493 0.624492 0.562601 0.187465 0.197968 0.232905 0.259097 0.564176 0.676144 0.464921 0.439519 0.796915 0.809243 0.560827 0.490089 0.442600 0.479665 0.372252 0.349109 0.296178 0.461621 0.178267 0.303417 0.294170 0.243211 0.081015 0.017906 0.085472 0.318219 0.172695 -0.034167 -0.100498 -0.132860 0.160889 0.322308 0.781676 0.766614 0.561095 0.471673 0.787530 0.630519 0.663694 0.652977 0.560772 0.441632 0.516691 0.569469 0.745788 0.267262 0.475008 0.495724 0.520162 0.604925 0.363483 0.474803 0.599568 0.582981 0.478930 0.598063 0.632851 0.652619 0.423157 0.421194 0.580370 0.250191 0.279669 0.355787 0.371716 0.406460 -0.216254 -0.167868 -0.159520 -0.183878 0.316982 0.210709 0.578876 0.488579 -0.148618 -0.173577 -0.131050 -0.128749 0.214543 0.087122 0.271971 0.384290 0.160533 0.230277 0.132576 0.373518 0.635759 -0.204057 -0.260981 0.472989 0.159265 0.382170
0.719515 0.616875 0.000000 0.831405 0.624004 0.619593 0.833405 0.507526 0.532259 0.506403 0.790179 0.226569 0.815410 0.555419 0.563936 0.035258 0.588541 0.583673 0.726682 0.810744 0.648012 0.707720 0.631612 0.760740 0.605277 0.572527 0.619739 0.613184 0.737742 0.523977 0.783503 0.783172 0.606949 0.531733 0.435014 0.328215 0.561683 0.382067 0.650195 0.224372 0.619862 0.648618 -0.275468 -0.159711 -0.079127 -0.242026 -0.392884 -0.441343 -0.297517 -0.097075 -0.264029 -0.477406 -0.516747 -0.599613 -0.177578 0.157193 0.643897 0.278053 0.120685 -0.045300 0.586933 0.218360 0.733396 0.230742 0.498637 0.040226 0.137612 0.229411 0.733019 -0.133922 0.785638 0.774497 0.770083 0.706136 0.431184 0.336275 0.677283 0.691294 0.492161 0.138377 0.621646 0.429583 0.656152 0.495030 0.609635 -0.276083 0.671908 0.585324 0.104323 -0.056209 -0.579429 -0.543542 -0.472225 -0.509703 0.521417 0.350977 0.725702 0.740494 -0.508957 -0.521340 -0.456422 -0.340141 0.258005 -0.023288 0.587712 0.701226 0.261146 0.574470 0.266370 0.353642 0.653368 -0.569766 -0.615729 0.286408 -0.254704 0.631813
0.796559 0.715586 0.831405 0.000000 0.542070 0.566220 0.832988 0.632948 0.492242 0.515720 0.778193 0.357390 0.826830 0.585598 0.590340 0.176736 0.667703 0.651258 0.806001 0.808356 0.613598 0.668437 0.625565 0.682200 0.513364 0.500939 0.573489 0.570030 0.774436 0.576995 0.735640 0.723783 0.702952 0.629134 0.498455 0.393467 0.577327 0.435293 0.640501 0.256616 0.602019 0.669409 -0.198248 -0.064259 -0.019988 -0.158152 -0.329393 -0.384541 -0.262136 -0.013942 -0.205530 -0.428345 -0.511507 -0.553613 -0.170809 0.235687 0.717375 0.404183 0.256877 0.085925 0.674247 0.357335 0.788730 0.351572 0.515861 0.123574 0.233350 0.346253 0.810140 -0.121129 0.763527 0.782314 0.786876 0.718176 0.460597 0.460194 0.734327 0.763454 0.529779 0.269819 0.688132 0.552455 0.651752 0.540319 0.627048 -0.156579 0.635975 0.582317 0.120211 0.067235 -0.590873 -0.531582 -0.474025 -0.494624 0.532967 0.354256 0.760256 0.761874 -0.517791 -0.522290 -0.469203 -0.341750 0.181949 -0.002977 0.557587 0.721831 0.267361 0.573626 0.268194 0.404428 0.716910 -0.572966 -0.610638 0.339258 -0.177211 0.619481
0.440469 0.194112 0.624004 0.542070 0.000000 0.804016 0.642792 -0.045481 0.841438 0.669110 0.656709 -0.267693 0.593179 0.531484 0.642387 -0.246371 0.360719 0.269310 0.446256 0.726781 0.663937 0.798307 0.221745 0.568989 0.879011 0.871570 0.827382 0.811148 0.561751 0.198806 0.815557 0.815667 0.270171 0.117373 0.016233 -0.048161 0.429807 0.028581 0.716229 0.081180 0.695015 0.524541 -0.545663 -0.504552 -0.346271 -0.555698 -0.622137 -0.638953 -0.484861 -0.408950 -0.523957 -0.651358 -0.633524 -0.716199 -0.373663 -0.005130 0.399419 -0.189440 -0.356502 -0.484624 0.229376 -0.204257 0.605146 -0.279309 0.090532 -0.338989 -0.378209 -0.274998 0.439675 -0.469486 0.758407 0.738618 0.723104 0.596452 0.215717 0.025737 0.445074 0.474987 0.393861 -0.154091 0.487934 0.186321 0.657408 0.264778 0.471405 -0.585009 0.730108 0.414706 0.010865 -0.289080 -0.720948 -0.720797 -0.660216 -0.660637 0.479750 0.323312 0.590504 0.691994 -0.666049 -0.675312 -0.614519 -0.545482 0.186151 -0.199661 0.591670 0.648676 0.218605 0.629264 0.220478 0.192051 0.487334 -0.675559 -0.730345 0.075288 -0.531111 0.564605
0.510247 0.282185 0.619593 0.566220 0.804016 0.000000 0.593141 0.039227 0.727645 0.500762 0.682166 -0.191322 0.570493 0.508359 0.471566 -0.347457 0.408446 0.350529 0.526349 0.721574 0.536285 0.702247 0.326890 0.534537 0.818123 0.835762 0.736097 0.715286 0.565637 0.364249 0.785651 0.737626 0.330082 0.190909 0.045751 -0.059518 0.396688 0.047644 0.667851 -0.010109 0.630305 0.456374 -0.420650 -0.345344 -0.212188 -0.373632 -0.479194 -0.513079 -0.333153 -0.251546 -0.327146 -0.525333 -0.505106 -0.578983 -0.280072 -0.021013 0.498624 -0.077985 -0.190808 -0.347863 0.350994 -0.082325 0.634329 -0.171809 0.126820 -0.234866 -0.279130 -0.205571 0.468952 -0.285129 0.742596 0.667021 0.713389 0.685536 0.088078 -0.052710 0.407908 0.396803 0.554466 -0.018252 0.598316 0.210972 0.655598 0.136090 0.603962 -0.496851 0.600079 0.264846 0.169990 -0.216213 -0.665586 -0.697935 -0.651228 -0.659605 0.409695 0.309801 0.571849 0.611814 -0.632580 -0.642182 -0.639925 -0.619114 0.074713 -0.367966 0.530975 0.552853 0.126932 0.481584 0.210598 0.237879 0.491832 -0.582643 -0.670183 0.157105 -0.358998 0.517250
0.679836 0.531273 0.833405 0.832988 0.642792 0.593141 0.000000 0.482260 0.593868 0.571978 0.766104 0.212692 0.824570 0.476511 0.682025 0.164336 0.577862 0.527471 0.689543 0.809460 0.710512 0.759568 0.510751 0.641061 0.592376 0.564544 0.673580 0.685699 0.755676 0.411457 0.760229 0.769821 0.550347 0.443148 0.391812 0.296208 0.573745 0.336330 0.688853 0.170191 0.665202 0.674680 -0.401474 -0.282709 -0.232238 -0.396127 -0.529496 -0.578206 -0.476902 -0.251269 -0.433499 -0.629635 -0.683860 -0.736942 -0.348361 0.113430 0.578489 0.168249 0.015363 -0.168475 0.508139 0.139800 0.729112 0.136671 0.442804 -0.093468 0.037101 0.164907 0.730598 -0.323886 0.793588 0.816378 0.795851 0.645095 0.477454 0.418993 0.714423 0.758554 0.416526 0.047174 0.592115 0.405693 0.655842 0.557539 0.547932 -0.384804 0.757658 0.649874 -0.058761 -0.163095 -0.703779 -0.654493 -0.583219 -0.603903 0.565096 0.390114 0.737126 0.809523 -0.640372 -0.645549 -0.554008 -0.381284 0.171685 -0.025716 0.623203 0.791601 0.321861 0.709255 0.299620 0.315826 0.618237 -0.719543 -0.730574 0.153145 -0.396818 0.653075
0.582637 0.742132 0.507526 0.632948 -0.045481 0.039227 0.482260 0.000000 -0.094071 0.104309 0.449570 0.686484 0.526511 0.373199 0.167681 0.401249 0.444236 0.592341 0.620379 0.408302 0.191406 0.165057 0.528247 0.400068 -0.080201 -0.080159 0.027798 0.060106 0.423932 0.578203 0.243256 0.235648 0.662376 0.712638 0.613405 0.547650 0.347494 0.508416 0.179272 0.261429 0.144666 0.363996 0.240490 0.361500 0.243960 0.257454 0.150654 0.084571 0.090081 0.319529 0.188963 0.026562 -0.026297 -0.069918 0.202452 0.287875 0.522247 0.671277 0.586557 0.519152 0.673871 0.681809 0.440177 0.695338 0.531420 0.495494 0.604261 0.663069 0.605654 0.291616 0.336517 0.362292 0.350687 0.437638 0.445938 0.581144 0.589871 0.566635 0.307231 0.445193 0.433621 0.497942 0.219941 0.403921 0.418786 0.282383 0.150464 0.334675 0.251387 0.297175 -0.044164 0.009470 0.039079 -0.003311 0.248020 0.184324 0.472511 0.356886 0.012706 -0.006438 0.008949 0.049846 0.228596 0.143655 0.204364 0.277447 0.189781 0.149671 0.133155 0.304693 0.516294 -0.084248 -0.098880 0.374841 0.236203 0.272659
0.429396 0.147879 0.532259 0.492242 0.841438 0.727645 0.593868 -0.094071 0.000000 0.732841 0.594494 -0.288434 0.560665 0.512049 0.718988 -0.150019 0.347777 0.236588 0.429011 0.677089 0.624771 0.753422 0.160916 0.487824 0.825516 0.822557 0.775825 0.768913 0.532125 0.118416 0.750038 0.758988 0.258905 0.100495 0.008992 -0.039141 0.404126 -0.002415 0.684148 0.106142 0.673234 0.490524 -0.514635 -0.492572 -0.329800 -0.540560 -0.603573 -0.611195 -0.461690 -0.404140 -0.523951 -0.619467 -0.634109 -0.688360 -0.398082 0.012234 0.370198 -0.196612 -0.351299 -0.476321 0.206106 -0.192820 0.577445 -0.294487 0.076705 -0.324172 -0.374769 -0.263964 0.400264 -0.551082 0.711895 0.718261 0.705257 0.531078 0.222854 0.060664 0.424539 0.460212 0.358376 -0.149041 0.449488 0.225984 0.600248 0.252375 0.434577 -0.538514 0.709345 0.393892 -0.006459 -0.234828 -0.711385 -0.702044 -0.645675 -0.628801 0.458542 0.293097 0.571287 0.682568 -0.651670 -0.656060 -0.596949 -0.517343 0.178122 -0.146261 0.556080 0.641829 0.221116 0.625361 0.193987 0.194973 0.479119 -0.664611 -0.714912 0.084047 -0.515457 0.512253
0.457878 0.272190 0.506403 0.515720 0.669110 0.500762 0.571978 0.104309 0.732841 0.000000 0.513969 -0.018105 0.575776 0.575972 0.728457 0.180754 0.407709 0.280168 0.416666 0.589151 0.577852 0.655792 0.224486 0.536231 0.619170 0.611248 0.648888 0.661121 0.510274 0.103273 0.611606 0.685951 0.344641 0.245310 0.206552 0.205372 0.479616 0.203499 0.606506 0.370504 0.576887 0.562698 -0.341119 -0.303910 -0.199571 -0.379605 -0.434871 -0.421961 -0.336771 -0.216740 -0.401399 -0.447664 -0.513430 -0.560315 -0.234332 0.267890 0.351443 -0.004200 -0.181291 -0.243067 0.213210 0.003981 0.522142 -0.069397 0.192789 -0.114071 -0.126021 0.001936 0.432482 -0.458999 0.608920 0.674729 0.613705 0.416581 0.414235 0.274467 0.483997 0.547039 0.200447 -0.013937 0.379308 0.373438 0.529133 0.479584 0.289502 -0.270100 0.646989 0.560817 -0.043247 -0.037711 -0.547402 -0.461676 -0.401535 -0.391661 0.458791 0.339180 0.561783 0.670146 -0.451566 -0.442359 -0.342568 -0.242694 0.328706 0.166319 0.542680 0.629919 0.370677 0.598855 0.234814 0.175873 0.485848 -0.534133 -0.547997 0.197728 -0.379536 0.487135
0.733726 0.592979 0.790179 0.778193 0.656709 0.682166 0.766104 0.449570 0.594494 0.513969 0.000000 0.211581 0.822247 0.625148 0.574121 -0.024197 0.604546 0.624706 0.765519 0.818976 0.623595 0.709791 0.534442 0.664726 0.645354 0.641068 0.664154 0.662671 0.745192 0.558786 0.783374 0.764008 0.584294 0.492300 0.326930 0.209635 0.630358 0.412772 0.709869 0.240038 0.691534 0.646815 -0.270145 -0.173932 -0.049493 -0.238110 -0.363507 -0.423404 -0.270155 -0.061979 -0.214069 -0.447625 -0.468342 -0.568153 -0.141860 0.200205 0.703984 0.266526 0.119283 -0.047063 0.649772 0.258381 0.772969 0.172504 0.395270 0.024517 0.038925 0.129102 0.693375 -0.113800 0.807446 0.773179 0.785342 0.732809 0.402678 0.292225 0.692107 0.655625 0.523529 0.166631 0.684086 0.463075 0.702014 0.429500 0.676032 -0.290435 0.657193 0.504409 0.212507 -0.041302 -0.586336 -0.577382 -0.517528 -0.554529 0.546561 0.422580 0.748282 0.753964 -0.518808 -0.538193 -0.489010 -0.366015 0.249672 -0.070798 0.582264 0.679253 0.224453 0.562466 0.262193 0.349360 0.646618 -0.567861 -0.620606 0.315068 -0.263856 0.597846
0.418905 0.613528 0.226569 0.357390 -0.267693 -0.191322 0.212692 0.686484 -0.288434 -0.018105 0.211581 0.000000 0.345269 0.240998 0.001588 0.543731 0.418726 0.533472 0.369751 0.099814 -0.082211 -0.128134 0.461271 0.259123 -0.299693 -0.307336 -0.198965 -0.135074 0.263249 0.475613 -0.047441 -0.014744 0.508173 0.580974 0.565135 0.538527 0.368901 0.560640 0.059171 0.389277 0.014738 0.241304 0.378477 0.485315 0.376992 0.422950 0.326191 0.294873 0.230802 0.452884 0.356904 0.237335 0.148567 0.159212 0.293280 0.414329 0.369177 0.689778 0.604064 0.608913 0.457360 0.589759 0.272895 0.724258 0.462540 0.532650 0.635095 0.659191 0.408795 0.325277 0.053072 0.089965 0.116965 0.199348 0.323806 0.521431 0.348863 0.353049 0.096125 0.506186 0.318247 0.550234 0.114005 0.422093 0.218508 0.497486 -0.015322 0.279746 0.192540 0.394549 0.130781 0.196671 0.202252 0.143612 0.081461 0.299452 0.241106 0.202785 0.171596 0.152337 0.253095 0.239091 0.139513 0.295676 0.085631 0.099139 0.306744 0.052421 0.173921 0.093717 0.245593 0.085765 0.101045 0.289585 0.329981 0.031079
0.757947 0.623711 0.815410 0.826830 0.593179 0.570493 0.824570 0.526511 0.560665 0.575776 0.822247 0.345269 0.000000 0.601776 0.647942 0.187493 0.669330 0.656162 0.765190 0.782857 0.638874 0.696850 0.625548 0.724122 0.552620 0.534429 0.609891 0.623786 0.778930 0.523738 0.734350 0.752886 0.640598 0.555467 0.478913 0.377239 0.690743 0.503656 0.703112 0.340838 0.689176 0.710507 -0.251895 -0.141696 -0.038899 -0.225571 -0.370351 -0.412380 -0.293379 -0.059822 -0.245871 -0.458794 -0.521895 -0.593675 -0.174792 0.281255 0.675152 0.323258 0.161896 0.000665 0.610459 0.302205 0.775225 0.266287 0.532533 0.094893 0.171569 0.286050 0.748445 -0.173859 0.772918 0.788410 0.782471 0.679369 0.493570 0.432932 0.730285 0.740180 0.452915 0.190174 0.661960 0.570216 0.680116 0.595568 0.620443 -0.204059 0.710000 0.661396 0.102735 0.003673 -0.589416 -0.533538 -0.462453 -0.500069 0.579407 0.477510 0.772971 0.809189 -0.508875 -0.515527 -0.433829 -0.264763 0.275170 0.093431 0.619824 0.746253 0.342573 0.634385 0.322239 0.353142 0.654027 -0.592304 -0.621398 0.318537 -0.258809 0.616840
0.588313 0.569665 0.555419 0.585598 0.531484 0.508359 0.476511 0.373199 0.512049 0.575972 0.625148 0.240998 0.601776 0.000000 0.411314 -0.027745 0.483414 0.561325 0.616229 0.601976 0.363087 0.480774 0.420628 0.688093 0.544076 0.541032 0.440563 0.444807 0.530614 0.499106 0.620101 0.650328 0.623881 0.590985 0.395064 0.319675 0.524388 0.362681 0.522405 0.466793 0.518923 0.530612 0.011521 0.061462 0.160039 0.022364 -0.086822 -0.105105 0.020818 0.146880 -0.009987 -0.123154 -0.156980 -0.233627 0.126136 0.388871 0.555419 0.351863 0.144672 0.143949 0.519369 0.389161 0.645030 0.318695 0.290619 0.263058 0.186136 0.253070 0.501791 -0.054086 0.584639 0.628003 0.620516 0.668308 0.369166 0.293250 0.584279 0.579903 0.451049 0.332994 0.571817 0.617408 0.532201 0.327425 0.509554 0.069958 0.392979 0.366530 0.385147 0.264750 -0.311806 -0.236692 -0.187659 -0.223794 0.377776 0.327278 0.621622 0.598467 -0.202519 -0.201245 -0.169214 -0.226580 0.417666 0.098463 0.432203 0.427271 0.242399 0.329260 0.159898 0.261148 0.678593 -0.242143 -0.330705 0.514051 -0.013568 0.409285
0.525544 0.291570 0.563936 0.590340 0.642387 0.471566 0.682025 0.167681 0.718988 0.728457 0.574121 0.001588 0.647942 0.411314 0.000000 0.308591 0.519911 0.323912 0.488032 0.649533 0.713321 0.699033 0.199504 0.432870 0.576742 0.567680 0.714517 0.717239 0.637718 0.103556 0.646346 0.666653 0.352990 0.229496 0.200419 0.202797 0.540427 0.243468 0.668621 0.256456 0.631184 0.583685 -0.455689 -0.390773 -0.303908 -0.498718 -0.566338 -0.560710 -0.499466 -0.332426 -0.499111 -0.591448 -0.699727 -0.694159 -0.414792 0.149025 0.447034 0.006610 -0.142426 -0.284188 0.294195 -0.033799 0.580451 -0.095540 0.279928 -0.216669 -0.150049 -0.017941 0.546311 -0.537529 0.648162 0.721417 0.679411 0.406415 0.382628 0.368265 0.510539 0.599846 0.178655 -0.037939 0.429323 0.367967 0.570314 0.574939 0.339406 -0.362299 0.751245 0.599595 -0.210783 -0.134510 -0.690355 -0.620814 -0.576405 -0.572931 0.584227 0.381853 0.635412 0.745766 -0.621284 -0.624865 -0.523820 -0.283833 0.125566 0.125312 0.566070 0.778641 0.261517 0.701090 0.324484 0.292864 0.499826 -0.698330 -0.683947 0.096165 -0.473561 0.576199
0.171682 0.247329 0.035258 0.176736 -0.246371 -0.347457 0.164336 0.401249 -0.150019 0.180754 -0.024197 0.543731 0.187493 -0.027745 0.308591 0.000000 0.310884 0.190439 0.108573 -0.051881 0.019246 -0.092148 0.111824 -0.019647 -0.341198 -0.339898 -0.096426 -0.035936 0.157310 -0.018730 -0.155844 -0.097561 0.220985 0.253646 0.399442 0.491922 0.290111 0.358888 0.021800 0.334272 -0.016459 0.176712 0.132328 0.203866 0.057133 0.104498 0.069820 0.086695 -0.058702 0.094392 -0.017612 0.025895 -0.113235 -0.012947 -0.044116 0.284863 0.085931 0.329764 0.248049 0.271967 0.080810 0.270803 0.049396 0.351185 0.373409 0.242639 0.385444 0.444626 0.215173 -0.108942 -0.077521 0.049566 0.017583 -0.158422 0.284174 0.532711 0.179055 0.264949 -0.255727 0.233139 0.041214 0.377633 -0.005093 0.538109 -0.122372 0.337824 0.066037 0.352410 -0.274398 0.181560 -0.005570 0.118619 0.109635 0.091997 0.083531 0.236862 0.078089 0.175129 0.028064 0.041470 0.156684 0.306537 -0.001890 0.451127 0.096175 0.215128 0.302827 0.198533 0.189444 -0.056031 0.058309 -0.071023 0.015343 0.065691 0.105931 0.024702
0.730017 0.638784 0.588541 0.667703 0.360719 0.408446 0.577862 0.444236 0.347777 0.407709 0.604546 0.418726 0.669330 0.483414 0.519911 0.310884 0.000000 0.719838 0.679874 0.585876 0.432458 0.441572 0.576357 0.526465 0.343131 0.346182 0.436449 0.425536 0.761104 0.507211 0.536409 0.515390 0.590288 0.539036 0.391013 0.329000 0.617200 0.507256 0.527409 0.407264 0.533415 0.567542 -0.094723 0.028089 0.102897 -0.030260 -0.197695 -0.199109 -0.131817 0.092811 -0.071784 -0.227784 -0.369295 -0.338424 -0.139128 0.311470 0.738310 0.467226 0.262493 0.132561 0.534071 0.316229 0.707315 0.326815 0.495138 0.145971 0.213922 0.277543 0.684862 -0.034972 0.487255 0.550220 0.600937 0.490814 0.272628 0.413422 0.465036 0.527337 0.414117 0.469179 0.660958 0.673922 0.633206 0.610971 0.433673 0.069499 0.498544 0.543616 0.008973 0.233865 -0.474900 -0.377482 -0.358545 -0.391278 0.402554 0.362192 0.535942 0.607851 -0.413029 -0.382645 -0.318909 -0.138066 0.003807 0.218722 0.448655 0.636899 0.264341 0.489529 0.271927 0.261820 0.480660 -0.417488 -0.419068 0.338833 -0.092514 0.480989
0.710834 0.729717 0.583673 0.651258 0.269310 0.350529 0.527471 0.592341 0.236588 0.280168 0.624706 0.533472 0.656162 0.561325 0.323912 0.190439 0.719838 0.000000 0.724990 0.579032 0.262025 0.357870 0.630225 0.560575 0.263873 0.272173 0.284459 0.298329 0.641911 0.738283 0.473159 0.472254 0.656079 0.642265 0.474022 0.359779 0.569458 0.562952 0.445274 0.342550 0.476077 0.529056 0.076666 0.178556 0.272989 0.154396 -0.000852 -0.058958 0.061202 0.233690 0.100378 -0.096448 -0.127755 -0.208845 0.113333 0.327697 0.742538 0.584633 0.413253 0.272206 0.667025 0.452887 0.686220 0.504185 0.501237 0.306947 0.349392 0.401813 0.655587 0.223711 0.488908 0.473472 0.542395 0.612324 0.382519 0.412567 0.569606 0.528833 0.533093 0.502266 0.691148 0.683392 0.552495 0.422680 0.610021 0.113570 0.358849 0.379016 0.319498 0.222732 -0.257332 -0.213808 -0.168882 -0.213527 0.305090 0.322951 0.552081 0.521760 -0.184430 -0.187616 -0.135030 -0.108502 0.267285 0.127874 0.399342 0.436323 0.328468 0.331044 0.146936 0.227525 0.501175 -0.231935 -0.272997 0.424724 0.070195 0.366198
0.830431 0.744854 0.726682 0.806001 0.446256 0.526349 0.689543 0.620379 0.429011 0.416666 0.765519 0.369751 0.765190 0.616229 0.488032 0.108573 0.679874 0.724990 0.000000 0.742401 0.468845 0.538054 0.655122 0.608655 0.444259 0.461507 0.483256 0.461080 0.717206 0.674694 0.667822 0.622046 0.748744 0.685519 0.478174 0.362210 0.571054 0.472320 0.578122 0.311966 0.548048 0.576525 -0.030662 0.085104 0.144032 0.017747 -0.138558 -0.202728 -0.065171 0.146121 -0.014998 -0.240069 -0.306172 -0.361460 -0.009101 0.274422 0.779415 0.502446 0.376182 0.219179 0.756483 0.484637 0.766762 0.424210 0.499861 0.244040 0.304553 0.375494 0.764962 0.040947 0.694880 0.686089 0.727936 0.735325 0.377826 0.414820 0.688169 0.662334 0.584289 0.429874 0.729688 0.629982 0.621036 0.426281 0.688067 -0.013018 0.501594 0.427665 0.315542 0.217714 -0.447576 -0.410307 -0.375469 -0.404196 0.444232 0.292523 0.709891 0.647737 -0.375269 -0.381211 -0.398917 -0.291139 0.182054 -0.024504 0.463120 0.575604 0.176363 0.414313 0.191866 0.423404 0.715055 -0.400898 -0.466027 0.462529 -0.022765 0.498029
0.729530 0.582616 0.810744 0.808356 0.726781 0.721574 0.809460 0.408302 0.677089 0.589151 0.818976 0.099814 0.782857 0.601976 0.649533 -0.051881 0.585876 0.579032 0.742401 0.000000 0.686641 0.789097 0.452401 0.642517 0.714402 0.706245 0.734770 0.733665 0.738587 0.514008 0.838784 0.813953 0.567458 0.465246 0.269449 0.165247 0.520585 0.264608 0.715300 0.119435 0.678427 0.625758 -0.376463 -0.269398 -0.187451 -0.355026 -0.490823 -0.547184 -0.397457 -0.213972 -0.365611 -0.582904 -0.595784 -0.678333 -0.282104 0.060808 0.689770 0.211422 0.033405 -0.167657 0.605292 0.149693 0.798773 0.097799 0.339185 -0.101021 -0.052579 0.062146 0.735618 -0.211155 0.837121 0.815549 0.822545 0.753481 0.381196 0.262956 0.675949 0.680936 0.565125 0.130337 0.688682 0.404113 0.703737 0.405077 0.671272 -0.405616 0.709611 0.489442 0.131769 -0.129507 -0.690954 -0.685792 -0.623762 -0.628215 0.555738 0.327677 0.760422 0.775208 -0.631566 -0.653658 -0.596402 -0.515775 0.207390 -0.173868 0.593993 0.720707 0.209363 0.612950 0.251195 0.382160 0.680932 -0.669072 -0.727201 0.240537 -0.356497 0.636585
0.480682 0.277544 0.648012 0.613598 0.663937 0.536285 0.710512 0.191406 0.624771 0.577852 0.623595 -0.082211 0.638874 0.363087 0.713321 0.019246 0.432458 0.262025 0.468845 0.686641 0.000000 0.787619 0.234628 0.497677 0.616583 0.584607 0.721835 0.695355 0.652172 0.163237 0.699178 0.710986 0.274375 0.177861 0.092238 0.063755 0.462139 0.256719 0.637905 0.200552 0.619321 0.617222 -0.526085 -0.459144 -0.345441 -0.549486 -0.608747 -0.615929 -0.532518 -0.348873 -0.498416 -0.631976 -0.692816 -0.733957 -0.375817 0.071908 0.425078 -0.048705 -0.141998 -0.304755 0.307732 -0.054838 0.538565 -0.124420 0.194105 -0.278492 -0.204754 -0.085415 0.527176 -0.385979 0.682946 0.714168 0.652736 0.437537 0.425963 0.289958 0.533133 0.602233 0.208329 -0.114334 0.369322 0.191704 0.569243 0.545375 0.323123 -0.461208 0.790863 0.650414 -0.214280 -0.205620 -0.658466 -0.607432 -0.569576 -0.566894 0.679613 0.305861 0.665691 0.704027 -0.601367 -0.606273 -0.524082 -0.269944 0.138041 0.063503 0.528197 0.757346 0.114471 0.667840 0.327034 0.420165 0.494555 -0.691383 -0.671091 0.060046 -0.529065 0.673078
0.538904 0.312493 0.707720 0.668437 0.798307 0.702247 0.759568 0.165057 0.753422 0.655792 0.709791 -0.128134 0.696850 0.480774 0.699033 -0.092148 0.441572 0.357870 0.538054 0.789097 0.787619 0.000000 0.286093 0.564303 0.769232 0.749633 0.808240 0.785876 0.665739 0.283016 0.811612 0.815307 0.330850 0.203837 0.098031 0.036509 0.471833 0.176405 0.727270 0.136067 0.693990 0.656781 -0.555644 -0.481772 -0.370044 -0.573613 -0.643466 -0.667179 -0.540521 -0.382987 -0.526800 -0.693137 -0.698071 -0.784016 -0.374780 0.052996 0.482431 -0.076340 -0.207951 -0.388510 0.335391 -0.111093 0.637815 -0.165002 0.178577 -0.323021 -0.273976 -0.147300 0.571209 -0.409232 0.789517 0.789828 0.756526 0.594637 0.372021 0.174903 0.568591 0.615695 0.381737 -0.082999 0.519687 0.225699 0.692147 0.449361 0.476923 -0.564816 0.799825 0.561764 -0.063266 -0.286994 -0.738831 -0.716474 -0.653479 -0.629372 0.580604 0.307077 0.668208 0.743655 -0.680879 -0.690232 -0.606089 -0.444097 0.198106 -0.102518 0.639546 0.766800 0.227671 0.705933 0.273292 0.292939 0.533736 -0.740280 -0.757714 0.099978 -0.522166 0.635696
0.645376 0.624492 0.631612 0.625565 0.221745 0.326890 0.510751 0.528247 0.160916 0.224486 0.534442 0.461271 0.625548 0.420628 0.199504 0.111824 0.576357 0.630225 0.655122 0.452401 0.234628 0.286093 0.000000 0.690665 0.213185 0.204262 0.166611 0.148478 0.552068 0.593276 0.424474 0.446995 0.640032 0.624076 0.556221 0.419309 0.473211 0.536552 0.335672 0.378463 0.361045 0.461207 0.169618 0.258422 0.368293 0.252158 0.087060 0.055630 0.198485 0.373758 0.213562 0.031524 -0.057571 -0.109664 0.199181 0.400292 0.590376 0.499962 0.480397 0.357717 0.565599 0.482927 0.525749 0.502403 0.554051 0.397466 0.468500 0.501294 0.590010 0.222064 0.447559 0.415813 0.460274 0.526036 0.348004 0.363861 0.449468 0.423766 0.457671 0.406280 0.515747 0.543511 0.392707 0.373592 0.477908 0.178994 0.312787 0.415950 0.287100 0.303123 -0.164256 -0.109561 -0.060832 -0.107785 0.291635 0.267562 0.483258 0.409137 -0.093555 -0.073770 -0.064333 0.006529 0.235042 0.162256 0.313532 0.361890 0.209765 0.194414 0.133735 0.330378 0.455481 -0.117906 -0.164132 0.466565 0.171487 0.351915
0.607307 0.562601 0.760740 0.682200 0.568989 0.534537 0.641061 0.400068 0.487824 0.536231 0.664726 0.259123 0.724122 0.688093 0.432870 -0.019647 0.526465 0.560575 0.608655 0.642517 0.497677 0.564303 0.690665 0.000000 0.551622 0.511976 0.451053 0.457453 0.638188 0.484636 0.672830 0.737759 0.587959 0.549642 0.457969 0.339115 0.559220 0.434871 0.531567 0.424006 0.567218 0.608517 -0.102646 -0.043331 0.138986 -0.062468 -0.195668 -0.218342 -0.044763 0.110098 -0.081572 -0.233831 -0.280405 -0.384785 0.056212 0.359358 0.543976 0.292668 0.146698 0.071771 0.481154 0.294178 0.632852 0.297659 0.459154 0.216231 0.210229 0.293873 0.566357 -0.051509 0.645849 0.658147 0.643175 0.643287 0.468073 0.329382 0.573078 0.577810 0.426911 0.165940 0.505816 0.513231 0.543597 0.446007 0.487843 -0.066338 0.557654 0.583133 0.224601 0.131542 -0.358797 -0.285119 -0.204153 -0.263228 0.448125 0.350422 0.636047 0.643426 -0.254385 -0.246298 -0.167374 -0.123508 0.441290 0.182138 0.500862 0.538903 0.307697 0.435518 0.166852 0.290721 0.574034 -0.328607 -0.378045 0.389718 -0.130795 0.564103
0.432144 0.187465 0.605277 0.513364 0.879011 0.818123 0.592376 -0.080201 0.825516 0.619170 0.645354 -0.299693 0.552620 0.544076 0.576742 -0.341198 0.343131 0.263873 0.444259 0.714402 0.616583 0.769232 0.213185 0.551622 0.000000 0.883340 0.804114 0.770153 0.540288 0.236185 0.815990 0.801047 0.260872 0.111335 -0.013220 -0.088421 0.389484 -0.006086 0.704399 0.066145 0.668320 0.492937 -0.509178 -0.471204 -0.314630 -0.514161 -0.584971 -0.598323 -0.433473 -0.378065 -0.472723 -0.602653 -0.578437 -0.660803 -0.336927 -0.025051 0.403797 -0.183201 -0.352329 -0.472630 0.233653 -0.214027 0.601474 -0.287512 0.053678 -0.332474 -0.386507 -0.306420 0.418387 -0.428440 0.744915 0.707765 0.713743 0.617492 0.150385 -0.058222 0.399334 0.425111 0.443512 -0.118741 0.508979 0.176259 0.669679 0.196984 0.492311 -0.566514 0.680217 0.336813 0.072112 -0.269246 -0.694173 -0.708623 -0.652606 -0.647024 0.433290 0.282664 0.564230 0.649757 -0.643279 -0.658024 -0.616307 -0.585222 0.174450 -0.253020 0.580408 0.603821 0.186576 0.577332 0.198256 0.185732 0.492280 -0.628752 -0.701460 0.109763 -0.478487 0.517197
0.447323 0.197968 0.572527 0.500939 0.871570 0.835762 0.564544 -0.080159 0.822557 0.611248 0.641068 -0.307336 0.534429 0.541032 0.567680 -0.339898 0.346182 0.272173 0.461507 0.706245 0.584607 0.749633 0.204262 0.511976 0.883340 0.000000 0.806885 0.776077 0.523247 0.245970 0.803736 0.774580 0.274134 0.123643 -0.019585 -0.094016 0.387772 -0.007594 0.706035 0.056187 0.656221 0.473212 -0.481469 -0.440823 -0.287706 -0.479055 -0.547745 -0.564212 -0.401359 -0.350591 -0.438257 -0.573675 -0.546533 -0.625051 -0.315871 -0.017875 0.431461 -0.162674 -0.321036 -0.444577 0.260699 -0.185997 0.601206 -0.275614 0.055222 -0.314405 -0.373776 -0.299502 0.417255 -0.394782 0.738676 0.694418 0.702601 0.623006 0.109920 -0.067132 0.395515 0.402590 0.464652 -0.077511 0.535228 0.189978 0.659217 0.164775 0.522515 -0.539743 0.654790 0.289556 0.119197 -0.240132 -0.681438 -0.702544 -0.653981 -0.645090 0.419898 0.279181 0.557182 0.622508 -0.635641 -0.650180 -0.627940 -0.603839 0.149306 -0.289792 0.557849 0.575317 0.153925 0.537555 0.193238 0.194993 0.494937 -0.608604 -0.690562 0.134124 -0.440333 0.491693
0.487875 0.232905 0.619739 0.573489 0.827382 0.736097 0.673580 0.027798 0.775825 0.648888 0.664154 -0.198965 0.609891 0.440563 0.714517 -0.096426 0.436449 0.284459 0.483256 0.734770 0.721835 0.808240 0.166611 0.451053 0.804114 0.806885 0.000000 0.854504 0.594078 0.187446 0.787188 0.761776 0.264972 0.114316 0.027378 0.003898 0.489033 0.101347 0.750353 0.084063 0.680491 0.553573 -0.577054 -0.496186 -0.395586 -0.587897 -0.652894 -0.670311 -0.567034 -0.446156 -0.551691 -0.692389 -0.699789 -0.752528 -0.438273 -0.002492 0.448956 -0.141459 -0.314131 -0.460759 0.260220 -0.206005 0.605782 -0.269444 0.146657 -0.371802 -0.355503 -0.255086 0.501812 -0.473840 0.761578 0.743787 0.716787 0.546986 0.212558 0.096705 0.469332 0.517928 0.317473 -0.096123 0.519938 0.199479 0.700245 0.380399 0.470734 -0.578353 0.760916 0.452123 -0.090580 -0.305283 -0.768116 -0.763330 -0.725781 -0.724955 0.518012 0.362077 0.602926 0.708339 -0.726922 -0.743942 -0.691982 -0.531880 0.076934 -0.186089 0.609070 0.716939 0.208773 0.685600 0.308318 0.201256 0.482916 -0.746825 -0.774094 0.029378 -0.560518 0.552545
0.485897 0.259097 0.613184 0.570030 0.811148 0.715286 0.685699 0.060106 0.768913 0.661121 0.662671 -0.135074 0.623786 0.444807 0.717239 -0.035936 0.425536 0.298329 0.461080 0.733665 0.695355 0.785876 0.148478 0.457453 0.770153 0.776077 0.854504 0.000000 0.584891 0.180455 0.764699 0.747948 0.294811 0.146430 0.065066 0.033749 0.481422 0.078766 0.719055 0.053974 0.671291 0.507904 -0.586287 -0.508941 -0.403625 -0.589183 -0.666798 -0.700533 -0.595891 -0.466431 -0.580152 -0.718296 -0.715143 -0.766615 -0.485010 -0.041979 0.444965 -0.108033 -0.315100 -0.460357 0.279077 -0.168432 0.630648 -0.227812 0.200573 -0.337756 -0.328964 -0.216504 0.495036 -0.483689 0.751053 0.745672 0.710597 0.540150 0.251751 0.129201 0.504007 0.538719 0.323742 -0.129352 0.491574 0.213024 0.657265 0.370283 0.483655 -0.567482 0.744822 0.471737 -0.088189 -0.302824 -0.772541 -0.766847 -0.731300 -0.738258 0.469636 0.363289 0.592467 0.738626 -0.732622 -0.754800 -0.679332 -0.538792 0.081266 -0.185768 0.571613 0.696528 0.232704 0.711391 0.243087 0.133229 0.457421 -0.768799 -0.793473 -0.025810 -0.580304 0.580927
0.717443 0.564176 0.737742 0.774436 0.561751 0.565637 0.755676 0.423932 0.532125 0.510274 0.745192 0.263249 0.778930 0.530614 0.637718 0.157310 0.761104 0.641911 0.717206 0.738587 0.652172 0.665739 0.552068 0.638188 0.540288 0.523247 0.594078 0.584891 0.000000 0.497237 0.713884 0.708095 0.536325 0.453320 0.306970 0.188833 0.637879 0.464046 0.672849 0.340044 0.705320 0.692191 -0.331351 -0.227757 -0.081962 -0.265157 -0.435790 -0.449980 -0.316892 -0.077782 -0.271909 -0.448430 -0.567757 -0.572015 -0.279370 0.216038 0.686489 0.259856 0.126299 -0.054664 0.530542 0.208764 0.763062 0.193328 0.418204 -0.026375 0.046023 0.146036 0.688827 -0.198417 0.676833 0.727624 0.772905 0.604147 0.375087 0.395514 0.587800 0.646405 0.505164 0.208038 0.633802 0.567374 0.733023 0.607112 0.476318 -0.177887 0.699314 0.665774 -0.073344 0.033454 -0.643069 -0.549697 -0.507273 -0.534484 0.529091 0.389788 0.669686 0.764868 -0.573028 -0.542612 -0.479929 -0.243225 0.052228 0.153510 0.588644 0.796974 0.283242 0.663053 0.250223 0.307103 0.542317 -0.599175 -0.593009 0.256997 -0.268291 0.679829
0.618643 0.676144 0.523977 0.576995 0.198806 0.364249 0.411457 0.578203 0.118416 0.103273 0.558786 0.475613 0.523738 0.499106 0.103556 -0.018730 0.507211 0.738283 0.674694 0.514008 0.163237 0.283016 0.593276 0.484636 0.236185 0.245970 0.187446 0.180455 0.497237 0.000000 0.422469 0.389469 0.601683 0.619568 0.420996 0.298874 0.373457 0.464292 0.358189 0.250748 0.293616 0.418363 0.229102 0.325889 0.359376 0.285848 0.152918 0.075512 0.197399 0.338512 0.262028 0.029922 0.035748 -0.072349 0.284403 0.260508 0.656772 0.568658 0.506817 0.367270 0.686477 0.472531 0.564974 0.533744 0.367828 0.333804 0.382659 0.400748 0.588050 0.397255 0.469848 0.363005 0.442163 0.641254 0.284968 0.231522 0.507545 0.426729 0.644144 0.515954 0.693152 0.526007 0.528027 0.231472 0.666860 0.134865 0.210755 0.145116 0.518239 0.193014 -0.110433 -0.134496 -0.087326 -0.109214 0.188072 0.161118 0.488700 0.354447 -0.054908 -0.096810 -0.077777 -0.167392 0.272950 -0.119074 0.343903 0.249807 0.166469 0.134336 0.073613 0.229899 0.520503 -0.065114 -0.151989 0.510322 0.261643 0.245705
0.657101 0.464921 0.783503 0.735640 0.815557 0.785651 0.760229 0.243256 0.750038 0.611606 0.783374 -0.047441 0.734350 0.620101 0.646346 -0.155844 0.536409 0.473159 0.667822 0.838784 0.699178 0.811612 0.424474 0.672830 0.815990 0.803736 0.787188 0.764699 0.713884 0.422469 0.000000 0.866196 0.500206 0.375074 0.193500 0.105876 0.502495 0.191337 0.738715 0.166152 0.701587 0.614548 -0.419288 -0.340475 -0.214550 -0.408036 -0.525348 -0.558025 -0.393394 -0.247641 -0.390586 -0.580693 -0.594083 -0.674316 -0.285540 0.075432 0.617670 0.084357 -0.102525 -0.259899 0.483301 0.041676 0.755247 -0.017720 0.258375 -0.166512 -0.150458 -0.050985 0.647901 -0.302028 0.825372 0.811566 0.818111 0.726963 0.311993 0.181957 0.582936 0.611065 0.520577 0.066683 0.645197 0.358690 0.723974 0.375886 0.601132 -0.437858 0.734223 0.489842 0.107344 -0.135340 -0.707835 -0.688229 -0.632352 -0.637532 0.525117 0.320953 0.708623 0.758471 -0.639601 -0.653010 -0.619392 -0.507127 0.194233 -0.153874 0.626638 0.719475 0.205321 0.620258 0.233556 0.323736 0.642999 -0.655409 -0.719225 0.239126 -0.381386 0.641055
0.612840 0.439519 0.783172 0.723783 0.815667 0.737626 0.769821 0.235648 0.758988 0.685951 0.764008 -0.014744 0.752886 0.650328 0.666653 -0.097561 0.515390 0.472254 0.622046 0.813953 0.710986 0.815307 0.446995 0.737759 0.801047 0.774580 0.761776 0.747948 0.708095 0.389469 0.866196 0.000000 0.473549 0.360985 0.218648 0.130053 0.554467 0.256491 0.741455 0.252726 0.729649 0.674432 -0.423143 -0.359331 -0.198209 -0.420485 -0.524417 -0.550930 -0.387130 -0.241684 -0.412676 -0.573882 -0.588713 -0.686163 -0.250323 0.158094 0.564892 0.056855 -0.123305 -0.265719 0.428473 0.036902 0.728992 -0.013004 0.256783 -0.160289 -0.142061 -0.029193 0.611808 -0.322375 0.812977 0.810384 0.797201 0.689750 0.413969 0.233534 0.606892 0.641918 0.454685 0.016501 0.587949 0.378150 0.710602 0.439633 0.536948 -0.425449 0.762568 0.574406 0.068798 -0.149755 -0.671496 -0.630042 -0.553779 -0.566327 0.561036 0.372328 0.722046 0.782713 -0.586411 -0.592020 -0.516826 -0.412843 0.304116 -0.034365 0.657404 0.733048 0.290602 0.649634 0.238746 0.304607 0.618884 -0.636380 -0.681787 0.244096 -0.400088 0.660402
0.760595 0.796915 0.606949 0.702952 0.270171 0.330082 0.550347 0.662376 0.258905 0.344641 0.584294 0.508173 0.640598 0.623881 0.352990 0.220985 0.590288 0.656079 0.748744 0.567458 0.274375 0.330850 0.640032 0.587959 0.260872 0.274134 0.264972 0.294811 0.536325 0.601683 0.500206 0.473549 0.000000 0.862074 0.675886 0.599697 0.419884 0.379421 0.361771 0.358737 0.297371 0.394620 0.233314 0.333309 0.330574 0.241851 0.089853 0.021429 0.102318 0.296469 0.136405 -0.050092 -0.134567 -0.154214 0.132642 0.360430 0.700934 0.670516 0.477699 0.424959 0.739604 0.625723 0.679364 0.631427 0.600552 0.480272 0.565707 0.624607 0.716536 0.096524 0.530368 0.571460 0.571915 0.652151 0.395485 0.492502 0.662715 0.638941 0.485031 0.542273 0.605376 0.668820 0.384393 0.343905 0.595332 0.233457 0.296707 0.336197 0.429186 0.460402 -0.264424 -0.209155 -0.194565 -0.232270 0.288607 0.191150 0.613459 0.539186 -0.182148 -0.208764 -0.193722 -0.196180 0.249653 0.043670 0.276038 0.383422 0.139227 0.248919 0.085231 0.349247 0.716607 -0.236685 -0.319356 0.513538 0.127234 0.374029
0.695288 0.809243 0.531733 0.629134 0.117373 0.190909 0.443148 0.712638 0.100495 0.245310 0.492300 0.580974 0.555467 0.590985 0.229496 0.253646 0.539036 0.642265 0.685519 0.465246 0.177861 0.203837 0.624076 0.549642 0.111335 0.123643 0.114316 0.146430 0.453320 0.619568 0.375074 0.360985 0.862074 0.000000 0.691975 0.628203 0.361344 0.426998 0.242867 0.404253 0.167927 0.345154 0.362087 0.452361 0.429488 0.372096 0.229410 0.169543 0.221516 0.403014 0.254005 0.095192 0.013380 -0.008323 0.258249 0.393255 0.660110 0.746959 0.577237 0.547058 0.738333 0.707166 0.587425 0.730333 0.587183 0.574759 0.665478 0.707809 0.652270 0.254074 0.414969 0.452216 0.449789 0.577796 0.396151 0.509851 0.613225 0.577349 0.442677 0.618535 0.545400 0.668900 0.284403 0.330258 0.518887 0.374854 0.173719 0.290247 0.457109 0.517057 -0.092156 -0.030109 -0.014136 -0.055837 0.233556 0.141599 0.542211 0.419805 -0.007483 -0.033806 -0.027582 -0.060182 0.289940 0.115700 0.199607 0.268123 0.108191 0.114808 0.068642 0.349511 0.663931 -0.066966 -0.146686 0.560714 0.262617 0.310453
0.480937 0.560827 0.435014 0.498455 0.016233 0.045751 0.391812 0.613405 0.008992 0.206552 0.326930 0.565135 0.478913 0.395064 0.200419 0.399442 0.391013 0.474022 0.478174 0.269449 0.092238 0.098031 0.556221 0.457969 -0.013220 -0.019585 0.027378 0.065066 0.306970 0.420996 0.193500 0.218648 0.675886 0.691975 0.000000 0.820054 0.357956 0.432575 0.168988 0.360095 0.080628 0.264428 0.368531 0.465551 0.405661 0.346167 0.224885 0.196834 0.201284 0.369656 0.228792 0.108836 0.006261 0.000372 0.236072 0.426908 0.372646 0.561188 0.467158 0.470865 0.495801 0.554419 0.375936 0.621947 0.705339 0.604583 0.733641 0.757169 0.513031 0.115382 0.318124 0.354313 0.321355 0.394035 0.426230 0.453770 0.517876 0.505316 0.263288 0.402479 0.390920 0.541133 0.174293 0.354821 0.424213 0.354746 0.139743 0.299632 0.333680 0.365269 -0.028889 0.035730 0.072863 0.017556 0.159450 0.220770 0.423547 0.359494 0.042072 0.022181 0.067665 0.025188 0.325880 0.149957 0.241905 0.227969 0.256875 0.140685 0.145658 0.181863 0.504576 -0.041062 -0.100123 0.465544 0.279749 0.189512
0.396403 0.490089 0.328215 0.393467 -0.048161 -0.059518 0.296208 0.547650 -0.039141 0.205372 0.209635 0.538527 0.377239 0.319675 0.202797 0.491922 0.329000 0.359779 0.362210 0.165247 0.063755 0.036509 0.419309 0.339115 -0.088421 -0.094016 0.003898 0.033749 0.188833 0.298874 0.105876 0.130053 0.599697 0.628203 0.820054 0.000000 0.293502 0.390330 0.096853 0.384319 -0.028233 0.199024 0.397263 0.484611 0.358695 0.335425 0.254565 0.240192 0.173937 0.326564 0.211269 0.130525 0.023528 0.039853 0.244719 0.413522 0.283072 0.541418 0.432493 0.476124 0.399406 0.492393 0.270075 0.584638 0.637405 0.584304 0.715852 0.747895 0.439303 0.078819 0.219445 0.281257 0.221085 0.267312 0.394751 0.450688 0.454194 0.459981 0.096111 0.411406 0.287475 0.468461 0.088352 0.376964 0.293306 0.393648 0.074087 0.269909 0.273766 0.379379 0.023948 0.096186 0.114811 0.063786 0.125762 0.185931 0.345512 0.278474 0.087032 0.061312 0.121031 0.079501 0.295941 0.186243 0.182570 0.173235 0.234976 0.099203 0.179498 0.144100 0.453702 -0.007201 -0.047382 0.433856 0.285619 0.117190
0.534069 0.442600 0.561683 0.577327 0.429807 0.396688 0.573745 0.347494 0.404126 0.479616 0.630358 0.368901 0.690743 0.524388 0.540427 0.290111 0.617200 0.569458 0.571054 0.520585 0.462139 0.471833 0.473211 0.559220 0.389484 0.387772 0.489033 0.481422 0.637879 0.373457 0.502495 0.554467 0.419884 0.361344 0.357956 0.293502 0.000000 0.693513 0.703258 0.501360 0.706100 0.703631 -0.201541 -0.093762 0.047121 -0.123181 -0.224374 -0.232154 -0.178843 0.003156 -0.150353 -0.278560 -0.355292 -0.385160 -0.059130 0.439765 0.512151 0.207232 0.076447 0.001288 0.367193 0.195056 0.580483 0.187562 0.441920 0.058481 0.107820 0.166695 0.501805 -0.158505 0.551871 0.571609 0.583509 0.480629 0.362955 0.385713 0.555090 0.552313 0.160757 0.193621 0.550302 0.634117 0.626912 0.656322 0.425073 -0.018691 0.576318 0.619453 -0.007474 0.025257 -0.418390 -0.334621 -0.276957 -0.356744 0.579881 0.706343 0.619928 0.672067 -0.344995 -0.335419 -0.231504 -0.061449 0.223585 0.277794 0.540362 0.617059 0.382384 0.511172 0.464952 0.237747 0.464282 -0.412417 -0.411031 0.287316 -0.183259 0.418082
