0.000000 0.462413 0.441345 0.382491 0.165473 0.147518 0.456045 0.445132 0.203458 0.087754 0.462573 0.450366 0.445748 0.411436 0.374191 0.282682 0.375554 0.320612 0.459468 0.469090 0.210002 0.232575 0.442883 0.357381 0.156746 0.173332 0.179283 0.187763 0.414244 0.418942 0.387047 0.373302 0.459368 0.444357 0.311959 0.332072 0.326215 0.308554 0.328600 0.307700 0.259912 0.259515 0.291863 0.292287 0.339494 0.333455 0.341475 0.362674 0.314127 0.330169 0.167528 0.275280 0.143543 0.202045 0.356343 0.353515 0.454952 0.458910 0.453838 0.451647 0.454246 0.445387 0.427751 0.420738 0.353455 0.386635 0.448232 0.440625 0.463508 0.448840 0.421834 0.377942 0.327524 0.348094 0.290175 0.299580 0.400328 0.390538 0.363375 0.357404 0.385252 0.415023 0.371540 0.267619 0.367578 0.375891 0.328189 0.198408 0.271186 0.272537 0.280321 0.321150 0.196735 0.298441 0.361916 0.341090 0.393505 0.400147 0.419657 0.421203 0.404048 0.309973 0.326059 0.252522 0.312944 0.361180 0.184619 0.164590 0.207132 0.386023 0.414104 0.421407 0.383793 0.379889 0.271629 0.261277
0.462413 0.000000 0.441526 0.421051 0.175346 0.163298 0.443939 0.462374 0.205941 0.094348 0.441339 0.446075 0.427669 0.397408 0.397029 0.322898 0.404145 0.295903 0.474579 0.465135 0.265187 0.286005 0.430297 0.382367 0.145093 0.171377 0.207450 0.228150 0.433849 0.424462 0.393677 0.366743 0.449340 0.433622 0.301937 0.357534 0.356204 0.330253 0.362914 0.355122 0.295200 0.294055 0.258808 0.252097 0.311751 0.316591 0.326725 0.363981 0.281500 0.296675 0.098324 0.241025 0.073634 0.181013 0.308574 0.395046 0.437521 0.480817 0.434566 0.451897 0.415939 0.463647 0.433587 0.438387 0.307384 0.371031 0.453350 0.440745 0.455457 0.430693 0.388731 0.391954 0.340001 0.322334 0.288693 0.304842 0.394077 0.414720 0.320409 0.352183 0.328261 0.428124 0.384146 0.317928 0.309870 0.413123 0.342577 0.270078 0.190881 0.339201 0.217310 0.307908 0.120829 0.316511 0.396581 0.361142 0.364245 0.406499 0.399971 0.441267 0.404764 0.375574 0.363635 0.323835 0.264039 0.363576 0.228781 0.232491 0.242352 0.357400 0.427694 0.397991 0.410578 0.343224 0.219030 0.237563
0.441345 0.441526 0.000000 0.457622 0.244598 0.209559 0.476677 0.450276 0.239978 0.079814 0.403817 0.405287 0.397278 0.351036 0.432660 0.328927 0.352024 0.230213 0.445649 0.423136 0.326087 0.340049 0.438120 0.449864 0.171441 0.180851 0.280933 0.294870 0.403984 0.405090 0.444037 0.379975 0.419282 0.392440 0.300491 0.313534 0.366110 0.340419 0.406840 0.385998 0.339608 0.301574 0.165962 0.161588 0.226983 0.234891 0.240102 0.277918 0.186289 0.215637 0.006301 0.143438 -0.021301 0.066454 0.234617 0.370050 0.369850 0.426860 0.387339 0.407049 0.372829 0.432083 0.374631 0.379847 0.298560 0.374180 0.432422 0.414054 0.405615 0.390404 0.368893 0.384492 0.342643 0.293880 0.287240 0.277993 0.352441 0.375197 0.245049 0.296600 0.273837 0.411406 0.407808 0.362201 0.272429 0.381765 0.395677 0.331462 0.140239 0.311742 0.144587 0.223254 0.051412 0.286854 0.414158 0.338278 0.329205 0.412036 0.352939 0.437544 0.413552 0.376252 0.401950 0.361332 0.216050 0.329022 0.307808 0.304843 0.255488 0.316928 0.416852 0.353426 0.416646 0.289202 0.135477 0.232152
0.382491 0.421051 0.457622 0.000000 0.240027 0.189696 0.433524 0.441798 0.217930 0.036518 0.358009 0.366396 0.351189 0.292397 0.442735 0.349335 0.350931 0.155833 0.422096 0.376579 0.357464 0.400711 0.393149 0.453277 0.107915 0.120146 0.279950 0.315994 0.383786 0.377814 0.421176 0.323513 0.376291 0.346788 0.256161 0.311588 0.359669 0.320272 0.427766 0.402345 0.348514 0.300848 0.103734 0.075766 0.172497 0.185879 0.178969 0.228298 0.117168 0.144551 -0.098633 0.080955 -0.126316 0.022561 0.141408 0.383027 0.297241 0.401173 0.328069 0.364032 0.295805 0.425782 0.347248 0.367974 0.231676 0.345954 0.398269 0.380960 0.352952 0.334822 0.298095 0.375569 0.340627 0.246171 0.252706 0.254218 0.321033 0.380035 0.152256 0.260115 0.183011 0.395459 0.401026 0.403641 0.176703 0.402193 0.399289 0.404408 0.026035 0.371474 0.062957 0.192328 -0.031072 0.303794 0.407931 0.318279 0.246047 0.386553 0.288258 0.421281 0.381128 0.424547 0.421700 0.430065 0.121924 0.296818 0.356840 0.381668 0.265454 0.235841 0.404778 0.291696 0.410230 0.209324 0.034724 0.180158
0.165473 0.175346 0.244598 0.240027 0.000000 0.411167 0.228438 0.237384 0.430893 0.243733 0.149986 0.159786 0.143207 0.183818 0.283422 0.273607 0.147348 0.064982 0.204363 0.135463 0.314497 0.273197 0.227539 0.280316 0.321653 0.332212 0.355308 0.307960 0.236926 0.209653 0.328349 0.305899 0.187491 0.177456 0.171007 0.146290 0.240274 0.156146 0.282400 0.270716 0.279718 0.205945 0.049935 0.049926 0.064160 0.106700 0.122073 0.154722 0.095995 0.079045 -0.032037 0.039471 -0.044723 0.028922 0.100763 0.205728 0.116331 0.169280 0.152901 0.172520 0.134858 0.189667 0.129174 0.160074 0.104426 0.136940 0.197460 0.187658 0.150922 0.158414 0.196059 0.261251 0.303456 0.151847 0.173045 0.135957 0.184656 0.203636 0.027350 0.122404 0.050586 0.208556 0.220006 0.273854 0.041199 0.221554 0.232748 0.231467 0.009793 0.226969 0.022628 0.063625 -0.025543 0.161439 0.297929 0.263288 0.142416 0.242652 0.107176 0.204927 0.175952 0.233396 0.205044 0.251118 0.050706 0.194828 0.219540 0.254725 0.174144 0.129538 0.203155 0.102483 0.203813 0.063620 -0.000035 0.095222
0.147518 0.163298 0.209559 0.189696 0.411167 0.000000 0.199972 0.199277 0.381612 0.370655 0.122961 0.158678 0.104257 0.193695 0.259779 0.295283 0.133616 0.080499 0.193659 0.116360 0.318158 0.229638 0.183956 0.245195 0.360792 0.382153 0.378743 0.332573 0.236425 0.210142 0.323984 0.313245 0.172706 0.161294 0.137798 0.135096 0.221673 0.176333 0.256833 0.277400 0.269281 0.208634 0.023602 0.037924 0.032949 0.087555 0.104099 0.139694 0.065141 0.050331 -0.048005 0.013422 -0.056121 0.009772 0.090004 0.207162 0.110999 0.156632 0.134430 0.147937 0.109203 0.168110 0.120579 0.147202 0.039428 0.092366 0.166797 0.160337 0.124994 0.123395 0.203936 0.256696 0.298283 0.171411 0.173084 0.164935 0.167035 0.189310 0.048956 0.150542 0.050396 0.206976 0.212473 0.255458 0.019747 0.205341 0.195445 0.228804 -0.022605 0.204720 -0.017925 0.033768 -0.064769 0.113652 0.274713 0.236712 0.135630 0.202938 0.078145 0.177421 0.157997 0.212101 0.193062 0.232239 0.051334 0.158758 0.228259 0.235242 0.154405 0.134225 0.178208 0.072536 0.163939 0.028761 -0.018257 0.121357
0.456045 0.443939 0.476677 0.433524 0.228438 0.199972 0.000000 0.450777 0.245464 0.079632 0.424075 0.428256 0.416850 0.374341 0.427665 0.320364 0.359707 0.275405 0.452673 0.433886 0.305638 0.315811 0.446608 0.429675 0.179290 0.190052 0.265552 0.273773 0.405577 0.415822 0.435283 0.386570 0.436157 0.412123 0.325909 0.345765 0.365433 0.348440 0.388451 0.370652 0.320059 0.311529 0.203277 0.198092 0.251985 0.263901 0.276431 0.305044 0.215951 0.242368 0.048224 0.165843 0.027595 0.099329 0.274830 0.369911 0.392473 0.429868 0.401177 0.409658 0.399993 0.435106 0.392494 0.402863 0.328703 0.379780 0.440370 0.421580 0.421278 0.407697 0.402400 0.397299 0.350959 0.330403 0.297983 0.305692 0.390439 0.398281 0.280802 0.317148 0.311337 0.416559 0.395053 0.334879 0.303007 0.374415 0.382262 0.293590 0.192823 0.296586 0.182294 0.243995 0.091482 0.278389 0.406192 0.339040 0.350563 0.407655 0.371335 0.434315 0.417435 0.356847 0.387926 0.331219 0.244216 0.334771 0.284526 0.268842 0.234419 0.339807 0.423722 0.363873 0.406311 0.313414 0.170263 0.237856
0.445132 0.462374 0.450276 0.441798 0.237384 0.199277 0.450777 0.000000 0.258842 0.115034 0.432895 0.438798 0.432492 0.407340 0.425075 0.366895 0.403075 0.265572 0.460703 0.447396 0.300440 0.327742 0.444347 0.413777 0.171681 0.194725 0.237313 0.255495 0.435815 0.422590 0.415286 0.387065 0.443966 0.437940 0.319138 0.372966 0.378161 0.338798 0.394911 0.388669 0.326804 0.324242 0.263622 0.238614 0.310532 0.327010 0.321803 0.355386 0.277720 0.295258 0.086386 0.239162 0.057608 0.185607 0.298457 0.419543 0.394519 0.453232 0.425193 0.439497 0.402474 0.472530 0.418275 0.432767 0.322257 0.396080 0.458618 0.447210 0.436742 0.420549 0.393690 0.428407 0.383176 0.332704 0.293336 0.291989 0.411294 0.437246 0.291042 0.352947 0.308334 0.438232 0.401303 0.365915 0.299899 0.438459 0.353277 0.304112 0.179441 0.376042 0.216299 0.313373 0.124530 0.345215 0.399679 0.367945 0.346796 0.412884 0.370513 0.433523 0.390646 0.397434 0.365137 0.349311 0.238420 0.365047 0.252858 0.268599 0.241948 0.348958 0.430937 0.377436 0.404429 0.317603 0.194195 0.235173
0.203458 0.205941 0.239978 0.217930 0.430893 0.381612 0.245464 0.258842 0.000000 0.215540 0.202081 0.229031 0.212331 0.251054 0.298710 0.257772 0.212594 0.178071 0.239651 0.187249 0.302557 0.220875 0.258362 0.270979 0.393923 0.397891 0.293252 0.261597 0.298687 0.258283 0.317918 0.365209 0.238268 0.241940 0.213441 0.202596 0.273425 0.212783 0.246356 0.269113 0.285071 0.250828 0.145554 0.137928 0.149277 0.199282 0.212623 0.240083 0.178456 0.163986 0.061422 0.125028 0.057938 0.142644 0.178397 0.243975 0.175835 0.210251 0.202646 0.212555 0.201960 0.213736 0.192320 0.231815 0.153621 0.140163 0.238488 0.223366 0.204426 0.219276 0.237348 0.309007 0.353305 0.218586 0.186263 0.177432 0.240371 0.251017 0.107878 0.183737 0.125619 0.251994 0.226123 0.260782 0.109671 0.249996 0.160092 0.180627 0.070592 0.233434 0.110193 0.142438 0.059819 0.201517 0.272228 0.273321 0.186788 0.244930 0.141583 0.215120 0.178405 0.227954 0.186334 0.226203 0.084960 0.217576 0.186748 0.211769 0.154667 0.179811 0.228039 0.134322 0.187047 0.101881 0.073629 0.121713
0.087754 0.094348 0.079814 0.036518 0.243733 0.370655 0.079632 0.115034 0.215540 0.000000 0.081293 0.092214 0.074262 0.187684 0.099745 0.244961 0.075589 0.044021 0.113906 0.065473 0.141103 0.051629 0.102105 0.074007 0.260779 0.293890 0.239186 0.179312 0.141379 0.116663 0.164683 0.194491 0.098866 0.099560 0.071849 0.063334 0.103667 0.078703 0.102866 0.144098 0.118634 0.085879 0.090390 0.106602 0.080543 0.107646 0.113548 0.132442 0.116022 0.112126 0.077851 0.108839 0.061272 0.101889 0.115949 0.137262 0.094506 0.098162 0.121884 0.126621 0.087037 0.106724 0.071662 0.055010 0.036068 0.058304 0.106308 0.105417 0.083924 0.069439 0.153641 0.144677 0.143253 0.100639 0.080877 0.091239 0.097103 0.097132 0.095808 0.137489 0.060117 0.110222 0.104141 0.110459 0.059067 0.143534 0.062788 0.072943 0.036825 0.132694 0.051678 0.089894 0.029927 0.103056 0.140801 0.154888 0.126280 0.114261 0.074289 0.087838 0.056701 0.121178 0.047608 0.076852 0.101872 0.124998 0.032022 0.044618 0.083268 0.148103 0.093304 0.085406 0.078349 0.077405 0.088848 0.129486
0.462573 0.441339 0.403817 0.358009 0.149986 0.122961 0.424075 0.432895 0.202081 0.081293 0.000000 0.447020 0.467778 0.427202 0.366402 0.311188 0.399722 0.333991 0.443679 0.450523 0.178366 0.215933 0.432023 0.327302 0.142535 0.154301 0.157149 0.170657 0.428416 0.427745 0.362155 0.364458 0.459421 0.450134 0.321011 0.336837 0.323689 0.280474 0.310321 0.295088 0.251542 0.229283 0.330520 0.308340 0.371041 0.364270 0.344246 0.370533 0.331622 0.348723 0.194742 0.307542 0.170347 0.259110 0.362189 0.364628 0.449002 0.447130 0.443288 0.438658 0.452284 0.436372 0.449918 0.422959 0.372629 0.384071 0.444358 0.441016 0.449643 0.435011 0.419788 0.388965 0.333086 0.338176 0.297473 0.305935 0.405360 0.396431 0.375392 0.401984 0.402841 0.432571 0.357473 0.268261 0.382183 0.404708 0.303536 0.182045 0.281403 0.308170 0.317198 0.363214 0.235158 0.334691 0.334067 0.350833 0.410632 0.410450 0.426906 0.414285 0.362953 0.315696 0.279995 0.233634 0.334336 0.398152 0.151243 0.142526 0.165908 0.412256 0.423128 0.434706 0.354211 0.382663 0.291015 0.283233
0.450366 0.446075 0.405287 0.366396 0.159786 0.158678 0.428256 0.438798 0.229031 0.092214 0.447020 0.000000 0.439588 0.439895 0.380792 0.302292 0.425810 0.381301 0.452065 0.451965 0.242105 0.224502 0.432190 0.360420 0.197441 0.208131 0.180218 0.192525 0.435820 0.448943 0.382735 0.390847 0.452723 0.445308 0.325756 0.374285 0.355557 0.354505 0.314748 0.341793 0.295847 0.317955 0.317229 0.297129 0.358781 0.371164 0.357752 0.385146 0.316659 0.332611 0.159296 0.277132 0.139176 0.223530 0.345562 0.397158 0.428631 0.441304 0.425944 0.431397 0.421411 0.439639 0.444672 0.447456 0.332707 0.372585 0.445455 0.438713 0.440881 0.424973 0.405849 0.392580 0.369629 0.373703 0.302570 0.305647 0.425198 0.426810 0.363955 0.393805 0.380703 0.437917 0.356103 0.287022 0.352855 0.392082 0.282606 0.213766 0.232878 0.297120 0.264127 0.309261 0.173990 0.289234 0.342423 0.323312 0.378726 0.384045 0.389224 0.410803 0.391096 0.332681 0.327715 0.272530 0.289280 0.352110 0.213482 0.191766 0.170599 0.374356 0.421266 0.381756 0.368304 0.333634 0.229824 0.260657
0.445748 0.427669 0.397278 0.351189 0.143207 0.104257 0.416850 0.432492 0.212331 0.074262 0.467778 0.439588 0.000000 0.433963 0.368613 0.302743 0.410520 0.337302 0.427141 0.448979 0.184202 0.208688 0.446234 0.340716 0.160422 0.169307 0.137144 0.150795 0.417012 0.415149 0.344625 0.366159 0.451659 0.451564 0.355172 0.357668 0.333881 0.302180 0.299612 0.300293 0.254867 0.254423 0.341942 0.308199 0.377868 0.365256 0.348454 0.367219 0.331831 0.356710 0.204647 0.317631 0.178499 0.269371 0.357181 0.366258 0.433198 0.438747 0.436817 0.432897 0.450671 0.435321 0.440903 0.413388 0.414111 0.409561 0.455588 0.446856 0.442544 0.437092 0.408524 0.388053 0.328134 0.345377 0.275342 0.279373 0.402847 0.398323 0.367682 0.387521 0.390322 0.428353 0.344029 0.268560 0.400463 0.405089 0.285541 0.179871 0.292225 0.306908 0.325422 0.375207 0.250839 0.356044 0.309204 0.319826 0.395222 0.397856 0.410968 0.400782 0.348644 0.317619 0.268437 0.229681 0.315417 0.387115 0.136512 0.136463 0.157360 0.398611 0.408738 0.420293 0.348837 0.383449 0.298089 0.248445
0.411436 0.397408 0.351036 0.292397 0.183818 0.193695 0.374341 0.407340 0.251054 0.187684 0.427202 0.439895 0.433963 0.000000 0.351512 0.326118 0.389027 0.359010 0.400749 0.414195 0.204404 0.180975 0.411739 0.312678 0.241740 0.259242 0.171014 0.166327 0.414491 0.412704 0.349811 0.403605 0.424522 0.424952 0.329336 0.341169 0.317384 0.306633 0.284311 0.299465 0.264992 0.267576 0.351389 0.330048 0.375940 0.385435 0.365864 0.385416 0.351757 0.365431 0.228802 0.323528 0.205903 0.282933 0.381672 0.369266 0.406141 0.404117 0.412530 0.410160 0.415303 0.404603 0.410361 0.400540 0.347609 0.357832 0.419901 0.417871 0.411237 0.396600 0.405799 0.390308 0.356102 0.346213 0.284669 0.261692 0.397176 0.391167 0.367944 0.400471 0.380932 0.416548 0.335988 0.265465 0.367885 0.386323 0.256471 0.164372 0.287532 0.298097 0.320474 0.357173 0.251199 0.319719 0.292632 0.317823 0.377942 0.360813 0.369686 0.359810 0.317063 0.291087 0.233665 0.199908 0.310653 0.359801 0.134604 0.116874 0.145650 0.399348 0.382654 0.380079 0.299208 0.325688 0.284081 0.263756
0.374191 0.397029 0.432660 0.442735 0.283422 0.259779 0.427665 0.425075 0.298710 0.099745 0.366402 0.380792 0.368613 0.351512 0.000000 0.393976 0.357934 0.205208 0.407689 0.359495 0.402947 0.403183 0.394341 0.444064 0.207367 0.219283 0.319939 0.349314 0.409989 0.396867 0.435872 0.379471 0.380714 0.354301 0.294914 0.338174 0.387184 0.351985 0.448874 0.424946 0.387320 0.336127 0.152509 0.119195 0.192688 0.226495 0.223444 0.264968 0.147867 0.171835 -0.056043 0.102814 -0.072151 0.073231 0.200444 0.408117 0.294039 0.384893 0.320132 0.353576 0.302091 0.409739 0.347518 0.369704 0.251405 0.327912 0.395369 0.376826 0.335748 0.326504 0.343821 0.429547 0.402761 0.297918 0.260468 0.265314 0.360117 0.409420 0.177682 0.302576 0.213453 0.418101 0.427927 0.425987 0.199798 0.418051 0.400465 0.399332 0.085237 0.392261 0.103980 0.221778 0.019787 0.326177 0.404221 0.329980 0.262106 0.388462 0.280820 0.403035 0.355224 0.415576 0.387414 0.407993 0.130217 0.299408 0.358323 0.368056 0.239109 0.265161 0.412355 0.283758 0.376420 0.189808 0.057590 0.179767
0.282682 0.322898 0.328927 0.349335 0.273607 0.295283 0.320364 0.366895 0.257772 0.244961 0.311188 0.302292 0.302743 0.326118 0.393976 0.000000 0.308789 0.125777 0.340116 0.274743 0.325323 0.337935 0.327615 0.337791 0.180835 0.192880 0.310943 0.329187 0.363716 0.324908 0.364093 0.322643 0.320024 0.305446 0.255100 0.288814 0.327544 0.250677 0.385498 0.368467 0.321299 0.246483 0.168636 0.123880 0.199938 0.227955 0.194689 0.240062 0.157385 0.182520 -0.009170 0.144893 -0.036868 0.140003 0.179208 0.383416 0.245026 0.324667 0.273104 0.304102 0.247477 0.356684 0.301292 0.287372 0.220135 0.303044 0.343395 0.339551 0.280306 0.259302 0.291134 0.376542 0.340445 0.203687 0.268252 0.235151 0.298409 0.347485 0.164870 0.308841 0.173633 0.363711 0.354383 0.385645 0.166409 0.419407 0.327140 0.339390 0.068204 0.415503 0.115208 0.252565 0.038055 0.336231 0.339757 0.330848 0.258690 0.352071 0.243668 0.341525 0.235904 0.388298 0.267477 0.333822 0.161703 0.332230 0.239846 0.281586 0.181670 0.285954 0.350648 0.273269 0.295824 0.187372 0.099805 0.228968
0.375554 0.404145 0.352024 0.350931 0.147348 0.133616 0.359707 0.403075 0.212594 0.075589 0.399722 0.425810 0.410520 0.389027 0.357934 0.308789 0.000000 0.355209 0.403136 0.406742 0.242182 0.245930 0.380282 0.337320 0.174274 0.176082 0.132607 0.158180 0.440140 0.445704 0.332866 0.347525 0.393172 0.402786 0.290673 0.340556 0.391152 0.364640 0.284621 0.361525 0.337467 0.321175 0.273938 0.225681 0.324879 0.328087 0.289629 0.332825 0.262193 0.267798 0.102295 0.245732 0.075588 0.205555 0.272536 0.379733 0.381459 0.406838 0.369442 0.370837 0.347205 0.391907 0.450330 0.409685 0.297988 0.349071 0.412779 0.411906 0.395564 0.387644 0.318633 0.352015 0.347425 0.328895 0.268340 0.275459 0.392035 0.414421 0.327224 0.399620 0.336534 0.445152 0.335506 0.323757 0.322925 0.407920 0.251355 0.244930 0.163053 0.332706 0.208719 0.275440 0.123918 0.289233 0.308495 0.283365 0.334360 0.391973 0.346065 0.390996 0.343205 0.353017 0.304764 0.298028 0.247194 0.341460 0.199798 0.215584 0.121202 0.330646 0.404580 0.340736 0.342468 0.280838 0.163656 0.216011
0.320612 0.295903 0.230213 0.155833 0.064982 0.080499 0.275405 0.265572 0.178071 0.044021 0.333991 0.381301 0.337302 0.359010 0.205208 0.125777 0.355209 0.000000 0.304849 0.343767 0.077462 0.026355 0.311835 0.197601 0.226874 0.214033 0.040716 0.028560 0.316244 0.365476 0.236737 0.316629 0.349044 0.364454 0.286234 0.297166 0.233378 0.274238 0.110409 0.179688 0.164149 0.253401 0.306054 0.294714 0.328768 0.329364 0.307411 0.313414 0.291312 0.296573 0.241196 0.252808 0.239802 0.223817 0.317126 0.225823 0.371551 0.312729 0.302294 0.285095 0.344625 0.255499 0.381056 0.372447 0.287353 0.250586 0.313686 0.316924 0.342813 0.340206 0.326817 0.251375 0.257690 0.336936 0.267606 0.244795 0.344420 0.309706 0.369371 0.347704 0.384894 0.334579 0.172846 0.098922 0.340576 0.216475 0.095012 0.008601 0.276766 0.103413 0.276984 0.221440 0.221430 0.133040 0.178081 0.193416 0.325830 0.246716 0.297336 0.242404 0.248618 0.130941 0.137133 0.062647 0.285750 0.249926 0.049261 0.007408 0.026542 0.325197 0.265024 0.277091 0.184351 0.257375 0.223304 0.177388
0.459468 0.474579 0.445649 0.422096 0.204363 0.193659 0.452673 0.460703 0.239651 0.113906 0.443679 0.452065 0.427141 0.400749 0.407689 0.340116 0.403136 0.304849 0.000000 0.458040 0.273662 0.281697 0.445908 0.391554 0.183400 0.200903 0.224993 0.232941 0.433254 0.427630 0.409825 0.382872 0.454267 0.434895 0.318783 0.368675 0.373677 0.347190 0.359867 0.363678 0.311175 0.308909 0.261124 0.249039 0.310082 0.319932 0.327270 0.362090 0.279475 0.297463 0.097407 0.238634 0.075203 0.182860 0.301768 0.398508 0.427763 0.465431 0.426952 0.443634 0.409504 0.456205 0.434688 0.436004 0.317758 0.372939 0.459118 0.442810 0.454573 0.430322 0.400728 0.398096 0.358997 0.331420 0.316793 0.315959 0.395010 0.413524 0.311633 0.344170 0.325893 0.428712 0.384425 0.318513 0.312135 0.411606 0.330973 0.269647 0.184176 0.334960 0.219615 0.302842 0.121209 0.319955 0.400042 0.365816 0.365372 0.410984 0.391256 0.444173 0.402347 0.381349 0.367462 0.329497 0.270981 0.368681 0.234275 0.239662 0.245683 0.362026 0.432388 0.388323 0.404514 0.339463 0.211093 0.250164
0.469090 0.465135 0.423136 0.376579 0.135463 0.116360 0.433886 0.447396 0.187249 0.065473 0.450523 0.451965 0.448979 0.414195 0.359495 0.274743 0.406742 0.343767 0.458040 0.000000 0.199974 0.222389 0.435369 0.353323 0.145355 0.167335 0.147524 0.155612 0.417142 0.417405 0.357560 0.369593 0.453322 0.456421 0.321358 0.355444 0.340825 0.328985 0.313284 0.316705 0.258044 0.287528 0.302154 0.295322 0.358430 0.347700 0.352290 0.372969 0.324111 0.335546 0.174661 0.283395 0.148885 0.214517 0.354656 0.359777 0.454203 0.463461 0.455447 0.447795 0.441883 0.442959 0.447565 0.434648 0.354281 0.388790 0.461701 0.455389 0.473251 0.467395 0.402829 0.376123 0.324584 0.352390 0.285657 0.292287 0.404494 0.402609 0.365659 0.360404 0.382672 0.419622 0.359516 0.267501 0.373702 0.383509 0.310387 0.195747 0.270116 0.282094 0.275135 0.321380 0.190240 0.294802 0.351378 0.332707 0.385607 0.386174 0.412034 0.413351 0.389193 0.314441 0.314623 0.248578 0.309144 0.356534 0.162497 0.151682 0.208616 0.381794 0.399086 0.412146 0.385316 0.382560 0.274064 0.235829
0.210002 0.265187 0.326087 0.357464 0.314497 0.318158 0.305638 0.300440 0.302557 0.141103 0.178366 0.242105 0.184202 0.204404 0.402947 0.325323 0.242182 0.077462 0.273662 0.199974 0.000000 0.408210 0.248171 0.388532 0.241864 0.259311 0.385099 0.408876 0.308434 0.278944 0.370797 0.308598 0.209007 0.192977 0.169823 0.239162 0.333353 0.322702 0.400214 0.413717 0.392249 0.335036 0.001385 -0.015384 0.022017 0.075933 0.099983 0.140285 -0.007833 0.009920 -0.185927 -0.051572 -0.189895 -0.064243 0.056286 0.336205 0.126200 0.241511 0.167882 0.214252 0.123961 0.275016 0.191119 0.225364 0.082798 0.181994 0.253321 0.227782 0.177168 0.174766 0.200566 0.326120 0.334336 0.204455 0.154145 0.205075 0.235580 0.300825 0.039357 0.170061 0.046004 0.290001 0.352950 0.415703 0.041125 0.297509 0.329181 0.417809 -0.066317 0.318631 -0.074917 0.063592 -0.146052 0.208408 0.346783 0.231454 0.111202 0.262241 0.113836 0.288351 0.261995 0.366563 0.353311 0.401257 -0.028264 0.146643 0.404088 0.407156 0.215430 0.097637 0.290168 0.112254 0.296647 0.014196 -0.098157 0.106242
0.232575 0.286005 0.340049 0.400711 0.273197 0.229638 0.315811 0.327742 0.220875 0.051629 0.215933 0.224502 0.208688 0.180975 0.403183 0.337935 0.245930 0.026355 0.281697 0.222389 0.408210 0.000000 0.250926 0.375585 0.081409 0.103678 0.311887 0.358603 0.295695 0.267160 0.354503 0.243026 0.231213 0.208779 0.157186 0.224678 0.313993 0.255243 0.421842 0.391518 0.346283 0.276934 -0.008645 -0.038018 0.032365 0.065519 0.069826 0.110176 -0.010957 -0.001027 -0.200933 -0.049767 -0.216983 -0.074742 0.048841 0.315543 0.142007 0.268530 0.179079 0.218980 0.132863 0.304907 0.212365 0.247069 0.100052 0.228673 0.267455 0.254689 0.199622 0.195324 0.184374 0.324810 0.314384 0.183235 0.160760 0.213285 0.240355 0.315156 0.014006 0.159375 0.049039 0.300135 0.374336 0.421835 0.043966 0.327770 0.402118 0.435602 -0.035096 0.361068 -0.069160 0.083898 -0.131728 0.224265 0.326817 0.235152 0.100561 0.295077 0.146507 0.306277 0.259321 0.364796 0.341403 0.401425 -0.026534 0.179442 0.356979 0.393771 0.232118 0.104257 0.306695 0.155850 0.308217 0.050959 -0.089868 0.065883
0.442883 0.430297 0.438120 0.393149 0.227539 0.183956 0.446608 0.444347 0.258362 0.102105 0.432023 0.432190 0.446234 0.411739 0.394341 0.327615 0.380282 0.311835 0.445908 0.435369 0.248171 0.250926 0.000000 0.405894 0.224002 0.218341 0.197472 0.196761 0.407648 0.416340 0.409232 0.397202 0.457132 0.441383 0.397113 0.373527 0.365059 0.342683 0.346285 0.340093 0.310174 0.316740 0.288951 0.267627 0.325525 0.319001 0.320581 0.342883 0.288559 0.320201 0.154375 0.264323 0.124299 0.201804 0.317009 0.360708 0.412510 0.437432 0.413134 0.422184 0.426719 0.433750 0.412246 0.402939 0.400984 0.425619 0.461048 0.448317 0.440358 0.428591 0.414711 0.382392 0.345500 0.328316 0.320956 0.259448 0.391438 0.387016 0.323947 0.341841 0.349075 0.421389 0.368391 0.306851 0.361690 0.391092 0.313082 0.226123 0.243286 0.294292 0.275832 0.321317 0.196836 0.334182 0.359915 0.349212 0.379382 0.400644 0.377681 0.406265 0.362582 0.334735 0.307394 0.268321 0.293959 0.370837 0.197921 0.195438 0.217205 0.374410 0.400808 0.393687 0.363099 0.342662 0.246401 0.258199
0.357381 0.382367 0.449864 0.453277 0.280316 0.245195 0.429675 0.413777 0.270979 0.074007 0.327302 0.360420 0.340716 0.312678 0.444064 0.337791 0.337320 0.197601 0.391554 0.353323 0.388532 0.375585 0.405894 0.000000 0.211328 0.217323 0.318228 0.333629 0.373541 0.376963 0.439872 0.380497 0.367623 0.346412 0.313897 0.322442 0.359487 0.346256 0.416778 0.404196 0.373820 0.339767 0.085759 0.061464 0.143173 0.159914 0.159866 0.199600 0.089302 0.124751 -0.095820 0.048983 -0.122013 -0.007350 0.131817 0.360256 0.276678 0.368662 0.296504 0.325278 0.285299 0.392642 0.326373 0.345482 0.255171 0.353242 0.389939 0.366082 0.325029 0.320609 0.298195 0.372952 0.350922 0.258798 0.252924 0.246709 0.311512 0.359886 0.146025 0.255852 0.175040 0.388651 0.378532 0.394139 0.184277 0.367583 0.382543 0.391224 0.033497 0.324641 0.047875 0.147665 -0.039413 0.263891 0.397430 0.299531 0.245632 0.363785 0.247345 0.381648 0.361573 0.388450 0.398539 0.401329 0.119801 0.272944 0.376420 0.376761 0.242207 0.230815 0.373822 0.254355 0.376609 0.173402 0.021753 0.182491
0.156746 0.145093 0.171441 0.107915 0.321653 0.360792 0.179290 0.171681 0.393923 0.260779 0.142535 0.197441 0.160422 0.241740 0.207367 0.180835 0.174274 0.226874 0.183400 0.145355 0.241864 0.081409 0.224002 0.211328 0.000000 0.470802 0.247941 0.190022 0.247308 0.240567 0.278508 0.365575 0.191437 0.203958 0.212017 0.160362 0.233555 0.241767 0.143836 0.216119 0.260798 0.253231 0.157424 0.164637 0.133252 0.177343 0.199302 0.213868 0.164841 0.154747 0.115952 0.128441 0.118431 0.142083 0.180578 0.179374 0.160845 0.155404 0.165622 0.168652 0.181296 0.137026 0.154597 0.170500 0.137827 0.105439 0.184842 0.175475 0.169001 0.183024 0.230614 0.222495 0.267905 0.215205 0.188058 0.127836 0.180702 0.168638 0.162755 0.177220 0.157554 0.206511 0.165963 0.174218 0.147629 0.157658 0.046450 0.076591 0.084664 0.108900 0.125294 0.112459 0.086529 0.126224 0.188534 0.193682 0.182266 0.172614 0.101238 0.138987 0.126402 0.136279 0.111127 0.115079 0.117771 0.144771 0.125973 0.108476 0.062417 0.182636 0.145690 0.107446 0.103501 0.066466 0.089513 0.145673
0.173332 0.171377 0.180851 0.120146 0.332212 0.382153 0.190052 0.194725 0.397891 0.293890 0.154301 0.208131 0.169307 0.259242 0.219283 0.192880 0.176082 0.214033 0.200903 0.167335 0.259311 0.103678 0.218341 0.217323 0.470802 0.000000 0.280256 0.219655 0.254496 0.237721 0.284660 0.376907 0.204782 0.221254 0.202718 0.179742 0.226661 0.234450 0.167558 0.230248 0.250645 0.253751 0.155408 0.169663 0.131658 0.181928 0.217877 0.230589 0.173407 0.157620 0.106442 0.130982 0.109692 0.143818 0.195272 0.200756 0.172460 0.176200 0.188211 0.187215 0.192079 0.166004 0.164668 0.189365 0.126690 0.106146 0.198280 0.185256 0.181405 0.193680 0.246372 0.257090 0.283845 0.235381 0.162904 0.150626 0.198080 0.195929 0.162260 0.180675 0.149569 0.210013 0.171611 0.175606 0.135898 0.177061 0.077813 0.097213 0.089042 0.138204 0.111565 0.118439 0.072852 0.127905 0.211439 0.207069 0.178640 0.176759 0.109927 0.150444 0.143358 0.155305 0.132370 0.135494 0.107407 0.151730 0.136940 0.121150 0.094035 0.177473 0.158489 0.107945 0.125130 0.081743 0.096030 0.122801
0.179283 0.207450 0.280933 0.279950 0.355308 0.378743 0.265552 0.237313 0.293252 0.239186 0.157149 0.180218 0.137144 0.171014 0.319939 0.310943 0.132607 0.040716 0.224993 0.147524 0.385099 0.311887 0.197472 0.318228 0.247941 0.280256 0.000000 0.455127 0.227299 0.222672 0.359263 0.296254 0.183807 0.159913 0.118971 0.142922 0.188040 0.157067 0.340471 0.309122 0.253501 0.170769 -0.041180 -0.036997 -0.014997 0.031052 0.038954 0.079473 -0.020190 -0.005864 -0.160427 -0.063188 -0.170754 -0.084891 0.033827 0.254668 0.115051 0.192749 0.135749 0.176459 0.122853 0.219114 0.133847 0.158320 0.060541 0.132304 0.186794 0.163419 0.136959 0.127416 0.203458 0.283577 0.252296 0.157523 0.154458 0.211391 0.156020 0.212564 0.024226 0.152241 0.033421 0.222339 0.239442 0.296691 0.002414 0.226324 0.318627 0.326897 -0.042443 0.247624 -0.074355 0.036540 -0.133943 0.152771 0.312578 0.219723 0.123538 0.218552 0.091413 0.226362 0.199830 0.278156 0.257798 0.299611 0.008342 0.161367 0.321221 0.318670 0.157723 0.108060 0.220223 0.088756 0.227232 0.024394 -0.066786 0.138313
0.187763 0.228150 0.294870 0.315994 0.307960 0.332573 0.273773 0.255495 0.261597 0.179312 0.170657 0.192525 0.150795 0.166327 0.349314 0.329187 0.158180 0.028560 0.232941 0.155612 0.408876 0.358603 0.196761 0.333629 0.190022 0.219655 0.455127 0.000000 0.250040 0.235726 0.355067 0.273519 0.191868 0.161830 0.120793 0.159582 0.204892 0.169168 0.373615 0.342640 0.275796 0.181105 -0.047154 -0.058652 -0.006707 0.034636 0.024998 0.075324 -0.038813 -0.017434 -0.197822 -0.074133 -0.212030 -0.093140 0.018677 0.289798 0.111595 0.214072 0.135170 0.185674 0.122404 0.243255 0.148564 0.179162 0.056737 0.142887 0.198013 0.172096 0.140824 0.124315 0.192561 0.297273 0.260294 0.149845 0.150835 0.216026 0.167244 0.239213 0.020036 0.164695 0.026510 0.244901 0.276026 0.340667 -0.008800 0.262156 0.345870 0.380876 -0.068251 0.292921 -0.093072 0.046602 -0.161167 0.180221 0.319121 0.210743 0.113035 0.228674 0.099669 0.249940 0.216800 0.322294 0.290280 0.346384 -0.007775 0.171955 0.361325 0.362330 0.146159 0.097870 0.252731 0.100778 0.249383 0.022076 -0.092702 0.138179
0.414244 0.433849 0.403984 0.383786 0.236926 0.236425 0.405577 0.435815 0.298687 0.141379 0.428416 0.435820 0.417012 0.414491 0.409989 0.363716 0.440140 0.316244 0.433254 0.417142 0.308434 0.295695 0.407648 0.373541 0.247308 0.254496 0.227299 0.250040 0.000000 0.456495 0.405895 0.414643 0.421272 0.421653 0.297889 0.332294 0.406976 0.364077 0.357580 0.390392 0.377191 0.333176 0.269679 0.244593 0.310794 0.326331 0.309576 0.354669 0.271015 0.280533 0.105614 0.245890 0.081937 0.214112 0.307992 0.407221 0.400348 0.435297 0.402377 0.408967 0.381843 0.418259 0.431814 0.413869 0.289208 0.337874 0.430503 0.423839 0.415815 0.403284 0.370939 0.409160 0.403823 0.333297 0.303264 0.309078 0.404601 0.416587 0.329235 0.402688 0.339427 0.456740 0.406734 0.373143 0.312293 0.433110 0.302644 0.277801 0.174473 0.363426 0.211139 0.295548 0.116410 0.315217 0.365115 0.349308 0.360369 0.415612 0.357035 0.411915 0.355962 0.376228 0.323504 0.321177 0.250557 0.363209 0.237265 0.241043 0.182902 0.364932 0.419684 0.369085 0.358917 0.285285 0.187966 0.265118
0.418942 0.424462 0.405090 0.377814 0.209653 0.210142 0.415822 0.422590 0.258283 0.116663 0.427745 0.448943 0.415149 0.412704 0.396867 0.324908 0.445704 0.365476 0.427630 0.417405 0.278944 0.267160 0.416340 0.376963 0.240567 0.237721 0.222672 0.235726 0.456495 0.000000 0.416055 0.404759 0.428782 0.421159 0.302363 0.320503 0.380131 0.367426 0.330312 0.380897 0.349632 0.331429 0.254715 0.227485 0.307964 0.315325 0.284386 0.329757 0.252195 0.259227 0.093781 0.218336 0.068747 0.167007 0.289686 0.376491 0.401141 0.426163 0.383241 0.390664 0.380727 0.407092 0.439259 0.424037 0.297883 0.343729 0.416814 0.414528 0.409537 0.396596 0.389794 0.383970 0.373753 0.360996 0.312825 0.294043 0.405080 0.414375 0.347350 0.414640 0.370309 0.464147 0.378128 0.344018 0.329051 0.396981 0.301963 0.259859 0.182308 0.309141 0.213027 0.260415 0.123139 0.275060 0.351709 0.320079 0.365631 0.407876 0.357448 0.405437 0.374707 0.344232 0.328307 0.299308 0.264175 0.341505 0.248066 0.233803 0.151523 0.358997 0.417323 0.354620 0.350889 0.273831 0.160653 0.267355
0.387047 0.393677 0.444037 0.421176 0.328349 0.323984 0.435283 0.415286 0.317918 0.164683 0.362155 0.382735 0.344625 0.349811 0.435872 0.364093 0.332866 0.236737 0.409825 0.357560 0.370797 0.354503 0.409232 0.439872 0.278508 0.284660 0.359263 0.355067 0.405895 0.416055 0.000000 0.425838 0.394962 0.367990 0.288738 0.300726 0.361826 0.335097 0.405290 0.402260 0.373058 0.318159 0.145821 0.137399 0.189092 0.219126 0.213899 0.259081 0.156339 0.177448 -0.017828 0.110557 -0.038858 0.054760 0.206220 0.365032 0.324186 0.384869 0.329940 0.358266 0.326052 0.393092 0.345448 0.365605 0.243061 0.323535 0.386144 0.375152 0.351564 0.334248 0.371718 0.398131 0.380131 0.304121 0.305169 0.285115 0.343790 0.373128 0.218856 0.313200 0.250635 0.409804 0.394428 0.380074 0.219210 0.370306 0.373501 0.338540 0.097166 0.316723 0.107501 0.186914 0.018753 0.256224 0.399405 0.328556 0.297568 0.391614 0.291530 0.393990 0.359706 0.363758 0.365470 0.355621 0.179906 0.304756 0.328658 0.324303 0.206663 0.291132 0.389228 0.295696 0.359543 0.202124 0.074564 0.226021
0.373302 0.366743 0.379975 0.323513 0.305899 0.313245 0.386570 0.387065 0.365209 0.194491 0.364458 0.390847 0.366159 0.403605 0.379471 0.322643 0.347525 0.316629 0.382872 0.369593 0.308598 0.243026 0.397202 0.380497 0.365575 0.376907 0.296254 0.273519 0.414643 0.404759 0.425838 0.000000 0.397146 0.403124 0.311211 0.309381 0.336219 0.321933 0.323942 0.344835 0.325806 0.318012 0.231122 0.224461 0.260903 0.288586 0.289719 0.320413 0.248867 0.259800 0.114997 0.205753 0.097728 0.180341 0.288967 0.345048 0.351032 0.373016 0.356063 0.359370 0.363709 0.366818 0.360974 0.370831 0.274167 0.299371 0.386077 0.376923 0.369626 0.373385 0.372229 0.398666 0.375163 0.321392 0.291194 0.269150 0.346719 0.357292 0.279518 0.341600 0.298918 0.398964 0.334581 0.307032 0.272224 0.354089 0.268766 0.223263 0.176535 0.284825 0.198333 0.246797 0.125407 0.259333 0.347113 0.334789 0.326679 0.348522 0.287157 0.335384 0.299912 0.294015 0.271981 0.255691 0.228336 0.316745 0.227480 0.212796 0.176337 0.328846 0.344019 0.296913 0.294953 0.233693 0.173049 0.239069
0.459368 0.449340 0.419282 0.376291 0.187491 0.172706 0.436157 0.443966 0.238268 0.098866 0.459421 0.452723 0.451659 0.424522 0.380714 0.320024 0.393172 0.349044 0.454267 0.453322 0.209007 0.231213 0.457132 0.367623 0.191437 0.204782 0.183807 0.191868 0.421272 0.428782 0.394962 0.397146 0.000000 0.475787 0.370231 0.385316 0.333865 0.303803 0.331484 0.315333 0.269672 0.283006 0.298106 0.274073 0.344769 0.345372 0.333118 0.364230 0.308564 0.329787 0.162148 0.274444 0.139469 0.235992 0.333900 0.368954 0.441989 0.459729 0.429046 0.430249 0.450940 0.447476 0.444644 0.446568 0.366048 0.398042 0.458778 0.454798 0.449384 0.437559 0.421340 0.404501 0.353943 0.338938 0.322964 0.293461 0.410794 0.407887 0.344002 0.383037 0.371358 0.434517 0.347227 0.273103 0.346384 0.406904 0.303885 0.209246 0.243215 0.316769 0.281766 0.328761 0.195774 0.317279 0.364117 0.369402 0.398624 0.407949 0.396634 0.404306 0.364618 0.329649 0.302510 0.262366 0.312421 0.398301 0.186818 0.184802 0.193359 0.396784 0.418663 0.403846 0.354253 0.354654 0.252676 0.258935
0.444357 0.433622 0.392440 0.346788 0.177456 0.161294 0.412123 0.437940 0.241940 0.099560 0.450134 0.445308 0.451564 0.424952 0.354301 0.305446 0.402786 0.364454 0.434895 0.456421 0.192977 0.208779 0.441383 0.346412 0.203958 0.221254 0.159913 0.161830 0.421653 0.421159 0.367990 0.403124 0.475787 0.000000 0.370776 0.388961 0.334811 0.301897 0.307415 0.306452 0.262367 0.294362 0.326350 0.300991 0.367512 0.366995 0.353656 0.376326 0.334129 0.346225 0.199378 0.301219 0.177056 0.268640 0.353659 0.362634 0.441641 0.449127 0.434890 0.424085 0.452061 0.436617 0.448984 0.443440 0.375910 0.402214 0.455722 0.458531 0.450798 0.449661 0.412930 0.403308 0.355305 0.357624 0.309754 0.294721 0.417046 0.411930 0.361779 0.397441 0.385264 0.431815 0.330455 0.262701 0.362154 0.402996 0.271243 0.175542 0.266370 0.307977 0.298490 0.336227 0.217964 0.307301 0.338645 0.354704 0.395548 0.391324 0.387073 0.378637 0.341994 0.308430 0.267766 0.230642 0.322379 0.391283 0.150134 0.148618 0.164387 0.396773 0.393277 0.399925 0.339638 0.360674 0.275858 0.248010
0.311959 0.301937 0.300491 0.256161 0.171007 0.137798 0.325909 0.319138 0.213441 0.071849 0.321011 0.325756 0.355172 0.329336 0.294914 0.255100 0.290673 0.286234 0.318783 0.321358 0.169823 0.157186 0.397113 0.313897 0.212017 0.202718 0.118971 0.120793 0.297889 0.302363 0.288738 0.311211 0.370231 0.370776 0.000000 0.412259 0.304265 0.287790 0.252255 0.244074 0.242534 0.307498 0.255250 0.218326 0.251135 0.249005 0.267024 0.269558 0.223713 0.248263 0.155628 0.196058 0.140447 0.194927 0.266050 0.270166 0.316970 0.320160 0.301664 0.285424 0.341001 0.313699 0.331535 0.320046 0.390123 0.370280 0.375141 0.362228 0.325995 0.327886 0.342436 0.312390 0.279530 0.260895 0.272600 0.201292 0.350991 0.318812 0.255311 0.275264 0.274594 0.319470 0.245406 0.205667 0.306277 0.302655 0.197592 0.136847 0.227097 0.225196 0.230139 0.238438 0.170524 0.231655 0.270228 0.281508 0.310199 0.292547 0.279609 0.274541 0.248227 0.237947 0.195440 0.168899 0.254761 0.292048 0.126108 0.115441 0.129537 0.316304 0.299278 0.290675 0.242868 0.274931 0.226340 0.175094
0.332072 0.357534 0.313534 0.311588 0.146290 0.135096 0.345765 0.372966 0.202596 0.063334 0.336837 0.374285 0.357668 0.341169 0.338174 0.288814 0.340556 0.297166 0.368675 0.355444 0.239162 0.224678 0.373527 0.322442 0.160362 0.179742 0.142922 0.159582 0.332294 0.320503 0.300726 0.309381 0.385316 0.388961 0.412259 0.000000 0.329931 0.322382 0.296546 0.300827 0.253189 0.342566 0.262935 0.220638 0.260455 0.288318 0.312796 0.321990 0.230091 0.254438 0.098572 0.189987 0.099396 0.205533 0.264892 0.364313 0.320728 0.356008 0.327243 0.329322 0.332911 0.374780 0.369150 0.397820 0.316702 0.351497 0.396370 0.385523 0.342133 0.332827 0.347765 0.372552 0.335420 0.309310 0.279310 0.260354 0.402143 0.406334 0.249001 0.293611 0.253453 0.349322 0.269257 0.236238 0.255756 0.355361 0.223079 0.212620 0.168491 0.310575 0.194499 0.254902 0.116762 0.258737 0.318262 0.303077 0.286240 0.306221 0.298904 0.326899 0.306556 0.328198 0.285094 0.264561 0.199885 0.287372 0.197404 0.199510 0.159355 0.291140 0.358056 0.286715 0.304335 0.269343 0.178044 0.135224
0.326215 0.356204 0.366110 0.359669 0.240274 0.221673 0.365433 0.378161 0.273425 0.103667 0.323689 0.355557 0.333881 0.317384 0.387184 0.327544 0.391152 0.233378 0.373677 0.340825 0.333353 0.313993 0.365059 0.359487 0.233555 0.226661 0.188040 0.204892 0.406976 0.380131 0.361826 0.336219 0.333865 0.334811 0.304265 0.329931 0.000000 0.440084 0.344091 0.423123 0.438418 0.398598 0.210207 0.179932 0.221617 0.253035 0.261051 0.299973 0.189587 0.186699 0.032789 0.151535 0.020177 0.132396 0.235303 0.358804 0.306831 0.347800 0.312181 0.314994 0.272147 0.340892 0.357652 0.333315 0.257798 0.303494 0.378989 0.368548 0.339897 0.334543 0.311399 0.343906 0.357120 0.277566 0.292744 0.233536 0.365810 0.376012 0.244119 0.305198 0.260804 0.395827 0.401804 0.389600 0.275386 0.373743 0.272881 0.296403 0.121963 0.320889 0.134673 0.197302 0.048514 0.248185 0.350097 0.289969 0.290039 0.394134 0.300152 0.384978 0.338701 0.359216 0.343967 0.334961 0.203492 0.290877 0.247688 0.269283 0.156910 0.285656 0.389333 0.292628 0.346132 0.230179 0.111320 0.175282
0.308554 0.330253 0.340419 0.320272 0.156146 0.176333 0.348440 0.338798 0.212783 0.078703 0.280474 0.354505 0.302180 0.306633 0.351985 0.250677 0.364640 0.274238 0.347190 0.328985 0.322702 0.255243 0.342683 0.346256 0.241767 0.234450 0.157067 0.169168 0.364077 0.367426 0.335097 0.321933 0.303803 0.301897 0.287790 0.322382 0.440084 0.000000 0.286087 0.389375 0.403676 0.419281 0.179972 0.165619 0.185767 0.212613 0.240638 0.264018 0.145280 0.155459 0.023021 0.109539 0.016904 0.069856 0.214148 0.318483 0.284322 0.317397 0.283094 0.282374 0.245392 0.303843 0.327702 0.322310 0.223087 0.269855 0.347228 0.328926 0.313624 0.310573 0.305507 0.302787 0.319296 0.293618 0.273260 0.221730 0.345656 0.347181 0.252983 0.272353 0.260632 0.361530 0.363600 0.338145 0.274575 0.297174 0.227293 0.264399 0.116860 0.223328 0.111170 0.149275 0.033372 0.182077 0.295267 0.222666 0.255447 0.321271 0.264498 0.348258 0.329330 0.301857 0.332957 0.290683 0.163871 0.203050 0.255645 0.236697 0.160734 0.246714 0.339451 0.243146 0.303297 0.187898 0.081217 0.167200
