0.000000,0.752775,0.614870,0.558872,0.399584,0.398192,0.740768,0.674138,0.357988,0.181888,0.761784,0.674572,0.752884,0.690685,0.571271,0.349436,0.570351,0.575964,0.799102,0.821456,0.327286,0.292824,0.672016,0.613968,0.078272,0.208586,0.203841,0.102312,0.614510,0.523216,0.643746,0.721442,0.751475,0.759367,0.520684,0.545132,0.491128,0.417796,0.256543,0.131927,0.339395,0.432899,0.507113,0.542196,0.529724,0.584832,0.546989,0.500764,0.601621,0.557664,0.602947,0.443872,0.571562,0.319037,0.538078,0.371228,0.837259,0.723110,0.752020,0.660109,0.829126,0.562407,0.709450,0.659438,0.650169,0.529579,0.741577,0.730356,0.790860,0.732168,0.563747,0.553053,0.494102,0.413875,0.343067,0.315451,0.413700,0.300186,0.617408,0.152454,0.720038,0.544885,0.541123,0.351697,0.710320,0.405512,0.418812,0.267839,0.406714,0.199085,0.477953,0.295619,0.606579,0.304076,0.273132,0.183179,0.450400,0.303825,0.434325,0.294003,0.400340,0.202840,0.242142,0.172699,0.414764,0.327975,0.158184,-0.026246,0.146438,0.335519,0.400381,0.390963,0.289146,0.365837,0.269306,0.208460
0.752775,0.000000,0.388028,0.602392,0.204434,0.439321,0.524441,0.694213,0.111697,0.200095,0.691644,0.672830,0.658039,0.668514,0.509810,0.426282,0.698207,0.576224,0.831594,0.794432,0.323350,0.284765,0.677175,0.482227,-0.129089,0.007432,0.128851,0.003232,0.670050,0.510132,0.618663,0.615229,0.784226,0.761600,0.619827,0.560470,0.485486,0.360696,0.147519,0.128898,0.378817,0.415022,0.601051,0.570374,0.531296,0.632596,0.563617,0.576296,0.542872,0.581536,0.493975,0.488459,0.471113,0.540852,0.371402,0.503721,0.819906,0.858660,0.732140,0.748316,0.718211,0.761795,0.745265,0.784946,0.640613,0.663330,0.729128,0.737236,0.789576,0.781981,0.473050,0.511535,0.501918,0.397173,0.312706,0.312919,0.453806,0.447909,0.535545,0.387755,0.632840,0.680971,0.427972,0.499807,0.562482,0.626252,0.216467,0.249846,0.109503,0.506480,0.280504,0.531769,0.477992,0.562973,0.346833,0.249875,0.411367,0.370207,0.370617,0.348491,0.149627,0.398558,0.033697,0.212337,0.245919,0.431427,0.027931,0.023334,0.172235,0.346960,0.447469,0.354353,0.186267,0.263076,0.270071,0.143312
0.614870,0.388028,0.000000,0.708482,0.636819,0.527487,0.851590,0.643133,0.427425,0.395802,0.593061,0.519158,0.633080,0.600025,0.593170,0.465089,0.357080,0.376149,0.524681,0.609084,0.498333,0.501851,0.603293,0.820539,0.321005,0.425253,0.327516,0.355390,0.493330,0.472097,0.689075,0.686577,0.479152,0.568258,0.183184,0.212694,0.407136,0.286893,0.337509,0.195425,0.274339,0.276566,0.216146,0.309202,0.343944,0.252925,0.172144,0.088011,0.221930,0.220038,0.275999,0.116710,0.160593,-0.099123,0.332692,0.085610,0.432299,0.282003,0.339088,0.180166,0.478502,0.152091,0.446203,0.378911,0.513712,0.158572,0.350736,0.436315,0.410117,0.313089,0.632211,0.592097,0.477587,0.377579,0.246989,0.193673,0.349605,0.258368,0.371699,0.026191,0.457676,0.255803,0.498665,0.364126,0.441903,0.138634,0.447927,0.456366,0.253597,-0.032874,0.388868,-0.025914,0.431059,-0.117861,0.132140,-0.016432,0.303248,0.349608,0.426864,0.346796,0.620353,0.155501,0.578608,0.389607,0.341350,0.154941,0.411464,0.325232,0.139739,0.179735,0.253120,0.337607,0.503681,0.358726,0.049008,0.128120
0.558872,0.602392,0.708482,0.000000,0.451529,0.693520,0.708820,0.805086,0.135139,0.487823,0.613967,0.595388,0.643249,0.655436,0.624324,0.635097,0.587585,0.344451,0.671582,0.625596,0.523353,0.515392,0.774037,0.765830,0.044152,0.184543,0.164651,0.205930,0.663163,0.498877,0.783319,0.657405,0.583822,0.620575,0.340371,0.248904,0.480577,0.243088,0.228358,0.258020,0.356517,0.257846,0.385916,0.386616,0.405658,0.364340,0.252574,0.229065,0.235708,0.336489,0.263768,0.260825,0.114888,0.236615,0.147906,0.326314,0.482749,0.503733,0.414757,0.359600,0.454668,0.461861,0.546054,0.559549,0.585736,0.355073,0.398572,0.516813,0.439129,0.379085,0.614423,0.564336,0.482279,0.383208,0.223192,0.184058,0.435337,0.467063,0.245459,0.325052,0.365790,0.397484,0.435383,0.606127,0.317118,0.436313,0.266912,0.500518,-0.117776,0.407114,0.175693,0.347026,0.338802,0.279509,0.249167,0.100784,0.296688,0.492817,0.420838,0.496341,0.316230,0.496185,0.299912,0.479622,0.183672,0.371538,0.215397,0.395236,0.160072,0.231873,0.378142,0.370916,0.458689,0.279930,0.144571,0.096301
0.399584,0.204434,0.636819,0.451529,0.000000,0.457192,0.650122,0.459433,0.710576,0.719883,0.469818,0.342811,0.523763,0.459090,0.684019,0.681871,0.298065,0.226934,0.367220,0.411431,0.428567,0.433944,0.369197,0.673714,0.649620,0.719992,0.513840,0.410275,0.318595,0.274026,0.475768,0.543266,0.343441,0.406622,0.124247,0.221961,0.280023,0.161746,0.293055,0.183173,0.037748,0.170100,0.199303,0.345442,0.350618,0.253505,0.220899,0.183417,0.302091,0.262901,0.349673,0.224539,0.255278,-0.015075,0.346420,0.225138,0.262289,0.120084,0.165643,0.092989,0.258458,0.007777,0.313939,0.184942,0.414190,0.181479,0.296640,0.339702,0.299049,0.248404,0.444901,0.494579,0.323869,0.224378,0.254509,0.186751,0.187891,0.102932,0.324620,-0.099432,0.358240,0.268593,0.510436,0.438008,0.378465,0.234885,0.422979,0.355360,0.242749,0.007685,0.493924,0.089422,0.390623,-0.046514,0.039110,0.045002,0.272877,0.161850,0.408581,0.280017,0.477878,0.026356,0.341653,0.141233,0.306189,0.132296,0.114687,-0.003033,0.085181,0.212853,0.290818,0.400734,0.464023,0.334928,0.100301,0.176647
0.398192,0.439321,0.527487,0.693520,0.457192,0.000000,0.547687,0.569658,0.207240,0.501924,0.455224,0.414183,0.467866,0.488417,0.563227,0.607185,0.449251,0.278915,0.502065,0.434713,0.457848,0.549072,0.543986,0.616359,0.007835,0.191305,0.232688,0.279342,0.528972,0.336439,0.612764,0.543205,0.446884,0.448599,0.385218,0.253289,0.305735,0.078350,0.291137,0.264952,0.313529,0.104007,0.322279,0.273204,0.352015,0.283839,0.235334,0.200502,0.155659,0.197709,0.172522,0.133970,0.068562,0.208041,0.176941,0.297822,0.375340,0.314055,0.310796,0.220257,0.328653,0.337864,0.535408,0.430374,0.491162,0.225653,0.319034,0.443209,0.339320,0.306530,0.557702,0.517332,0.421746,0.332901,0.329110,0.142850,0.412605,0.441128,0.169591,0.418698,0.309311,0.314377,0.392186,0.604256,0.218271,0.290794,0.279340,0.542610,-0.134717,0.413736,0.097601,0.287508,0.223981,0.216837,0.251903,0.030072,0.198149,0.398110,0.306043,0.338357,0.238665,0.384679,0.243958,0.439904,0.013123,0.168326,0.264282,0.436791,0.110640,0.089500,0.267501,0.231128,0.322783,0.116084,-0.054761,0.017913
0.740768,0.524441,0.851590,0.708820,0.650122,0.547687,0.000000,0.736648,0.497511,0.402804,0.700765,0.638870,0.742280,0.702077,0.670694,0.501377,0.445580,0.490911,0.661757,0.707424,0.482004,0.492770,0.687084,0.812739,0.320095,0.448982,0.327703,0.310622,0.561229,0.542463,0.738287,0.770027,0.619269,0.674114,0.338602,0.398024,0.468672,0.374238,0.377471,0.246020,0.328522,0.363718,0.350010,0.428454,0.442537,0.394921,0.346006,0.273717,0.380191,0.373440,0.432594,0.277776,0.357134,0.078059,0.470642,0.253677,0.574627,0.433588,0.480286,0.356574,0.611106,0.313194,0.552338,0.500201,0.587767,0.340318,0.522153,0.574075,0.552602,0.482461,0.703295,0.668478,0.522885,0.462942,0.330834,0.283644,0.449553,0.329912,0.493675,0.098409,0.585667,0.405909,0.592494,0.404970,0.585083,0.275690,0.491312,0.429369,0.359628,0.076364,0.502035,0.124776,0.551077,0.051884,0.209772,0.092337,0.407356,0.373237,0.497095,0.387066,0.602472,0.207148,0.492126,0.347390,0.423576,0.262468,0.338333,0.200137,0.147333,0.276971,0.362634,0.412954,0.498856,0.430743,0.164674,0.190123
0.674138,0.694213,0.643133,0.805086,0.459433,0.569658,0.736648,0.000000,0.184410,0.442376,0.736144,0.730770,0.758118,0.798895,0.653753,0.587924,0.670030,0.509555,0.750533,0.713630,0.500842,0.461953,0.829810,0.696430,0.109569,0.248913,0.219112,0.183737,0.722619,0.639220,0.820259,0.750215,0.710313,0.744621,0.472851,0.449800,0.502218,0.355664,0.234686,0.259838,0.396748,0.411347,0.482800,0.490292,0.460061,0.476765,0.409651,0.386085,0.396494,0.473848,0.417550,0.418510,0.336111,0.364914,0.329671,0.421428,0.600829,0.626935,0.524297,0.501528,0.575902,0.562844,0.574173,0.639754,0.574051,0.498531,0.550266,0.608152,0.570661,0.522149,0.631295,0.616458,0.484002,0.485135,0.273017,0.359770,0.470036,0.486547,0.457236,0.232982,0.499645,0.520102,0.472738,0.508711,0.464725,0.525682,0.244453,0.341205,0.079249,0.392036,0.337045,0.412811,0.465267,0.365796,0.245167,0.177447,0.380285,0.454617,0.470427,0.479669,0.327693,0.453168,0.239823,0.374715,0.296747,0.435723,0.130960,0.186776,0.149699,0.310299,0.437817,0.413599,0.435580,0.389152,0.288711,0.172400
0.357988,0.111697,0.427425,0.135139,0.710576,0.207240,0.497511,0.184410,0.000000,0.452446,0.296831,0.224519,0.359591,0.268770,0.490910,0.402225,0.009208,0.150248,0.249240,0.284083,0.120046,0.207640,0.148702,0.476781,0.653141,0.686077,0.392745,0.268779,0.040890,0.035919,0.186738,0.388407,0.221063,0.220650,0.043606,0.253412,0.171425,0.176923,0.277099,0.091241,-0.112859,0.105573,0.110060,0.283767,0.299217,0.231613,0.251215,0.224525,0.378621,0.265817,0.416322,0.232823,0.371907,-0.075883,0.402072,0.188997,0.234797,0.061734,0.155648,0.110956,0.250059,-0.062243,0.247502,0.080235,0.312576,0.198023,0.302158,0.270647,0.266416,0.277198,0.335605,0.389677,0.225865,0.129884,0.225292,0.074272,0.123872,-0.102956,0.271752,-0.042324,0.386239,0.237923,0.468923,0.219040,0.432506,0.115337,0.491701,0.175541,0.474187,-0.148319,0.529177,-0.034489,0.392119,-0.125322,0.008440,0.110552,0.263977,-0.045655,0.273735,0.056333,0.421849,-0.243877,0.200624,-0.138825,0.363223,0.040510,0.021952,-0.281880,0.033747,0.189278,0.185644,0.292685,0.270572,0.272945,0.098665,0.208334
0.181888,0.200095,0.395802,0.487823,0.719883,0.501924,0.402804,0.442376,0.452446,0.000000,0.338757,0.185799,0.376413,0.331982,0.592456,0.801413,0.380254,-0.024569,0.310248,0.272368,0.354842,0.311534,0.338755,0.526651,0.513367,0.566297,0.420751,0.305604,0.308167,0.099997,0.385248,0.343214,0.255854,0.302165,0.127500,0.081438,0.195071,-0.065605,0.061756,0.074157,-0.060226,-0.046590,0.203476,0.285857,0.304818,0.204515,0.172238,0.172049,0.220515,0.242474,0.237635,0.246115,0.088186,0.144835,0.041324,0.290566,0.137733,0.132225,0.107844,0.113401,0.090791,0.123660,0.249508,0.134152,0.360202,0.180770,0.190869,0.263588,0.179211,0.144680,0.232851,0.322332,0.193841,0.047500,0.146552,0.097151,0.063246,0.109666,0.064624,-0.017542,0.072491,0.195771,0.285773,0.536714,0.071262,0.337713,0.125350,0.291003,-0.202253,0.283734,0.244199,0.320698,0.177496,0.177205,-0.048016,-0.025688,0.114974,0.128220,0.314845,0.307419,0.149223,0.206406,0.061594,0.128765,0.064168,0.184772,-0.157805,0.007965,0.076594,0.131000,0.295821,0.357512,0.385249,0.150746,0.092216,0.062353
0.761784,0.691644,0.593061,0.613967,0.469818,0.455224,0.700765,0.736144,0.296831,0.338757,0.000000,0.757522,0.852783,0.786465,0.683277,0.517223,0.721596,0.582926,0.740151,0.756275,0.441429,0.338091,0.681788,0.658390,0.123034,0.268206,0.278825,0.124095,0.763026,0.643074,0.734439,0.775489,0.708708,0.744989,0.462958,0.468879,0.464203,0.348974,0.184415,0.120963,0.351102,0.428425,0.458329,0.482394,0.425759,0.485491,0.449453,0.409504,0.459666,0.479299,0.475547,0.392934,0.463019,0.337127,0.423831,0.342802,0.692025,0.618794,0.548424,0.504923,0.624476,0.480475,0.660203,0.621495,0.565708,0.474174,0.596326,0.602684,0.658468,0.596578,0.537836,0.619341,0.566920,0.471179,0.276647,0.379067,0.342068,0.327385,0.612415,0.058869,0.617815,0.547687,0.498197,0.420153,0.565497,0.479053,0.261819,0.245201,0.209505,0.275137,0.396791,0.317241,0.491948,0.296002,0.146783,0.089849,0.323919,0.259310,0.385387,0.307066,0.318110,0.267627,0.187435,0.189559,0.250209,0.261369,0.076029,0.013823,0.117649,0.257413,0.322047,0.334827,0.351742,0.361316,0.212953,0.088618
0.674572,0.672830,0.519158,0.595388,0.342811,0.414183,0.638870,0.730770,0.224519,0.185799,0.757522,0.000000,0.766060,0.821571,0.631077,0.374367,0.582250,0.685619,0.661157,0.662519,0.424759,0.406433,0.666093,0.587466,0.091309,0.218789,0.001238,0.002954,0.718731,0.756493,0.714191,0.774300,0.647117,0.666466,0.355250,0.470638,0.505816,0.510349,0.286771,0.311600,0.442577,0.519556,0.421740,0.453667,0.359068,0.424092,0.363177,0.358092,0.377446,0.438517,0.421655,0.413691,0.400210,0.274957,0.410949,0.357220,0.607946,0.617473,0.462422,0.474494,0.563294,0.503848,0.593500,0.711864,0.485947,0.511528,0.520952,0.541207,0.530077,0.538695,0.646190,0.645195,0.581357,0.642571,0.220230,0.297489,0.517195,0.446677,0.541662,0.256900,0.619216,0.585382,0.503505,0.340095,0.582995,0.513994,0.349615,0.236998,0.302117,0.261570,0.370792,0.234170,0.509724,0.252811,0.241522,0.268114,0.397536,0.379719,0.382049,0.378506,0.385715,0.344383,0.229934,0.241924,0.364967,0.371763,0.157651,0.063026,0.172248,0.323224,0.340716,0.331853,0.360402,0.458574,0.301533,0.271921
0.752884,0.658039,0.633080,0.643249,0.523763,0.467866,0.742280,0.758118,0.359591,0.376413,0.852783,0.766060,0.000000,0.805026,0.729069,0.551855,0.651921,0.560768,0.729846,0.720263,0.437175,0.338134,0.726109,0.715564,0.140127,0.282261,0.205314,0.080764,0.704072,0.616682,0.744925,0.810405,0.671515,0.700199,0.401093,0.456955,0.484553,0.377191,0.196929,0.170316,0.302905,0.415928,0.430807,0.471196,0.404699,0.456572,0.420013,0.409453,0.438547,0.481936,0.498521,0.426523,0.482394,0.340518,0.423376,0.371058,0.649368,0.582036,0.512710,0.475127,0.615986,0.452205,0.616861,0.568304,0.580723,0.492311,0.561593,0.576552,0.623123,0.543758,0.573685,0.614702,0.537556,0.478137,0.226515,0.280195,0.343543,0.284180,0.547974,0.100002,0.608335,0.549146,0.543034,0.433951,0.607657,0.501798,0.375836,0.287237,0.242178,0.278914,0.424329,0.332311,0.515809,0.300078,0.159539,0.145553,0.336939,0.269219,0.390246,0.331620,0.344535,0.280363,0.168698,0.176436,0.293957,0.295201,0.055413,-0.019644,0.092983,0.260538,0.339592,0.368830,0.372699,0.378067,0.253684,0.169567
0.690685,0.668514,0.600025,0.655436,0.459090,0.488417,0.702077,0.798895,0.268770,0.331982,0.786465,0.821571,0.805026,0.000000,0.655545,0.511086,0.613637,0.606911,0.673581,0.705251,0.481819,0.438834,0.731563,0.660517,0.144774,0.266832,0.182362,0.144099,0.705688,0.706586,0.752894,0.799521,0.654400,0.702144,0.438081,0.462383,0.465729,0.414551,0.238030,0.204422,0.364239,0.486245,0.408445,0.449246,0.367140,0.425280,0.368771,0.356361,0.385975,0.443438,0.434655,0.405021,0.411506,0.325495,0.403332,0.335936,0.611723,0.588511,0.486846,0.452759,0.579817,0.494301,0.585330,0.654601,0.506099,0.487133,0.513927,0.555334,0.573162,0.519104,0.654212,0.667156,0.544544,0.545855,0.267662,0.335684,0.464819,0.425481,0.540442,0.179688,0.602543,0.579286,0.494310,0.410300,0.560110,0.506073,0.288500,0.280630,0.238620,0.266795,0.389569,0.288986,0.506426,0.274833,0.199354,0.163547,0.353118,0.333067,0.380580,0.351578,0.364351,0.289360,0.242091,0.233694,0.309327,0.316887,0.147771,0.077620,0.116815,0.293267,0.346239,0.325785,0.330585,0.364157,0.228460,0.166702
0.571271,0.509810,0.593170,0.624324,0.684019,0.563227,0.670694,0.653753,0.490910,0.592456,0.683277,0.631077,0.729069,0.655545,0.000000,0.730957,0.611290,0.511004,0.631916,0.576068,0.603742,0.540851,0.612151,0.691756,0.330871,0.469160,0.280381,0.268792,0.679525,0.560143,0.666212,0.690558,0.585664,0.592957,0.352188,0.420304,0.561002,0.392336,0.425167,0.404662,0.378502,0.415430,0.475244,0.553547,0.522362,0.489085,0.441513,0.433692,0.455602,0.460888,0.491920,0.408996,0.394201,0.281076,0.428006,0.522064,0.486425,0.426957,0.356848,0.336549,0.438489,0.322657,0.559029,0.488353,0.585144,0.425998,0.474835,0.533569,0.466287,0.429853,0.599605,0.619724,0.570045,0.468244,0.380899,0.335031,0.447278,0.411576,0.451712,0.162910,0.570252,0.552267,0.707621,0.655269,0.544526,0.532253,0.534644,0.501914,0.199781,0.346863,0.447153,0.385230,0.516689,0.300322,0.263562,0.243945,0.420616,0.378414,0.500131,0.452453,0.389790,0.316685,0.242012,0.248785,0.335766,0.390875,0.119807,0.073396,0.124488,0.389371,0.446579,0.490959,0.502171,0.411362,0.260230,0.189477
0.349436,0.426282,0.465089,0.635097,0.681871,0.607185,0.501377,0.587924,0.402225,0.801413,0.517223,0.374367,0.551855,0.511086,0.730957,0.000000,0.573557,0.193150,0.522153,0.449944,0.482002,0.434487,0.520427,0.633507,0.322427,0.422316,0.418901,0.285956,0.502175,0.279302,0.552014,0.493452,0.443001,0.457617,0.299370,0.240358,0.355624,0.079434,0.201661,0.197510,0.126402,0.159614,0.384937,0.442392,0.441400,0.392276,0.332581,0.341803,0.323493,0.372474,0.325702,0.327359,0.200792,0.333681,0.167417,0.460982,0.323959,0.322831,0.244141,0.246299,0.239062,0.295327,0.436344,0.334537,0.501717,0.354922,0.335132,0.415306,0.368942,0.315409,0.389177,0.457402,0.362271,0.185502,0.281975,0.207563,0.238120,0.293051,0.228090,0.159796,0.285203,0.431725,0.480232,0.730765,0.247648,0.527258,0.253948,0.465517,-0.155682,0.472805,0.259393,0.466246,0.281241,0.344861,0.153362,0.097690,0.243842,0.273386,0.383275,0.397529,0.156272,0.322767,0.081097,0.233942,0.084986,0.273313,-0.041018,0.102636,0.056920,0.253770,0.396232,0.419140,0.403730,0.193510,0.106028,0.036910
0.570351,0.698207,0.357080,0.587585,0.298065,0.449251,0.445580,0.670030,0.009208,0.380254,0.721596,0.582250,0.651921,0.613637,0.611290,0.573557,0.000000,0.546852,0.705290,0.669064,0.507075,0.323770,0.607720,0.452351,-0.068359,0.076533,0.226740,0.066403,0.809909,0.590069,0.672351,0.571774,0.715354,0.719233,0.536510,0.469563,0.483332,0.250732,0.119213,0.135197,0.398461,0.349717,0.615166,0.592732,0.554102,0.601157,0.537652,0.527108,0.486649,0.539367,0.412300,0.431385,0.354721,0.525879,0.266255,0.483932,0.636094,0.653745,0.536426,0.554347,0.506498,0.580549,0.648212,0.626069,0.561503,0.508701,0.590317,0.622179,0.626204,0.595696,0.386814,0.484076,0.517713,0.351163,0.309558,0.419797,0.328951,0.450854,0.576439,0.160177,0.517729,0.604296,0.416960,0.582669,0.389740,0.598880,0.086502,0.244904,-0.107973,0.526036,0.237749,0.557577,0.366238,0.521440,0.210086,0.150968,0.325350,0.349427,0.402308,0.386167,0.087699,0.444790,0.036260,0.266627,0.095940,0.344700,-0.034485,0.087878,0.106078,0.290771,0.423426,0.381017,0.315989,0.250277,0.240491,0.002735
0.575964,0.576224,0.376149,0.344451,0.226934,0.278915,0.490911,0.509555,0.150248,-0.024569,0.582926,0.685619,0.560768,0.606911,0.511004,0.193150,0.546852,0.000000,0.566288,0.606618,0.442123,0.457651,0.447262,0.352541,-0.022815,0.135545,0.108490,0.091689,0.628531,0.730552,0.547317,0.616265,0.634927,0.641932,0.489022,0.648966,0.480330,0.566124,0.450713,0.412096,0.582810,0.590601,0.545145,0.533862,0.465455,0.523667,0.483131,0.474232,0.389327,0.406485,0.356781,0.318339,0.441862,0.295280,0.587068,0.417537,0.581441,0.501869,0.405123,0.383151,0.491145,0.401090,0.570781,0.643720,0.425512,0.493718,0.528552,0.547198,0.562505,0.594694,0.573381,0.612402,0.609228,0.656864,0.452098,0.496805,0.620953,0.586989,0.694879,0.253843,0.730463,0.661651,0.554673,0.309010,0.636350,0.430233,0.423342,0.298411,0.442734,0.223782,0.446396,0.227654,0.522003,0.229131,0.374502,0.267601,0.480859,0.448513,0.447098,0.355934,0.452554,0.289091,0.364216,0.338658,0.375326,0.323337,0.356132,0.152684,0.210689,0.349506,0.371442,0.323694,0.318191,0.484431,0.219776,0.231407
0.799102,0.831594,0.524681,0.671582,0.367220,0.502065,0.661757,0.750533,0.249240,0.310248,0.740151,0.661157,0.729846,0.673581,0.631916,0.522153,0.705290,0.566288,0.000000,0.830504,0.378116,0.339573,0.763006,0.591224,0.002105,0.147784,0.240942,0.140236,0.676597,0.491854,0.694224,0.681724,0.819764,0.792064,0.630244,0.594550,0.502565,0.329612,0.267876,0.211739,0.401772,0.396429,0.644634,0.622612,0.611385,0.671973,0.629906,0.610099,0.605339,0.609755,0.560812,0.484034,0.515441,0.511548,0.459181,0.556627,0.804862,0.777628,0.711508,0.686294,0.721358,0.656866,0.754909,0.703236,0.684362,0.614122,0.754652,0.760773,0.796146,0.750064,0.550110,0.548820,0.525643,0.392705,0.426001,0.377685,0.479762,0.447458,0.543413,0.344128,0.663514,0.652343,0.553881,0.561456,0.612053,0.573296,0.352883,0.345719,0.179367,0.479177,0.401739,0.547790,0.565459,0.542645,0.365128,0.214386,0.457113,0.402390,0.491092,0.423660,0.261748,0.415285,0.113463,0.273623,0.302200,0.451993,0.083080,0.053136,0.169926,0.362463,0.521000,0.469430,0.345086,0.352793,0.309084,0.184309
0.821456,0.794432,0.609084,0.625596,0.411431,0.434713,0.707424,0.713630,0.284083,0.272368,0.756275,0.662519,0.720263,0.705251,0.576068,0.449944,0.669064,0.606618,0.830504,0.000000,0.383885,0.327615,0.675169,0.614104,0.074454,0.208493,0.281231,0.153500,0.663489,0.545667,0.671567,0.716289,0.802341,0.834936,0.596974,0.583345,0.487065,0.354706,0.238100,0.109631,0.372620,0.412172,0.580868,0.596114,0.588060,0.630475,0.579291,0.539797,0.583605,0.573501,0.537458,0.428425,0.505796,0.394539,0.487256,0.405682,0.814587,0.725463,0.719378,0.646781,0.745563,0.593367,0.742600,0.697173,0.671195,0.558880,0.751986,0.767854,0.821275,0.773477,0.555984,0.614138,0.581369,0.416159,0.402050,0.377545,0.452800,0.401152,0.645468,0.233346,0.709235,0.638227,0.519500,0.458204,0.640551,0.488086,0.317871,0.288427,0.262403,0.300854,0.488660,0.391362,0.599629,0.382103,0.305050,0.155581,0.461153,0.352798,0.488881,0.358096,0.386880,0.289363,0.255155,0.253117,0.353911,0.353185,0.156126,0.045248,0.177854,0.341609,0.473691,0.435901,0.344530,0.374877,0.269191,0.170724
0.327286,0.323350,0.498333,0.523353,0.428567,0.457848,0.482004,0.500842,0.120046,0.354842,0.441429,0.424759,0.437175,0.481819,0.603742,0.482002,0.507075,0.442123,0.378116,0.383885,0.000000,0.744016,0.432637,0.466240,0.187615,0.272376,0.264936,0.400113,0.608851,0.629789,0.601453,0.465726,0.428499,0.472230,0.268393,0.210091,0.577862,0.448821,0.435272,0.431382,0.550173,0.509402,0.283642,0.351680,0.373018,0.278433,0.195614,0.171279,0.146118,0.171708,0.148705,0.107355,0.077789,0.093393,0.269059,0.267582,0.250298,0.247707,0.187506,0.143549,0.260254,0.206477,0.288913,0.377107,0.316178,0.182141,0.235872,0.340597,0.256441,0.203792,0.577047,0.540248,0.469758,0.443633,0.352776,0.424948,0.453163,0.539138,0.392658,0.050416,0.402739,0.374506,0.548575,0.557482,0.310494,0.304124,0.291193,0.490456,0.064006,0.209283,0.196912,0.207215,0.277992,0.104943,0.292822,0.208962,0.367662,0.492049,0.371749,0.414268,0.326474,0.258751,0.426518,0.414507,0.229553,0.317028,0.372444,0.387211,0.115572,0.410051,0.340496,0.286211,0.394231,0.284393,0.085371,0.005034
0.292824,0.284765,0.501851,0.515392,0.433944,0.549072,0.492770,0.461953,0.207640,0.311534,0.338091,0.406433,0.338134,0.438834,0.540851,0.434487,0.323770,0.457651,0.339573,0.327615,0.744016,0.000000,0.409196,0.466147,0.212993,0.349177,0.263021,0.503894,0.496904,0.538528,0.553837,0.450694,0.378469,0.411514,0.281654,0.241475,0.506177,0.466617,0.595894,0.585787,0.552198,0.490588,0.294605,0.288477,0.342138,0.249022,0.182428,0.144672,0.088249,0.125554,0.115471,0.073390,0.074615,0.049672,0.364346,0.295761,0.209078,0.186726,0.140981,0.070890,0.218515,0.188381,0.311660,0.406269,0.316714,0.196998,0.193852,0.326425,0.183871,0.188515,0.678499,0.606969,0.490656,0.563487,0.483877,0.398678,0.609993,0.633925,0.295704,0.283341,0.420793,0.349017,0.582011,0.543453,0.338106,0.235947,0.428041,0.636132,0.190615,0.236777,0.204840,0.086298,0.282175,0.005811,0.425476,0.215348,0.408638,0.580946,0.412671,0.444196,0.432349,0.279596,0.537774,0.548981,0.273383,0.315913,0.538603,0.531132,0.220873,0.411674,0.335865,0.277999,0.414551,0.333236,-0.005215,0.128296
0.672016,0.677175,0.603293,0.774037,0.369197,0.543986,0.687084,0.829810,0.148702,0.338755,0.681788,0.666093,0.726109,0.731563,0.612151,0.520427,0.607720,0.447262,0.763006,0.675169,0.432637,0.409196,0.000000,0.663160,0.008526,0.144018,0.183501,0.206484,0.651195,0.519415,0.784288,0.714464,0.672728,0.680376,0.471491,0.410815,0.431826,0.284460,0.231059,0.251080,0.371072,0.358726,0.485446,0.452819,0.442936,0.482264,0.407841,0.386709,0.394832,0.460636,0.418214,0.394415,0.341435,0.378030,0.294717,0.415422,0.601277,0.617977,0.524006,0.490725,0.578165,0.527278,0.576541,0.573568,0.575789,0.458965,0.521100,0.570989,0.543695,0.475971,0.585927,0.492713,0.429173,0.395544,0.295605,0.304560,0.414432,0.415909,0.358284,0.302779,0.504170,0.479895,0.459758,0.480463,0.477679,0.482988,0.276058,0.342132,0.078043,0.383159,0.256551,0.432157,0.451698,0.412557,0.263356,0.157105,0.324640,0.394486,0.384060,0.398746,0.234669,0.413693,0.118258,0.282133,0.237180,0.410738,0.095560,0.148021,0.126341,0.269602,0.390525,0.369294,0.356682,0.298455,0.278788,0.150716
0.613968,0.482227,0.820539,0.765830,0.673714,0.616359,0.812739,0.696430,0.476781,0.526651,0.658390,0.587466,0.715564,0.660517,0.691756,0.633507,0.452351,0.352541,0.591224,0.614104,0.466240,0.466147,0.663160,0.000000,0.298718,0.425665,0.294855,0.233761,0.547398,0.447686,0.717949,0.756239,0.505127,0.564311,0.202305,0.248052,0.428512,0.270018,0.250210,0.169738,0.192375,0.246825,0.251335,0.346784,0.359663,0.311116,0.206022,0.167813,0.269385,0.307282,0.314190,0.211312,0.185099,0.040684,0.262788,0.196156,0.474021,0.371854,0.343479,0.250822,0.449726,0.234649,0.526069,0.435750,0.559614,0.277576,0.382086,0.462384,0.437543,0.367417,0.592096,0.603203,0.452364,0.354445,0.179662,0.117643,0.314227,0.234853,0.342843,0.130705,0.444405,0.361470,0.515262,0.500422,0.429674,0.313607,0.428948,0.462612,0.129283,0.142218,0.327589,0.114732,0.394016,0.031322,0.100822,0.035501,0.250633,0.289525,0.367090,0.332046,0.482299,0.234504,0.394219,0.316638,0.279622,0.199696,0.230633,0.216704,0.086451,0.161628,0.242385,0.318001,0.454121,0.323268,0.076259,0.113621
0.078272,-0.129089,0.321005,0.044152,0.649620,0.007835,0.320095,0.109569,0.653141,0.513367,0.123034,0.091309,0.140127,0.144774,0.330871,0.322427,-0.068359,-0.022815,0.002105,0.074454,0.187615,0.212993,0.008526,0.298718,0.000000,0.832280,0.430466,0.431913,-0.038298,0.045980,0.102329,0.178546,0.029421,0.085846,-0.143984,0.010854,0.080009,0.093121,0.203454,0.102113,-0.103508,0.061773,-0.066521,0.102103,0.123676,-0.003601,0.020547,-0.031716,0.147495,0.046716,0.183018,0.079124,0.117534,-0.269602,0.216747,-0.004965,-0.053518,-0.119943,-0.086819,-0.088271,-0.010824,-0.226847,-0.045650,-0.076504,0.072983,-0.013765,0.058330,0.032596,-0.028023,-0.001352,0.188136,0.222906,0.050346,0.080338,0.119589,0.155875,0.026685,-0.098709,0.159242,-0.282656,0.098363,-0.003345,0.261123,0.057275,0.147898,-0.033472,0.210275,0.037813,0.313394,-0.283587,0.425674,-0.181830,0.230895,-0.281353,-0.140262,0.012650,0.156529,-0.038759,0.265526,0.115018,0.392427,-0.204395,0.276163,-0.056204,0.323986,0.050343,0.001587,-0.190816,0.107104,0.171050,0.135044,0.259567,0.337286,0.293969,0.128189,0.200057
0.208586,0.007432,0.425253,0.184543,0.719992,0.191305,0.448982,0.248913,0.686077,0.566297,0.268206,0.218789,0.282261,0.266832,0.469160,0.422316,0.076533,0.135545,0.147784,0.208493,0.272376,0.349177,0.144018,0.425665,0.832280,0.000000,0.440906,0.458931,0.141336,0.182139,0.258202,0.350968,0.178858,0.234883,0.016977,0.178485,0.193502,0.193762,0.296158,0.217004,0.014764,0.140794,0.080800,0.213810,0.225887,0.106473,0.137430,0.083099,0.207701,0.138975,0.254558,0.153476,0.213881,-0.147274,0.329642,0.128516,0.075847,-0.009160,-0.002200,-0.013868,0.080825,-0.123923,0.108960,0.048247,0.209514,0.105992,0.161802,0.161910,0.081603,0.127296,0.352341,0.416168,0.202413,0.266182,0.233427,0.239122,0.172595,0.042754,0.272911,-0.150967,0.241907,0.134700,0.379650,0.190809,0.263291,0.070877,0.308870,0.165248,0.349862,-0.146570,0.478637,-0.105267,0.320146,-0.199738,-0.052856,0.041306,0.237439,0.075552,0.367407,0.213668,0.477879,-0.050236,0.348470,0.084823,0.393602,0.156842,0.079736,-0.103910,0.109107,0.222114,0.218208,0.325210,0.431106,0.389178,0.177335,0.249191
0.203841,0.128851,0.327516,0.164651,0.513840,0.232688,0.327703,0.219112,0.392745,0.420751,0.278825,0.001238,0.205314,0.182362,0.280381,0.418901,0.226740,0.108490,0.240942,0.281231,0.264936,0.263021,0.183501,0.294855,0.430466,0.440906,0.000000,0.660696,0.106732,0.041225,0.255962,0.189498,0.245720,0.285137,0.257549,0.163010,-0.080788,-0.171642,0.145516,-0.073753,0.020050,0.043039,0.131659,0.153948,0.226452,0.183845,0.195065,0.106938,0.153435,0.049811,0.061249,-0.056852,0.105542,-0.000637,0.249927,0.040443,0.173060,0.037761,0.088247,0.017273,0.108784,-0.052715,0.156559,0.018886,0.146701,-0.015652,0.201294,0.180565,0.270723,0.191632,0.126784,0.205893,0.066531,-0.069393,0.343749,0.454444,-0.021717,0.054448,0.309533,-0.197926,0.188233,0.131524,0.210222,0.257846,0.116671,-0.004699,0.020932,0.156223,0.086904,-0.029065,0.217703,0.051941,0.112332,-0.029821,-0.030868,-0.247775,0.018573,-0.047288,0.135926,-0.038577,0.163031,-0.139944,0.197209,0.079277,-0.042770,-0.143520,0.169440,0.058336,0.006242,0.005282,0.079113,0.104988,0.126500,-0.010330,-0.212593,-0.162387
0.102312,0.003232,0.355390,0.205930,0.410275,0.279342,0.310622,0.183737,0.268779,0.305604,0.124095,0.002954,0.080764,0.144099,0.268792,0.285956,0.066403,0.091689,0.140236,0.153500,0.400113,0.503894,0.206484,0.233761,0.431913,0.458931,0.660696,0.000000,0.099886,0.092708,0.228646,0.124752,0.146680,0.177225,0.223498,0.086340,0.031727,-0.007845,0.417285,0.258068,0.244162,0.162420,0.065449,0.035976,0.140772,0.040337,0.063978,-0.039910,-0.012225,-0.106559,-0.021130,-0.149221,0.004843,-0.122703,0.265722,0.033593,0.012376,-0.072433,-0.031985,-0.125086,0.037908,-0.108505,0.054689,0.015487,0.098053,-0.097641,0.048267,0.092149,0.045994,-0.014501,0.307554,0.239495,0.142987,0.107053,0.477859,0.444205,0.191001,0.233247,0.156356,-0.009150,0.167830,0.031631,0.321103,0.285696,0.096648,-0.113119,0.197397,0.386345,0.167038,-0.024540,0.138032,-0.096396,0.118558,-0.135678,0.146328,-0.145943,0.078805,0.149768,0.197485,0.099304,0.262212,-0.036477,0.365419,0.272807,0.066296,-0.004930,0.400855,0.329931,0.027672,0.104068,0.078244,0.105991,0.236829,0.058858,-0.141791,-0.052770
0.614510,0.670050,0.493330,0.663163,0.318595,0.528972,0.561229,0.722619,0.040890,0.308167,0.763026,0.718731,0.704072,0.705688,0.679525,0.502175,0.809909,0.628531,0.676597,0.663489,0.608851,0.496904,0.651195,0.547398,-0.038298,0.141336,0.106732,0.099886,0.000000,0.750904,0.756226,0.688499,0.688952,0.719011,0.479338,0.445792,0.598176,0.426846,0.257231,0.292363,0.542361,0.474519,0.552790,0.537239,0.492626,0.516535,0.448498,0.423841,0.406144,0.477514,0.399692,0.399633,0.324772,0.395515,0.326115,0.433102,0.609152,0.617452,0.505017,0.485937,0.530432,0.539580,0.642127,0.684685,0.556322,0.454508,0.533235,0.598339,0.546046,0.530594,0.572830,0.627113,0.620260,0.561337,0.314396,0.414931,0.489694,0.557636,0.565435,0.224019,0.568092,0.568528,0.492051,0.536796,0.449835,0.532803,0.218505,0.346847,0.021521,0.438712,0.256428,0.396705,0.422172,0.373846,0.273586,0.199694,0.385961,0.473410,0.435694,0.450486,0.270723,0.475955,0.232596,0.385125,0.212521,0.391411,0.154751,0.232817,0.160860,0.344678,0.410202,0.367212,0.413574,0.370028,0.247267,0.079033
0.523216,0.510132,0.472097,0.498877,0.274026,0.336439,0.542463,0.639220,0.035919,0.099997,0.643074,0.756493,0.616682,0.706586,0.560143,0.279302,0.590069,0.730552,0.491854,0.545667,0.629789,0.538528,0.519415,0.447686,0.045980,0.182139,0.041225,0.092708,0.750904,0.000000,0.695027,0.658854,0.576906,0.629048,0.344273,0.432050,0.571185,0.602915,0.350345,0.394447,0.608157,0.636433,0.382767,0.421542,0.333976,0.350513,0.292407,0.271330,0.245809,0.298757,0.268153,0.265315,0.265518,0.186159,0.394766,0.280490,0.449659,0.459073,0.329157,0.320854,0.438475,0.378414,0.405968,0.594074,0.332865,0.360325,0.392755,0.435336,0.404961,0.404582,0.638927,0.647593,0.549855,0.693361,0.250785,0.457803,0.548071,0.570753,0.623709,0.086406,0.558730,0.511638,0.475363,0.305005,0.480767,0.393849,0.261140,0.261773,0.267471,0.168808,0.308033,0.153935,0.415112,0.145490,0.268896,0.250827,0.409769,0.470997,0.383792,0.394427,0.406684,0.337668,0.397470,0.379568,0.353556,0.353945,0.321329,0.236060,0.174320,0.390027,0.346136,0.281290,0.373236,0.462470,0.254039,0.165719
0.643746,0.618663,0.689075,0.783319,0.475768,0.612764,0.738287,0.820259,0.186738,0.385248,0.734439,0.714191,0.744925,0.752894,0.666212,0.552014,0.672351,0.547317,0.694224,0.671567,0.601453,0.553837,0.784288,0.717949,0.102329,0.258202,0.255962,0.228646,0.756226,0.695027,0.000000,0.784908,0.696063,0.734702,0.387229,0.373266,0.510275,0.354066,0.255304,0.267925,0.458322,0.432068,0.431489,0.442710,0.437449,0.423184,0.335718,0.297063,0.314516,0.364702,0.325465,0.282366,0.239504,0.243955,0.294535,0.309397,0.544042,0.528534,0.439315,0.387349,0.527545,0.437921,0.542231,0.573355,0.536528,0.369092,0.489135,0.550943,0.506269,0.453249,0.685006,0.646242,0.511668,0.515620,0.251024,0.358192,0.456869,0.476886,0.502316,0.181011,0.519959,0.462101,0.481089,0.487565,0.446477,0.401728,0.263672,0.353267,0.075689,0.279392,0.267983,0.297266,0.413368,0.243142,0.230363,0.126636,0.341349,0.440425,0.408521,0.413639,0.358091,0.398950,0.312932,0.405790,0.224596,0.320369,0.227455,0.276626,0.212625,0.284669,0.384021,0.352501,0.437670,0.354898,0.177765,0.117431
0.721442,0.615229,0.686577,0.657405,0.543266,0.543205,0.770027,0.750215,0.388407,0.343214,0.775489,0.774300,0.810405,0.799521,0.690558,0.493452,0.571774,0.616265,0.681724,0.716289,0.465726,0.450694,0.714464,0.756239,0.178546,0.350968,0.189498,0.124752,0.688499,0.658854,0.784908,0.000000,0.670506,0.721456,0.395932,0.491204,0.488833,0.423733,0.261374,0.216010,0.349972,0.443334,0.404586,0.448881,0.410558,0.433886,0.369427,0.349687,0.399628,0.429513,0.433364,0.345430,0.383585,0.228807,0.412266,0.302452,0.619398,0.526916,0.462424,0.398139,0.582618,0.388659,0.619642,0.587249,0.558155,0.444725,0.541045,0.577297,0.571017,0.523445,0.650874,0.703241,0.566825,0.558506,0.254666,0.281367,0.435034,0.354090,0.560660,0.188030,0.630816,0.547135,0.528566,0.403283,0.589554,0.437219,0.398353,0.300994,0.285910,0.188957,0.418113,0.205203,0.512988,0.175128,0.166949,0.131037,0.341915,0.317712,0.389816,0.328022,0.461935,0.272441,0.307360,0.259815,0.348490,0.278309,0.178390,0.077592,0.142954,0.237502,0.308061,0.321314,0.400742,0.419471,0.228889,0.212343
0.751475,0.784226,0.479152,0.583822,0.343441,0.446884,0.619269,0.710313,0.221063,0.255854,0.708708,0.647117,0.671515,0.654400,0.585664,0.443001,0.715354,0.634927,0.819764,0.802341,0.428499,0.378469,0.672728,0.505127,0.029421,0.178858,0.245720,0.146680,0.688952,0.576906,0.696063,0.670506,0.000000,0.868664,0.681274,0.675828,0.538602,0.410824,0.293750,0.226228,0.455042,0.447284,0.654689,0.645020,0.638936,0.675013,0.647290,0.608720,0.611691,0.597831,0.569811,0.480604,0.544072,0.489093,0.521872,0.529005,0.775094,0.750448,0.701531,0.683381,0.727817,0.671258,0.719433,0.700374,0.664563,0.639895,0.800590,0.802028,0.766321,0.764424,0.577450,0.593981,0.541723,0.459535,0.447368,0.449232,0.532364,0.508110,0.640643,0.252256,0.694384,0.639792,0.526919,0.481390,0.626568,0.544752,0.300780,0.278274,0.233820,0.399052,0.440067,0.486666,0.566366,0.472910,0.367252,0.232725,0.511657,0.432083,0.521791,0.405825,0.290911,0.375298,0.187886,0.282261,0.340060,0.435293,0.123801,0.059842,0.238982,0.401982,0.533860,0.453987,0.345903,0.393598,0.323113,0.188383
0.759367,0.761600,0.568258,0.620575,0.406622,0.448599,0.674114,0.744621,0.220650,0.302165,0.744989,0.666466,0.700199,0.702144,0.592957,0.457617,0.719233,0.641932,0.792064,0.834936,0.472230,0.411514,0.680376,0.564311,0.085846,0.234883,0.285137,0.177225,0.719011,0.629048,0.734702,0.721456,0.868664,0.000000,0.629655,0.621667,0.522915,0.397636,0.253456,0.177334,0.433102,0.446434,0.615302,0.614522,0.598721,0.630115,0.581098,0.540759,0.564029,0.566031,0.531703,0.450563,0.495247,0.422254,0.488816,0.445619,0.758916,0.713568,0.683945,0.637538,0.719200,0.625069,0.696645,0.699595,0.653807,0.578649,0.756635,0.780508,0.748825,0.731135,0.588479,0.637922,0.567888,0.481884,0.408296,0.455574,0.497686,0.492239,0.666189,0.177413,0.682115,0.620781,0.497473,0.452994,0.610485,0.511940,0.256287,0.258338,0.225949,0.321432,0.456102,0.418667,0.560004,0.391572,0.302722,0.165991,0.477783,0.419530,0.510969,0.401569,0.355905,0.345055,0.263700,0.301449,0.336329,0.385806,0.156847,0.086799,0.260936,0.377091,0.506526,0.441167,0.377155,0.396215,0.289483,0.177558
0.520684,0.619827,0.183184,0.340371,0.124247,0.385218,0.338602,0.472851,0.043606,0.127500,0.462958,0.355250,0.401093,0.438081,0.352188,0.299370,0.536510,0.489022,0.630244,0.596974,0.268393,0.281654,0.471491,0.202305,-0.143984,0.016977,0.257549,0.223498,0.479338,0.344273,0.387229,0.395932,0.681274,0.629655,0.000000,0.754598,0.359437,0.262245,0.293166,0.200057,0.438817,0.349779,0.632628,0.510239,0.531620,0.597279,0.647552,0.611040,0.506080,0.477572,0.441635,0.365979,0.515294,0.594234,0.514424,0.539470,0.624123,0.591964,0.590421,0.556984,0.548388,0.605963,0.603270,0.549157,0.525632,0.590551,0.667957,0.669576,0.647935,0.636851,0.409047,0.450121,0.423220,0.362870,0.590923,0.491999,0.517121,0.549364,0.457437,0.354317,0.556018,0.589120,0.388815,0.419478,0.496921,0.466356,0.193017,0.293399,0.174606,0.493202,0.347230,0.530021,0.451403,0.560102,0.442416,0.129032,0.417916,0.376269,0.442466,0.314788,0.130510,0.372789,0.092784,0.286334,0.218268,0.389866,0.140858,0.098500,0.157640,0.341734,0.488195,0.333518,0.177003,0.247420,0.240551,0.082262
0.545132,0.560470,0.212694,0.248904,0.221961,0.253289,0.398024,0.449800,0.253412,0.081438,0.468879,0.470638,0.456955,0.462383,0.420304,0.240358,0.469563,0.648966,0.594550,0.583345,0.210091,0.241475,0.410815,0.248052,0.010854,0.178485,0.163010,0.086340,0.445792,0.432050,0.373266,0.491204,0.675828,0.621667,0.754598,0.000000,0.450645,0.461045,0.379714,0.296729,0.414602,0.432687,0.620046,0.585231,0.563861,0.619046,0.666200,0.661665,0.567483,0.537258,0.529749,0.451927,0.619393,0.517463,0.646280,0.583496,0.611689,0.543275,0.510072,0.509986,0.524765,0.493128,0.588423,0.539527,0.532286,0.676018,0.689900,0.663624,0.635397,0.677279,0.457184,0.518079,0.450648,0.478162,0.516912,0.440318,0.572026,0.496655,0.586365,0.311282,0.675832,0.675702,0.491576,0.319374,0.661211,0.523923,0.392049,0.232226,0.428482,0.364965,0.545245,0.432247,0.565805,0.437388,0.413394,0.276448,0.535207,0.384632,0.514814,0.333861,0.316120,0.306609,0.174413,0.232519,0.430070,0.441606,0.153327,-0.059452,0.138452,0.378557,0.521041,0.407964,0.267469,0.447996,0.368204,0.260524
0.491128,0.485486,0.407136,0.480577,0.280023,0.305735,0.468672,0.502218,0.171425,0.195071,0.464203,0.505816,0.484553,0.465729,0.561002,0.355624,0.483332,0.480330,0.502565,0.487065,0.577862,0.506177,0.431826,0.428512,0.080009,0.193502,-0.080788,0.031727,0.598176,0.571185,0.510275,0.488833,0.538602,0.522915,0.359437,0.450645,0.000000,0.766839,0.477121,0.497265,0.582276,0.620843,0.430859,0.511638,0.530759,0.462415,0.435119,0.445396,0.420968,0.463944,0.471204,0.407972,0.360590,0.284433,0.416999,0.488839,0.457915,0.492009,0.435118,0.434503,0.481263,0.457399,0.464483,0.517461,0.557963,0.539634,0.492853,0.555067,0.420843,0.436009,0.553938,0.538264,0.495347,0.522635,0.266560,0.248616,0.597949,0.518319,0.432523,0.236303,0.559549,0.539320,0.598694,0.505537,0.570998,0.539896,0.475849,0.463523,0.249665,0.342188,0.414570,0.348307,0.505334,0.291082,0.506815,0.526117,0.659215,0.630802,0.569873,0.569854,0.399635,0.404703,0.361928,0.401944,0.522185,0.612844,0.239206,0.177694,0.180481,0.642633,0.583184,0.494553,0.452341,0.498117,0.415092,0.260253
0.417796,0.360696,0.286893,0.243088,0.161746,0.078350,0.374238,0.355664,0.176923,-0.065605,0.348974,0.510349,0.377191,0.414551,0.392336,0.079434,0.250732,0.566124,0.329612,0.354706,0.448821,0.466617,0.284460,0.270018,0.093121,0.193762,-0.171642,-0.007845,0.426846,0.602915,0.354066,0.423733,0.410824,0.397636,0.262245,0.461045,0.766839,0.000000,0.518884,0.563301,0.561800,0.730674,0.298202,0.391715,0.350026,0.329166,0.317449,0.337558,0.304935,0.338856,0.380171,0.340610,0.373214,0.138906,0.502080,0.388493,0.350872,0.383152,0.299336,0.327906,0.402353,0.339682,0.299180,0.467900,0.338046,0.490343,0.372053,0.402830,0.295470,0.352542,0.537702,0.503254,0.411496,0.620905,0.236470,0.265357,0.601443,0.470991,0.446853,0.171658,0.569933,0.491145,0.550731,0.253841,0.609819,0.421873,0.516825,0.358744,0.516666,0.137208,0.419427,0.110362,0.468645,0.095006,0.507813,0.574453,0.638714,0.565106,0.460684,0.452019,0.455081,0.240351,0.408656,0.309924,0.627203,0.559280,0.310983,0.094151,0.184110,0.642236,0.448142,0.357269,0.341294,0.542810,0.426970,0.351222
