0.000000 0.724223 0.473856 0.581118 0.060243 0.091991 0.758761 0.695372 0.035765 0.363264 0.691001 0.706345 0.685870 0.601428 0.159432 -0.481023 0.177532 0.375355 0.485961 0.767743 0.040303 0.011389 0.555432 0.348748 0.442080 0.341896 -0.093937 -0.235557 0.592063 0.724562 0.649305 0.720732 0.627774 0.680540 0.287819 0.037394 -0.066315 -0.259004 -0.042210 -0.520195 -0.074786 0.391234 0.591370 0.425637 0.638133 0.588108 0.548026 0.367171 0.691701 0.611916 0.652955 0.575833 0.605001 0.290883 0.444891 -0.376290 0.813271 0.644673 0.814823 0.749002 0.782823 0.685353 0.681147 0.407527 0.466769 0.456066 0.401853 0.470728 0.752630 0.791646 0.721608 0.411947 -0.036511 0.522320 0.130017 -0.103573 0.247491 -0.075738 0.628443 0.116577 0.619302 0.410091 0.100280 -0.289790 0.652709 -0.344097 -0.299885 -0.488902 0.404689 -0.484312 0.641422 -0.570551 0.441439 -0.656409 -0.336483 -0.050202 0.298052 -0.255661 0.204734 -0.581016 0.039564 -0.622378 -0.030194 -0.631118 -0.057578 -0.443250 0.036856 -0.512018 -0.357699 -0.236336 0.236827 0.270714 0.033218 -0.198805 0.112630 -0.371658
0.724223 0.000000 0.464075 0.640685 0.030537 0.162593 0.639096 0.725709 0.080230 0.331597 0.668572 0.701020 0.583890 0.579044 0.153648 -0.172655 0.291733 0.201982 0.623623 0.789074 0.014102 0.046715 0.584309 0.396843 0.378910 0.313736 -0.025054 -0.125929 0.490671 0.573562 0.592982 0.650036 0.528926 0.542439 0.053035 -0.061806 -0.149806 -0.274896 -0.148529 -0.371655 -0.168943 0.175993 0.393747 0.221144 0.429013 0.457293 0.350712 0.254504 0.530163 0.491285 0.443842 0.437239 0.368508 0.273885 0.284392 -0.220733 0.644926 0.814954 0.633692 0.642403 0.572594 0.553165 0.534997 0.500154 0.183331 0.245039 0.236210 0.337459 0.728016 0.627987 0.533378 0.410283 -0.045669 0.358144 0.020695 -0.081331 0.082991 -0.083331 0.493096 0.141093 0.378101 0.383163 0.208254 -0.138925 0.357758 -0.100429 -0.194534 -0.340220 0.262107 -0.262330 0.435748 -0.375344 0.245952 -0.527571 -0.213831 -0.071854 0.161530 -0.180629 0.154950 -0.411885 -0.105475 -0.425212 -0.027463 -0.421162 -0.069337 -0.303664 0.031328 -0.301642 -0.267232 -0.253383 0.172025 0.197996 0.000153 -0.214375 -0.003161 -0.239143
0.473856 0.464075 0.000000 0.583507 0.308108 0.199536 0.734377 0.334947 -0.047172 0.477467 0.275124 0.245563 0.292008 0.347148 0.423506 0.196879 0.055957 -0.023063 0.311513 0.336751 0.300939 0.289281 0.552924 0.749316 0.401106 0.019363 0.203863 0.295716 0.115570 0.101804 0.473565 0.299348 0.013960 0.154684 0.104029 0.213138 0.140278 0.108221 0.317762 0.073263 -0.197039 0.062466 -0.067992 -0.151267 -0.095638 -0.083590 0.026583 -0.023938 -0.051257 -0.017614 -0.043330 -0.102335 -0.018857 -0.221236 0.129168 0.096817 0.279040 0.290942 0.166871 0.065129 0.120660 0.070190 0.115850 -0.076600 0.162416 0.059548 0.304992 0.347201 0.457747 0.165844 0.362896 0.193119 -0.137916 -0.038745 0.054385 0.014494 0.168281 0.148277 0.256715 -0.229809 0.078729 -0.059430 0.388525 0.121314 0.081452 -0.296810 0.409150 0.242683 0.003841 -0.090139 -0.011220 -0.093505 -0.180634 -0.114264 0.177745 0.267938 0.139685 -0.003204 0.107606 -0.001417 -0.128848 -0.108589 0.257409 0.026541 0.059939 -0.180496 0.309400 0.125764 0.188750 0.202909 0.223355 0.111494 0.143378 -0.190157 -0.169979 0.176513
0.581118 0.640685 0.583507 0.000000 0.417140 0.358554 0.670291 0.650492 0.365304 0.538878 0.477073 0.554545 0.430441 0.401639 0.415743 -0.002251 0.335358 0.172851 0.674862 0.456514 0.100712 0.268970 0.756655 0.610237 0.670975 0.473822 0.312314 0.203711 0.436042 0.300440 0.681251 0.553232 0.405086 0.282277 0.096038 0.096158 0.075093 -0.000444 0.166958 -0.049604 0.050178 0.208909 0.190820 0.128592 0.202610 0.262600 0.204490 0.163934 0.248381 0.341424 0.255674 0.367108 0.158871 0.212786 0.164805 0.096451 0.414154 0.612920 0.381797 0.435826 0.361972 0.328553 0.419831 0.158417 0.261475 0.283567 0.389980 0.323113 0.663226 0.369782 0.577578 0.453842 -0.123892 0.160845 -0.037850 -0.263378 0.203396 0.132453 0.259414 0.195665 0.148232 0.282367 0.213435 0.062467 0.194591 0.067645 0.053499 -0.008201 0.043828 0.086895 0.204612 -0.194929 -0.042234 -0.300235 0.145866 0.043510 0.173400 -0.024006 0.086977 -0.107964 -0.292664 -0.210536 -0.039914 -0.156998 -0.204741 -0.260370 0.019765 -0.041357 0.059815 -0.033406 0.118413 0.210995 0.139236 -0.290816 -0.121453 -0.029763
0.060243 0.030537 0.308108 0.417140 0.000000 0.500910 0.222702 0.031420 0.446544 0.482123 -0.001021 -0.006030 -0.017508 0.021517 0.635444 0.338334 0.034550 -0.145294 0.309660 -0.098774 0.204153 0.368083 0.303263 0.348868 0.591146 0.373778 0.631169 0.618301 0.040174 -0.268490 0.333986 0.088947 -0.013853 -0.153832 0.051310 0.223528 0.274390 0.379577 0.445319 0.466540 0.239290 0.083351 -0.185379 -0.054055 -0.183175 -0.059310 -0.121188 -0.043772 -0.234634 0.029395 -0.111092 0.010140 -0.173718 0.028768 -0.017793 0.549170 -0.096933 0.060118 -0.156556 -0.115869 -0.133002 -0.197421 -0.029771 -0.241111 0.005328 -0.096537 0.169148 0.007610 0.205002 -0.175466 0.294721 0.256752 -0.000614 -0.204869 0.071315 -0.068314 0.230622 0.330734 -0.053489 0.098850 -0.153087 0.019836 0.289870 0.311864 -0.121803 0.249796 0.427048 0.418162 -0.311033 0.499164 -0.262448 0.266100 -0.380790 0.241222 0.506744 0.237987 0.178173 0.308229 0.194989 0.434197 -0.201210 0.268313 0.029032 0.327815 -0.165976 0.089193 0.065323 0.412439 0.462258 0.243766 -0.028443 0.262286 0.314928 -0.123313 -0.183730 0.346071
0.091991 0.162593 0.199536 0.358554 0.500910 0.000000 0.206312 0.077629 0.533551 0.590137 -0.005535 0.123423 0.015598 0.052084 0.498889 0.234638 0.085416 -0.172848 0.453721 -0.006620 0.089011 -0.004163 0.354231 0.170072 0.499518 0.372011 0.348514 0.553411 -0.039063 -0.168607 0.404641 0.104423 0.103099 -0.100767 -0.113032 0.012034 -0.224232 0.073560 0.084963 0.187763 0.051234 -0.167221 -0.128875 -0.141764 -0.015784 0.073575 -0.130382 -0.025117 -0.115401 0.095417 -0.079501 0.028230 -0.174193 0.055131 -0.203094 0.311668 -0.033717 0.204485 -0.076970 -0.016832 -0.042065 -0.005137 0.048591 -0.025943 -0.103779 -0.140233 -0.003396 -0.088646 0.227797 -0.107268 0.190012 -0.009924 -0.054890 -0.161806 0.030862 -0.217461 -0.153058 -0.020135 -0.029948 -0.139272 -0.234276 -0.055587 0.119907 0.149069 -0.136215 0.114727 0.155043 0.242963 -0.336473 0.346426 -0.221013 0.156997 -0.305831 0.174059 0.286587 0.244343 0.180922 0.318683 -0.060923 0.263852 -0.224367 0.209176 -0.030504 0.220273 -0.124495 0.081678 0.164978 0.322552 0.234366 0.105153 -0.221335 0.144882 0.001211 -0.002994 0.047871 0.090606
0.758761 0.639096 0.734377 0.670291 0.222702 0.206312 0.000000 0.627838 -0.003985 0.558940 0.527665 0.595416 0.651074 0.611731 0.353688 -0.154158 0.099325 0.175616 0.409417 0.560479 0.286956 0.120088 0.590267 0.623588 0.479864 0.200727 0.025656 0.035681 0.452417 0.469608 0.653962 0.570986 0.393452 0.527169 0.273218 0.145257 0.061118 -0.021765 0.154701 -0.221182 -0.098151 0.329700 0.394254 0.284143 0.391394 0.382822 0.359957 0.240622 0.405957 0.398229 0.424983 0.320163 0.384979 0.144425 0.339281 -0.112282 0.652167 0.531588 0.570140 0.500868 0.569312 0.520634 0.532537 0.269739 0.412877 0.375580 0.430893 0.514660 0.687035 0.568998 0.653811 0.377113 -0.091153 0.365744 0.189280 0.051973 0.315629 0.137673 0.524350 -0.116191 0.464481 0.286230 0.235934 -0.091665 0.500051 -0.298926 0.059259 -0.136930 0.245611 -0.284223 0.438323 -0.299787 0.249454 -0.395725 -0.107017 0.119567 0.300342 -0.101530 0.255516 -0.290377 0.001490 -0.426243 0.109125 -0.367017 -0.064343 -0.376214 0.204082 -0.241464 -0.090186 0.032999 0.323892 0.249798 0.206812 -0.186383 -0.012589 -0.081828
0.695372 0.725709 0.334947 0.650492 0.031420 0.077629 0.627838 0.000000 0.163843 0.273265 0.674373 0.704676 0.578899 0.531574 0.070726 -0.255698 0.156186 0.334310 0.458267 0.695926 -0.157942 0.031728 0.565280 0.393621 0.335745 0.330548 0.011195 -0.219859 0.482942 0.633679 0.453113 0.660809 0.609926 0.632392 0.241287 0.032281 -0.060269 -0.302061 -0.024810 -0.352258 -0.016269 0.350096 0.499235 0.370849 0.521407 0.483934 0.511651 0.388562 0.566635 0.498695 0.500735 0.492419 0.480880 0.309552 0.468540 -0.274164 0.576559 0.665338 0.651340 0.659067 0.629861 0.597500 0.565068 0.503175 0.313224 0.496161 0.409820 0.438602 0.614615 0.652363 0.606600 0.577965 -0.034248 0.484178 0.002359 -0.066246 0.276895 0.100757 0.416216 0.334188 0.454149 0.422105 0.105582 -0.157454 0.476223 -0.040596 -0.246501 -0.414629 0.454030 -0.222289 0.513186 -0.441229 0.369104 -0.503348 -0.155627 -0.086466 0.270031 -0.126441 0.303484 -0.399993 0.055365 -0.419604 0.044933 -0.441225 0.037840 -0.259405 -0.090226 -0.375070 -0.301763 -0.310218 0.204245 0.349884 0.029951 -0.095732 0.114519 -0.347328
0.035765 0.080230 -0.047172 0.365304 0.446544 0.533551 -0.003985 0.163843 0.000000 0.321461 0.103942 0.127321 -0.055909 -0.106616 0.279803 0.054357 0.311639 0.258690 0.494289 0.004869 -0.319516 0.206120 0.354470 0.025951 0.540130 0.672651 0.397826 0.266428 0.075611 -0.087430 0.260481 0.193104 0.214678 -0.107202 -0.034180 0.084992 0.007096 -0.042805 0.065872 0.103919 0.387369 0.049451 -0.072636 0.013088 0.003816 0.150810 -0.020579 0.036379 -0.020462 0.189325 -0.031263 0.240043 -0.050792 0.195647 0.024813 0.232517 -0.127609 0.139321 -0.042686 0.031947 -0.046575 -0.076814 0.101301 -0.013652 -0.005563 0.062183 0.077908 -0.139009 0.223351 -0.026611 0.176453 0.171159 0.143561 -0.057388 -0.068355 -0.362901 -0.000623 0.059959 -0.236961 0.378336 -0.201563 0.123553 -0.133300 0.087030 -0.109926 0.386091 -0.030072 0.055715 -0.108964 0.456601 -0.190413 -0.024194 -0.276662 0.063030 0.313531 -0.153243 0.028438 0.218480 -0.067639 0.209196 -0.199759 0.267546 -0.022397 0.204439 -0.109181 0.068256 -0.239607 0.103346 0.103278 -0.079165 -0.268051 0.180813 -0.084598 -0.091494 -0.101827 -0.122063
0.363264 0.331597 0.477467 0.538878 0.482123 0.590137 0.558940 0.273265 0.321461 0.000000 0.245975 0.408852 0.411412 0.455889 0.528839 0.159256 0.211702 -0.021652 0.322030 0.165466 0.397425 0.193160 0.394851 0.472865 0.622368 0.385313 0.257837 0.445443 0.296339 0.069620 0.634520 0.327279 0.178513 0.183796 0.135285 0.156728 0.085618 0.250130 0.128945 0.118557 0.097654 0.218365 0.139410 0.146397 0.162287 0.269448 -0.005780 0.028538 0.124766 0.266932 0.214549 0.190436 0.069158 0.185593 -0.003135 0.259234 0.310038 0.280813 0.191361 0.185293 0.227353 0.244912 0.331677 0.110113 0.211191 0.093029 0.138029 0.179130 0.400433 0.198797 0.441924 0.196479 -0.068245 0.159643 0.208809 -0.038948 0.169871 0.180817 0.326904 -0.258773 0.179762 0.233769 0.193495 0.015275 0.205024 -0.036853 0.219602 0.187903 -0.143080 0.099683 0.116759 0.016679 -0.040076 -0.066847 0.107120 0.100026 0.065708 0.089824 0.084593 0.067440 -0.207831 -0.108039 -0.045314 -0.050249 -0.265700 -0.213014 0.169258 0.068316 0.124808 0.275253 0.084049 0.105778 0.254498 -0.266768 -0.205783 0.159740
0.691001 0.668572 0.275124 0.477073 -0.001021 -0.005535 0.527665 0.674373 0.103942 0.245975 0.000000 0.748045 0.709024 0.599177 0.004095 -0.342486 0.343032 0.432640 0.400010 0.688491 -0.149791 0.038865 0.502984 0.238490 0.355286 0.383002 -0.045134 -0.244925 0.490738 0.617628 0.489150 0.664792 0.552263 0.577495 0.193380 -0.001644 -0.047874 -0.268108 -0.129236 -0.445776 -0.011412 0.287807 0.488032 0.346179 0.527039 0.499738 0.389581 0.241669 0.620301 0.506152 0.515775 0.503556 0.488051 0.244457 0.427615 -0.340432 0.634635 0.573796 0.683586 0.646814 0.647896 0.590804 0.572267 0.468348 0.323832 0.431931 0.241884 0.330876 0.535220 0.672060 0.531036 0.358912 -0.065548 0.423433 0.082009 -0.117785 0.202763 -0.085958 0.501364 0.224452 0.511526 0.408403 0.081991 -0.306824 0.523767 -0.201744 -0.264029 -0.480241 0.471931 -0.351005 0.499799 -0.533800 0.335852 -0.620896 -0.306725 -0.240229 0.131925 -0.237589 0.176858 -0.527525 -0.010834 -0.487236 -0.063634 -0.527480 0.009297 -0.310218 -0.163574 -0.485935 -0.398919 -0.343879 0.115085 0.222759 -0.073308 -0.228908 -0.036025 -0.390113
0.706345 0.701020 0.245563 0.554545 -0.006030 0.123423 0.595416 0.704676 0.127321 0.408852 0.748045 0.000000 0.747743 0.733998 0.069063 -0.332660 0.333425 0.369570 0.463389 0.652566 0.002868 0.007190 0.545428 0.232623 0.424422 0.429803 -0.090988 -0.218275 0.594907 0.666838 0.641686 0.677835 0.621134 0.621364 0.160333 -0.093155 -0.167368 -0.281491 -0.282216 -0.490914 -0.025664 0.331349 0.568499 0.413140 0.646993 0.662689 0.384972 0.249325 0.718928 0.624547 0.647969 0.644416 0.515731 0.386651 0.324510 -0.341875 0.722526 0.674952 0.754358 0.790766 0.749842 0.721492 0.698856 0.583010 0.351900 0.468306 0.240567 0.375839 0.601834 0.701868 0.596962 0.332438 -0.128051 0.497151 0.083259 -0.137604 0.119146 -0.137172 0.625382 0.121899 0.596795 0.554891 0.024106 -0.319476 0.596713 -0.117490 -0.352175 -0.493236 0.354501 -0.362150 0.615783 -0.494272 0.414786 -0.654811 -0.410739 -0.300882 0.023234 -0.303256 0.056083 -0.590059 -0.137575 -0.599889 -0.237588 -0.627647 -0.203150 -0.445524 -0.095513 -0.527896 -0.469583 -0.311347 0.086651 0.086634 -0.052986 -0.365134 -0.068744 -0.388128
0.685870 0.583890 0.292008 0.430441 -0.017508 0.015598 0.651074 0.578899 -0.055909 0.411412 0.709024 0.747743 0.000000 0.783184 0.088009 -0.377056 0.337594 0.365901 0.269287 0.585380 0.200533 -0.022326 0.383868 0.292949 0.293717 0.271201 -0.214916 -0.245501 0.635038 0.637020 0.565031 0.613671 0.504474 0.638937 0.317358 0.016062 0.070053 -0.044061 -0.103902 -0.405467 0.061195 0.446262 0.624537 0.525446 0.607684 0.623022 0.428271 0.298436 0.676012 0.572811 0.693906 0.572906 0.603234 0.429734 0.392310 -0.287139 0.761072 0.486547 0.721430 0.672317 0.727794 0.695607 0.722415 0.503249 0.505034 0.467345 0.263375 0.429815 0.554122 0.721492 0.554228 0.311070 -0.065823 0.573444 0.232871 0.044403 0.309025 0.025806 0.596029 -0.051314 0.677310 0.563024 0.102356 -0.253941 0.726519 -0.177734 -0.231832 -0.414802 0.445895 -0.402797 0.670458 -0.426894 0.523287 -0.578927 -0.389012 -0.178276 0.160415 -0.297265 0.189720 -0.522486 0.047077 -0.609342 -0.101152 -0.624482 -0.169128 -0.473165 -0.036428 -0.552947 -0.353509 -0.109401 0.264978 0.121358 0.131021 -0.240052 -0.009182 -0.310041
0.601428 0.579044 0.347148 0.401639 0.021517 0.052084 0.611731 0.531574 -0.106616 0.455889 0.599177 0.733998 0.783184 0.000000 0.143350 -0.170714 0.345482 0.327609 0.250603 0.551352 0.328606 0.089801 0.348774 0.317206 0.286278 0.200180 -0.173910 -0.162924 0.586361 0.576620 0.523909 0.510262 0.366096 0.567435 0.310065 0.059979 0.148925 0.075017 -0.120160 -0.311167 0.038088 0.434004 0.543418 0.439528 0.493950 0.578859 0.346582 0.247246 0.596412 0.544309 0.607553 0.498898 0.509989 0.400326 0.348556 -0.177334 0.673802 0.463876 0.626972 0.586707 0.606668 0.578545 0.594638 0.500722 0.366460 0.351296 0.231837 0.452565 0.522322 0.602920 0.499522 0.288058 -0.024621 0.495520 0.202169 0.082502 0.282714 0.064757 0.608692 -0.139941 0.643947 0.575405 0.243018 -0.088544 0.634001 -0.122983 -0.102140 -0.250667 0.383240 -0.347294 0.573006 -0.295923 0.412882 -0.480294 -0.361367 -0.146719 0.052069 -0.298267 0.171504 -0.426214 -0.037189 -0.545513 -0.098359 -0.506026 -0.220877 -0.483633 0.049295 -0.441885 -0.279343 0.048893 0.337547 0.042799 0.195010 -0.343828 -0.147374 -0.147493
0.159432 0.153648 0.423506 0.415743 0.635444 0.498889 0.353688 0.070726 0.279803 0.528839 0.004095 0.069063 0.088009 0.143350 0.000000 0.422930 -0.010510 -0.273189 0.331662 -0.035256 0.324630 0.138235 0.356064 0.331539 0.551417 0.161959 0.563061 0.645905 0.112968 -0.163519 0.330421 -0.005834 -0.037509 -0.155128 -0.027980 0.029382 0.128070 0.282801 0.467440 0.392896 -0.001468 -0.056447 -0.159297 -0.121203 -0.172652 -0.026153 -0.142970 -0.107030 -0.179969 0.061771 -0.103752 -0.021434 -0.186792 -0.019647 -0.061919 0.475653 -0.026238 0.122075 -0.112597 -0.057940 -0.073876 -0.143148 -0.060144 -0.212383 -0.113407 -0.200922 0.070926 -0.042644 0.258220 -0.140928 0.317298 0.180043 -0.131960 -0.248118 -0.003529 -0.124045 0.114624 0.167311 0.100949 0.007609 -0.098816 -0.008978 0.475054 0.359919 -0.085596 0.134119 0.493151 0.418569 -0.357192 0.353074 -0.230895 0.257968 -0.404427 0.139914 0.440701 0.402664 0.250599 0.186978 0.092778 0.316828 -0.294884 0.094436 -0.064586 0.217311 -0.314569 -0.131651 0.314878 0.423882 0.470752 0.330999 -0.033916 0.049504 0.288159 -0.200909 -0.173673 0.397458
-0.481023 -0.172655 0.196879 -0.002251 0.338334 0.234638 -0.154158 -0.255698 0.054357 0.159256 -0.342486 -0.332660 -0.377056 -0.170714 0.422930 0.000000 -0.123988 -0.501991 -0.050875 -0.415513 0.195489 0.186385 -0.065554 0.219329 0.006470 -0.243749 0.455233 0.631456 -0.456783 -0.641262 -0.205053 -0.446979 -0.533500 -0.537194 -0.222613 0.077576 0.160102 0.369956 0.331499 0.709246 -0.040689 -0.375832 -0.580276 -0.505273 -0.670987 -0.516690 -0.496653 -0.349009 -0.677354 -0.460158 -0.637971 -0.556737 -0.604612 -0.323711 -0.264548 0.637448 -0.600132 -0.221874 -0.657829 -0.593487 -0.662697 -0.588766 -0.582278 -0.293231 -0.468147 -0.453987 -0.176746 -0.211105 -0.279611 -0.656528 -0.323598 -0.098979 -0.035490 -0.565376 -0.073182 0.099585 -0.093681 0.269970 -0.341719 -0.177299 -0.537925 -0.313709 0.456562 0.574867 -0.607773 0.317333 0.733870 0.747154 -0.444944 0.608516 -0.680864 0.651535 -0.641822 0.609596 0.584165 0.329424 -0.090468 0.358006 0.030791 0.686238 -0.208627 0.587315 0.202987 0.720909 0.006070 0.331825 0.250551 0.744582 0.598245 0.400551 -0.072475 -0.076659 0.193588 0.009196 -0.320799 0.625723
0.177532 0.291733 0.055957 0.335358 0.034550 0.085416 0.099325 0.156186 0.311639 0.211702 0.343032 0.333425 0.337594 0.345482 -0.010510 -0.123988 0.000000 0.536261 0.417845 0.252472 0.050119 0.317430 0.314316 0.079946 0.351807 0.453877 -0.031743 -0.054046 0.500506 0.281854 0.405708 0.339105 0.137967 0.073222 0.013378 0.041550 0.250670 0.161157 -0.122499 -0.156069 0.272160 0.150626 0.176370 0.159764 0.117566 0.261146 0.037477 0.017471 0.272270 0.294787 0.219829 0.369420 0.093559 0.270172 0.026598 -0.072385 0.240656 0.198740 0.195610 0.210108 0.131460 0.125376 0.375068 0.199020 0.122606 0.078469 -0.053407 -0.005248 0.291678 0.248621 0.101565 0.015311 0.066019 0.174558 -0.087058 -0.313771 -0.023652 -0.141314 0.114528 0.111638 0.143106 0.368398 -0.000650 0.078555 0.132947 0.163719 -0.159776 -0.131766 0.132545 0.005689 0.133374 -0.209137 -0.015831 -0.282624 -0.157755 -0.362808 -0.267287 -0.334565 -0.258072 -0.198552 -0.336024 -0.201177 -0.215682 -0.162695 -0.356168 -0.374716 -0.336596 -0.307821 -0.135128 0.034111 0.054292 -0.182359 -0.109223 -0.448591 -0.364979 -0.207181
0.375355 0.201982 -0.023063 0.172851 -0.145294 -0.172848 0.175616 0.334310 0.258690 -0.021652 0.432640 0.369570 0.365901 0.327609 -0.273189 -0.501991 0.536261 0.000000 0.236048 0.398303 -0.219633 0.279656 0.234403 -0.027573 0.228849 0.451839 -0.198190 -0.423445 0.483803 0.564698 0.249478 0.441938 0.341116 0.383574 0.350775 0.194076 0.273982 -0.069373 -0.133105 -0.444823 0.300102 0.439955 0.457803 0.438429 0.416738 0.438648 0.410863 0.246305 0.519909 0.444499 0.432563 0.485677 0.472126 0.250195 0.428851 -0.419504 0.374323 0.120355 0.464389 0.380365 0.395151 0.313319 0.488462 0.333402 0.359234 0.435339 0.230119 0.268234 0.334592 0.515667 0.269140 0.138035 0.219561 0.445619 0.033436 -0.211206 0.239210 -0.024968 0.178835 0.255387 0.466479 0.426148 -0.186971 -0.119037 0.480607 -0.093952 -0.378222 -0.458598 0.584217 -0.306097 0.422429 -0.536583 0.320021 -0.459108 -0.330712 -0.488491 -0.073843 -0.348199 0.022724 -0.421449 0.049244 -0.372329 0.022069 -0.386089 -0.029405 -0.387069 -0.341840 -0.626979 -0.413754 -0.185195 0.191327 0.073987 -0.099617 -0.254274 -0.122677 -0.497037
0.485961 0.623623 0.311513 0.674862 0.309660 0.453721 0.409417 0.458267 0.494289 0.322030 0.400010 0.463389 0.269287 0.250603 0.331662 -0.050875 0.417845 0.236048 0.000000 0.480640 -0.087265 0.141565 0.645265 0.207983 0.591388 0.520661 0.245079 0.145813 0.373828 0.289267 0.587835 0.441087 0.394688 0.148225 -0.074658 -0.099069 -0.115132 -0.156850 -0.043916 -0.165620 0.056857 -0.019680 0.187016 0.075587 0.235800 0.343799 0.194259 0.143817 0.291513 0.423967 0.206966 0.429796 0.108507 0.214232 0.076767 -0.001476 0.312329 0.613877 0.327141 0.423306 0.281529 0.228208 0.330817 0.181090 0.055416 0.094315 0.187151 0.096811 0.637142 0.287997 0.394560 0.249778 -0.016546 0.047235 -0.116372 -0.374841 -0.073014 -0.149826 0.157962 0.300886 0.036762 0.250486 0.111372 0.104868 0.071429 0.137209 -0.126096 -0.128096 -0.029674 0.108922 0.123889 -0.161642 -0.083569 -0.264404 0.054068 -0.060986 0.088135 -0.093577 -0.115752 -0.161523 -0.364246 -0.173303 -0.156388 -0.133135 -0.262365 -0.265121 -0.057003 -0.074558 -0.018348 -0.208574 -0.082083 0.077757 -0.108057 -0.283859 -0.086904 -0.189382
0.767743 0.789074 0.336751 0.456514 -0.098774 -0.006620 0.560479 0.695926 0.004869 0.165466 0.688491 0.652566 0.585380 0.551352 -0.035256 -0.415513 0.252472 0.398303 0.480640 0.000000 -0.105189 -0.018606 0.433666 0.261540 0.250543 0.277946 -0.203238 -0.345754 0.536246 0.734032 0.490887 0.718240 0.593984 0.694367 0.171987 -0.036697 -0.100866 -0.350245 -0.126666 -0.515988 -0.085383 0.353980 0.521482 0.360285 0.575502 0.557234 0.528254 0.386228 0.653100 0.548610 0.566117 0.500305 0.559249 0.275488 0.500148 -0.390737 0.690615 0.672566 0.748385 0.678874 0.669723 0.630251 0.616565 0.607638 0.268238 0.341077 0.279118 0.423324 0.653939 0.753283 0.528639 0.372148 0.071244 0.498899 0.108070 -0.020967 0.186413 -0.104024 0.504579 0.189248 0.533729 0.433967 0.122390 -0.229190 0.522788 -0.217795 -0.327487 -0.523767 0.513657 -0.438903 0.569755 -0.568495 0.437746 -0.609259 -0.331071 -0.104853 0.238155 -0.236154 0.245825 -0.542558 0.144574 -0.510530 0.097133 -0.538371 0.100848 -0.312813 -0.039615 -0.510745 -0.393402 -0.299902 0.225796 0.277194 -0.036273 -0.089832 0.134177 -0.397872
0.040303 0.014102 0.300939 0.100712 0.204153 0.089011 0.286956 -0.157942 -0.319516 0.397425 -0.149791 0.002868 0.200533 0.328606 0.324630 0.195489 0.050119 -0.219633 -0.087265 -0.105189 0.000000 0.126259 -0.137020 0.217946 0.120215 -0.197640 -0.065403 0.232351 0.265245 -0.068057 0.202280 -0.144074 -0.259492 -0.043521 0.108733 0.094123 0.376728 0.572751 0.183274 0.216580 0.036975 0.183163 0.023736 0.083119 -0.100359 -0.014425 -0.073197 -0.073954 -0.094980 -0.028105 0.086803 -0.078278 -0.040104 0.130126 -0.149849 0.299113 0.160329 -0.029402 -0.043158 -0.054997 -0.019517 0.033890 0.024163 -0.046875 0.092630 -0.131497 0.014667 0.173575 0.147125 -0.017319 0.123605 -0.020614 0.033774 0.077769 0.223223 0.255382 0.237977 0.251642 0.196424 -0.480196 0.109509 0.100960 0.342192 0.286053 0.087461 -0.038193 0.300130 0.359276 -0.221716 0.000378 0.084182 0.305951 0.022098 0.156372 -0.016232 0.306703 0.077906 -0.086606 0.055018 0.140713 -0.069691 -0.087392 -0.000595 0.040411 -0.374202 -0.289395 0.419424 0.125276 0.319705 0.650056 0.408788 -0.219624 0.495553 -0.179790 -0.224944 0.522876
0.011389 0.046715 0.289281 0.268970 0.368083 -0.004163 0.120088 0.031728 0.206120 0.193160 0.038865 0.007190 -0.022326 0.089801 0.138235 0.186385 0.317430 0.279656 0.141565 -0.018606 0.126259 0.000000 0.196357 0.291682 0.379767 0.316649 0.384050 0.249058 0.128747 -0.079685 0.240489 0.097392 -0.076902 -0.067449 0.139876 0.330076 0.485278 0.374779 0.134575 0.204703 0.152100 0.190668 -0.118902 -0.004917 -0.181272 -0.080732 -0.102387 -0.083985 -0.083176 0.017775 -0.093163 0.003648 -0.101891 -0.066638 0.048071 0.168316 -0.045899 -0.040042 -0.086715 -0.134178 -0.126999 -0.205308 -0.003168 -0.122138 0.031168 0.006354 0.082256 0.059398 0.158878 -0.032714 0.159267 0.201735 0.085393 -0.027935 -0.055208 -0.087929 0.217286 0.189052 0.028093 0.040800 0.045770 0.097356 0.084402 0.219959 -0.039786 0.113923 0.227195 0.242019 -0.018846 0.154148 -0.098192 0.006416 -0.228184 -0.000497 0.158993 -0.253099 -0.271620 -0.079500 0.041575 0.174694 -0.241857 0.062468 0.032584 0.170459 -0.121359 -0.123203 -0.134519 0.066532 0.085236 0.153405 0.207018 0.024283 0.135084 -0.383200 -0.470955 0.150539
0.555432 0.584309 0.552924 0.756655 0.303263 0.354231 0.590267 0.565280 0.354470 0.394851 0.502984 0.545428 0.383868 0.348774 0.356064 -0.065554 0.314316 0.234403 0.645265 0.433666 -0.137020 0.196357 0.000000 0.544485 0.603380 0.464876 0.292094 0.170871 0.281965 0.319662 0.628615 0.520067 0.429586 0.234385 0.039726 0.069926 -0.127208 -0.208438 0.071327 -0.171698 -0.079220 0.040551 0.136164 0.000022 0.206351 0.229540 0.151542 0.071476 0.271933 0.295135 0.177630 0.322308 0.126615 0.038573 0.119825 -0.108012 0.373022 0.525504 0.384728 0.404862 0.352145 0.264787 0.367940 0.065253 0.227658 0.271326 0.323066 0.229092 0.576802 0.332083 0.483784 0.286862 -0.272970 0.029759 -0.145305 -0.378642 -0.035510 -0.135350 0.303514 0.212944 0.153048 0.195734 0.159255 -0.060832 0.206955 -0.089453 -0.014102 -0.104043 0.073906 -0.045024 0.139699 -0.339364 -0.109808 -0.398168 0.056361 -0.066431 0.073391 -0.079224 -0.101980 -0.254473 -0.374640 -0.263711 -0.148510 -0.222726 -0.126853 -0.255271 -0.115729 -0.120851 -0.123535 -0.258099 -0.080372 0.137076 -0.180591 -0.326935 -0.107242 -0.262319
0.348748 0.396843 0.749316 0.610237 0.348868 0.170072 0.623588 0.393621 0.025951 0.472865 0.238490 0.232623 0.292949 0.317206 0.331539 0.219329 0.079946 -0.027573 0.207983 0.261540 0.217946 0.291682 0.544485 0.000000 0.349118 0.140910 0.217228 0.247600 0.093771 0.031005 0.451568 0.392504 0.141415 0.236246 0.226321 0.361274 0.205612 0.188797 0.338259 0.184528 -0.007503 0.207123 -0.012016 -0.009502 -0.052188 -0.027417 0.123933 0.111528 -0.062535 0.028185 0.016049 -0.024652 0.048002 -0.017658 0.194955 0.229340 0.211559 0.251512 0.132245 0.056040 0.085370 0.108458 0.196999 -0.011269 0.292409 0.232234 0.424674 0.430870 0.358690 0.147456 0.354747 0.374409 -0.038665 0.086460 0.129684 0.097932 0.296013 0.358496 0.144981 -0.167371 0.073564 0.089442 0.311083 0.089317 0.114159 -0.067929 0.383922 0.285125 0.076421 0.094226 0.003054 -0.014040 -0.088658 -0.007670 0.272661 0.179974 0.145019 0.194050 0.230146 0.127923 -0.022333 0.045646 0.296664 0.093886 0.162846 0.031164 0.096992 0.133666 0.161491 0.153946 0.245689 0.283211 0.251008 -0.022414 -0.087325 0.150045
0.442080 0.378910 0.401106 0.670975 0.591146 0.499518 0.479864 0.335745 0.540130 0.622368 0.355286 0.424422 0.293717 0.286278 0.551417 0.006470 0.351807 0.228849 0.591388 0.250543 0.120215 0.379767 0.603380 0.349118 0.000000 0.693047 0.479682 0.415888 0.367495 0.139892 0.706082 0.455176 0.360271 0.174086 0.132134 0.150536 0.136911 0.136290 0.147345 0.021366 0.206303 0.206803 0.142939 0.159477 0.183659 0.301454 0.051916 0.043214 0.210014 0.375441 0.217062 0.371145 0.095700 0.194277 0.099691 0.173550 0.305051 0.395051 0.261754 0.303418 0.275524 0.195185 0.351065 0.054760 0.213976 0.187924 0.278317 0.165624 0.521451 0.240061 0.558429 0.253990 -0.034380 0.060226 0.030578 -0.341642 0.141329 0.039304 0.272433 0.151137 0.161918 0.272969 0.152937 0.057745 0.175968 0.097310 0.087650 0.051828 -0.112071 0.149496 0.075125 -0.146302 -0.165742 -0.220797 0.123250 -0.084063 0.065270 0.024061 -0.004667 -0.031778 -0.350131 -0.139910 -0.178334 -0.093437 -0.321292 -0.270837 -0.036765 -0.013856 0.039231 0.018567 -0.026659 0.157642 0.088329 -0.406724 -0.267861 -0.012424
0.341896 0.313736 0.019363 0.473822 0.373778 0.372011 0.200727 0.330548 0.672651 0.385313 0.383002 0.429803 0.271201 0.200180 0.161959 -0.243749 0.453877 0.451839 0.520661 0.277946 -0.197640 0.316649 0.464876 0.140910 0.693047 0.000000 0.257328 0.075706 0.362480 0.217306 0.585555 0.572841 0.558774 0.301873 0.227375 0.223439 0.056562 -0.016022 -0.139726 -0.155944 0.385348 0.326042 0.275536 0.346381 0.363455 0.467589 0.184985 0.202240 0.370567 0.489859 0.353989 0.547131 0.271986 0.413995 0.149726 0.002905 0.300165 0.359579 0.337269 0.376526 0.337167 0.296089 0.476409 0.229812 0.333709 0.371577 0.267919 0.151025 0.413394 0.336800 0.457648 0.284179 0.153661 0.286194 0.095298 -0.304220 0.135060 0.007734 0.172371 0.281320 0.218012 0.428611 -0.162105 -0.180035 0.275054 0.238387 -0.252884 -0.196024 0.097430 0.129386 0.195378 -0.273458 0.053619 -0.276951 -0.036636 -0.406973 -0.033079 0.061680 -0.027407 -0.131409 -0.180179 -0.076450 -0.185342 -0.188718 -0.159291 -0.098603 -0.342707 -0.268682 -0.260726 -0.218750 -0.093754 0.215278 -0.083603 -0.234757 -0.105030 -0.320573
-0.093937 -0.025054 0.203863 0.312314 0.631169 0.348514 0.025656 0.011195 0.397826 0.257837 -0.045134 -0.090988 -0.214916 -0.173910 0.563061 0.455233 -0.031743 -0.198190 0.245079 -0.203238 -0.065403 0.384050 0.292094 0.217228 0.479682 0.257328 0.000000 0.701988 -0.124244 -0.334492 0.126910 -0.081121 -0.103662 -0.324869 -0.150127 0.046349 0.111831 0.180215 0.354297 0.441306 -0.015146 -0.182180 -0.372957 -0.277061 -0.343877 -0.262117 -0.307724 -0.240374 -0.325356 -0.127651 -0.337958 -0.146789 -0.385158 -0.224006 -0.117832 0.432644 -0.304206 -0.034037 -0.308874 -0.232526 -0.290450 -0.396324 -0.257695 -0.372083 -0.240350 -0.201668 -0.023190 -0.230385 -0.017455 -0.332806 0.109536 0.170762 -0.182405 -0.425911 -0.213710 -0.267796 -0.028069 0.127916 -0.080084 0.256773 -0.259575 -0.142136 0.275737 0.295971 -0.328880 0.222643 0.431712 0.384979 -0.393332 0.460590 -0.442415 0.205131 -0.572283 0.171083 0.521361 0.112220 -0.018763 0.234473 0.040267 0.395364 -0.367379 0.271284 -0.118357 0.361484 -0.129058 0.140055 0.012892 0.490543 0.346101 0.044528 -0.232914 0.131727 0.074791 -0.235427 -0.268055 0.290960
-0.235557 -0.125929 0.295716 0.203711 0.618301 0.553411 0.035681 -0.219859 0.266428 0.445443 -0.244925 -0.218275 -0.245501 -0.162924 0.645905 0.631456 -0.054046 -0.423445 0.145813 -0.345754 0.232351 0.249058 0.170871 0.247600 0.415888 0.075706 0.701988 0.000000 -0.261453 -0.529505 0.150063 -0.232814 -0.311435 -0.442876 -0.206554 0.065845 0.064747 0.338594 0.373984 0.586346 -0.045981 -0.311321 -0.496029 -0.409382 -0.482290 -0.364594 -0.485098 -0.345344 -0.517070 -0.287163 -0.475050 -0.361617 -0.547750 -0.304421 -0.326047 0.568923 -0.384442 -0.133780 -0.488129 -0.434428 -0.440484 -0.454063 -0.343827 -0.410460 -0.308879 -0.391606 -0.145885 -0.264407 -0.110002 -0.500887 -0.030750 -0.076576 -0.171995 -0.512488 -0.101608 -0.127162 -0.140849 0.106430 -0.134198 -0.143293 -0.412555 -0.293671 0.339057 0.380872 -0.450905 0.146536 0.606081 0.620417 -0.591754 0.506711 -0.576446 0.407128 -0.655138 0.396256 0.544652 0.305508 -0.017357 0.326230 -0.051950 0.554937 -0.359376 0.389162 -0.047350 0.514611 -0.149908 0.186353 0.214561 0.642206 0.519947 0.313128 -0.223052 -0.000104 0.127528 -0.154220 -0.257950 0.481420
0.592063 0.490671 0.115570 0.436042 0.040174 -0.039063 0.452417 0.482942 0.075611 0.296339 0.490738 0.594907 0.635038 0.586361 0.112968 -0.456783 0.500506 0.483803 0.373828 0.536246 0.265245 0.128747 0.281965 0.093771 0.367495 0.362480 -0.124244 -0.261453 0.000000 0.717954 0.506011 0.509208 0.423869 0.486722 0.175167 -0.118385 0.208575 0.014388 -0.075310 -0.400749 0.118747 0.479980 0.545867 0.505113 0.535105 0.577096 0.417373 0.250647 0.655867 0.570333 0.682659 0.646430 0.490855 0.492268 0.291954 -0.260331 0.671490 0.424294 0.642128 0.651304 0.625046 0.539948 0.655763 0.392796 0.303838 0.281898 0.121537 0.233519 0.558244 0.674438 0.514352 0.345453 0.022374 0.562305 0.092634 -0.136254 0.278680 -0.034895 0.480507 0.232542 0.599463 0.605609 0.008870 -0.116895 0.579889 -0.000415 -0.385633 -0.472520 0.288232 -0.332894 0.669699 -0.439353 0.450135 -0.604001 -0.408148 -0.198559 0.108493 -0.507458 0.083356 -0.500114 -0.107505 -0.633883 -0.268424 -0.612345 -0.499998 -0.687983 -0.125667 -0.567644 -0.251198 -0.007863 0.274944 -0.057419 0.209576 -0.410683 -0.101706 -0.218857
0.724562 0.573562 0.101804 0.300440 -0.268490 -0.168607 0.469608 0.633679 -0.087430 0.069620 0.617628 0.666838 0.637020 0.576620 -0.163519 -0.641262 0.281854 0.564698 0.289267 0.734032 -0.068057 -0.079685 0.319662 0.031005 0.139892 0.217306 -0.334492 -0.529505 0.717954 0.000000 0.390855 0.605363 0.571876 0.675949 0.214795 -0.145089 -0.076428 -0.367839 -0.219059 -0.680226 -0.083775 0.429809 0.673177 0.495480 0.710536 0.621049 0.597760 0.388346 0.814979 0.597163 0.727076 0.623774 0.670844 0.345782 0.470800 -0.605247 0.755330 0.490756 0.824594 0.776419 0.777654 0.689427 0.685767 0.529783 0.352088 0.417185 0.204296 0.339434 0.548087 0.827783 0.505389 0.307796 -0.024738 0.636091 0.037269 -0.102478 0.168994 -0.201045 0.570386 0.253653 0.707762 0.507598 -0.068689 -0.320277 0.696464 -0.290083 -0.557339 -0.723797 0.584014 -0.630784 0.784049 -0.691933 0.628579 -0.762278 -0.579879 -0.214147 0.167353 -0.502541 0.132315 -0.748555 0.087897 -0.759312 -0.140953 -0.777347 -0.139550 -0.572048 -0.129979 -0.738374 -0.525228 -0.314052 0.240451 0.077967 -0.055535 -0.209163 0.151788 -0.528921
0.649305 0.592982 0.473565 0.681251 0.333986 0.404641 0.653962 0.453113 0.260481 0.634520 0.489150 0.641686 0.565031 0.523909 0.330421 -0.205053 0.405708 0.249478 0.587835 0.490887 0.202280 0.240489 0.628615 0.451568 0.706082 0.585555 0.126910 0.150063 0.506011 0.390855 0.000000 0.704720 0.530259 0.451739 0.184465 0.131681 -0.038273 -0.000490 -0.096868 -0.236758 0.059984 0.276191 0.371414 0.295486 0.439718 0.499339 0.240462 0.207226 0.461388 0.519726 0.464035 0.507815 0.323490 0.294912 0.151580 -0.065808 0.614306 0.576774 0.543396 0.540028 0.543850 0.526712 0.636113 0.311598 0.376874 0.327796 0.301537 0.360197 0.658309 0.508641 0.637031 0.253603 -0.052376 0.335943 0.132125 -0.188573 0.095349 -0.068847 0.539535 -0.075538 0.396129 0.397012 0.063985 -0.174194 0.411901 -0.118862 -0.121916 -0.173614 0.045893 -0.159289 0.370787 -0.308421 0.166713 -0.415793 -0.154008 -0.150470 0.048105 -0.096461 -0.007325 -0.301638 -0.221917 -0.372646 -0.174920 -0.372018 -0.234020 -0.344117 -0.020553 -0.275157 -0.220565 -0.070984 0.106636 0.143960 0.017164 -0.341216 -0.122367 -0.204414
0.720732 0.650036 0.299348 0.553232 0.088947 0.104423 0.570986 0.660809 0.193104 0.327279 0.664792 0.677835 0.613671 0.510262 -0.005834 -0.446979 0.339105 0.441938 0.441087 0.718240 -0.144074 0.097392 0.520067 0.392504 0.455176 0.572841 -0.081121 -0.232814 0.509208 0.605363 0.704720 0.000000 0.726062 0.718646 0.316976 0.166738 -0.061843 -0.237577 -0.158257 -0.443096 0.122834 0.448766 0.541833 0.467879 0.629609 0.607658 0.494406 0.417232 0.648412 0.601485 0.624786 0.610716 0.577356 0.377156 0.449048 -0.297827 0.700056 0.610121 0.724182 0.665682 0.696465 0.681115 0.752014 0.524207 0.497540 0.537009 0.409715 0.475315 0.608996 0.723227 0.642112 0.428970 0.095610 0.565233 0.182549 -0.042684 0.235789 -0.001566 0.504561 0.167949 0.554378 0.528668 -0.037233 -0.355950 0.586476 -0.110146 -0.344797 -0.475352 0.448034 -0.317350 0.550274 -0.529282 0.446357 -0.556612 -0.272290 -0.268952 0.155547 -0.088019 0.199717 -0.462599 0.105062 -0.419230 -0.011518 -0.527296 0.080553 -0.193611 -0.220746 -0.531288 -0.466841 -0.331381 0.145154 0.356348 -0.060253 -0.088384 0.129001 -0.461275
0.627774 0.528926 0.013960 0.405086 -0.013853 0.103099 0.393452 0.609926 0.214678 0.178513 0.552263 0.621134 0.504474 0.366096 -0.037509 -0.533500 0.137967 0.341116 0.394688 0.593984 -0.259492 -0.076902 0.429586 0.141415 0.360271 0.558774 -0.103662 -0.311435 0.423869 0.571876 0.530259 0.726062 0.000000 0.760343 0.398199 0.151331 -0.188239 -0.326410 -0.222554 -0.444206 0.138377 0.446460 0.659716 0.588896 0.738844 0.689661 0.600708 0.553173 0.697748 0.673587 0.656336 0.682431 0.649818 0.508883 0.418998 -0.326110 0.639604 0.595099 0.708071 0.718686 0.721497 0.695473 0.676683 0.494983 0.542842 0.622926 0.481325 0.429512 0.532427 0.676105 0.641998 0.458954 0.119903 0.587755 0.147801 -0.087136 0.203965 -0.037405 0.456751 0.273424 0.533582 0.505042 -0.154306 -0.415299 0.602169 -0.019696 -0.497500 -0.535086 0.427795 -0.251359 0.594310 -0.470836 0.537525 -0.497154 -0.278530 -0.246670 0.256895 0.039018 0.186585 -0.479421 0.156211 -0.379497 -0.132823 -0.562534 0.065513 -0.097375 -0.256519 -0.524635 -0.526594 -0.466045 0.087475 0.403688 -0.106685 0.058252 0.317558 -0.547484
0.680540 0.542439 0.154684 0.282277 -0.153832 -0.100767 0.527169 0.632392 -0.107202 0.183796 0.577495 0.621364 0.638937 0.567435 -0.155128 -0.537194 0.073222 0.383574 0.148225 0.694367 -0.043521 -0.067449 0.234385 0.236246 0.174086 0.301873 -0.324869 -0.442876 0.486722 0.675949 0.451739 0.718646 0.760343 0.000000 0.529697 0.231567 -0.031589 -0.199347 -0.180071 -0.473041 0.086075 0.599694 0.741442 0.671952 0.762744 0.684131 0.674191 0.582990 0.728789 0.621999 0.728442 0.578047 0.751124 0.471439 0.566627 -0.391432 0.745322 0.515872 0.776153 0.692009 0.776204 0.774261 0.716621 0.627428 0.576710 0.639910 0.488933 0.616061 0.508199 0.784787 0.620993 0.458340 0.202876 0.735110 0.301108 0.172450 0.393254 0.109608 0.553989 0.047416 0.709213 0.528006 -0.062438 -0.399367 0.741012 -0.185541 -0.420966 -0.549415 0.612579 -0.455474 0.718733 -0.502679 0.707281 -0.510087 -0.414223 -0.193175 0.288497 -0.065153 0.364846 -0.525056 0.387231 -0.485766 0.082725 -0.622000 0.179257 -0.187547 -0.102842 -0.627172 -0.536242 -0.281355 0.342912 0.405232 0.080147 0.086523 0.285645 -0.459956
0.287819 0.053035 0.104029 0.096038 0.051310 -0.113032 0.273218 0.241287 -0.034180 0.135285 0.193380 0.160333 0.317358 0.310065 -0.027980 -0.222613 0.013378 0.350775 -0.074658 0.171987 0.108733 0.139876 0.039726 0.226321 0.132134 0.227375 -0.150127 -0.206554 0.175167 0.214795 0.184465 0.316976 0.398199 0.529697 0.000000 0.677904 0.425370 0.330927 0.162066 0.000954 0.419728 0.605173 0.483992 0.596441 0.364069 0.361219 0.511536 0.519065 0.287251 0.372240 0.390700 0.313706 0.538327 0.387473 0.475156 0.012443 0.302896 0.060876 0.311907 0.220194 0.331352 0.351971 0.333308 0.238246 0.650525 0.623350 0.697299 0.660146 0.247683 0.335955 0.426856 0.380271 0.393364 0.470441 0.363657 0.230526 0.592335 0.468764 0.166157 -0.084836 0.415511 0.354048 0.106076 0.007521 0.523480 0.027671 -0.016748 -0.019791 0.507676 -0.059669 0.339538 -0.085653 0.398033 -0.017378 -0.018107 -0.030855 0.238923 0.173554 0.374671 -0.045070 0.383388 -0.065678 0.261859 -0.139920 0.204705 0.007717 -0.038006 -0.293008 -0.134785 0.115111 0.474508 0.358922 0.288688 0.212089 0.154041 -0.101279
0.037394 -0.061806 0.213138 0.096158 0.223528 0.012034 0.145257 0.032281 0.084992 0.156728 -0.001644 -0.093155 0.016062 0.059979 0.029382 0.077576 0.041550 0.194076 -0.099069 -0.036697 0.094123 0.330076 0.069926 0.361274 0.150536 0.223439 0.046349 0.065845 -0.118385 -0.145089 0.131681 0.166738 0.151331 0.231567 0.677904 0.000000 0.453490 0.467667 0.266563 0.286158 0.404071 0.408055 0.136610 0.291489 0.012137 0.040497 0.245235 0.346813 -0.087714 0.071340 0.005985 -0.023756 0.212022 0.150879 0.271819 0.259900 -0.006678 -0.086212 -0.037090 -0.145056 -0.031345 -0.006134 0.059100 0.009319 0.427195 0.389354 0.575468 0.506043 0.115867 0.025325 0.238510 0.274189 0.389203 0.194003 0.344325 0.215362 0.476479 0.514510 -0.037487 -0.171443 0.094037 0.115309 0.187393 0.150292 0.156257 0.060683 0.270785 0.302056 0.280851 0.197884 -0.072615 0.108326 0.015393 0.257312 0.256832 0.040074 0.161985 0.421930 0.319385 0.280873 0.288234 0.303019 0.403470 0.241796 0.325817 0.284518 -0.050224 0.029277 0.073383 0.239804 0.426706 0.391405 0.240269 0.244682 0.001644 0.098676
