0.000000,0.296887,0.598058,0.347123,0.220464,0.291393,0.583856,0.262239,0.461803,0.148205,0.610653,0.268466,0.617690,0.214797,0.454351,0.258525,0.565615,0.310945,0.491050,0.504349,0.397102,0.293274,0.471503,0.449672,0.416301,0.189059,0.436558,0.371185,0.515162,0.283344,0.507124,0.468727,0.526596,0.430419,0.331427,0.191590,0.487147,0.170047,0.502120,0.200618,0.518961,0.416087,0.509462,0.413084,0.517119,0.473559,0.517264,0.401225,0.515867,0.448694,0.587241,0.315218,0.552445,0.103672,0.550630,0.289417,0.622789,0.295631,0.619764,0.399822,0.612167,0.201743,0.615560,0.211484,0.492046,0.266309,0.553422,0.492781,0.553999,0.523690,0.538875,0.392980,0.565561,0.349894,0.438013,0.324474,0.526296,0.393161,0.433857,0.324491,0.553486,0.219965,0.564395,0.285483,0.556963,0.237887,0.532429,0.220650,0.549256,0.189348,0.502992,0.143307,0.465263,0.302458,0.441372,0.294298,0.523247,0.379146,0.563394,0.387314,0.506774,0.333828,0.485419,0.460947,0.359739,0.406491,0.316984,0.025261,0.174019,0.305837,0.423893,0.446179,0.476699,0.512600,0.325646,0.159592
0.296887,0.000000,0.365733,0.607140,0.257978,0.437325,0.394058,0.611371,0.275268,0.470498,0.303732,0.614901,0.242275,0.608659,0.388265,0.584998,0.254228,0.586009,0.523128,0.531132,0.276344,0.220206,0.487605,0.436341,0.371229,0.437381,-0.094428,-0.183511,0.260669,0.496351,0.412765,0.399976,0.483442,0.512394,0.327737,0.384830,0.118101,0.541569,0.139525,0.463860,0.297763,0.433555,0.479469,0.527310,0.347536,0.490933,0.418003,0.558725,0.170703,0.491562,0.255176,0.578010,0.155110,0.550363,0.192644,0.594340,0.230469,0.638576,0.302484,0.593803,0.229873,0.592796,0.215327,0.604967,0.212588,0.565918,0.411792,0.454564,0.421524,0.451354,0.380327,0.516214,0.300849,0.551501,0.124951,0.525373,0.355639,0.518904,0.164538,0.587138,0.097705,0.612611,0.326566,0.590140,0.046125,0.611468,0.199700,0.534681,0.146397,0.595811,0.348725,0.562416,0.232068,0.501393,0.254971,0.246609,0.272571,0.491213,0.388320,0.564743,0.175801,0.572739,0.073291,0.347235,-0.002326,0.175724,-0.057372,0.105957,0.225342,0.287500,0.470898,0.531652,0.470640,0.429259,0.288969,0.083439
0.598058,0.365733,0.000000,0.456039,0.302914,0.325481,0.623863,0.369307,0.431774,0.235061,0.589065,0.340009,0.599464,0.327955,0.468735,0.357093,0.549230,0.380843,0.535857,0.522352,0.436780,0.313058,0.571259,0.561870,0.479718,0.269701,0.342464,0.298272,0.524043,0.369022,0.572820,0.536020,0.575988,0.500526,0.421274,0.304239,0.497370,0.277109,0.499222,0.263417,0.520596,0.447733,0.556894,0.486714,0.546041,0.522946,0.549579,0.469846,0.501359,0.499207,0.564905,0.397503,0.517872,0.199656,0.533908,0.363094,0.582262,0.373426,0.611776,0.477685,0.586316,0.296701,0.567752,0.289299,0.524233,0.390385,0.603897,0.575898,0.552803,0.556969,0.572031,0.469302,0.538755,0.395581,0.433146,0.369807,0.546471,0.449804,0.449715,0.389821,0.509860,0.290361,0.574157,0.358178,0.514356,0.331249,0.536128,0.324503,0.521988,0.277101,0.542843,0.263899,0.514811,0.411966,0.455042,0.351537,0.546029,0.457827,0.585201,0.474049,0.486516,0.411981,0.481174,0.514066,0.371291,0.456254,0.295421,0.060357,0.179766,0.339542,0.510945,0.528153,0.555062,0.564401,0.392192,0.221578
0.347123,0.607140,0.456039,0.000000,0.297491,0.457510,0.480798,0.626730,0.307393,0.485353,0.368463,0.593111,0.325202,0.601708,0.430966,0.593922,0.313744,0.557277,0.554700,0.543334,0.331791,0.247323,0.563645,0.523586,0.437671,0.448749,-0.033733,-0.088896,0.320638,0.501047,0.482053,0.473463,0.543050,0.563974,0.376226,0.411931,0.197429,0.526193,0.225432,0.446658,0.346489,0.434888,0.520077,0.542874,0.411272,0.527026,0.472276,0.572314,0.259644,0.537492,0.336583,0.582606,0.236092,0.529239,0.266481,0.579893,0.289059,0.604678,0.378176,0.609477,0.311581,0.590601,0.282062,0.565010,0.298185,0.616500,0.489361,0.536381,0.444459,0.481247,0.439745,0.532734,0.344311,0.530768,0.178306,0.502358,0.413165,0.536391,0.233217,0.571030,0.167751,0.569988,0.394164,0.577974,0.133524,0.599274,0.271219,0.547602,0.233301,0.578726,0.443048,0.562415,0.345462,0.554616,0.297085,0.297085,0.336578,0.514296,0.443289,0.583720,0.229066,0.567380,0.155007,0.399348,0.076272,0.254851,0.010654,0.128480,0.202403,0.315126,0.508584,0.567694,0.525879,0.475788,0.361854,0.146198
0.220464,0.257978,0.302914,0.297491,0.000000,0.260482,0.291920,0.281427,0.239101,0.254841,0.264649,0.267532,0.228735,0.276567,0.247160,0.285161,0.260360,0.313253,0.300367,0.289545,0.323736,0.227512,0.317495,0.317850,0.265558,0.272812,0.039151,0.097316,0.248794,0.290333,0.346240,0.340352,0.310488,0.300505,0.230120,0.224514,0.211980,0.270838,0.186881,0.232131,0.241119,0.287492,0.301862,0.292723,0.233726,0.304243,0.317063,0.337130,0.239395,0.341341,0.232163,0.318590,0.202286,0.234651,0.187283,0.280143,0.206770,0.263496,0.278190,0.310332,0.209859,0.229510,0.211475,0.256201,0.179475,0.267457,0.321140,0.353729,0.244507,0.309692,0.267257,0.296137,0.217451,0.302365,0.096676,0.221821,0.233566,0.218392,0.230912,0.249545,0.210883,0.268822,0.265907,0.268847,0.184924,0.283866,0.173396,0.222137,0.193997,0.257416,0.283134,0.230303,0.235955,0.229671,0.240814,0.269308,0.264417,0.301540,0.325480,0.343059,0.255721,0.346225,0.189329,0.263512,0.192244,0.177360,0.125070,0.090290,0.104179,0.151855,0.304584,0.338617,0.373577,0.368745,0.243960,0.069632
0.291393,0.437325,0.325481,0.457510,0.260482,0.000000,0.383502,0.453565,0.468812,0.509307,0.313260,0.428301,0.283439,0.409951,0.502528,0.501736,0.291201,0.423314,0.430513,0.434721,0.332902,0.210365,0.393253,0.335755,0.410633,0.490263,0.016769,0.026766,0.282777,0.392827,0.395045,0.347514,0.424734,0.428379,0.230601,0.268573,0.076974,0.433783,0.150140,0.323929,0.327080,0.310378,0.335477,0.362508,0.311666,0.379531,0.380257,0.438220,0.254269,0.404393,0.294038,0.363337,0.227721,0.377864,0.204269,0.458227,0.233678,0.428122,0.281347,0.420663,0.240120,0.411654,0.275831,0.420562,0.172140,0.424972,0.356805,0.363656,0.373983,0.366114,0.383901,0.422999,0.268700,0.421052,0.063767,0.359378,0.286496,0.379105,0.200083,0.443090,0.174817,0.451151,0.349487,0.489655,0.106482,0.446524,0.210571,0.457808,0.232783,0.452511,0.363441,0.395960,0.209625,0.422040,0.221750,0.272029,0.254783,0.400417,0.355694,0.438093,0.185231,0.456119,0.089183,0.276186,0.005110,0.113935,0.015184,0.188828,0.083374,0.259266,0.378241,0.422328,0.357281,0.340177,0.273441,0.009551
0.583856,0.394058,0.623863,0.480798,0.291920,0.383502,0.000000,0.407592,0.447900,0.273267,0.596632,0.370823,0.598985,0.347976,0.505222,0.398623,0.528400,0.390150,0.571178,0.542507,0.423682,0.298688,0.572886,0.525969,0.482564,0.295865,0.309835,0.277259,0.492893,0.365406,0.546693,0.499118,0.586146,0.504663,0.396637,0.325200,0.445333,0.305717,0.466848,0.295744,0.500869,0.448965,0.551092,0.487436,0.515338,0.502676,0.565444,0.496230,0.483358,0.504196,0.553794,0.405106,0.496228,0.238593,0.512734,0.410264,0.543505,0.392407,0.585777,0.490875,0.558339,0.331452,0.550314,0.314620,0.492933,0.419462,0.600407,0.562942,0.560858,0.554065,0.559428,0.478862,0.528936,0.410463,0.394734,0.396713,0.551262,0.485935,0.399492,0.419723,0.446928,0.320326,0.563382,0.406598,0.456436,0.367851,0.504257,0.375537,0.498849,0.331132,0.553486,0.321020,0.472463,0.447935,0.433524,0.319295,0.509064,0.467847,0.589902,0.511688,0.421263,0.433212,0.414317,0.492590,0.284187,0.410134,0.250713,0.072844,0.171715,0.307180,0.505004,0.541995,0.556888,0.547212,0.378635,0.192686
0.262239,0.611371,0.369307,0.626730,0.281427,0.453565,0.407592,0.000000,0.283504,0.525818,0.287965,0.613849,0.239866,0.628413,0.408626,0.606463,0.224791,0.550713,0.506455,0.513150,0.263760,0.201800,0.493971,0.466392,0.382927,0.464300,-0.102718,-0.180417,0.253572,0.483693,0.420360,0.430523,0.488972,0.545974,0.337070,0.410341,0.102450,0.532229,0.125019,0.450472,0.269231,0.390164,0.465490,0.511402,0.334743,0.485336,0.407679,0.545529,0.160952,0.500494,0.243035,0.583545,0.149120,0.550523,0.181886,0.582927,0.194195,0.603312,0.291909,0.589572,0.230244,0.623140,0.192444,0.601545,0.193124,0.606735,0.413310,0.473005,0.378832,0.423691,0.384494,0.528508,0.283838,0.529404,0.103964,0.492099,0.370693,0.530529,0.160253,0.570547,0.080674,0.588699,0.306930,0.571106,0.036203,0.606643,0.173302,0.523131,0.129373,0.592470,0.384853,0.579599,0.280472,0.516609,0.242643,0.242626,0.252576,0.466095,0.378201,0.555845,0.175306,0.553693,0.077126,0.334428,-0.007166,0.158178,-0.071288,0.105636,0.203996,0.277884,0.456044,0.517542,0.468935,0.424766,0.300769,0.079671
0.461803,0.275268,0.431774,0.307393,0.239101,0.468812,0.447900,0.283504,0.000000,0.344664,0.447518,0.261653,0.466052,0.229093,0.541220,0.320279,0.433451,0.309872,0.423032,0.465619,0.354360,0.254064,0.364751,0.365630,0.426631,0.346352,0.296323,0.237309,0.409736,0.266804,0.455329,0.417798,0.454264,0.422683,0.301357,0.205853,0.259767,0.195373,0.325409,0.157428,0.453577,0.329683,0.382768,0.351317,0.412431,0.416101,0.442321,0.369881,0.403148,0.392365,0.442202,0.268372,0.447854,0.165871,0.419323,0.308293,0.458528,0.269413,0.456145,0.330204,0.454660,0.225543,0.478841,0.263498,0.308309,0.236169,0.426417,0.375131,0.474645,0.447414,0.475659,0.406974,0.461530,0.369087,0.276388,0.286752,0.407306,0.350333,0.335455,0.327119,0.422844,0.252685,0.437308,0.293577,0.375883,0.237218,0.373037,0.199047,0.408592,0.227167,0.463163,0.180859,0.375476,0.300954,0.349312,0.260670,0.406120,0.344873,0.451167,0.341987,0.421954,0.325096,0.351041,0.346576,0.218393,0.245569,0.200354,0.084784,0.109255,0.273333,0.356205,0.351214,0.352499,0.407726,0.260371,0.009282
0.148205,0.470498,0.235061,0.485353,0.254841,0.509307,0.273267,0.525818,0.344664,0.000000,0.170327,0.489199,0.138022,0.512360,0.428465,0.554287,0.138317,0.443158,0.359929,0.393328,0.221726,0.106623,0.371935,0.353838,0.388135,0.527854,-0.123840,-0.162462,0.165672,0.392658,0.340702,0.369027,0.370597,0.451306,0.275145,0.297283,-0.031093,0.451657,0.008280,0.316676,0.184535,0.237778,0.310574,0.365005,0.244296,0.376849,0.284914,0.406472,0.083883,0.401395,0.159403,0.444156,0.104598,0.460893,0.062960,0.466681,0.107179,0.470188,0.178367,0.445687,0.142968,0.511387,0.111448,0.488879,0.126693,0.490242,0.285550,0.327596,0.258411,0.318139,0.296998,0.435143,0.161456,0.430389,-0.010847,0.358536,0.247626,0.395622,0.112402,0.467717,0.053703,0.484838,0.191780,0.456429,-0.008909,0.480475,0.069039,0.430371,0.073923,0.479105,0.288370,0.454897,0.211488,0.431105,0.144099,0.209491,0.143748,0.332884,0.241871,0.404998,0.142527,0.441955,0.010364,0.200155,-0.058241,0.016942,-0.124834,0.125449,0.108391,0.271799,0.310981,0.376200,0.339209,0.303268,0.233357,0.003868
0.610653,0.303732,0.589065,0.368463,0.264649,0.313260,0.596632,0.287965,0.447518,0.170327,0.000000,0.296998,0.625596,0.239029,0.459877,0.287195,0.576796,0.341918,0.516702,0.498842,0.400376,0.286235,0.501469,0.439297,0.409571,0.203080,0.376838,0.383492,0.515430,0.317114,0.510721,0.455133,0.528411,0.421728,0.314099,0.209609,0.485383,0.208393,0.470896,0.221814,0.489584,0.429854,0.514233,0.413863,0.498954,0.463763,0.530260,0.424016,0.516979,0.456940,0.567081,0.327720,0.523026,0.137261,0.508010,0.304575,0.588198,0.307034,0.593048,0.409534,0.582280,0.225585,0.600486,0.228113,0.468002,0.299494,0.540720,0.488327,0.524570,0.499894,0.525698,0.390164,0.528964,0.339396,0.397898,0.320943,0.495862,0.393374,0.434221,0.339779,0.520508,0.245371,0.571025,0.322932,0.519941,0.264391,0.516330,0.251335,0.536295,0.225648,0.495471,0.194704,0.447908,0.333686,0.423796,0.287481,0.491399,0.373998,0.562789,0.410356,0.454269,0.368353,0.418498,0.424723,0.302692,0.383759,0.269164,-0.011283,0.171655,0.270828,0.430059,0.465541,0.492615,0.493379,0.313991,0.177138
0.268466,0.614901,0.340009,0.593111,0.267532,0.428301,0.370823,0.613849,0.261653,0.489199,0.296998,0.000000,0.228165,0.621540,0.375916,0.592994,0.238425,0.575801,0.476034,0.502764,0.263872,0.196705,0.460943,0.421646,0.335143,0.429177,-0.117666,-0.163715,0.257793,0.499399,0.402914,0.407918,0.455766,0.509885,0.276282,0.349756,0.112843,0.533894,0.106424,0.455817,0.260746,0.396545,0.446561,0.489860,0.320927,0.478598,0.383770,0.531233,0.160323,0.498361,0.240347,0.584727,0.129821,0.538809,0.146716,0.566713,0.192151,0.608053,0.283241,0.593505,0.218890,0.618178,0.197113,0.614749,0.156899,0.571609,0.375272,0.426259,0.367603,0.403495,0.367532,0.494134,0.270510,0.526845,0.085576,0.478814,0.338282,0.507726,0.170446,0.571178,0.089935,0.597465,0.302449,0.566003,0.034313,0.596485,0.161963,0.505592,0.115339,0.580215,0.324040,0.543992,0.228758,0.466426,0.228759,0.228258,0.223664,0.439727,0.359826,0.526163,0.190356,0.558466,0.047398,0.301923,-0.030719,0.113883,-0.102652,0.085542,0.218909,0.267192,0.440305,0.502496,0.444463,0.396035,0.273784,0.081410
0.617690,0.242275,0.599464,0.325202,0.228735,0.283439,0.598985,0.239866,0.466052,0.138022,0.625596,0.228165,0.000000,0.188100,0.465490,0.241866,0.575098,0.279171,0.477445,0.463939,0.402770,0.298483,0.482231,0.451955,0.414028,0.170855,0.435298,0.411004,0.530742,0.273010,0.509853,0.457251,0.513227,0.406845,0.342176,0.202778,0.508183,0.147528,0.506629,0.172079,0.510684,0.399050,0.494416,0.393053,0.509587,0.445471,0.518480,0.382892,0.526560,0.425376,0.580834,0.277365,0.551805,0.072394,0.547166,0.254279,0.607343,0.246694,0.605209,0.365912,0.608841,0.166734,0.613186,0.170270,0.505288,0.259420,0.549107,0.488553,0.523418,0.495781,0.540655,0.377569,0.543898,0.293777,0.442885,0.282382,0.514809,0.374998,0.456839,0.289973,0.551406,0.173020,0.571273,0.263138,0.563394,0.202673,0.541271,0.202357,0.557731,0.156663,0.510088,0.141009,0.481056,0.313561,0.450981,0.296429,0.520926,0.361220,0.554334,0.373627,0.484706,0.309651,0.483956,0.450370,0.349360,0.411655,0.317245,0.004942,0.166972,0.272325,0.417147,0.429555,0.472349,0.496946,0.311617,0.180287
0.214797,0.608659,0.327955,0.601708,0.276567,0.409951,0.347976,0.628413,0.229093,0.512360,0.239029,0.621540,0.188100,0.000000,0.355675,0.600293,0.184711,0.557478,0.450177,0.467314,0.244997,0.196043,0.465770,0.460772,0.344886,0.453567,-0.150215,-0.230481,0.233285,0.501593,0.393580,0.411916,0.436328,0.511778,0.336417,0.402620,0.098496,0.550962,0.095230,0.458120,0.235837,0.372186,0.434136,0.497183,0.313241,0.468612,0.353581,0.519547,0.111355,0.464860,0.187485,0.577616,0.092267,0.544631,0.130717,0.560032,0.152991,0.608303,0.244040,0.578348,0.182296,0.619824,0.137955,0.613120,0.160765,0.597357,0.364979,0.440667,0.330867,0.387560,0.360008,0.512527,0.233035,0.514145,0.085833,0.463749,0.325086,0.502434,0.154041,0.564543,0.060659,0.599516,0.274030,0.558835,0.009373,0.606979,0.151594,0.513057,0.078295,0.578367,0.317998,0.571007,0.242290,0.479438,0.231434,0.241848,0.230560,0.448218,0.328933,0.522467,0.170522,0.545799,0.059619,0.316116,-0.006317,0.137806,-0.094874,0.099313,0.221262,0.278059,0.451810,0.493458,0.438088,0.406367,0.277977,0.084187
0.454351,0.388265,0.468735,0.430966,0.247160,0.502528,0.505222,0.408626,0.541220,0.428465,0.459877,0.375916,0.465490,0.355675,0.000000,0.459893,0.411043,0.395444,0.482958,0.498117,0.339803,0.223285,0.466114,0.427411,0.492424,0.433804,0.232428,0.185614,0.424569,0.379928,0.494663,0.465358,0.503697,0.468440,0.294898,0.230258,0.233506,0.299697,0.270605,0.270139,0.415503,0.358919,0.431360,0.408218,0.390620,0.422972,0.464530,0.431809,0.321152,0.431937,0.414710,0.361980,0.390147,0.275308,0.344297,0.393482,0.414375,0.383163,0.441274,0.433749,0.433656,0.352928,0.432952,0.355094,0.344937,0.367469,0.460435,0.419893,0.468332,0.465160,0.491665,0.471308,0.434244,0.428399,0.233387,0.374005,0.447063,0.431563,0.335756,0.425717,0.361807,0.345292,0.441713,0.394183,0.320888,0.363266,0.339403,0.325169,0.333709,0.329600,0.457165,0.309661,0.413066,0.405505,0.315545,0.301429,0.355440,0.366871,0.441597,0.423892,0.344969,0.406336,0.266841,0.342199,0.130879,0.170736,0.079881,0.068514,0.093661,0.311980,0.372231,0.427507,0.442092,0.425373,0.271056,0.036066
0.258525,0.584998,0.357093,0.593922,0.285161,0.501736,0.398623,0.606463,0.320279,0.554287,0.287195,0.592994,0.241866,0.600293,0.459893,0.000000,0.236380,0.540053,0.482195,0.498602,0.330834,0.189969,0.490912,0.459812,0.422945,0.498423,-0.085249,-0.142728,0.272503,0.506510,0.415435,0.412946,0.460316,0.514749,0.334955,0.389706,0.092187,0.545673,0.125803,0.440070,0.293310,0.381702,0.431049,0.481818,0.322691,0.459002,0.399582,0.531915,0.166358,0.482115,0.240584,0.529970,0.142071,0.519712,0.165156,0.564990,0.187988,0.575423,0.276660,0.562594,0.214889,0.581010,0.192554,0.569820,0.188127,0.573339,0.389787,0.430158,0.383646,0.418614,0.395106,0.523944,0.258650,0.519580,0.086164,0.470113,0.347081,0.512215,0.169739,0.562196,0.097394,0.576632,0.326565,0.581834,0.041013,0.585252,0.195513,0.545032,0.128047,0.565625,0.358350,0.551741,0.254291,0.510892,0.269507,0.295470,0.254911,0.466918,0.367983,0.531432,0.179723,0.543095,0.069712,0.334953,-0.028579,0.128378,-0.049827,0.126815,0.192812,0.313912,0.447716,0.505279,0.460804,0.412379,0.276479,0.035179
0.565615,0.254228,0.549230,0.313744,0.260360,0.291201,0.528400,0.224791,0.433451,0.138317,0.576796,0.238425,0.575098,0.184711,0.411043,0.236380,0.000000,0.363651,0.459105,0.458622,0.422698,0.287010,0.451145,0.419205,0.402806,0.181063,0.362861,0.373642,0.596520,0.380223,0.533406,0.452808,0.484372,0.390924,0.330063,0.210223,0.481891,0.175896,0.474929,0.160062,0.507669,0.416228,0.478408,0.385455,0.476134,0.446770,0.513205,0.407127,0.522169,0.412281,0.549142,0.270640,0.523061,0.114219,0.511334,0.264459,0.575558,0.259911,0.563803,0.352570,0.536312,0.154075,0.588120,0.199405,0.449558,0.233410,0.512051,0.460963,0.512960,0.486212,0.525000,0.379366,0.513309,0.318026,0.417362,0.296255,0.458608,0.335327,0.562206,0.320905,0.547052,0.205536,0.565677,0.280587,0.499379,0.198673,0.496025,0.220118,0.535260,0.176543,0.479724,0.142965,0.433135,0.320795,0.441041,0.367260,0.521046,0.385622,0.533614,0.373382,0.468290,0.335416,0.454094,0.449265,0.282845,0.361908,0.281730,0.020322,0.213777,0.317008,0.417315,0.436487,0.460615,0.470538,0.259225,0.202108
0.310945,0.586009,0.380843,0.557277,0.313253,0.423314,0.390150,0.550713,0.309872,0.443158,0.341918,0.575801,0.279171,0.557478,0.395444,0.540053,0.363651,0.000000,0.512782,0.525038,0.308549,0.256874,0.492024,0.442791,0.399971,0.434510,-0.079178,-0.086813,0.363250,0.570807,0.486561,0.442163,0.485706,0.501765,0.341657,0.375422,0.188330,0.498440,0.189108,0.428224,0.314829,0.467007,0.487002,0.530009,0.357612,0.502424,0.455705,0.563505,0.230422,0.493486,0.279872,0.549966,0.202162,0.502062,0.220959,0.547733,0.270433,0.592094,0.327680,0.557388,0.244673,0.523889,0.272564,0.579612,0.223965,0.507484,0.417390,0.457115,0.429762,0.461450,0.410505,0.516402,0.332828,0.534638,0.146890,0.484196,0.357883,0.481673,0.317458,0.589498,0.194752,0.576440,0.376935,0.552084,0.098997,0.554163,0.223143,0.477978,0.189457,0.538633,0.362015,0.503645,0.269419,0.473335,0.260901,0.296931,0.307383,0.476660,0.409345,0.542879,0.233776,0.566826,0.126695,0.347369,-0.002620,0.150060,-0.060393,0.079911,0.229147,0.291839,0.470598,0.530964,0.478081,0.434335,0.249691,0.150113
0.491050,0.523128,0.535857,0.554700,0.300367,0.430513,0.571178,0.506455,0.423032,0.359929,0.516702,0.476034,0.477445,0.450177,0.482958,0.482195,0.459105,0.512782,0.000000,0.612978,0.399935,0.297935,0.575645,0.494072,0.464802,0.350978,0.144308,0.092058,0.405348,0.423553,0.517940,0.462520,0.598036,0.543045,0.399778,0.377599,0.290067,0.392995,0.343484,0.349294,0.444534,0.493790,0.571027,0.552613,0.464437,0.526117,0.577712,0.576411,0.407497,0.534866,0.464373,0.490466,0.404751,0.409261,0.423227,0.530637,0.448870,0.515637,0.497810,0.539028,0.430329,0.432438,0.453612,0.449373,0.390797,0.476081,0.567158,0.543586,0.573928,0.579268,0.500838,0.519111,0.496606,0.523279,0.271172,0.499306,0.488571,0.520310,0.305644,0.519218,0.311322,0.465613,0.493905,0.517299,0.287395,0.483059,0.379555,0.448194,0.397020,0.477014,0.532669,0.448570,0.391283,0.515958,0.367683,0.281882,0.444187,0.523036,0.552127,0.582139,0.311688,0.517907,0.268978,0.436282,0.152539,0.327836,0.136083,0.093361,0.199342,0.294030,0.507053,0.572409,0.543285,0.514025,0.359907,0.134654
0.504349,0.531132,0.522352,0.543334,0.289545,0.434721,0.542507,0.513150,0.465619,0.393328,0.498842,0.502764,0.463939,0.467314,0.498117,0.498602,0.458622,0.525038,0.612978,0.000000,0.402829,0.294740,0.534164,0.503383,0.457941,0.370198,0.176752,0.073141,0.427357,0.431945,0.530876,0.502988,0.595672,0.580258,0.393822,0.360763,0.282232,0.382430,0.327072,0.326698,0.460921,0.490835,0.553620,0.543197,0.457084,0.541377,0.550705,0.560286,0.381595,0.537704,0.454241,0.495916,0.405616,0.391871,0.427451,0.521939,0.462076,0.514230,0.504316,0.541157,0.447026,0.451500,0.458903,0.480076,0.338615,0.456603,0.542989,0.523199,0.579985,0.585323,0.525599,0.550324,0.522482,0.555953,0.281204,0.498993,0.514644,0.546406,0.319378,0.527800,0.342472,0.475395,0.480472,0.497667,0.295389,0.471529,0.370366,0.408507,0.376073,0.457030,0.523329,0.408125,0.397009,0.463113,0.385278,0.277293,0.442461,0.499299,0.544026,0.548386,0.376842,0.500505,0.302688,0.437112,0.152132,0.289141,0.138040,0.075726,0.230592,0.325660,0.487567,0.537855,0.514753,0.520049,0.326640,0.073882
0.397102,0.276344,0.436780,0.331791,0.323736,0.332902,0.423682,0.263760,0.354360,0.221726,0.400376,0.263872,0.402770,0.244997,0.339803,0.330834,0.422698,0.308549,0.399935,0.402829,0.000000,0.332714,0.407608,0.405361,0.398487,0.250659,0.217127,0.207486,0.393741,0.312180,0.403359,0.316566,0.412948,0.385258,0.382840,0.299472,0.337142,0.308316,0.372367,0.180494,0.479593,0.387928,0.378296,0.361495,0.409784,0.396399,0.425395,0.396005,0.427116,0.392318,0.420241,0.265148,0.361489,0.176490,0.381404,0.306131,0.393574,0.271520,0.418715,0.336370,0.358560,0.194475,0.387810,0.231389,0.329286,0.276928,0.443561,0.419006,0.454244,0.451183,0.453761,0.386748,0.372159,0.336965,0.247121,0.280236,0.358101,0.342308,0.304825,0.306608,0.351750,0.278936,0.466029,0.371335,0.319121,0.268389,0.413155,0.332754,0.403238,0.248709,0.404127,0.216789,0.278551,0.334908,0.478327,0.367357,0.477499,0.464151,0.444367,0.371280,0.331652,0.324580,0.329237,0.423984,0.235829,0.348972,0.290380,0.147013,0.184561,0.287244,0.445103,0.414276,0.388221,0.421074,0.297848,0.058101
0.293274,0.220206,0.313058,0.247323,0.227512,0.210365,0.298688,0.201800,0.254064,0.106623,0.286235,0.196705,0.298483,0.196043,0.223285,0.189969,0.287010,0.256874,0.297935,0.294740,0.332714,0.000000,0.254543,0.299423,0.184975,0.110695,0.067382,0.225327,0.291002,0.217648,0.334171,0.212753,0.310626,0.277486,0.240884,0.217532,0.331995,0.227376,0.348040,0.242153,0.306110,0.331284,0.299676,0.330637,0.310522,0.305521,0.345342,0.322514,0.326329,0.273760,0.305213,0.238124,0.277461,0.162080,0.317745,0.277682,0.268396,0.212778,0.303328,0.243762,0.240685,0.141939,0.276252,0.236992,0.198888,0.203819,0.329809,0.342982,0.365168,0.335826,0.319602,0.264168,0.296636,0.232078,0.215232,0.186717,0.265372,0.255997,0.232518,0.230683,0.253072,0.244308,0.387202,0.296399,0.222297,0.234274,0.291941,0.198964,0.257876,0.215192,0.330777,0.198116,0.219682,0.224979,0.342941,0.184976,0.342537,0.355858,0.336713,0.296042,0.221984,0.249782,0.258682,0.314549,0.199248,0.286088,0.241934,0.189166,0.146763,-0.048654,0.319992,0.286340,0.233131,0.313739,0.144688,0.095552
0.471503,0.487605,0.571259,0.563645,0.317495,0.393253,0.572886,0.493971,0.364751,0.371935,0.501469,0.460943,0.482231,0.465770,0.466114,0.490912,0.451145,0.492024,0.575645,0.534164,0.407608,0.254543,0.000000,0.588787,0.506462,0.356876,0.125531,0.108518,0.418091,0.456425,0.546546,0.512723,0.578317,0.529859,0.443821,0.352366,0.342673,0.398361,0.355964,0.330669,0.442605,0.457271,0.567770,0.534983,0.517787,0.541293,0.532398,0.530939,0.423310,0.538633,0.467093,0.497074,0.394840,0.386924,0.386568,0.464016,0.454630,0.504733,0.503448,0.550035,0.456661,0.432976,0.435894,0.410769,0.485104,0.523606,0.573845,0.571557,0.504194,0.538027,0.501904,0.483183,0.440120,0.462835,0.299391,0.432573,0.458460,0.475620,0.357157,0.488358,0.349884,0.432404,0.498918,0.477190,0.342160,0.471880,0.423342,0.453060,0.405959,0.426995,0.496770,0.432779,0.464939,0.533868,0.360556,0.353197,0.454102,0.497960,0.508532,0.539471,0.348058,0.511290,0.302701,0.441694,0.243817,0.367169,0.150096,0.070483,0.172690,0.361637,0.518344,0.569021,0.568157,0.531460,0.418515,0.203934
0.449672,0.436341,0.561870,0.523586,0.317850,0.335755,0.525969,0.466392,0.365630,0.353838,0.439297,0.421646,0.451955,0.460772,0.427411,0.459812,0.419205,0.442791,0.494072,0.503383,0.405361,0.299423,0.588787,0.000000,0.474539,0.340894,0.155472,0.082701,0.435475,0.435258,0.549578,0.550377,0.542499,0.551439,0.488729,0.384964,0.368982,0.359393,0.379516,0.279971,0.453292,0.417387,0.531994,0.521808,0.513160,0.545199,0.484062,0.488544,0.399730,0.506659,0.444689,0.469571,0.398293,0.334854,0.418070,0.413515,0.447351,0.446938,0.496897,0.510182,0.457798,0.399768,0.411219,0.394633,0.447914,0.495193,0.552284,0.576531,0.477109,0.521193,0.524396,0.507758,0.447162,0.448649,0.352321,0.371315,0.480252,0.473436,0.381665,0.444157,0.386151,0.390153,0.476516,0.405795,0.369772,0.423054,0.428805,0.381971,0.382082,0.359374,0.506378,0.378457,0.503620,0.470526,0.398581,0.368644,0.486877,0.483238,0.489569,0.483988,0.430199,0.445776,0.406980,0.484332,0.321611,0.391692,0.221053,0.094692,0.185297,0.377491,0.519364,0.519476,0.523616,0.546721,0.403681,0.178931
0.416301,0.371229,0.479718,0.437671,0.265558,0.410633,0.482564,0.382927,0.426631,0.388135,0.409571,0.335143,0.414028,0.344886,0.492424,0.422945,0.402806,0.399971,0.464802,0.457941,0.398487,0.184975,0.506462,0.474539,0.000000,0.503138,0.207187,0.156447,0.390452,0.373297,0.507663,0.478160,0.513388,0.475330,0.462798,0.353917,0.277226,0.330101,0.332631,0.310736,0.406048,0.353044,0.453822,0.438898,0.439993,0.459377,0.462723,0.433073,0.343824,0.428995,0.394544,0.363454,0.364950,0.249245,0.377002,0.382279,0.401334,0.381125,0.431622,0.421841,0.398402,0.322492,0.406851,0.316787,0.451119,0.408965,0.499482,0.489604,0.451083,0.463596,0.483538,0.466476,0.387238,0.386270,0.243437,0.349639,0.449161,0.438079,0.348181,0.459782,0.362165,0.343269,0.432707,0.381896,0.317223,0.374657,0.387097,0.379706,0.354792,0.337150,0.445375,0.325590,0.388805,0.425169,0.324754,0.324173,0.407586,0.421231,0.450438,0.426579,0.312790,0.383903,0.319124,0.417307,0.155918,0.257453,0.104402,0.086514,0.133098,0.364957,0.441659,0.468159,0.467961,0.443268,0.299175,0.172178
0.189059,0.437381,0.269701,0.448749,0.272812,0.490263,0.295865,0.464300,0.346352,0.527854,0.203080,0.429177,0.170855,0.453567,0.433804,0.498423,0.181063,0.434510,0.350978,0.370198,0.250659,0.110695,0.356876,0.340894,0.503138,0.000000,-0.032064,-0.074561,0.224208,0.400047,0.375848,0.380288,0.378344,0.417160,0.302037,0.336091,0.061255,0.467148,0.103906,0.392676,0.221060,0.236795,0.293189,0.352266,0.244925,0.355113,0.293518,0.389432,0.090022,0.346887,0.161865,0.381537,0.119892,0.358602,0.137501,0.428189,0.142185,0.442557,0.198721,0.417032,0.158430,0.443329,0.163287,0.438304,0.164764,0.447961,0.302338,0.349926,0.273357,0.309899,0.352088,0.460277,0.190151,0.393976,0.030852,0.345276,0.296222,0.406649,0.176483,0.495652,0.129907,0.464481,0.246654,0.438955,0.044270,0.464743,0.155890,0.445934,0.102844,0.440626,0.280953,0.417328,0.179371,0.370412,0.166934,0.237523,0.196108,0.348372,0.277674,0.387241,0.140498,0.402231,0.085277,0.266558,-0.042005,0.057332,-0.088904,0.162387,0.067657,0.304918,0.371371,0.392120,0.335901,0.308636,0.209446,0.096293
0.436558,-0.094428,0.342464,-0.033733,0.039151,0.016769,0.309835,-0.102718,0.296323,-0.123840,0.376838,-0.117666,0.435298,-0.150215,0.232428,-0.085249,0.362861,-0.079178,0.144308,0.176752,0.217127,0.067382,0.125531,0.155472,0.207187,-0.032064,0.000000,0.414637,0.348530,-0.028253,0.234408,0.233132,0.200926,0.104334,0.148637,-0.015975,0.373081,-0.166201,0.396578,-0.052723,0.316808,0.144327,0.189669,0.069282,0.258622,0.135242,0.222154,0.031554,0.305988,0.095517,0.354210,-0.069842,0.401711,-0.267615,0.435591,-0.090259,0.460343,-0.100013,0.391671,0.015018,0.452215,-0.158417,0.454415,-0.154079,0.331207,-0.095456,0.260983,0.182909,0.258852,0.212079,0.325167,0.102970,0.371973,0.008707,0.371098,0.029851,0.327794,0.096997,0.296011,-0.035638,0.485752,-0.151514,0.337739,-0.080821,0.511434,-0.141163,0.419639,-0.130342,0.403801,-0.184702,0.261794,-0.211074,0.306097,-0.052939,0.339270,0.165081,0.344450,0.047160,0.292363,0.002500,0.377174,-0.067170,0.442304,0.265716,0.316254,0.269449,0.347039,-0.094178,0.085633,0.218473,0.121042,0.079991,0.172448,0.232729,0.065169,0.031338
0.371185,-0.183511,0.298272,-0.088896,0.097316,0.026766,0.277259,-0.180417,0.237309,-0.162462,0.383492,-0.163715,0.411004,-0.230481,0.185614,-0.142728,0.373642,-0.086813,0.092058,0.073141,0.207486,0.225327,0.108518,0.082701,0.156447,-0.074561,0.414637,0.000000,0.307552,-0.051740,0.225651,0.153164,0.158247,0.021281,0.019405,-0.110283,0.429883,-0.158417,0.406099,-0.035591,0.242986,0.103082,0.131989,0.008013,0.227379,0.080663,0.219873,0.004053,0.390587,0.090738,0.373127,-0.101987,0.395145,-0.267281,0.341281,-0.125411,0.382663,-0.174836,0.344397,-0.038726,0.375779,-0.218842,0.420917,-0.221552,0.293906,-0.128010,0.214445,0.144685,0.198271,0.136923,0.215545,-0.017288,0.270550,-0.092020,0.262652,-0.085701,0.203700,-0.024571,0.313525,-0.089290,0.436821,-0.200805,0.344784,-0.100104,0.462983,-0.177037,0.355225,-0.126155,0.403945,-0.198996,0.219039,-0.223932,0.241098,-0.052479,0.211731,0.111785,0.257940,0.019336,0.266315,-0.013484,0.295209,-0.055575,0.334022,0.157601,0.290709,0.228785,0.291203,-0.024377,-0.028689,-0.034666,0.069773,0.081604,0.131267,0.156023,0.089507,0.169049
0.515162,0.260669,0.524043,0.320638,0.248794,0.282777,0.492893,0.253572,0.409736,0.165672,0.515430,0.257793,0.530742,0.233285,0.424569,0.272503,0.596520,0.363250,0.405348,0.427357,0.393741,0.291002,0.418091,0.435475,0.390452,0.224208,0.348530,0.307552,0.000000,0.453583,0.536907,0.473219,0.446333,0.393131,0.340632,0.229211,0.467265,0.208254,0.452575,0.172481,0.482235,0.375238,0.451020,0.393984,0.439091,0.433755,0.473099,0.398440,0.434058,0.377658,0.489034,0.279290,0.477119,0.115518,0.486754,0.266728,0.519407,0.262892,0.523656,0.361918,0.505743,0.188817,0.526255,0.240824,0.395296,0.252237,0.474862,0.446853,0.463884,0.450434,0.540572,0.422308,0.480697,0.317529,0.426067,0.281758,0.462087,0.352253,0.596695,0.325654,0.532024,0.218955,0.555756,0.283255,0.463229,0.211371,0.467677,0.222698,0.461706,0.171075,0.455019,0.158538,0.431449,0.302631,0.458421,0.435433,0.515503,0.376625,0.494934,0.356007,0.474242,0.315486,0.470027,0.464570,0.263981,0.320146,0.277530,0.051310,0.246398,0.365160,0.422069,0.414330,0.434504,0.475061,0.217150,0.181677
0.283344,0.496351,0.369022,0.501047,0.290333,0.392827,0.365406,0.483693,0.266804,0.392658,0.317114,0.499399,0.273010,0.501593,0.379928,0.506510,0.380223,0.570807,0.423553,0.431945,0.312180,0.217648,0.456425,0.435258,0.373297,0.400047,-0.028253,-0.051740,0.453583,0.000000,0.472151,0.420677,0.405976,0.427960,0.314880,0.325901,0.216311,0.460818,0.225331,0.367526,0.307755,0.386408,0.430738,0.468642,0.336556,0.447634,0.410019,0.504287,0.223705,0.427579,0.270673,0.476326,0.206944,0.430162,0.224849,0.461468,0.254123,0.505256,0.312651,0.502614,0.245776,0.455598,0.258699,0.496727,0.223911,0.466049,0.377180,0.420549,0.362843,0.396567,0.406558,0.473075,0.282492,0.444062,0.193040,0.397362,0.312050,0.404640,0.414341,0.514365,0.246660,0.501613,0.415143,0.499647,0.133091,0.479798,0.248664,0.450041,0.199526,0.451240,0.337864,0.442872,0.283384,0.445598,0.286692,0.445679,0.336041,0.439934,0.368954,0.472527,0.256997,0.504214,0.176689,0.362692,0.027356,0.152254,0.019480,0.116618,0.226953,0.387747,0.448733,0.486610,0.445622,0.419043,0.223117,0.173455
0.507124,0.412765,0.572820,0.482053,0.346240,0.395045,0.546693,0.420360,0.455329,0.340702,0.510721,0.402914,0.509853,0.393580,0.494663,0.415435,0.533406,0.486561,0.517940,0.530876,0.403359,0.334171,0.546546,0.549578,0.507663,0.375848,0.234408,0.225651,0.536907,0.472151,0.000000,0.601758,0.576056,0.542813,0.426958,0.341603,0.420134,0.323697,0.426896,0.306940,0.470711,0.456476,0.543685,0.518215,0.497701,0.538068,0.534751,0.501844,0.422324,0.490733,0.474646,0.430282,0.440497,0.276767,0.445427,0.410478,0.498223,0.418442,0.530092,0.485237,0.488408,0.353007,0.502811,0.387226,0.427564,0.413943,0.551133,0.555703,0.513227,0.526874,0.568088,0.520489,0.503954,0.467163,0.348354,0.409731,0.513816,0.457779,0.495313,0.462198,0.461790,0.362669,0.531697,0.393958,0.401820,0.376796,0.430092,0.331044,0.414754,0.337437,0.507411,0.312395,0.478327,0.411159,0.398608,0.377900,0.489480,0.464447,0.533628,0.484496,0.450345,0.454224,0.414924,0.479772,0.267527,0.341180,0.178274,0.082887,0.211554,0.330788,0.492185,0.518865,0.533087,0.536095,0.348872,0.214148
0.468727,0.399976,0.536020,0.473463,0.340352,0.347514,0.499118,0.430523,0.417798,0.369027,0.455133,0.407918,0.457251,0.411916,0.465358,0.412946,0.452808,0.442163,0.462520,0.502988,0.316566,0.212753,0.512723,0.550377,0.478160,0.380288,0.233132,0.153164,0.473219,0.420677,0.601758,0.000000,0.544633,0.549062,0.407201,0.310248,0.362287,0.285750,0.358746,0.279888,0.411961,0.389183,0.511475,0.476737,0.460293,0.519736,0.464600,0.446087,0.341674,0.474076,0.422075,0.438089,0.393512,0.268938,0.391929,0.371707,0.462215,0.405810,0.497327,0.473304,0.476132,0.379975,0.451514,0.379589,0.395432,0.424327,0.512038,0.533783,0.433565,0.477801,0.526751,0.506590,0.475847,0.462442,0.323299,0.383730,0.504844,0.439375,0.439895,0.424113,0.425898,0.333706,0.435503,0.323400,0.384811,0.361123,0.356614,0.276618,0.348811,0.306497,0.462317,0.284194,0.494500,0.360260,0.337688,0.325795,0.423957,0.387986,0.475907,0.436245,0.467069,0.415233,0.405622,0.437016,0.277638,0.289957,0.127515,0.037187,0.201326,0.363003,0.435398,0.470822,0.515126,0.511471,0.349220,0.178348
0.526596,0.483442,0.575988,0.543050,0.310488,0.424734,0.586146,0.488972,0.454264,0.370597,0.528411,0.455766,0.513227,0.436328,0.503697,0.460316,0.484372,0.485706,0.598036,0.595672,0.412948,0.310626,0.578317,0.542499,0.513388,0.378344,0.200926,0.158247,0.446333,0.405976,0.576056,0.544633,0.000000,0.603116,0.443946,0.380811,0.354163,0.368297,0.388189,0.328337,0.488160,0.478400,0.578875,0.553042,0.510455,0.566071,0.574499,0.550911,0.437342,0.551586,0.508939,0.490200,0.449888,0.361283,0.465099,0.493899,0.495371,0.480950,0.546719,0.542452,0.499878,0.428241,0.502467,0.436719,0.440142,0.485056,0.601922,0.590370,0.566604,0.572233,0.550500,0.534585,0.522138,0.510164,0.324260,0.457937,0.547300,0.541459,0.356360,0.502727,0.380859,0.420955,0.503408,0.457734,0.364623,0.452838,0.415598,0.404281,0.431205,0.433006,0.564093,0.400638,0.462672,0.481605,0.390835,0.283048,0.484672,0.510270,0.571467,0.551787,0.405820,0.491932,0.367560,0.475448,0.230559,0.356985,0.157529,0.085442,0.207078,0.318509,0.518122,0.562762,0.553018,0.546768,0.389146,0.155701
0.430419,0.512394,0.500526,0.563974,0.300505,0.428379,0.504663,0.545974,0.422683,0.451306,0.421728,0.509885,0.406845,0.511778,0.468440,0.514749,0.390924,0.501765,0.543045,0.580258,0.385258,0.277486,0.529859,0.551439,0.475330,0.417160,0.104334,0.021281,0.393131,0.427960,0.542813,0.549062,0.603116,0.000000,0.462908,0.439150,0.262385,0.409477,0.296035,0.332005,0.435780,0.440206,0.538931,0.550150,0.463330,0.568588,0.507094,0.546832,0.342727,0.540366,0.415634,0.520919,0.357896,0.416978,0.383468,0.515218,0.396312,0.503513,0.466260,0.550791,0.412212,0.498261,0.390918,0.505335,0.326839,0.523814,0.535771,0.561746,0.504732,0.528120,0.518338,0.571093,0.467737,0.550984,0.253433,0.451906,0.516639,0.563553,0.300856,0.525348,0.292790,0.468628,0.416994,0.470119,0.256889,0.487153,0.320190,0.408316,0.318123,0.467197,0.525244,0.443196,0.430045,0.473439,0.367512,0.264139,0.429219,0.500540,0.505240,0.534211,0.385550,0.491514,0.319600,0.446432,0.174787,0.287829,0.094760,0.088771,0.245220,0.317049,0.499480,0.528569,0.509801,0.516983,0.361233,0.090805
0.331427,0.327737,0.421274,0.376226,0.230120,0.230601,0.396637,0.337070,0.301357,0.275145,0.314099,0.276282,0.342176,0.336417,0.294898,0.334955,0.330063,0.341657,0.399778,0.393822,0.382840,0.240884,0.443821,0.488729,0.462798,0.302037,0.148637,0.019405,0.340632,0.314880,0.426958,0.407201,0.443946,0.462908,0.000000,0.510829,0.309619,0.300958,0.345704,0.239318,0.398100,0.366209,0.460760,0.469565,0.459457,0.462003,0.417656,0.426790,0.309115,0.377776,0.333881,0.339266,0.323414,0.241378,0.395081,0.361754,0.353681,0.336404,0.384157,0.372786,0.338281,0.268473,0.317311,0.301955,0.419951,0.371487,0.471033,0.490570,0.409399,0.427687,0.442461,0.462628,0.367965,0.375773,0.318149,0.322788,0.437740,0.429146,0.279735,0.372042,0.287168,0.302575,0.369489,0.329303,0.278239,0.325427,0.360998,0.306942,0.307340,0.289704,0.429084,0.329578,0.363199,0.388094,0.426528,0.288667,0.469053,0.463176,0.415590,0.414289,0.332995,0.321422,0.383379,0.463259,0.242212,0.362329,0.209130,0.061110,0.275073,0.307611,0.472487,0.429345,0.430921,0.465834,0.267732,0.121202
0.191590,0.384830,0.304239,0.411931,0.224514,0.268573,0.325200,0.410341,0.205853,0.297283,0.209609,0.349756,0.202778,0.402620,0.230258,0.389706,0.210223,0.375422,0.377599,0.360763,0.299472,0.217532,0.352366,0.384964,0.353917,0.336091,-0.015975,-0.110283,0.229211,0.325901,0.341603,0.310248,0.380811,0.439150,0.510829,0.000000,0.204301,0.407778,0.233552,0.368202,0.257465,0.375379,0.366618,0.428340,0.272606,0.371088,0.367108,0.461987,0.131692,0.316440,0.169452,0.346909,0.124635,0.316093,0.278860,0.449721,0.158233,0.369366,0.234108,0.384081,0.150901,0.351247,0.159584,0.389373,0.190141,0.414397,0.351746,0.418694,0.336820,0.331578,0.351413,0.478237,0.242531,0.381003,0.166487,0.339877,0.371765,0.452960,0.140795,0.406435,0.074240,0.374651,0.262279,0.407083,0.053249,0.413496,0.226888,0.389098,0.131373,0.419266,0.364727,0.437830,0.201871,0.349555,0.336022,0.191558,0.309753,0.443128,0.378432,0.462932,0.148870,0.357467,0.205223,0.399951,0.022886,0.234909,0.040727,0.068579,0.263822,0.171688,0.478564,0.437757,0.396734,0.371643,0.180060,0.071438
0.487147,0.118101,0.497370,0.197429,0.211980,0.076974,0.445333,0.102450,0.259767,-0.031093,0.485383,0.112843,0.508183,0.098496,0.233506,0.092187,0.481891,0.188330,0.290067,0.282232,0.337142,0.331995,0.342673,0.368982,0.277226,0.061255,0.373081,0.429883,0.467265,0.216311,0.420134,0.362287,0.354163,0.262385,0.309619,0.204301,0.000000,0.145765,0.577486,0.210408,0.402341,0.370623,0.371188,0.287820,0.427637,0.343955,0.407684,0.285826,0.433187,0.292825,0.453839,0.188645,0.453065,-0.035654,0.512608,0.148056,0.501264,0.135810,0.491054,0.249209,0.482807,0.057525,0.483208,0.074811,0.426175,0.166193,0.413892,0.401124,0.380413,0.345225,0.433015,0.265614,0.409980,0.142047,0.458146,0.154372,0.403373,0.234828,0.423446,0.157112,0.498225,0.082462,0.518914,0.159040,0.523609,0.114736,0.545366,0.125453,0.471240,0.055438,0.385153,0.056698,0.394173,0.173368,0.457749,0.259795,0.483926,0.293694,0.464942,0.258951,0.440880,0.192391,0.488835,0.435686,0.393033,0.457236,0.350140,0.000076,0.166936,0.141327,0.381165,0.347697,0.385754,0.417737,0.220891,0.282706
0.170047,0.541569,0.277109,0.526193,0.270838,0.433783,0.305717,0.532229,0.195373,0.451657,0.208393,0.533894,0.147528,0.550962,0.299697,0.545673,0.175896,0.498440,0.392995,0.382430,0.308316,0.227376,0.398361,0.359393,0.330101,0.467148,-0.166201,-0.158417,0.208254,0.460818,0.323697,0.285750,0.368297,0.409477,0.300958,0.407778,0.145765,0.000000,0.136750,0.498814,0.252347,0.363680,0.347035,0.423605,0.261431,0.389326,0.331652,0.491789,0.109945,0.386167,0.167408,0.474912,0.071725,0.495767,0.131122,0.538766,0.103820,0.544537,0.191382,0.509885,0.110376,0.529480,0.102854,0.533478,0.118760,0.532473,0.306969,0.374704,0.308288,0.328689,0.323844,0.455384,0.144294,0.425628,0.059945,0.407257,0.253489,0.431012,0.114215,0.507908,0.025023,0.570808,0.292732,0.579404,-0.024293,0.574687,0.197787,0.578071,0.098526,0.559261,0.269466,0.553865,0.116115,0.457541,0.274657,0.257038,0.240305,0.477235,0.313486,0.496113,0.090818,0.509509,0.015926,0.322826,-0.023695,0.179058,-0.037926,0.199525,0.162720,0.220992,0.481761,0.489968,0.393252,0.358574,0.254776,0.098399
