0.000000 0.607145 0.518693 0.396923 0.142830 0.065458 0.505042 0.552261 0.134841 0.226398 0.537165 0.602475 0.538906 0.397794 0.241409 0.400807 0.408271 0.483383 0.655752 0.658989 0.200088 0.167087 0.489428 0.340955 0.214865 0.159338 0.050675 0.109215 0.451616 0.528211 0.350476 0.418621 0.618568 0.639451 0.391243 0.360992 0.295415 0.362170 0.336135 0.222658 0.283925 0.398630 0.444499 0.533364 0.418353 0.564124 0.550251 0.518051 0.306752 0.480081 0.244665 0.578382 0.264842 0.384881 0.531939 0.404905 0.654117 0.559894 0.629953 0.645418 0.655370 0.597584 0.608709 0.583002 0.345150 0.460398 0.533405 0.564301 0.626813 0.631839 0.470254 0.360497 0.266705 0.299566 0.190609 0.178328 0.363494 0.376241 0.445514 0.495335 0.604394 0.580961 0.494463 0.389302 0.565451 0.468286 0.251373 0.156132 0.461354 0.331613 0.255350 0.303105 0.178449 0.287190 0.288799 0.339333 0.542549 0.517745 0.560743 0.540739 0.318119 0.255414 0.316999 0.285986 0.297782 0.421746 0.159455 0.096676 0.186631 0.390916 0.521521 0.293688 0.221655 0.286179 0.538731 0.302259
0.607145 0.000000 0.334890 0.170048 -0.043809 -0.198908 0.254085 0.393234 -0.006467 0.125189 0.303098 0.620187 0.323177 0.559133 -0.007173 0.226707 0.170065 0.421317 0.560945 0.595942 -0.031159 -0.078982 0.266476 0.093957 -0.011143 -0.052170 -0.143245 -0.148849 0.228461 0.471601 0.120967 0.238544 0.467920 0.520858 0.198973 0.223525 0.036375 0.127092 0.152452 -0.042695 0.057125 0.179289 0.603902 0.652309 0.573207 0.642332 0.619135 0.605359 0.520066 0.599158 0.490759 0.639228 0.484832 0.508406 0.406376 0.178622 0.542542 0.683226 0.531096 0.650078 0.575132 0.555896 0.484458 0.600249 0.232134 0.494089 0.373565 0.464944 0.662940 0.537986 0.257410 0.120913 0.015097 0.030456 -0.073702 -0.084813 0.095125 0.146237 0.400073 0.404807 0.506286 0.416100 0.306580 0.161451 0.508794 0.281976 -0.014664 -0.099040 0.454908 0.139861 0.489400 0.187624 0.441387 0.187618 0.100181 0.185970 0.528018 0.317380 0.632600 0.469929 0.425990 0.091090 0.131208 0.061446 0.494988 0.231348 -0.105021 -0.188248 0.048958 0.388379 0.564735 0.520921 0.467838 0.497667 0.592489 0.387482
0.518693 0.334890 0.000000 0.642141 0.412806 0.412850 0.657132 0.641494 0.406515 0.336942 0.611942 0.337473 0.603773 0.032088 0.514220 0.551082 0.521436 0.220754 0.584555 0.541532 0.415508 0.442671 0.662550 0.615733 0.469976 0.393220 0.324854 0.406550 0.571165 0.356107 0.579691 0.550204 0.571563 0.559186 0.528128 0.377543 0.524139 0.528987 0.412860 0.471134 0.438268 0.476487 0.097413 0.209211 0.101375 0.280591 0.253001 0.225477 -0.061692 0.156333 -0.140413 0.266310 -0.142176 0.097784 0.408189 0.535059 0.531138 0.236474 0.548428 0.387108 0.487993 0.457465 0.462294 0.310585 0.530907 0.399772 0.601164 0.579165 0.385407 0.547172 0.506320 0.582802 0.401388 0.385629 0.339755 0.386582 0.529715 0.542795 0.201761 0.372728 0.398228 0.522232 0.549543 0.562398 0.360676 0.527139 0.464239 0.481023 0.170044 0.510594 -0.078527 0.388533 -0.178313 0.350642 0.395288 0.373504 0.311862 0.576709 0.258603 0.455612 0.071659 0.435695 0.504574 0.519864 -0.062238 0.571946 0.468180 0.426933 0.210497 0.238300 0.242825 -0.080863 -0.150070 -0.107189 0.321181 0.050531
0.396923 0.170048 0.642141 0.000000 0.498985 0.561721 0.618265 0.602924 0.494266 0.380089 0.590908 0.181380 0.616123 -0.168502 0.620825 0.571297 0.591094 0.137480 0.501794 0.458613 0.455227 0.537037 0.667389 0.673764 0.573476 0.477987 0.447851 0.530484 0.631308 0.260809 0.648020 0.547292 0.525810 0.485938 0.531369 0.323779 0.584454 0.529729 0.396759 0.547889 0.482852 0.489957 -0.061221 0.030946 -0.037455 0.126134 0.096680 0.064029 -0.218334 0.027575 -0.323618 0.133232 -0.336794 -0.008595 0.323410 0.583998 0.478998 0.057998 0.479464 0.223649 0.390639 0.339913 0.437268 0.152687 0.534097 0.277831 0.575887 0.493783 0.248431 0.467277 0.468620 0.632435 0.526820 0.467754 0.409456 0.489863 0.578422 0.600996 0.138288 0.312932 0.324409 0.451625 0.524788 0.596744 0.254634 0.578303 0.519859 0.612576 0.019935 0.581406 -0.291446 0.400866 -0.386021 0.385882 0.432196 0.396963 0.207919 0.590443 0.071228 0.382796 -0.119009 0.477463 0.465623 0.548352 -0.281579 0.581845 0.542625 0.514877 0.258354 0.180894 0.098683 -0.273800 -0.342522 -0.302971 0.177772 -0.065657
0.142830 -0.043809 0.412806 0.498985 0.000000 0.558509 0.393482 0.384158 0.588299 0.556503 0.351189 0.003526 0.373601 -0.261329 0.561466 0.417919 0.388663 -0.001021 0.216836 0.200579 0.372288 0.449709 0.436042 0.514626 0.623536 0.582378 0.521589 0.536132 0.443975 0.180969 0.551222 0.452791 0.306072 0.263781 0.416931 0.287574 0.486260 0.351810 0.194161 0.405381 0.350973 0.429011 -0.214098 -0.112847 -0.188455 -0.089871 -0.086409 -0.083037 -0.362251 -0.173877 -0.390894 -0.091889 -0.386381 -0.170222 0.123290 0.393250 0.208857 -0.108654 0.276052 0.015652 0.180589 0.145219 0.193976 -0.005062 0.364865 0.143737 0.359518 0.284296 0.047649 0.284890 0.420496 0.509587 0.361212 0.448882 0.271739 0.380236 0.458070 0.466744 0.018058 0.139689 0.139842 0.247087 0.319367 0.451743 0.067736 0.381884 0.372102 0.504421 -0.074617 0.460515 -0.339878 0.222810 -0.407705 0.173421 0.329900 0.302669 0.077308 0.401671 -0.109963 0.141865 -0.150411 0.320850 0.443768 0.414984 -0.320288 0.355299 0.441609 0.421140 0.184728 0.107692 -0.008700 -0.381561 -0.412832 -0.398485 -0.107301 -0.153355
0.065458 -0.198908 0.412850 0.561721 0.558509 0.000000 0.452257 0.353171 0.513697 0.361815 0.417383 -0.165180 0.405414 -0.464741 0.588950 0.468012 0.460469 -0.101933 0.174186 0.132285 0.452262 0.571154 0.481006 0.584276 0.608028 0.515434 0.589499 0.655793 0.489108 0.014602 0.576411 0.412186 0.270762 0.218258 0.423877 0.242948 0.550512 0.439508 0.304022 0.571260 0.465274 0.410863 -0.386257 -0.306141 -0.338942 -0.209883 -0.244386 -0.257540 -0.484861 -0.285757 -0.568857 -0.220329 -0.583821 -0.261241 0.101924 0.499117 0.177168 -0.279319 0.180191 -0.121232 0.083615 0.044077 0.179216 -0.149523 0.354996 -0.034626 0.335945 0.200085 -0.095824 0.184199 0.325974 0.579846 0.511418 0.479754 0.432567 0.535973 0.519436 0.523977 -0.105023 0.142742 0.036509 0.246292 0.326157 0.477781 -0.075846 0.434687 0.498492 0.656560 -0.215744 0.546983 -0.522812 0.238258 -0.585666 0.267543 0.328254 0.269244 -0.100744 0.388822 -0.265534 0.133063 -0.297256 0.418098 0.420501 0.525370 -0.539090 0.416882 0.563154 0.589621 0.189881 -0.018363 -0.188291 -0.537393 -0.580132 -0.557540 -0.160259 -0.257609
0.505042 0.254085 0.657132 0.618265 0.393482 0.452257 0.000000 0.630125 0.334367 0.311970 0.657352 0.323711 0.612810 0.001818 0.496444 0.557747 0.561191 0.292476 0.533028 0.491566 0.441757 0.439994 0.661458 0.621217 0.473966 0.425150 0.357835 0.439701 0.580273 0.359368 0.570596 0.549346 0.561838 0.544590 0.544943 0.435278 0.540682 0.552472 0.479994 0.535169 0.477775 0.507271 0.022693 0.152457 0.022858 0.229450 0.218457 0.180187 -0.125471 0.081616 -0.218097 0.221985 -0.191065 0.031166 0.451068 0.578681 0.502853 0.168758 0.506483 0.366055 0.464278 0.450281 0.481628 0.317200 0.447022 0.324619 0.584957 0.548617 0.311719 0.530758 0.520947 0.591009 0.460489 0.482210 0.433221 0.442529 0.564946 0.542633 0.223581 0.421969 0.398922 0.588092 0.562579 0.559045 0.361364 0.547277 0.522493 0.498863 0.204566 0.512093 -0.140838 0.335848 -0.244523 0.302689 0.433863 0.401366 0.308401 0.590349 0.222753 0.450180 0.069440 0.417075 0.525526 0.548124 -0.119825 0.579130 0.516801 0.489195 0.257002 0.195310 0.228409 -0.160190 -0.224269 -0.147551 0.276291 0.061212
0.552261 0.393234 0.641494 0.602924 0.384158 0.353171 0.630125 0.000000 0.348142 0.342622 0.619301 0.450044 0.629552 0.131664 0.481634 0.573288 0.545637 0.311339 0.576345 0.573892 0.416934 0.357813 0.647947 0.590765 0.407024 0.429722 0.270602 0.330124 0.577102 0.382389 0.528725 0.548616 0.599039 0.610901 0.526316 0.406993 0.472177 0.490578 0.450119 0.447674 0.412348 0.502155 0.189153 0.299512 0.184192 0.354722 0.363585 0.329001 0.024664 0.200140 -0.072965 0.359021 -0.054437 0.175019 0.496361 0.565396 0.566455 0.299959 0.581871 0.474705 0.537303 0.562181 0.528745 0.413295 0.500440 0.479721 0.625136 0.624579 0.401143 0.577711 0.489424 0.557676 0.397861 0.391576 0.337632 0.341808 0.531257 0.525797 0.326237 0.441697 0.466716 0.580042 0.585943 0.565734 0.468566 0.589141 0.447464 0.441804 0.306873 0.493514 0.005908 0.387692 -0.113444 0.354873 0.432942 0.378018 0.415613 0.622721 0.341225 0.540873 0.144119 0.376777 0.459689 0.494421 -0.012105 0.572099 0.421460 0.378874 0.279052 0.246289 0.382925 -0.031216 -0.086475 -0.000590 0.376368 0.148837
0.134841 -0.006467 0.406515 0.494266 0.588299 0.513697 0.334367 0.348142 0.000000 0.565052 0.323327 -0.057281 0.367767 -0.288652 0.577202 0.424867 0.386324 -0.116410 0.235189 0.200729 0.344843 0.450473 0.426355 0.494550 0.533305 0.529346 0.403924 0.452124 0.468776 0.105905 0.526849 0.477424 0.296279 0.263875 0.340839 0.117401 0.446972 0.288397 0.062829 0.330211 0.287925 0.367993 -0.130999 -0.083417 -0.101807 -0.030895 -0.077103 -0.049149 -0.274050 -0.051726 -0.314083 -0.022198 -0.357316 0.002511 -0.012810 0.361258 0.226014 -0.096798 0.302575 0.011005 0.226163 0.147099 0.178935 -0.064078 0.449223 0.137218 0.345128 0.251254 0.070096 0.228086 0.308114 0.512228 0.361302 0.329258 0.129427 0.388279 0.388906 0.453547 -0.082386 0.107449 0.049851 0.171920 0.230280 0.447837 -0.007134 0.404193 0.255814 0.516097 -0.215864 0.505362 -0.321724 0.395293 -0.373759 0.326489 0.245966 0.250401 0.010037 0.370434 -0.136024 0.160211 -0.226749 0.483873 0.377982 0.420094 -0.327407 0.378210 0.388457 0.369791 0.112565 0.143996 -0.065842 -0.315502 -0.348322 -0.381477 -0.064941 -0.236067
0.226398 0.125189 0.336942 0.380089 0.556503 0.361815 0.311970 0.342622 0.565052 0.000000 0.297948 0.151414 0.289135 -0.032817 0.426095 0.424171 0.311464 0.104378 0.250301 0.242891 0.203931 0.271834 0.357619 0.378930 0.498282 0.481766 0.320958 0.301334 0.378106 0.298949 0.431995 0.427710 0.302340 0.277676 0.290653 0.139279 0.282589 0.144610 -0.016761 0.163029 0.138417 0.304024 -0.005659 0.080988 -0.004574 0.070245 0.060511 0.084067 -0.157687 0.015984 -0.160993 0.097057 -0.161638 0.016085 0.015049 0.233791 0.244651 0.078572 0.326864 0.171922 0.291252 0.266380 0.220861 0.152320 0.351052 0.266414 0.306125 0.297505 0.201617 0.343959 0.402607 0.392631 0.276806 0.395029 -0.002475 0.208159 0.290472 0.331966 0.077466 0.193750 0.171756 0.277194 0.189014 0.328424 0.152495 0.336207 0.135935 0.307394 -0.043454 0.340203 -0.156385 0.209286 -0.199486 0.114145 0.208184 0.284931 0.198247 0.342853 0.011751 0.133353 -0.058343 0.264268 0.332036 0.252840 -0.111840 0.280983 0.239607 0.164607 0.154160 0.270706 0.112923 -0.162235 -0.195446 -0.196664 0.056551 -0.080860
0.537165 0.303098 0.611942 0.590908 0.351189 0.417383 0.657352 0.619301 0.323327 0.297948 0.000000 0.359303 0.648649 0.033752 0.483712 0.573502 0.603797 0.336545 0.551348 0.515748 0.417458 0.413044 0.641658 0.592263 0.429336 0.411126 0.335325 0.409189 0.623328 0.388021 0.550009 0.541095 0.554820 0.553993 0.496551 0.421156 0.507850 0.532725 0.467081 0.524584 0.474753 0.513202 0.095766 0.203922 0.103725 0.285707 0.262957 0.237696 -0.048671 0.159974 -0.166226 0.295693 -0.149497 0.126454 0.460031 0.594276 0.550165 0.218444 0.534478 0.410866 0.502877 0.471963 0.558742 0.371267 0.434911 0.315478 0.571794 0.535536 0.343257 0.552550 0.465681 0.569828 0.464709 0.463783 0.406652 0.456007 0.534210 0.532325 0.281280 0.472573 0.443090 0.628354 0.580964 0.581161 0.386492 0.610011 0.486515 0.493775 0.227436 0.540174 -0.109714 0.349121 -0.206181 0.363572 0.421454 0.398970 0.327600 0.599203 0.248159 0.477673 0.115287 0.458802 0.501057 0.547591 -0.112633 0.581763 0.456614 0.436138 0.264053 0.230406 0.282152 -0.127307 -0.186853 -0.102943 0.319414 0.112129
0.602475 0.620187 0.337473 0.181380 0.003526 -0.165180 0.323711 0.450044 -0.057281 0.151414 0.359303 0.000000 0.347697 0.589365 0.031869 0.279964 0.209491 0.529061 0.514040 0.554613 0.057814 -0.050231 0.301596 0.144313 0.023146 0.017781 -0.116402 -0.115971 0.234976 0.516235 0.134319 0.262766 0.466932 0.511414 0.226636 0.302824 0.059197 0.171315 0.235280 0.008770 0.084060 0.236637 0.516806 0.600999 0.466782 0.576928 0.598254 0.562612 0.410717 0.473390 0.388028 0.587725 0.435916 0.363167 0.473235 0.189635 0.505575 0.604397 0.502463 0.659761 0.557763 0.606669 0.504637 0.659076 0.212232 0.535763 0.376078 0.499360 0.578896 0.537184 0.351921 0.132224 0.053566 0.145003 0.030341 -0.057779 0.161091 0.145431 0.469027 0.400095 0.561936 0.492510 0.383077 0.208445 0.609581 0.286707 0.107244 -0.086500 0.549047 0.088919 0.427055 0.125204 0.362767 0.074084 0.164576 0.214519 0.554310 0.340285 0.610431 0.428088 0.442649 0.006610 0.193385 0.070818 0.470623 0.233760 -0.023646 -0.102265 0.150830 0.358165 0.580226 0.422836 0.376400 0.458563 0.534138 0.392728
0.538906 0.323177 0.603773 0.616123 0.373601 0.405414 0.612810 0.629552 0.367767 0.289135 0.648649 0.347697 0.000000 0.009749 0.550695 0.535900 0.621872 0.306349 0.566574 0.545404 0.437905 0.435356 0.650022 0.592729 0.436698 0.429535 0.304100 0.404620 0.640413 0.345680 0.559314 0.541879 0.595178 0.585440 0.516924 0.390028 0.539768 0.539240 0.459141 0.506015 0.481059 0.516767 0.135008 0.220261 0.144362 0.312855 0.295681 0.263402 -0.021929 0.208697 -0.142164 0.327671 -0.131553 0.177791 0.494926 0.610340 0.599702 0.227534 0.586135 0.396662 0.537770 0.462898 0.573663 0.319515 0.493782 0.347475 0.623074 0.546109 0.361571 0.544078 0.466563 0.562747 0.489094 0.426506 0.432311 0.453133 0.566428 0.566985 0.311811 0.414688 0.488505 0.553645 0.595095 0.599610 0.427389 0.624192 0.490629 0.503403 0.251443 0.548512 -0.115516 0.445196 -0.220161 0.440989 0.454751 0.399983 0.356368 0.630896 0.266666 0.519473 0.047246 0.460112 0.422040 0.507061 -0.116215 0.579306 0.446311 0.426055 0.280626 0.234357 0.286749 -0.106184 -0.161996 -0.093164 0.308972 0.097581
0.397794 0.559133 0.032088 -0.168502 -0.261329 -0.464741 0.001818 0.131664 -0.288652 -0.032817 0.033752 0.589365 0.009749 0.000000 -0.312739 0.001001 -0.138933 0.405628 0.276751 0.330299 -0.210976 -0.313955 -0.048577 -0.204952 -0.270388 -0.267526 -0.353646 -0.398721 -0.120622 0.380687 -0.200417 -0.035174 0.185337 0.246717 -0.044414 0.112277 -0.257773 -0.126456 -0.004548 -0.302408 -0.182631 -0.048871 0.568483 0.594163 0.501973 0.526337 0.542726 0.520650 0.546599 0.488382 0.588483 0.524166 0.622234 0.383578 0.256773 -0.139365 0.244636 0.587474 0.258671 0.543122 0.361985 0.422136 0.246866 0.560218 -0.062278 0.420855 0.075564 0.258670 0.489882 0.300355 0.077432 -0.212517 -0.260167 -0.151890 -0.245708 -0.350384 -0.165767 -0.165850 0.320702 0.208596 0.357515 0.235567 0.075026 -0.133152 0.440706 -0.037846 -0.202528 -0.417165 0.480670 -0.205088 0.611537 -0.071598 0.599307 -0.131219 -0.089493 -0.001176 0.421228 0.014132 0.579883 0.217065 0.516501 -0.221055 -0.032539 -0.219011 0.640758 -0.074545 -0.320447 -0.395294 -0.027610 0.281767 0.485806 0.604801 0.591540 0.624994 0.488113 0.388855
0.241409 -0.007173 0.514220 0.620825 0.561466 0.588950 0.496444 0.481634 0.577202 0.426095 0.483712 0.031869 0.550695 -0.312739 0.000000 0.513582 0.553941 0.033165 0.332212 0.295651 0.510641 0.563699 0.580600 0.624364 0.582246 0.555731 0.465329 0.561860 0.586793 0.143290 0.608016 0.520480 0.422181 0.369135 0.471755 0.239746 0.588263 0.485660 0.329115 0.523878 0.462487 0.480169 -0.179813 -0.103871 -0.148628 -0.011747 -0.040434 -0.051872 -0.333971 -0.083931 -0.416049 0.005943 -0.421486 -0.084081 0.222931 0.523087 0.365598 -0.101370 0.386086 0.065053 0.279151 0.209197 0.319935 -0.006706 0.534837 0.179715 0.489814 0.361660 0.083262 0.320592 0.441333 0.597883 0.524883 0.462208 0.429514 0.524880 0.572913 0.565691 0.088424 0.180731 0.245346 0.316186 0.462878 0.594841 0.171394 0.513145 0.521913 0.625534 -0.046413 0.535250 -0.408955 0.436240 -0.489112 0.391330 0.412176 0.359651 0.105200 0.517458 -0.082794 0.268852 -0.241679 0.463574 0.402131 0.496177 -0.380884 0.486569 0.531924 0.534945 0.268688 0.128106 -0.016203 -0.393000 -0.438881 -0.410942 -0.023294 -0.179358
0.400807 0.226707 0.551082 0.571297 0.417919 0.468012 0.557747 0.573288 0.424867 0.424171 0.573502 0.279964 0.535900 0.001001 0.513582 0.000000 0.489136 0.193275 0.445397 0.436140 0.460940 0.458386 0.584645 0.579709 0.481510 0.416050 0.406324 0.444277 0.535222 0.315332 0.547546 0.498601 0.471984 0.465594 0.468363 0.328287 0.474019 0.474710 0.393052 0.486472 0.441876 0.451024 0.037173 0.141308 0.072665 0.232267 0.165895 0.156061 -0.088731 0.107323 -0.190709 0.210128 -0.201712 0.061384 0.315218 0.524868 0.427910 0.130157 0.461751 0.310786 0.414806 0.414264 0.435364 0.271960 0.487645 0.353482 0.522918 0.506825 0.279741 0.482503 0.402331 0.545892 0.410981 0.392954 0.314738 0.392314 0.483993 0.504555 0.120706 0.380271 0.313725 0.523343 0.495410 0.562459 0.290880 0.559015 0.461100 0.509396 0.109451 0.531790 -0.119007 0.348786 -0.217853 0.323953 0.355533 0.368898 0.200042 0.517449 0.155182 0.394903 0.049979 0.409305 0.479559 0.500947 -0.163815 0.481607 0.419088 0.412576 0.248962 0.219870 0.164733 -0.158087 -0.206265 -0.160542 0.230504 -0.026428
0.408271 0.170065 0.521436 0.591094 0.388663 0.460469 0.561191 0.545637 0.386324 0.311464 0.603797 0.209491 0.621872 -0.138933 0.553941 0.489136 0.000000 0.314926 0.450639 0.445183 0.429931 0.438107 0.606669 0.603969 0.458427 0.499467 0.334907 0.407121 0.670284 0.325417 0.562630 0.544726 0.490494 0.475017 0.464419 0.290577 0.543799 0.500329 0.409710 0.520736 0.469832 0.508395 0.017771 0.082083 0.047380 0.169842 0.174824 0.164898 -0.127630 0.090850 -0.262948 0.202325 -0.249975 0.090254 0.385464 0.590433 0.515761 0.085248 0.489285 0.258048 0.405291 0.332156 0.518467 0.214353 0.437798 0.205610 0.550229 0.452086 0.221596 0.471005 0.404539 0.552898 0.563521 0.492175 0.423644 0.523843 0.559256 0.564659 0.321004 0.410809 0.392661 0.505904 0.525742 0.587251 0.328391 0.620150 0.456158 0.542515 0.118100 0.517493 -0.258960 0.402219 -0.358131 0.406991 0.508354 0.470761 0.313698 0.626551 0.113680 0.430345 -0.096898 0.469086 0.365790 0.499733 -0.259411 0.589087 0.485648 0.443096 0.295073 0.180092 0.182919 -0.265116 -0.296330 -0.220507 0.206358 0.046329
0.483383 0.421317 0.220754 0.137480 -0.001021 -0.101933 0.292476 0.311339 -0.116410 0.104378 0.336545 0.529061 0.306349 0.405628 0.033165 0.193275 0.314926 0.000000 0.389930 0.439406 0.056340 -0.027806 0.242115 0.143440 0.092107 0.079045 -0.032417 -0.068920 0.271462 0.561963 0.162771 0.242760 0.379470 0.391829 0.223206 0.272944 0.122363 0.199824 0.221367 0.088536 0.134605 0.223055 0.328470 0.426041 0.320892 0.412099 0.460589 0.445815 0.257446 0.336759 0.213187 0.434818 0.289637 0.209374 0.423446 0.191957 0.449459 0.439117 0.406590 0.492393 0.438558 0.420717 0.501016 0.555847 0.115827 0.331075 0.329406 0.382671 0.436326 0.484218 0.335646 0.111091 0.215289 0.289638 0.157166 0.079332 0.208979 0.171654 0.451825 0.451991 0.501539 0.493610 0.324948 0.183836 0.526189 0.267675 0.147496 -0.063852 0.455076 0.048251 0.221392 0.029827 0.171776 -0.022301 0.242389 0.336981 0.499693 0.350972 0.455177 0.325833 0.302779 -0.019709 0.138514 0.028941 0.284458 0.201601 0.006099 -0.067689 0.172710 0.320579 0.422972 0.229737 0.205783 0.282516 0.380442 0.308712
0.655752 0.560945 0.584555 0.501794 0.216836 0.174186 0.533028 0.576345 0.235189 0.250301 0.551348 0.514040 0.566574 0.276751 0.332212 0.445397 0.450639 0.389930 0.000000 0.679019 0.215292 0.248555 0.549477 0.425578 0.310617 0.189585 0.153335 0.205464 0.506635 0.475662 0.443401 0.461874 0.639670 0.634106 0.413543 0.346182 0.354500 0.386960 0.345015 0.274252 0.333835 0.417998 0.365198 0.452728 0.354717 0.506826 0.475144 0.433917 0.226364 0.433207 0.144918 0.502770 0.142738 0.324399 0.478646 0.453537 0.643370 0.483298 0.635284 0.564051 0.604068 0.541294 0.601563 0.488588 0.419371 0.433937 0.562517 0.561744 0.603670 0.630046 0.459586 0.438902 0.338073 0.319213 0.214597 0.233881 0.406836 0.449750 0.358883 0.452102 0.543637 0.534541 0.500735 0.428474 0.488230 0.497130 0.286654 0.267491 0.326349 0.399927 0.151939 0.351840 0.068853 0.337867 0.313305 0.369518 0.483375 0.546083 0.471182 0.530127 0.201639 0.317947 0.341676 0.342555 0.175679 0.479930 0.237658 0.161137 0.170002 0.371979 0.413377 0.196939 0.121641 0.160569 0.494911 0.229665
0.658989 0.595942 0.541532 0.458613 0.200579 0.132285 0.491566 0.573892 0.200729 0.242891 0.515748 0.554613 0.545404 0.330299 0.295651 0.436140 0.445183 0.439406 0.679019 0.000000 0.209690 0.209725 0.515477 0.394108 0.281830 0.188305 0.129732 0.162179 0.487426 0.503117 0.410915 0.446493 0.638364 0.654447 0.414829 0.348405 0.320710 0.358626 0.341397 0.248204 0.313636 0.412438 0.410323 0.493675 0.406304 0.548508 0.515386 0.483498 0.283613 0.474131 0.200131 0.542552 0.202114 0.359706 0.504007 0.442224 0.659412 0.529657 0.647984 0.596899 0.614739 0.573096 0.624677 0.538684 0.389744 0.465904 0.558091 0.575174 0.620145 0.650765 0.440822 0.404980 0.327347 0.309845 0.202847 0.199647 0.395750 0.441188 0.395948 0.469321 0.570158 0.545456 0.493495 0.405871 0.522775 0.505797 0.262381 0.224868 0.379862 0.371742 0.208623 0.321361 0.119237 0.311793 0.300437 0.361640 0.513631 0.541716 0.512008 0.545608 0.240164 0.270539 0.307070 0.296991 0.215820 0.443104 0.184709 0.112514 0.162365 0.374591 0.460517 0.235280 0.170094 0.218344 0.511374 0.263789
0.200088 -0.031159 0.415508 0.455227 0.372288 0.452262 0.441757 0.416934 0.344843 0.203931 0.417458 0.057814 0.437905 -0.210976 0.510641 0.460940 0.429931 0.056340 0.215292 0.209690 0.000000 0.526392 0.471481 0.513451 0.396817 0.470963 0.322735 0.471416 0.408161 0.109129 0.452559 0.409864 0.297645 0.301168 0.427032 0.254271 0.554125 0.572135 0.447152 0.534033 0.509989 0.478044 -0.123024 -0.053865 -0.089578 0.005531 0.025138 0.039663 -0.243090 -0.088334 -0.310348 0.002653 -0.299064 -0.051060 0.312219 0.492490 0.270783 -0.099462 0.276108 0.075326 0.208730 0.190304 0.227098 0.020267 0.390655 0.141830 0.425221 0.339892 0.016512 0.239884 0.378972 0.492862 0.381643 0.322236 0.470392 0.474968 0.535349 0.471606 0.070356 0.183026 0.196866 0.303649 0.446663 0.552698 0.190013 0.413606 0.520573 0.501349 0.090806 0.445451 -0.247995 0.399459 -0.335240 0.372018 0.436478 0.332204 0.086371 0.437719 0.008468 0.301473 -0.090350 0.394031 0.373381 0.479736 -0.260955 0.391322 0.428470 0.529862 0.334765 0.084895 0.021488 -0.290710 -0.297600 -0.246435 0.024638 -0.176138
0.167087 -0.078982 0.442671 0.537037 0.449709 0.571154 0.439994 0.357813 0.450473 0.271834 0.413044 -0.050231 0.435356 -0.313955 0.563699 0.458386 0.438107 -0.027806 0.248555 0.209725 0.526392 0.000000 0.467764 0.536466 0.518506 0.403087 0.424714 0.598877 0.449574 0.095816 0.495696 0.360438 0.286291 0.249544 0.401706 0.243953 0.566759 0.507327 0.368812 0.514747 0.515006 0.481181 -0.230182 -0.188995 -0.219369 -0.083930 -0.135556 -0.169161 -0.371228 -0.128081 -0.422018 -0.100176 -0.438464 -0.156158 0.168890 0.460722 0.259192 -0.155580 0.253123 -0.004955 0.187277 0.101572 0.229735 -0.072529 0.356435 0.025599 0.359238 0.251181 0.042689 0.226539 0.357656 0.508368 0.436348 0.373987 0.443156 0.532884 0.522179 0.511547 -0.066559 0.122146 0.165260 0.251417 0.394357 0.480804 0.034257 0.395122 0.505659 0.561186 -0.133672 0.522485 -0.391267 0.332860 -0.451324 0.309556 0.338340 0.283153 -0.044330 0.384288 -0.126171 0.156627 -0.224441 0.410020 0.393689 0.473845 -0.364545 0.356487 0.482604 0.551265 0.230565 0.092104 -0.165120 -0.362721 -0.408983 -0.414223 -0.035208 -0.265449
0.489428 0.266476 0.662550 0.667389 0.436042 0.481006 0.661458 0.647947 0.426355 0.357619 0.641658 0.301596 0.650022 -0.048577 0.580600 0.584645 0.606669 0.242115 0.549477 0.515477 0.471481 0.467764 0.000000 0.661654 0.513745 0.475090 0.391602 0.460088 0.636135 0.328411 0.621102 0.603158 0.577071 0.555194 0.576627 0.409264 0.566558 0.562155 0.462783 0.541070 0.478169 0.507988 0.040699 0.145959 0.053793 0.236060 0.216215 0.187173 -0.113047 0.109207 -0.223106 0.232614 -0.223835 0.072198 0.430600 0.598574 0.543706 0.165083 0.542138 0.336391 0.471802 0.441655 0.483087 0.264420 0.547440 0.363871 0.627669 0.563384 0.317809 0.534044 0.496701 0.612630 0.494610 0.453104 0.418354 0.469482 0.574170 0.570051 0.238939 0.383211 0.407305 0.531718 0.586760 0.617243 0.354577 0.585202 0.527030 0.558027 0.172058 0.548351 -0.176686 0.417221 -0.279792 0.414692 0.456168 0.412496 0.308721 0.619113 0.190396 0.462739 0.012048 0.475631 0.481264 0.558019 -0.162505 0.610768 0.518381 0.486303 0.286929 0.215548 0.226997 -0.183965 -0.244624 -0.176882 0.268180 0.055314
0.340955 0.093957 0.615733 0.673764 0.514626 0.584276 0.621217 0.590765 0.494550 0.378930 0.592263 0.144313 0.592729 -0.204952 0.624364 0.579709 0.603969 0.143440 0.425578 0.394108 0.513451 0.536466 0.661654 0.000000 0.573577 0.544713 0.463131 0.536632 0.623065 0.229350 0.649207 0.591695 0.478750 0.452043 0.553500 0.348820 0.608076 0.558718 0.425877 0.594747 0.509944 0.509367 -0.119637 -0.017322 -0.086484 0.073210 0.060964 0.037744 -0.264967 -0.048506 -0.373281 0.068860 -0.377484 -0.052388 0.321194 0.598536 0.423577 -0.013090 0.428285 0.170018 0.343825 0.318539 0.391028 0.121232 0.528483 0.263513 0.557667 0.473765 0.165595 0.434234 0.450860 0.645650 0.537613 0.488415 0.445557 0.527357 0.605957 0.609747 0.114771 0.308496 0.267703 0.457397 0.526142 0.612411 0.234529 0.576665 0.551081 0.633193 0.026223 0.578406 -0.318624 0.394833 -0.421220 0.380596 0.461311 0.395163 0.174905 0.584768 0.021456 0.370676 -0.118672 0.495254 0.486928 0.581374 -0.325641 0.589589 0.576965 0.562702 0.257419 0.125931 0.080455 -0.342858 -0.389287 -0.331462 0.124604 -0.076549
0.214865 -0.011143 0.469976 0.573476 0.623536 0.608028 0.473966 0.407024 0.533305 0.498282 0.429336 0.023146 0.436698 -0.270388 0.582246 0.481510 0.458427 0.092107 0.310617 0.281830 0.396817 0.518506 0.513745 0.573577 0.000000 0.542617 0.588312 0.603762 0.511170 0.271889 0.630237 0.486023 0.384215 0.319626 0.475945 0.306513 0.534486 0.426109 0.257709 0.473614 0.401263 0.422036 -0.241905 -0.124093 -0.209208 -0.066382 -0.080589 -0.094893 -0.377699 -0.147552 -0.429236 -0.078099 -0.426137 -0.204694 0.158970 0.445431 0.296990 -0.080872 0.318920 0.040524 0.220505 0.168379 0.280513 0.027571 0.409802 0.135760 0.409985 0.310933 0.112660 0.352343 0.471734 0.557469 0.469747 0.512881 0.359053 0.433196 0.515216 0.525337 0.015582 0.216359 0.196174 0.311309 0.368493 0.461985 0.086167 0.420512 0.447613 0.544445 -0.088581 0.490787 -0.401383 0.194419 -0.458926 0.180178 0.357797 0.392875 0.099083 0.443231 -0.102498 0.148959 -0.187406 0.330362 0.421775 0.414983 -0.357425 0.390586 0.468691 0.438444 0.216880 0.206450 -0.051244 -0.390632 -0.446040 -0.433010 -0.046291 -0.174030
0.159338 -0.052170 0.393220 0.477987 0.582378 0.515434 0.425150 0.429722 0.529346 0.481766 0.411126 0.017781 0.429535 -0.267526 0.555731 0.416050 0.499467 0.079045 0.189585 0.188305 0.470963 0.403087 0.475090 0.544713 0.542617 0.000000 0.428996 0.447995 0.505225 0.181031 0.530467 0.540150 0.310586 0.298203 0.450434 0.258875 0.483629 0.394222 0.250500 0.445534 0.335090 0.441923 -0.172728 -0.088016 -0.149450 -0.060387 -0.006257 0.013632 -0.317499 -0.171924 -0.382433 -0.043508 -0.362824 -0.086753 0.185555 0.456896 0.245825 -0.121640 0.303740 0.042716 0.213040 0.195003 0.221675 0.013599 0.395600 0.178933 0.423294 0.328861 -0.008167 0.284272 0.380319 0.522738 0.416740 0.436830 0.316672 0.444900 0.502486 0.485851 0.107246 0.208668 0.138738 0.300475 0.341266 0.496434 0.131777 0.453793 0.365411 0.515616 -0.004686 0.444072 -0.335248 0.318804 -0.416559 0.289931 0.424109 0.351293 0.158492 0.479393 -0.093193 0.235637 -0.158640 0.393468 0.355071 0.438190 -0.349211 0.431315 0.436469 0.433790 0.275173 0.113714 0.065730 -0.402743 -0.399417 -0.342770 -0.040308 -0.104093
0.050675 -0.143245 0.324854 0.447851 0.521589 0.589499 0.357835 0.270602 0.403924 0.320958 0.335325 -0.116402 0.304100 -0.353646 0.465329 0.406324 0.334907 -0.032417 0.153335 0.129732 0.322735 0.424714 0.391602 0.463131 0.588312 0.428996 0.000000 0.599848 0.387411 0.096179 0.521399 0.344079 0.225078 0.160516 0.391282 0.342901 0.438245 0.375371 0.281331 0.488139 0.384436 0.293322 -0.354771 -0.245873 -0.297290 -0.173692 -0.213400 -0.219298 -0.403843 -0.255334 -0.476622 -0.214148 -0.483926 -0.294270 0.104777 0.392210 0.130165 -0.202578 0.139902 -0.100596 0.048602 0.033864 0.143029 -0.082521 0.261225 -0.016715 0.264187 0.168550 -0.057791 0.191981 0.258991 0.444244 0.360326 0.393886 0.377295 0.362382 0.378875 0.379605 -0.072620 0.123273 0.049061 0.205440 0.294583 0.369357 -0.091375 0.319321 0.447437 0.526084 -0.124792 0.429875 -0.412267 0.038102 -0.452734 0.120615 0.242602 0.250988 -0.090190 0.292520 -0.207494 0.069239 -0.118613 0.261547 0.414180 0.421941 -0.434472 0.299714 0.427333 0.441842 0.189387 -0.001134 -0.129503 -0.465507 -0.494257 -0.468802 -0.165442 -0.161778
0.109215 -0.148849 0.406550 0.530484 0.536132 0.655793 0.439701 0.330124 0.452124 0.301334 0.409189 -0.115971 0.404620 -0.398721 0.561860 0.444277 0.407121 -0.068920 0.205464 0.162179 0.471416 0.598877 0.460088 0.536632 0.603762 0.447995 0.599848 0.000000 0.441155 0.046719 0.549982 0.365426 0.284565 0.229815 0.426649 0.314583 0.572325 0.480798 0.383034 0.564341 0.528067 0.440831 -0.352025 -0.257338 -0.313245 -0.166995 -0.210591 -0.238883 -0.450899 -0.232992 -0.518756 -0.189949 -0.526077 -0.263174 0.181551 0.492617 0.204695 -0.213520 0.191994 -0.077384 0.099318 0.051916 0.200874 -0.108919 0.309975 -0.053044 0.326676 0.193922 -0.030097 0.203273 0.354429 0.540697 0.452427 0.445096 0.486639 0.505645 0.512019 0.492900 -0.089995 0.128290 0.118868 0.244732 0.382479 0.450588 -0.037405 0.392049 0.550633 0.602912 -0.133733 0.541533 -0.465926 0.200733 -0.519739 0.244730 0.340675 0.269125 -0.074877 0.365772 -0.185576 0.129210 -0.201862 0.369481 0.452932 0.505774 -0.449961 0.360963 0.536378 0.583495 0.208817 0.007613 -0.178448 -0.462107 -0.518630 -0.498501 -0.157546 -0.233039
0.451616 0.228461 0.571165 0.631308 0.443975 0.489108 0.580273 0.577102 0.468776 0.378106 0.623328 0.234976 0.640413 -0.120622 0.586793 0.535222 0.670284 0.271462 0.506635 0.487426 0.408161 0.449574 0.636135 0.623065 0.511170 0.505225 0.387411 0.441155 0.000000 0.359785 0.617398 0.587714 0.548891 0.525248 0.490818 0.307668 0.552308 0.507492 0.372096 0.522210 0.447962 0.504822 0.041642 0.118079 0.069231 0.206248 0.191323 0.179038 -0.111579 0.126152 -0.239270 0.233609 -0.246688 0.128283 0.358811 0.598676 0.545799 0.133826 0.532983 0.293368 0.469858 0.385842 0.529176 0.238547 0.491815 0.253970 0.571811 0.473861 0.282890 0.499021 0.439393 0.607483 0.549552 0.485814 0.381877 0.506859 0.551694 0.586010 0.275919 0.434437 0.387027 0.515092 0.529259 0.612766 0.299978 0.641203 0.446506 0.567945 0.095012 0.579428 -0.241673 0.421982 -0.331418 0.436428 0.453849 0.456590 0.299136 0.628799 0.127431 0.438782 -0.081661 0.518354 0.409582 0.530863 -0.237940 0.604899 0.480616 0.435375 0.261870 0.249347 0.210106 -0.226019 -0.282571 -0.219864 0.221248 0.025263
0.528211 0.471601 0.356107 0.260809 0.180969 0.014602 0.359368 0.382389 0.105905 0.298949 0.388021 0.516235 0.345680 0.380687 0.143290 0.315332 0.325417 0.561963 0.475662 0.503117 0.109129 0.095816 0.328411 0.229350 0.271889 0.181031 0.096179 0.046719 0.359785 0.000000 0.306967 0.333439 0.444631 0.443148 0.269021 0.270246 0.192730 0.241630 0.176293 0.113725 0.119618 0.272544 0.336993 0.424574 0.307677 0.410010 0.432585 0.428095 0.213765 0.341306 0.193861 0.415854 0.231238 0.214691 0.329686 0.209160 0.472394 0.456834 0.482727 0.518013 0.506182 0.477172 0.485065 0.544250 0.204495 0.386139 0.365099 0.436453 0.504542 0.539014 0.432822 0.216570 0.168817 0.286356 0.062589 0.070734 0.242951 0.257536 0.384084 0.477732 0.480248 0.491460 0.338583 0.265487 0.443486 0.303097 0.113914 0.031812 0.334714 0.169044 0.200431 0.079259 0.156004 0.019634 0.276385 0.467641 0.507784 0.390543 0.421599 0.289428 0.271942 0.089612 0.246918 0.109303 0.268288 0.257637 0.057838 -0.044755 0.180273 0.518156 0.397994 0.212095 0.168292 0.212726 0.413996 0.219701
0.350476 0.120967 0.579691 0.648020 0.551222 0.576411 0.570596 0.528725 0.526849 0.431995 0.550009 0.134319 0.559314 -0.200417 0.608016 0.547546 0.562630 0.162771 0.443401 0.410915 0.452559 0.495696 0.621102 0.649207 0.630237 0.530467 0.521399 0.549982 0.617398 0.306967 0.000000 0.595657 0.508549 0.463016 0.521975 0.326541 0.586519 0.527277 0.334510 0.555546 0.464190 0.474408 -0.106830 0.015827 -0.045349 0.093325 0.067989 0.064053 -0.237241 -0.000296 -0.337337 0.081571 -0.345948 -0.035940 0.287789 0.560466 0.433650 0.020391 0.451317 0.166900 0.363841 0.301312 0.414983 0.136520 0.504454 0.233110 0.525678 0.430660 0.211542 0.447004 0.483360 0.626210 0.510400 0.507250 0.395651 0.487039 0.578297 0.604248 0.100728 0.325544 0.279785 0.429316 0.485836 0.592572 0.206470 0.556679 0.502565 0.601704 0.017267 0.567427 -0.311500 0.351797 -0.396014 0.341616 0.400172 0.410629 0.168503 0.552059 0.037101 0.340018 -0.124241 0.468633 0.469060 0.524549 -0.309305 0.535527 0.513007 0.482806 0.220153 0.229725 0.072866 -0.312354 -0.367814 -0.334397 0.087550 -0.091706
0.418621 0.238544 0.550204 0.547292 0.452791 0.412186 0.549346 0.548616 0.477424 0.427710 0.541095 0.262766 0.541879 -0.035174 0.520480 0.498601 0.544726 0.242760 0.461874 0.446493 0.409864 0.360438 0.603158 0.591695 0.486023 0.540150 0.344079 0.365426 0.587714 0.333439 0.595657 0.000000 0.529955 0.519867 0.526723 0.366771 0.488828 0.465452 0.333385 0.448323 0.381905 0.473107 0.066789 0.165979 0.083742 0.225323 0.229159 0.221892 -0.070610 0.119871 -0.164117 0.212861 -0.165465 0.131974 0.342062 0.524642 0.466968 0.147455 0.516860 0.291511 0.438378 0.412151 0.424617 0.244148 0.484564 0.340464 0.551039 0.485743 0.279911 0.491764 0.432300 0.565216 0.431598 0.430229 0.300937 0.434771 0.510166 0.536191 0.173040 0.359961 0.292055 0.459250 0.463243 0.553989 0.289970 0.534138 0.386968 0.486821 0.128785 0.492775 -0.130807 0.434754 -0.226847 0.400092 0.386316 0.371730 0.295581 0.552770 0.158669 0.417091 -0.007021 0.499750 0.434610 0.503585 -0.132174 0.567011 0.446135 0.391621 0.193288 0.239224 0.218124 -0.172062 -0.193249 -0.141030 0.204540 0.068541
0.618568 0.467920 0.571563 0.525810 0.306072 0.270762 0.561838 0.599039 0.296279 0.302340 0.554820 0.466932 0.595178 0.185337 0.422181 0.471984 0.490494 0.379470 0.639670 0.638364 0.297645 0.286291 0.577071 0.478750 0.384215 0.310586 0.225078 0.284565 0.548891 0.444631 0.508549 0.529955 0.000000 0.682106 0.493744 0.370742 0.411456 0.421544 0.370055 0.353600 0.360556 0.477346 0.273652 0.384719 0.269282 0.454541 0.431762 0.390847 0.136021 0.355354 0.050129 0.451156 0.065569 0.272638 0.513035 0.525340 0.644823 0.406538 0.646869 0.520998 0.598746 0.554719 0.596498 0.452359 0.440327 0.428255 0.602177 0.568754 0.524070 0.610286 0.521376 0.515006 0.424728 0.417966 0.309793 0.306580 0.507985 0.524733 0.344454 0.488135 0.529167 0.556920 0.520210 0.488268 0.475142 0.546578 0.360563 0.348137 0.341443 0.443810 0.059766 0.392237 -0.036242 0.349197 0.340706 0.383321 0.470866 0.590549 0.421071 0.547430 0.116100 0.344685 0.371305 0.387927 0.086519 0.501903 0.323070 0.254908 0.177004 0.365489 0.398833 0.097814 0.019685 0.078166 0.373587 0.161826
0.639451 0.520858 0.559186 0.485938 0.263781 0.218258 0.544590 0.610901 0.263875 0.277676 0.553993 0.511414 0.585440 0.246717 0.369135 0.465594 0.475017 0.391829 0.634106 0.654447 0.301168 0.249544 0.555194 0.452043 0.319626 0.298203 0.160516 0.229815 0.525248 0.443148 0.463016 0.519867 0.682106 0.000000 0.475750 0.372105 0.381949 0.415068 0.376253 0.336704 0.350478 0.467037 0.339143 0.443751 0.336304 0.506203 0.477484 0.453984 0.205798 0.400856 0.119115 0.498774 0.131173 0.341270 0.535363 0.522070 0.655504 0.462805 0.649754 0.567544 0.613762 0.588304 0.607315 0.501082 0.415157 0.449867 0.596015 0.583671 0.548418 0.622851 0.489540 0.489366 0.377005 0.371169 0.283071 0.285286 0.485537 0.505770 0.371067 0.512069 0.538858 0.582048 0.520446 0.477501 0.496893 0.556597 0.329847 0.310000 0.391544 0.441598 0.142255 0.389496 0.041734 0.366682 0.327147 0.346504 0.487266 0.579096 0.473020 0.587024 0.187757 0.346298 0.362042 0.384869 0.145206 0.490251 0.275769 0.226992 0.167678 0.348478 0.457453 0.159378 0.088915 0.157512 0.427314 0.210284
0.391243 0.198973 0.528128 0.531369 0.416931 0.423877 0.544943 0.526316 0.340839 0.290653 0.496551 0.226636 0.516924 -0.044414 0.471755 0.468363 0.464419 0.223206 0.413543 0.414829 0.427032 0.401706 0.576627 0.553500 0.475945 0.450434 0.391282 0.426649 0.490818 0.269021 0.521975 0.526723 0.493744 0.475750 0.000000 0.486753 0.523531 0.516502 0.431753 0.484977 0.447040 0.454763 -0.001199 0.110967 0.015153 0.195770 0.182911 0.165514 -0.122016 0.058922 -0.197909 0.160039 -0.192397 0.011517 0.412502 0.517186 0.446517 0.137908 0.444027 0.253055 0.384285 0.350566 0.351502 0.192786 0.474679 0.374002 0.599885 0.534500 0.252891 0.454281 0.440081 0.527860 0.435760 0.414577 0.411889 0.427323 0.559183 0.536910 0.161484 0.323538 0.326667 0.440737 0.473705 0.478446 0.283969 0.446530 0.477240 0.445678 0.186622 0.441275 -0.132104 0.298986 -0.222004 0.314349 0.376097 0.331592 0.242678 0.517030 0.162389 0.388866 0.069479 0.365136 0.422719 0.446592 -0.135112 0.461330 0.419737 0.410931 0.219243 0.145343 0.182706 -0.160723 -0.204190 -0.157478 0.181583 0.007387
0.360992 0.223525 0.377543 0.323779 0.287574 0.242948 0.435278 0.406993 0.117401 0.139279 0.421156 0.302824 0.390028 0.112277 0.239746 0.328287 0.290577 0.272944 0.346182 0.348405 0.254271 0.243953 0.409264 0.348820 0.306513 0.258875 0.342901 0.314583 0.307668 0.270246 0.326541 0.366771 0.370742 0.372105 0.486753 0.000000 0.341192 0.414154 0.461455 0.369329 0.376964 0.368597 0.071600 0.172370 0.051591 0.229328 0.216440 0.171811 -0.006038 0.092237 -0.065349 0.162794 -0.033010 0.013553 0.472474 0.399326 0.332867 0.190626 0.332473 0.299809 0.291506 0.322328 0.331589 0.297460 0.175645 0.255918 0.402196 0.409359 0.249029 0.393335 0.304864 0.316598 0.193422 0.261912 0.354238 0.228285 0.338768 0.296008 0.195404 0.290027 0.345771 0.407169 0.433725 0.316989 0.273075 0.307198 0.402716 0.259597 0.339713 0.325344 0.052714 0.093592 -0.027104 0.144866 0.285961 0.215472 0.221862 0.359215 0.260359 0.332060 0.284078 0.178294 0.438514 0.368325 0.033216 0.322243 0.298559 0.306198 0.245058 0.083078 0.266108 -0.045217 -0.057965 0.009719 0.206490 0.188737
0.295415 0.036375 0.524139 0.584454 0.486260 0.550512 0.540682 0.472177 0.446972 0.282589 0.507850 0.059197 0.539768 -0.257773 0.588263 0.474019 0.543799 0.122363 0.354500 0.320710 0.554125 0.566759 0.566558 0.608076 0.534486 0.483629 0.438245 0.572325 0.552308 0.192730 0.586519 0.488828 0.411456 0.381949 0.523531 0.341192 0.000000 0.637957 0.481277 0.614625 0.621992 0.536461 -0.144337 -0.043245 -0.086575 0.027915 0.026993 0.018223 -0.284292 -0.048189 -0.370453 0.026331 -0.367380 -0.060666 0.360198 0.584531 0.380275 -0.043621 0.364119 0.100149 0.289151 0.189242 0.346085 0.033959 0.440833 0.106851 0.504233 0.375015 0.129401 0.346676 0.430005 0.583058 0.490822 0.444083 0.517615 0.566398 0.600808 0.577621 0.092432 0.264332 0.282198 0.373257 0.537272 0.585285 0.194938 0.500484 0.590580 0.582241 0.051125 0.572751 -0.326744 0.382119 -0.409777 0.382736 0.509675 0.428053 0.127436 0.543254 0.027796 0.343686 -0.095080 0.464643 0.477963 0.554251 -0.309057 0.488804 0.551842 0.575657 0.256694 0.080361 0.013460 -0.315296 -0.372161 -0.336911 0.038341 -0.142127
