0.000000 0.150222 0.590355 0.160555 0.255299 0.139309 0.349493 0.236027 0.140617 0.068737 0.187059 0.367109 -0.045460 0.445024 0.322676 -0.266996 -0.388111 0.600345 0.358564 0.603574 0.138519 0.296655 0.499030 0.490789 0.308981 0.152884 0.271494 0.161356 -0.276323 0.583517 0.392280 0.415781 0.246640 0.514318 0.074662 0.336365 0.039939 0.148967 0.396424 -0.206484 -0.029418 0.379968 -0.128054 0.001550 0.331074 0.164703 0.190193 -0.233307 0.236747 0.567584 0.055510 -0.263582 0.550366 -0.512845 0.616079 -0.405839 0.473751 -0.103284 0.535605 0.066206 0.490218 -0.076914 -0.338516 0.573422 0.084572 0.574712 0.125637 0.522261 0.606095 0.114899 0.573938 0.170944 -0.114406 0.495591 0.514673 -0.285510 0.526718 0.128867 0.567208 -0.444196 0.625637 0.082455 0.494562 -0.239919 0.581259 -0.457964 0.464361 0.007472 0.620432 -0.457214 0.470760 -0.487283 0.305256 -0.517968 0.070123 -0.262529 0.461684 0.002161 0.139714 0.409953 0.527176 -0.527304 0.341010 -0.319510 0.558582 -0.391095 0.492551 -0.050261 -0.140662 0.304687 0.260995 0.324331 0.184809 0.314053 -0.258568 -0.276291
0.150222 0.000000 -0.028162 -0.116431 -0.250403 -0.321259 0.353899 0.083209 -0.198730 0.465187 0.532832 0.394161 0.424995 0.453813 -0.260050 0.123206 0.267064 0.117818 0.253617 0.240596 -0.050309 -0.118060 0.000458 -0.139989 -0.286977 -0.301410 -0.244259 -0.270506 0.248864 0.092780 -0.239008 -0.199075 0.410554 0.356075 0.421493 0.230822 0.258272 0.389675 -0.179343 0.074394 0.150210 0.018207 0.516456 0.495031 0.422253 0.524057 0.524430 0.451710 0.516086 0.310335 0.522547 0.403758 0.173032 0.228381 -0.021634 0.104142 0.474607 0.477074 0.317734 0.614415 0.413656 0.583801 0.223935 0.303209 0.125494 -0.011261 0.421408 0.289458 0.270017 0.543729 -0.079134 -0.063701 -0.007203 -0.106394 -0.193695 0.011846 0.092759 0.264969 0.139474 0.198089 0.107813 0.416940 -0.073051 0.154232 0.239894 0.153233 -0.262134 -0.128441 -0.008523 0.086030 0.294750 0.224448 0.324796 0.221109 0.249484 0.332578 0.264688 0.181546 0.134889 0.223881 -0.099949 0.198577 -0.260873 -0.052450 0.018630 0.232676 -0.048198 -0.148114 -0.005128 0.398565 0.388702 0.377634 0.078264 0.017572 0.378436 0.294397
0.590355 -0.028162 0.000000 0.180319 0.371513 0.207437 0.264163 0.243108 0.071897 -0.074475 0.096057 0.280116 -0.126528 0.336829 0.362167 -0.258509 -0.460166 0.556984 0.326755 0.556815 0.090475 0.349831 0.519908 0.542618 0.335606 0.157321 0.319049 0.219431 -0.357439 0.561522 0.418536 0.432487 0.106528 0.416589 -0.080063 0.262589 -0.081623 -0.012869 0.440826 -0.270173 -0.171404 0.279948 -0.337585 -0.177663 0.165715 -0.061153 -0.032313 -0.413796 0.004717 0.470231 -0.204497 -0.444967 0.387143 -0.612385 0.576670 -0.458712 0.252724 -0.300637 0.327521 -0.141961 0.304828 -0.246362 -0.368038 0.481568 -0.045339 0.524663 -0.044245 0.456492 0.446594 -0.141303 0.568289 0.138562 -0.173050 0.463947 0.551062 -0.270815 0.457373 0.005832 0.465110 -0.504457 0.538738 -0.045024 0.497708 -0.261215 0.441576 -0.524785 0.552808 0.093198 0.571733 -0.488529 0.383533 -0.580261 0.207996 -0.604923 -0.037742 -0.431709 0.286273 -0.084907 0.054374 0.306523 0.585743 -0.590581 0.413133 -0.274500 0.505848 -0.503368 0.496551 0.064225 -0.201242 0.109031 0.072285 0.160118 0.124836 0.214899 -0.450286 -0.363963
0.160555 -0.116431 0.180319 0.000000 0.533510 0.589592 0.354466 0.602207 0.492755 -0.236881 0.000695 0.307674 0.168220 -0.203837 0.570806 0.387941 0.116383 -0.075783 0.472517 0.194313 0.507624 0.526137 0.515547 0.501604 0.553030 0.591902 0.523365 0.601270 0.289963 0.182878 0.539451 0.535822 0.319027 0.133805 0.162969 0.168083 0.442314 0.321138 0.535306 0.454440 0.258665 0.345298 -0.106299 0.081616 0.294504 0.000371 0.105946 0.020665 0.138585 0.237361 -0.172096 0.058984 -0.064153 -0.082697 0.281888 0.279188 0.139821 0.161200 0.178928 -0.113402 0.153723 -0.154935 0.280131 0.008059 0.462395 0.342366 0.298938 0.273828 0.028817 -0.027160 0.401511 0.621299 0.510436 0.415455 0.293597 0.377716 0.363668 0.393978 -0.000222 0.145820 0.062462 0.296071 0.418649 0.404893 0.275469 0.175459 0.394633 0.605118 0.081571 0.243261 -0.282843 -0.013886 -0.448016 -0.108114 0.359555 0.025783 0.341815 0.491102 0.582543 0.476378 0.345156 -0.044319 0.568119 0.448778 0.233228 0.130026 0.095239 0.574089 0.137879 0.259200 0.296547 0.386362 0.549258 0.533939 -0.026270 -0.199449
0.255299 -0.250403 0.371513 0.533510 0.000000 0.582565 0.188066 0.455191 0.439249 -0.296498 -0.096899 0.175124 -0.092970 -0.109181 0.576200 0.140639 -0.176252 0.115744 0.364078 0.263093 0.348878 0.532693 0.523097 0.573491 0.589012 0.533127 0.526881 0.550720 -0.009128 0.293364 0.575035 0.558570 0.117491 0.128964 -0.079552 0.091745 0.162981 0.055148 0.580188 0.175773 0.003315 0.271207 -0.345294 -0.150240 0.153797 -0.174781 -0.090277 -0.273063 -0.048442 0.268843 -0.339878 -0.240860 0.022862 -0.343645 0.389377 -0.000236 0.028301 -0.139657 0.121059 -0.305505 0.087823 -0.364464 0.008677 0.083277 0.213036 0.412548 0.050626 0.266945 0.096223 -0.242176 0.498386 0.467281 0.276036 0.442323 0.432431 0.187438 0.319570 0.116786 0.083290 -0.128575 0.153225 0.100407 0.463249 0.123345 0.231756 -0.122726 0.545270 0.506002 0.258556 -0.039128 -0.137923 -0.297273 -0.326869 -0.363071 0.195315 -0.207154 0.229381 0.241165 0.360372 0.336507 0.463014 -0.302083 0.589844 0.221285 0.320448 -0.170325 0.236567 0.501184 -0.031748 0.099663 0.080775 0.193830 0.403895 0.420663 -0.304796 -0.330735
0.139309 -0.321259 0.207437 0.589592 0.582565 0.000000 0.123195 0.456028 0.534626 -0.324056 -0.215766 0.102388 -0.116564 -0.285724 0.609706 0.242408 -0.092826 -0.048851 0.315216 0.126210 0.420193 0.497714 0.453822 0.511157 0.607190 0.606189 0.591490 0.632614 0.080010 0.139796 0.571283 0.548969 0.079304 -0.014259 -0.067609 0.028353 0.231596 0.095091 0.555780 0.302653 0.073283 0.286536 -0.316002 -0.144955 0.110238 -0.209797 -0.105915 -0.191980 -0.078089 0.143027 -0.345391 -0.140809 -0.048143 -0.207081 0.320263 0.155400 -0.034230 -0.067634 0.051921 -0.340036 -0.010699 -0.380222 0.087366 -0.071209 0.281643 0.332993 0.056930 0.136273 -0.013444 -0.229742 0.423806 0.522669 0.400929 0.383857 0.393880 0.276716 0.274882 0.194973 -0.017913 -0.011227 0.062456 0.079585 0.426598 0.236793 0.187157 0.031783 0.493676 0.555697 0.154753 0.118531 -0.313251 -0.168124 -0.479974 -0.242667 0.212789 -0.139103 0.219026 0.330373 0.425838 0.334275 0.372189 -0.180179 0.600457 0.355749 0.235739 -0.025921 0.137683 0.512167 0.078708 0.081624 0.091514 0.197993 0.434502 0.470400 -0.193017 -0.325756
0.349493 0.353899 0.264163 0.354466 0.188066 0.123195 0.000000 0.492966 0.106584 0.187111 0.470264 0.560929 0.489109 0.280333 0.237491 0.246210 0.191045 0.191026 0.507812 0.380792 0.309592 0.322421 0.456291 0.323426 0.187410 0.180107 0.179041 0.203829 0.300678 0.363925 0.249455 0.289608 0.574580 0.491783 0.476405 0.411030 0.472715 0.513919 0.289404 0.276102 0.294207 0.342476 0.245801 0.389630 0.540687 0.413641 0.434194 0.239672 0.481285 0.459471 0.238851 0.219538 0.178578 -0.036809 0.284841 0.105570 0.507027 0.349421 0.438378 0.356990 0.519329 0.271668 0.244142 0.355763 0.455455 0.345569 0.539791 0.541902 0.289851 0.343325 0.321823 0.382932 0.275597 0.332362 0.168467 0.168507 0.473141 0.494959 0.247531 0.108849 0.275519 0.453283 0.313144 0.280273 0.473519 0.081715 0.157271 0.257993 0.180381 0.080039 0.162567 0.023365 0.045587 -0.038982 0.390902 0.146518 0.479857 0.391750 0.473744 0.545630 0.300151 -0.017092 0.245671 0.141001 0.321024 0.126804 0.169943 0.237227 0.069656 0.470531 0.513852 0.557150 0.418830 0.388246 0.156255 0.017828
0.236027 0.083209 0.243108 0.602207 0.455191 0.456028 0.492966 0.000000 0.336219 -0.064175 0.223577 0.497324 0.329321 -0.003265 0.472825 0.433072 0.170673 0.012465 0.558087 0.313033 0.479696 0.498724 0.528960 0.485357 0.428418 0.446576 0.453183 0.506331 0.327312 0.260295 0.453552 0.477908 0.456453 0.316975 0.304326 0.286177 0.484779 0.425719 0.483013 0.430632 0.270523 0.331183 0.016828 0.206882 0.401116 0.134287 0.227436 0.100640 0.251821 0.336258 -0.075635 0.109962 -0.020662 -0.072096 0.293722 0.244464 0.270490 0.251391 0.252468 0.065645 0.286730 0.025881 0.312406 0.160967 0.446728 0.344271 0.393149 0.398767 0.099345 0.090039 0.381960 0.584505 0.457152 0.407221 0.256899 0.333874 0.446001 0.495254 0.071256 0.155833 0.126851 0.385069 0.414998 0.433584 0.351290 0.161406 0.336397 0.553789 0.099986 0.220701 -0.136509 -0.004708 -0.297048 -0.095243 0.394602 0.056181 0.391175 0.497422 0.589414 0.546350 0.379591 -0.032785 0.494020 0.393425 0.261364 0.137075 0.122984 0.522446 0.127465 0.334848 0.393063 0.481566 0.558473 0.502385 0.023913 -0.143503
0.140617 -0.198730 0.071897 0.492755 0.439249 0.534626 0.106584 0.336219 0.000000 -0.150263 -0.199419 0.068209 -0.078571 -0.217807 0.526420 0.164591 -0.024158 -0.018451 0.220778 0.069003 0.376366 0.413672 0.366155 0.387127 0.547537 0.572430 0.469757 0.505504 0.119191 0.139291 0.486779 0.467257 0.139228 0.011673 -0.004648 -0.002254 0.262879 0.166436 0.442955 0.307933 0.179136 0.302076 -0.116598 0.009400 0.173336 -0.030037 0.049015 -0.050463 0.102678 0.173797 -0.075569 0.016670 0.049534 -0.100425 0.280845 0.168596 0.110921 0.076650 0.214881 -0.166628 0.120086 -0.245848 0.095816 -0.025086 0.350231 0.323526 0.148361 0.119766 0.087382 -0.003354 0.368576 0.474131 0.388672 0.340527 0.307037 0.235817 0.237844 0.188924 0.040072 0.040565 0.096029 0.163414 0.324213 0.198677 0.214417 0.072597 0.349988 0.398847 0.162411 0.118095 -0.232976 -0.074086 -0.358353 -0.138942 0.283444 0.025566 0.309068 0.330766 0.419168 0.319230 0.219522 -0.114439 0.443707 0.251145 0.242189 0.054956 0.115842 0.351389 0.094807 0.195009 0.185551 0.256472 0.399480 0.493060 -0.012933 -0.205178
0.068737 0.465187 -0.074475 -0.236881 -0.296498 -0.324056 0.187111 -0.064175 -0.150263 0.000000 0.413705 0.226450 0.271135 0.407408 -0.297321 0.040292 0.184159 0.128020 0.028510 0.097598 -0.136097 -0.190721 -0.104020 -0.209768 -0.290742 -0.310075 -0.239630 -0.283669 0.137416 0.073752 -0.272015 -0.241856 0.246082 0.266500 0.313463 0.123780 0.108841 0.243693 -0.229489 -0.033141 0.063847 0.005848 0.436958 0.369731 0.254457 0.399900 0.331939 0.294887 0.364303 0.145940 0.437844 0.283266 0.120395 0.178399 -0.057042 -0.003322 0.304623 0.283931 0.194525 0.455262 0.297072 0.443981 0.100933 0.244276 0.008071 -0.062064 0.259865 0.181339 0.153399 0.402693 -0.114714 -0.156531 -0.086042 -0.135472 -0.126489 -0.044327 0.051384 0.162081 0.122920 0.110225 0.095753 0.209558 -0.135353 0.018802 0.112940 0.066361 -0.263580 -0.229361 -0.000743 0.004542 0.287346 0.158257 0.364872 0.195389 0.125551 0.226593 0.145662 0.007006 -0.015083 0.074487 -0.093218 0.149782 -0.296083 -0.151410 0.015751 0.147938 -0.017878 -0.253695 -0.039852 0.262444 0.258399 0.204895 -0.083151 -0.072143 0.325129 0.189758
0.187059 0.532832 0.096057 0.000695 -0.096899 -0.215766 0.470264 0.223577 -0.199419 0.413705 0.000000 0.481098 0.502554 0.466581 -0.149593 0.183566 0.262218 0.149933 0.299128 0.253127 -0.038410 0.018726 0.130642 -0.000637 -0.177191 -0.202742 -0.127899 -0.140366 0.289464 0.234362 -0.122485 -0.078106 0.469198 0.442762 0.434597 0.236746 0.288961 0.377450 -0.039193 0.082131 0.095506 0.100821 0.409143 0.451126 0.482179 0.501747 0.408213 0.338143 0.473536 0.322521 0.393243 0.304231 0.110402 0.115640 0.041098 0.064387 0.439964 0.387288 0.288098 0.515996 0.453743 0.490349 0.253248 0.337483 0.193758 0.061687 0.432928 0.398095 0.202978 0.410688 0.031347 0.049455 0.073308 -0.001487 -0.074874 0.054143 0.198019 0.327478 0.124182 0.199852 0.149259 0.450773 -0.008532 0.187231 0.241920 0.109499 -0.139798 -0.014408 0.022571 0.066804 0.283203 0.131503 0.274189 0.137920 0.310345 0.257255 0.262097 0.202938 0.198807 0.286891 0.065331 0.136495 -0.111729 0.023195 0.125602 0.183220 0.077836 0.023837 -0.117368 0.375800 0.382936 0.405591 0.108334 0.069444 0.288001 0.202531
0.367109 0.394161 0.280116 0.307674 0.175124 0.102388 0.560929 0.497324 0.068209 0.226450 0.481098 0.000000 0.434559 0.350859 0.193952 0.258648 0.168141 0.247651 0.489821 0.424050 0.332539 0.272857 0.417644 0.319266 0.138699 0.127783 0.195621 0.193645 0.275654 0.386916 0.237841 0.284171 0.523168 0.506379 0.412896 0.369684 0.433374 0.483339 0.270493 0.221541 0.229887 0.304775 0.221100 0.355944 0.522684 0.386026 0.419524 0.208412 0.458603 0.466841 0.214392 0.191982 0.185255 -0.066557 0.298231 0.075294 0.504648 0.341216 0.422644 0.367684 0.500792 0.309537 0.203365 0.461103 0.331516 0.335728 0.456477 0.499159 0.297993 0.328265 0.305047 0.340740 0.225118 0.325240 0.176202 0.131525 0.480946 0.481145 0.279177 0.068192 0.286623 0.419616 0.347771 0.252863 0.447748 0.044341 0.158620 0.227843 0.189780 0.043708 0.191431 -0.012318 0.094134 -0.066065 0.334162 0.123050 0.475254 0.379147 0.437318 0.508167 0.314898 -0.049422 0.236694 0.103595 0.279126 0.087628 0.128062 0.195469 0.090741 0.482201 0.497605 0.540079 0.377159 0.337734 0.113750 -0.052960
-0.045460 0.424995 -0.126528 0.168220 -0.092970 -0.116564 0.489109 0.329321 -0.078571 0.271135 0.502554 0.434559 0.000000 0.134172 -0.081855 0.428409 0.524039 -0.142869 0.284667 0.036372 0.192129 0.077115 0.093068 -0.060085 -0.136975 -0.035035 -0.103904 -0.015597 0.520399 0.029505 -0.104763 -0.064284 0.486712 0.248413 0.492549 0.236901 0.467610 0.487932 -0.052107 0.392686 0.368031 0.060822 0.454276 0.491456 0.404915 0.440601 0.418482 0.474984 0.443683 0.142169 0.341321 0.465269 -0.151381 0.335598 -0.143867 0.348248 0.319521 0.516123 0.170268 0.471907 0.302727 0.493491 0.495947 0.094943 0.381683 -0.065541 0.508490 0.240713 -0.044684 0.407560 -0.106026 0.211398 0.287527 -0.021859 -0.230011 0.321027 0.148002 0.460315 -0.062343 0.422884 -0.091123 0.486906 -0.063391 0.449282 0.125969 0.387751 -0.235922 0.182858 -0.241164 0.363541 -0.031985 0.379361 -0.011217 0.345461 0.361732 0.382223 0.207041 0.385933 0.361013 0.286621 -0.088120 0.357431 -0.082822 0.286896 -0.071094 0.396089 -0.154355 0.190219 0.170304 0.324322 0.412865 0.394103 0.251600 0.126743 0.383439 0.256560
0.445024 0.453813 0.336829 -0.203837 -0.109181 -0.285724 0.280333 -0.003265 -0.217807 0.407408 0.466581 0.350859 0.134172 0.000000 -0.144393 -0.249482 -0.158607 0.506403 0.191096 0.454042 -0.170084 -0.047786 0.143519 0.090211 -0.137547 -0.268496 -0.155075 -0.262036 -0.146188 0.417975 -0.052419 -0.012132 0.273275 0.522815 0.203738 0.269262 -0.016797 0.155050 0.000103 -0.294518 -0.081752 0.158366 0.205003 0.228315 0.335147 0.370361 0.312163 0.028875 0.347552 0.449524 0.331448 -0.024691 0.446041 -0.225521 0.294970 -0.348937 0.462136 0.074243 0.417292 0.373911 0.491364 0.283201 -0.199787 0.556229 -0.063792 0.266161 0.183506 0.436966 0.495478 0.303122 0.206876 -0.144233 -0.267539 0.124166 0.155586 -0.295744 0.257275 0.060177 0.434450 -0.241039 0.438510 0.166134 0.127187 -0.243963 0.367083 -0.315112 0.048574 -0.270204 0.374619 -0.369229 0.598789 -0.238282 0.557063 -0.210408 0.058115 -0.024697 0.288942 -0.109793 -0.061908 0.201596 0.228267 -0.246307 -0.101307 -0.397793 0.319416 -0.210463 0.310064 -0.268988 -0.242139 0.313177 0.253475 0.261481 -0.056879 0.013057 0.018105 0.055745
0.322676 -0.260050 0.362167 0.570806 0.576200 0.609706 0.237491 0.472825 0.526420 -0.297321 -0.149593 0.193952 -0.081855 -0.144393 0.000000 0.128416 -0.186466 0.143170 0.365588 0.267930 0.434175 0.538908 0.565811 0.599210 0.637809 0.593327 0.610265 0.609771 -0.015196 0.318919 0.622909 0.613680 0.145165 0.132358 -0.036813 0.141493 0.229771 0.155826 0.599056 0.211816 0.103112 0.358133 -0.323018 -0.136402 0.182651 -0.136206 -0.047674 -0.248598 0.003866 0.301399 -0.283725 -0.209762 0.120687 -0.344463 0.461208 -0.004801 0.126097 -0.092621 0.222348 -0.285093 0.149952 -0.364657 -0.034056 0.108279 0.305705 0.468546 0.093596 0.274032 0.160055 -0.159391 0.546225 0.517096 0.306451 0.505496 0.496780 0.137230 0.418129 0.212804 0.186762 -0.152621 0.271493 0.083975 0.526135 0.140869 0.356579 -0.117488 0.572318 0.484891 0.324375 -0.040764 -0.139846 -0.301500 -0.334370 -0.378707 0.198396 -0.198416 0.345786 0.284461 0.420846 0.424326 0.475875 -0.328249 0.629873 0.202810 0.382236 -0.142981 0.283293 0.426012 0.051895 0.156816 0.170271 0.274176 0.444633 0.517173 -0.249625 -0.355650
-0.266996 0.123206 -0.258509 0.387941 0.140639 0.242408 0.246210 0.433072 0.164591 0.040292 0.183566 0.258648 0.428409 -0.249482 0.128416 0.000000 0.520274 -0.430991 0.280579 -0.137128 0.345919 0.179499 0.087155 0.015582 0.084470 0.208424 0.182996 0.291110 0.573084 -0.203112 0.039886 0.050137 0.295262 -0.057084 0.322477 0.037040 0.481335 0.387051 0.077267 0.578138 0.304162 -0.006362 0.244956 0.284824 0.214367 0.124889 0.175440 0.383301 0.175770 -0.067432 0.023372 0.412360 -0.398351 0.396692 -0.213936 0.568694 0.004044 0.426974 -0.120457 0.150670 -0.027173 0.233373 0.596432 -0.236631 0.370531 -0.155068 0.353527 0.006533 -0.322299 0.140764 -0.120093 0.374818 0.506565 -0.048089 -0.201743 0.517617 0.029090 0.432293 -0.324658 0.534703 -0.325252 0.373195 -0.001709 0.632762 -0.050450 0.550285 -0.118372 0.473673 -0.388116 0.585982 -0.435865 0.433681 -0.433687 0.377833 0.331439 0.329685 0.075093 0.496410 0.457058 0.237813 -0.092459 0.434658 0.122060 0.595399 -0.206025 0.501849 -0.297483 0.454524 0.245870 0.167662 0.266644 0.282298 0.367349 0.208167 0.322478 0.111805
-0.388111 0.267064 -0.460166 0.116383 -0.176252 -0.092826 0.191045 0.170673 -0.024158 0.184159 0.262218 0.168141 0.524039 -0.158607 -0.186466 0.520274 0.000000 -0.453298 0.071355 -0.280756 0.163091 -0.091105 -0.172895 -0.284814 -0.201556 -0.019378 -0.176220 -0.039645 0.627628 -0.294616 -0.230901 -0.214747 0.288414 -0.082065 0.382127 0.025153 0.437340 0.379231 -0.218571 0.498074 0.383616 -0.052695 0.482975 0.438045 0.203567 0.306727 0.295300 0.562209 0.299317 -0.157425 0.297843 0.586111 -0.386086 0.582125 -0.420004 0.564747 0.048254 0.540270 -0.089472 0.358516 0.006016 0.444668 0.618672 -0.226783 0.344313 -0.312500 0.405824 -0.076738 -0.322239 0.337015 -0.363717 0.161831 0.369525 -0.245593 -0.455111 0.453760 -0.133127 0.351290 -0.338419 0.619662 -0.398779 0.391074 -0.269945 0.532773 -0.164387 0.610536 -0.429623 0.172376 -0.516230 0.586022 -0.318077 0.606162 -0.218377 0.585343 0.309332 0.522105 0.010417 0.395363 0.300635 0.066841 -0.353134 0.599319 -0.195928 0.455055 -0.327901 0.600415 -0.402612 0.201144 0.241607 0.192155 0.279366 0.217229 0.176540 0.028076 0.521283 0.363525
0.600345 0.117818 0.556984 -0.075783 0.115744 -0.048851 0.191026 0.012465 -0.018451 0.128020 0.149933 0.247651 -0.142869 0.506403 0.143170 -0.430991 -0.453298 0.000000 0.146978 0.511058 -0.027667 0.147432 0.332474 0.341996 0.148931 -0.022183 0.100872 -0.028602 -0.400211 0.583031 0.237585 0.263016 0.085948 0.461714 -0.038366 0.255120 -0.149298 -0.012131 0.240153 -0.402632 -0.155491 0.262327 -0.149422 -0.058100 0.193674 0.125420 0.099255 -0.313917 0.142783 0.481116 0.055743 -0.345067 0.543183 -0.541665 0.528766 -0.546923 0.370738 -0.231133 0.444201 0.039831 0.415510 -0.096879 -0.466853 0.596143 -0.095878 0.492494 -0.025277 0.432397 0.566670 0.048761 0.458259 -0.048444 -0.321802 0.373085 0.447396 -0.413102 0.407031 -0.058926 0.579159 -0.536172 0.602017 -0.051604 0.371702 -0.423626 0.454493 -0.571376 0.363221 -0.206884 0.610841 -0.588153 0.572986 -0.539214 0.460785 -0.530022 -0.092261 -0.328556 0.331069 -0.195853 -0.083068 0.214686 0.448824 -0.562768 0.173833 -0.501913 0.508363 -0.492053 0.476296 -0.242621 -0.203171 0.192637 0.125647 0.153864 -0.030150 0.121856 -0.312881 -0.256890
0.358564 0.253617 0.326755 0.472517 0.364078 0.315216 0.507812 0.558087 0.220778 0.028510 0.299128 0.489821 0.284667 0.191096 0.365588 0.280579 0.071355 0.146978 0.000000 0.493649 0.359561 0.373569 0.514630 0.446195 0.337382 0.286039 0.336777 0.346132 0.212529 0.300288 0.363897 0.384475 0.469900 0.396501 0.314555 0.331551 0.416845 0.429938 0.415767 0.284962 0.222364 0.366404 0.086733 0.232117 0.432885 0.197595 0.310618 0.112274 0.316831 0.445514 0.036970 0.088297 0.150623 -0.124080 0.349655 0.118075 0.378699 0.236325 0.336802 0.157039 0.361023 0.101442 0.206210 0.270847 0.340125 0.361895 0.401596 0.476883 0.289005 0.182097 0.403198 0.436317 0.296425 0.378426 0.264718 0.212221 0.428714 0.413009 0.199414 0.045928 0.251860 0.370799 0.413085 0.295861 0.443932 0.044743 0.319499 0.414714 0.211114 0.080643 0.059738 -0.064760 -0.098938 -0.143368 0.316886 0.023233 0.425487 0.387063 0.477489 0.541168 0.394054 -0.097970 0.406437 0.238407 0.299147 0.062651 0.188407 0.374421 -0.002338 0.388150 0.425582 0.491226 0.465601 0.421495 0.034432 -0.069608
0.603574 0.240596 0.556815 0.194313 0.263093 0.126210 0.380792 0.313033 0.069003 0.097598 0.253127 0.424050 0.036372 0.454042 0.267930 -0.137128 -0.280756 0.511058 0.493649 0.000000 0.159091 0.256876 0.481669 0.467189 0.260854 0.111583 0.220874 0.137161 -0.175190 0.506385 0.337936 0.364767 0.312186 0.529273 0.144336 0.374136 0.105339 0.213186 0.362009 -0.127638 0.021770 0.367989 -0.048062 0.065346 0.337241 0.166489 0.240656 -0.144152 0.246405 0.552413 0.045195 -0.192453 0.452648 -0.426471 0.530063 -0.307628 0.447014 -0.032491 0.471507 0.115066 0.450236 0.004348 -0.209837 0.531712 0.076839 0.501628 0.182273 0.526863 0.556676 0.133948 0.507667 0.195039 -0.069951 0.451089 0.418889 -0.184201 0.491883 0.179629 0.490735 -0.347791 0.534791 0.141139 0.464662 -0.129332 0.540249 -0.360998 0.406558 0.078349 0.510491 -0.352954 0.428756 -0.389132 0.270421 -0.429646 0.068404 -0.217177 0.422493 0.054911 0.175370 0.423535 0.506639 -0.425768 0.324193 -0.210970 0.471505 -0.299815 0.410634 0.037692 -0.141784 0.320130 0.300010 0.343407 0.227333 0.280996 -0.196780 -0.188684
0.138519 -0.050309 0.090475 0.507624 0.348878 0.420193 0.309592 0.479696 0.376366 -0.136097 -0.038410 0.332539 0.192129 -0.170084 0.434175 0.345919 0.163091 -0.027667 0.359561 0.159091 0.000000 0.374485 0.383289 0.360430 0.403839 0.480104 0.407579 0.471066 0.281697 0.146451 0.430477 0.438784 0.278010 0.120015 0.217297 0.253340 0.454760 0.392233 0.376488 0.439290 0.427848 0.299259 -0.005026 0.094216 0.237151 0.050983 0.192606 0.074608 0.187453 0.178008 -0.069186 0.110081 -0.009962 -0.022149 0.222637 0.245894 0.194366 0.187644 0.205754 -0.028217 0.177311 -0.044756 0.201821 0.083096 0.444360 0.290977 0.288652 0.191079 0.048764 0.074521 0.294841 0.529104 0.418717 0.423356 0.187163 0.311716 0.411789 0.427132 0.104324 0.097185 0.075162 0.188643 0.402508 0.332574 0.308217 0.163992 0.253836 0.438158 0.063217 0.207964 -0.213791 0.051811 -0.310606 -0.035404 0.228216 0.076037 0.382363 0.453759 0.504423 0.402649 0.250438 -0.003131 0.425419 0.314096 0.137101 0.142348 -0.079677 0.353184 0.373683 0.304478 0.360297 0.354452 0.475209 0.425970 0.011318 -0.206328
0.296655 -0.118060 0.349831 0.526137 0.532693 0.497714 0.322421 0.498724 0.413672 -0.190721 0.018726 0.272857 0.077115 -0.047786 0.538908 0.179499 -0.091105 0.147432 0.373569 0.256876 0.374485 0.000000 0.546592 0.543130 0.516828 0.486847 0.511782 0.531282 0.069053 0.371930 0.527272 0.534892 0.245506 0.248058 0.031527 0.148657 0.248794 0.179469 0.581762 0.232801 0.065637 0.201568 -0.207412 0.061592 0.255819 -0.000953 0.067813 -0.147353 0.100968 0.321051 -0.200496 -0.131798 0.040127 -0.285004 0.406578 0.043119 0.156322 0.000457 0.223607 -0.142467 0.213663 -0.229080 0.072492 0.146468 0.304716 0.424683 0.146055 0.331894 0.143416 -0.121802 0.490799 0.480784 0.320570 0.437023 0.420843 0.201631 0.403851 0.249246 0.117619 -0.054202 0.186715 0.280706 0.448268 0.225876 0.315876 -0.060805 0.486458 0.486356 0.266329 -0.003581 -0.071049 -0.231118 -0.264318 -0.303709 0.286768 -0.175954 0.324015 0.354684 0.431999 0.424488 0.431417 -0.254669 0.531001 0.214827 0.378726 -0.119355 0.244399 0.424934 0.047979 0.165840 0.150700 0.319210 0.414577 0.473254 -0.218784 -0.328119
0.499030 0.000458 0.519908 0.515547 0.523097 0.453822 0.456291 0.528960 0.366155 -0.104020 0.130642 0.417644 0.093068 0.143519 0.565811 0.087155 -0.172895 0.332474 0.514630 0.481669 0.383289 0.546592 0.000000 0.633397 0.534404 0.441581 0.505311 0.480590 -0.004909 0.501324 0.583804 0.591664 0.341670 0.400901 0.127623 0.310035 0.284051 0.277029 0.587775 0.136178 0.097082 0.407373 -0.193216 0.020154 0.371631 0.061750 0.134928 -0.173836 0.191603 0.501904 -0.132790 -0.171783 0.242322 -0.400580 0.548628 -0.101812 0.342603 -0.005769 0.385872 -0.063820 0.375662 -0.162735 -0.031620 0.360490 0.315801 0.558328 0.241254 0.507780 0.342806 -0.003917 0.612949 0.469273 0.208328 0.546982 0.505641 0.057720 0.541081 0.290483 0.332721 -0.198150 0.414137 0.222504 0.572939 0.108697 0.509465 -0.200022 0.556642 0.409715 0.427854 -0.147003 0.110145 -0.341402 -0.098368 -0.415262 0.267379 -0.182906 0.467800 0.293840 0.435006 0.544205 0.564906 -0.373814 0.573467 0.085525 0.490381 -0.191477 0.373572 0.359720 -0.026269 0.312876 0.308792 0.421903 0.444169 0.494868 -0.223544 -0.306436
0.490789 -0.139989 0.542618 0.501604 0.573491 0.511157 0.323426 0.485357 0.387127 -0.209768 -0.000637 0.319266 -0.060085 0.090211 0.599210 0.015582 -0.284814 0.341996 0.446195 0.467189 0.360430 0.543130 0.633397 0.000000 0.586202 0.490888 0.539666 0.512461 -0.110557 0.481937 0.626366 0.633334 0.222901 0.342174 0.004506 0.255829 0.173953 0.147357 0.624410 0.067791 0.032165 0.403182 -0.318259 -0.105812 0.257315 -0.066309 0.017252 -0.301285 0.057537 0.443817 -0.250914 -0.295280 0.253873 -0.483241 0.576477 -0.168900 0.233458 -0.138908 0.332464 -0.205222 0.281684 -0.309207 -0.131924 0.314121 0.233565 0.577589 0.108179 0.440311 0.328471 -0.131589 0.632207 0.464821 0.176537 0.571316 0.565631 0.013525 0.515933 0.205602 0.325211 -0.283344 0.410208 0.105412 0.585832 0.023512 0.457194 -0.277460 0.624792 0.397071 0.464125 -0.212469 0.094320 -0.431185 -0.126908 -0.500496 0.178094 -0.282342 0.397183 0.209527 0.364708 0.472240 0.601573 -0.456635 0.619630 0.047507 0.499518 -0.287078 0.409789 0.357530 -0.057048 0.212035 0.200545 0.314442 0.407627 0.480350 -0.331359 -0.374086
0.308981 -0.286977 0.335606 0.553030 0.589012 0.607190 0.187410 0.428418 0.547537 -0.290742 -0.177191 0.138699 -0.136975 -0.137547 0.637809 0.084470 -0.201556 0.148931 0.337382 0.260854 0.403839 0.516828 0.534404 0.586202 0.000000 0.621266 0.569111 0.573160 -0.026479 0.324826 0.633202 0.619095 0.136690 0.137119 -0.048107 0.138221 0.208077 0.123735 0.597492 0.200237 0.106186 0.389560 -0.305658 -0.126095 0.181594 -0.117698 -0.036091 -0.250384 0.008755 0.292360 -0.262311 -0.206891 0.147362 -0.343654 0.458126 -0.013452 0.102633 -0.108724 0.233853 -0.301362 0.151776 -0.393313 -0.052080 0.094796 0.310267 0.491126 0.093229 0.276287 0.186575 -0.163317 0.550949 0.519968 0.301403 0.522320 0.479815 0.132778 0.391770 0.170077 0.190384 -0.154203 0.255790 0.083021 0.508899 0.094084 0.333042 -0.129543 0.558608 0.448789 0.338894 -0.059576 -0.113743 -0.302766 -0.312031 -0.374108 0.187859 -0.184072 0.347074 0.258970 0.403800 0.405363 0.474045 -0.329921 0.615683 0.175189 0.414533 -0.142472 0.301135 0.409317 0.013672 0.174999 0.172799 0.256914 0.437923 0.527304 -0.233083 -0.327352
0.152884 -0.301410 0.157321 0.591902 0.533127 0.606189 0.180107 0.446576 0.572430 -0.310075 -0.202742 0.127783 -0.035035 -0.268496 0.593327 0.208424 -0.019378 -0.022183 0.286039 0.111583 0.480104 0.486847 0.441581 0.490888 0.621266 0.000000 0.517542 0.591021 0.143336 0.191935 0.588425 0.575891 0.164598 0.049803 0.017920 0.112012 0.308842 0.181290 0.540178 0.352906 0.243503 0.378378 -0.212817 -0.046624 0.174815 -0.085199 0.001550 -0.118875 0.038477 0.172422 -0.216741 -0.059898 0.017176 -0.169992 0.320429 0.162630 0.052965 0.011204 0.178310 -0.263112 0.090787 -0.331220 0.105240 -0.028416 0.410381 0.391166 0.159986 0.183059 0.050465 -0.117425 0.424859 0.583077 0.437998 0.458428 0.357025 0.289343 0.332340 0.253910 0.057648 0.017880 0.098285 0.136756 0.413709 0.229883 0.237758 0.057769 0.436724 0.495839 0.162337 0.121312 -0.261159 -0.117492 -0.423994 -0.197625 0.251770 -0.050296 0.310864 0.362605 0.477381 0.372036 0.344613 -0.153420 0.570502 0.315190 0.281288 0.015484 0.144180 0.466205 0.135293 0.182882 0.197574 0.261588 0.473937 0.527964 -0.114179 -0.254575
0.271494 -0.244259 0.319049 0.523365 0.526881 0.591490 0.179041 0.453183 0.469757 -0.239630 -0.127899 0.195621 -0.103904 -0.155075 0.610265 0.182996 -0.176220 0.100872 0.336777 0.220874 0.407579 0.511782 0.505311 0.539666 0.569111 0.517542 0.000000 0.618002 -0.008827 0.266098 0.561038 0.547838 0.107974 0.097225 -0.037524 0.100819 0.214323 0.144696 0.554299 0.210483 0.037843 0.280882 -0.316658 -0.137387 0.156924 -0.148997 -0.083311 -0.231644 -0.030553 0.238954 -0.307821 -0.196899 0.080486 -0.298849 0.422664 0.028890 0.075572 -0.085868 0.131672 -0.281257 0.087745 -0.328369 -0.020416 0.080190 0.240802 0.385997 0.048883 0.219032 0.093234 -0.189917 0.485250 0.463758 0.294499 0.427613 0.468347 0.130668 0.387070 0.225068 0.134491 -0.116808 0.226340 0.073133 0.499427 0.181171 0.311323 -0.079896 0.527869 0.474373 0.284779 0.000366 -0.176729 -0.266826 -0.349499 -0.333859 0.179150 -0.202631 0.302330 0.289248 0.390641 0.392787 0.444661 -0.278618 0.591425 0.232783 0.331474 -0.109337 0.241526 0.391394 0.056099 0.111803 0.122225 0.253820 0.400386 0.455539 -0.231598 -0.394550
0.161356 -0.270506 0.219431 0.601270 0.550720 0.632614 0.203829 0.506331 0.505504 -0.283669 -0.140366 0.193645 -0.015597 -0.262036 0.609771 0.291110 -0.039645 -0.028602 0.346132 0.137161 0.471066 0.531282 0.480590 0.512461 0.573160 0.591021 0.618002 0.000000 0.128121 0.185081 0.556965 0.544978 0.132756 0.036472 -0.004596 0.059223 0.284699 0.166988 0.557696 0.331809 0.119705 0.298521 -0.277706 -0.092969 0.163917 -0.151187 -0.076448 -0.162095 -0.025086 0.167258 -0.311607 -0.109787 -0.049695 -0.194642 0.327616 0.168201 0.023056 -0.017902 0.083280 -0.284461 0.032164 -0.322656 0.121523 -0.022227 0.323926 0.334737 0.106552 0.180802 -0.013839 -0.180941 0.421418 0.538099 0.419543 0.401616 0.403220 0.291595 0.340526 0.274370 0.007442 0.010378 0.090700 0.124788 0.439459 0.287308 0.226005 0.054464 0.478976 0.569342 0.150521 0.139271 -0.303878 -0.149160 -0.463791 -0.224367 0.236587 -0.135272 0.257103 0.366993 0.464156 0.374407 0.385078 -0.162242 0.607361 0.373912 0.244405 -0.010372 0.141456 0.509124 0.115235 0.110773 0.139423 0.252089 0.441955 0.472772 -0.176170 -0.351494
-0.276323 0.248864 -0.357439 0.289963 -0.009128 0.080010 0.300678 0.327312 0.119191 0.137416 0.289464 0.275654 0.520399 -0.146188 -0.015196 0.573084 0.627628 -0.400211 0.212529 -0.175190 0.281697 0.069053 -0.004909 -0.110557 -0.026479 0.143336 -0.008827 0.128121 0.000000 -0.183126 -0.051158 -0.033290 0.388538 0.008144 0.435160 0.079206 0.546441 0.455493 -0.028826 0.571734 0.394895 0.071960 0.441566 0.471906 0.320309 0.329649 0.347073 0.545950 0.359239 -0.038498 0.271070 0.576988 -0.315793 0.503628 -0.266934 0.594567 0.127074 0.562807 0.012002 0.337634 0.106428 0.385759 0.637704 -0.161414 0.463763 -0.150375 0.492019 0.047491 -0.236870 0.331035 -0.188694 0.332123 0.513576 -0.098153 -0.306112 0.516429 0.012544 0.461186 -0.279376 0.610709 -0.317504 0.480758 -0.103916 0.589064 -0.036580 0.603204 -0.277422 0.306774 -0.409195 0.588360 -0.328537 0.546930 -0.291991 0.504302 0.409810 0.498432 0.156259 0.524197 0.457034 0.223082 -0.203042 0.531768 -0.020413 0.526717 -0.192307 0.596345 -0.328492 0.328469 0.235711 0.312494 0.374128 0.353106 0.321375 0.201975 0.499390 0.271800
0.583517 0.092780 0.561522 0.182878 0.293364 0.139796 0.363925 0.260295 0.139291 0.073752 0.234362 0.386916 0.029505 0.417975 0.318919 -0.203112 -0.294616 0.583031 0.300288 0.506385 0.146451 0.371930 0.501324 0.481937 0.324826 0.191935 0.266098 0.185081 -0.183126 0.000000 0.393990 0.421240 0.250912 0.518453 0.071282 0.298932 0.066263 0.152044 0.410570 -0.175805 -0.031796 0.351897 -0.119727 0.062507 0.350635 0.208795 0.155637 -0.238493 0.244049 0.546478 0.031173 -0.244088 0.432292 -0.496672 0.555025 -0.377150 0.411580 -0.101906 0.480138 0.047931 0.484156 -0.093633 -0.254822 0.565100 0.128552 0.567358 0.135781 0.541670 0.496278 0.052147 0.554520 0.199388 -0.081679 0.487400 0.490361 -0.211594 0.509209 0.117315 0.524011 -0.366892 0.562002 0.159078 0.464096 -0.185993 0.504987 -0.420101 0.438198 0.040770 0.558589 -0.417588 0.430854 -0.467797 0.268274 -0.485854 0.091178 -0.251114 0.447806 0.033301 0.169094 0.391462 0.531787 -0.492444 0.345386 -0.268364 0.574889 -0.360463 0.492603 0.011063 -0.168988 0.305013 0.260614 0.328181 0.176726 0.317877 -0.251110 -0.275789
0.392280 -0.239008 0.418536 0.539451 0.575035 0.571283 0.249455 0.453552 0.486779 -0.272015 -0.122485 0.237841 -0.104763 -0.052419 0.622909 0.039886 -0.230901 0.237585 0.363897 0.337936 0.430477 0.527272 0.583804 0.626366 0.633202 0.588425 0.561038 0.556965 -0.051158 0.393990 0.000000 0.660221 0.194466 0.234942 -0.000784 0.225048 0.225592 0.153338 0.620724 0.161838 0.118874 0.425591 -0.316567 -0.118743 0.222031 -0.089250 0.006921 -0.260556 0.043640 0.351392 -0.251162 -0.235597 0.209740 -0.401539 0.526120 -0.071500 0.171992 -0.113605 0.292630 -0.256968 0.220519 -0.349076 -0.097195 0.214784 0.303776 0.550077 0.111394 0.339736 0.249664 -0.146860 0.594520 0.518067 0.264885 0.572400 0.516869 0.088713 0.474299 0.214056 0.265011 -0.218418 0.327177 0.073936 0.569142 0.059319 0.402441 -0.189207 0.587314 0.420565 0.394818 -0.124427 -0.027936 -0.347318 -0.232551 -0.423457 0.205367 -0.204003 0.394174 0.270418 0.407824 0.445466 0.531790 -0.383529 0.626064 0.115563 0.443449 -0.206263 0.316185 0.376444 0.045078 0.216956 0.192739 0.294616 0.443420 0.513836 -0.280278 -0.372706
0.415781 -0.199075 0.432487 0.535822 0.558570 0.548969 0.289608 0.477908 0.467257 -0.241856 -0.078106 0.284171 -0.064284 -0.012132 0.613680 0.050137 -0.214747 0.263016 0.384475 0.364767 0.438784 0.534892 0.591664 0.633334 0.619095 0.575891 0.547838 0.544978 -0.033290 0.421240 0.660221 0.000000 0.233302 0.288123 0.044868 0.267914 0.243618 0.181872 0.623713 0.166498 0.134794 0.432789 -0.282746 -0.071681 0.250721 -0.049897 0.049314 -0.238403 0.079337 0.377760 -0.220199 -0.216317 0.228450 -0.401221 0.537435 -0.071349 0.208848 -0.086275 0.330572 -0.214271 0.265005 -0.316474 -0.087731 0.252155 0.329393 0.573158 0.146483 0.379629 0.279343 -0.111139 0.598432 0.538279 0.274420 0.587146 0.517221 0.088502 0.516323 0.261402 0.287632 -0.210879 0.346654 0.110401 0.573229 0.070452 0.428048 -0.187440 0.578759 0.406900 0.408561 -0.127616 0.010501 -0.342707 -0.199880 -0.421833 0.217873 -0.200045 0.422070 0.286332 0.426289 0.474137 0.544177 -0.382287 0.620592 0.105320 0.475153 -0.196784 0.328114 0.365509 0.051853 0.244864 0.231795 0.328083 0.463035 0.536086 -0.259146 -0.362580
0.246640 0.410554 0.106528 0.319027 0.117491 0.079304 0.574580 0.456453 0.139228 0.246082 0.469198 0.523168 0.486712 0.273275 0.145165 0.295262 0.288414 0.085948 0.469900 0.312186 0.278010 0.245506 0.341670 0.222901 0.136690 0.164598 0.107974 0.132756 0.388538 0.250912 0.194466 0.233302 0.000000 0.506613 0.554232 0.435076 0.532097 0.565906 0.213259 0.358814 0.381228 0.336434 0.382825 0.495220 0.554670 0.478952 0.521441 0.384010 0.529971 0.396180 0.346346 0.349267 0.159337 0.108663 0.200837 0.216538 0.500359 0.473689 0.428595 0.436508 0.508298 0.372648 0.327833 0.287079 0.481575 0.267426 0.593201 0.482111 0.260650 0.426191 0.218984 0.389831 0.328425 0.258256 0.042064 0.207177 0.393240 0.527812 0.168299 0.237757 0.185531 0.518186 0.208168 0.353567 0.409009 0.203400 0.033594 0.223250 0.089167 0.189819 0.134984 0.160130 0.039109 0.097328 0.479298 0.319841 0.476045 0.455293 0.498199 0.537474 0.184391 0.111608 0.151578 0.194640 0.251466 0.260350 0.091017 0.221284 0.084442 0.510335 0.531571 0.583297 0.444570 0.398365 0.308328 0.148751
0.514318 0.356075 0.416589 0.133805 0.128964 -0.014259 0.491783 0.316975 0.011673 0.266500 0.442762 0.506379 0.248413 0.522815 0.132358 -0.057084 -0.082065 0.461714 0.396501 0.529273 0.120015 0.248058 0.400901 0.342174 0.137119 0.049803 0.097225 0.036472 0.008144 0.518453 0.234942 0.288123 0.506613 0.000000 0.353932 0.455353 0.225276 0.333477 0.270013 -0.034543 0.118429 0.338917 0.171355 0.308995 0.470654 0.396089 0.397036 0.058811 0.413682 0.533977 0.244063 0.005990 0.411735 -0.256943 0.429623 -0.198158 0.527373 0.156572 0.525917 0.324327 0.577786 0.199616 -0.059101 0.548628 0.222303 0.455069 0.358733 0.593327 0.502357 0.287061 0.393071 0.210366 0.003869 0.376977 0.280011 -0.130667 0.497080 0.314401 0.430550 -0.160160 0.464932 0.323474 0.328188 -0.023340 0.513269 -0.217487 0.223908 0.005622 0.413022 -0.235215 0.467021 -0.223087 0.334638 -0.253242 0.235202 -0.016520 0.464790 0.156496 0.246114 0.460753 0.400250 -0.259739 0.179305 -0.180665 0.473658 -0.138999 0.355778 -0.002150 -0.104139 0.421470 0.394940 0.452160 0.253819 0.303243 0.003900 -0.053110
0.074662 0.421493 -0.080063 0.162969 -0.079552 -0.067609 0.476405 0.304326 -0.004648 0.313463 0.434597 0.412896 0.492549 0.203738 -0.036813 0.322477 0.382127 -0.038366 0.314555 0.144336 0.217297 0.031527 0.127623 0.004506 -0.048107 0.017920 -0.037524 -0.004596 0.435160 0.071282 -0.000784 0.044868 0.554232 0.353932 0.000000 0.430737 0.501920 0.533416 0.010242 0.356048 0.398477 0.231214 0.479224 0.507653 0.463344 0.493608 0.507459 0.482058 0.484067 0.217405 0.396873 0.451132 0.094433 0.274355 0.017904 0.292838 0.400843 0.504157 0.289945 0.472786 0.399456 0.452773 0.355929 0.170283 0.471058 0.096442 0.595537 0.353880 0.143737 0.466448 0.013940 0.274169 0.297406 0.096765 -0.132706 0.218042 0.276004 0.535774 0.078289 0.325885 0.051251 0.420554 0.048053 0.343364 0.279110 0.313397 -0.170344 0.096488 -0.063382 0.275908 0.078754 0.317170 0.059899 0.271911 0.376966 0.395469 0.349934 0.380160 0.385940 0.390340 0.011544 0.275492 -0.028747 0.185438 0.095475 0.377946 -0.059218 0.086108 0.144586 0.455999 0.504309 0.475327 0.347861 0.247934 0.429041 0.221823
0.336365 0.230822 0.262589 0.168083 0.091745 0.028353 0.411030 0.286177 -0.002254 0.123780 0.236746 0.369684 0.236901 0.269262 0.141493 0.037040 0.025153 0.255120 0.331551 0.374136 0.253340 0.148657 0.310035 0.255829 0.138221 0.112012 0.100819 0.059223 0.079206 0.298932 0.225048 0.267914 0.435076 0.455353 0.430737 0.000000 0.316847 0.386849 0.200981 0.121051 0.327349 0.335262 0.163691 0.243626 0.326534 0.276850 0.381358 0.131849 0.299181 0.366530 0.155572 0.071498 0.301994 -0.117170 0.301483 -0.056308 0.362327 0.160100 0.364724 0.217863 0.397954 0.162251 0.007091 0.344743 0.320446 0.359086 0.379998 0.455963 0.340172 0.236129 0.270734 0.264580 0.060285 0.348247 0.135324 -0.041031 0.466298 0.393556 0.366027 -0.078801 0.323613 0.180378 0.304959 0.063653 0.443691 -0.070666 0.139201 0.049765 0.258034 -0.074969 0.280048 -0.064194 0.165086 -0.128658 0.157975 0.062814 0.407807 0.205521 0.287186 0.442191 0.294323 -0.127830 0.179579 -0.063291 0.329817 -0.006962 0.185978 0.017998 0.132337 0.361027 0.413250 0.388869 0.351365 0.302191 0.061080 0.018811
0.039939 0.258272 -0.081623 0.442314 0.162981 0.231596 0.472715 0.484779 0.262879 0.108841 0.288961 0.433374 0.467610 -0.016797 0.229771 0.481335 0.437340 -0.149298 0.416845 0.105339 0.454760 0.248794 0.284051 0.173953 0.208077 0.308842 0.214323 0.284699 0.546441 0.066263 0.225592 0.243618 0.532097 0.225276 0.501920 0.316847 0.000000 0.617623 0.222989 0.572178 0.499275 0.316691 0.354615 0.448649 0.461866 0.364295 0.450874 0.443656 0.458410 0.230294 0.260494 0.456634 -0.040983 0.258714 0.073839 0.441519 0.343069 0.520042 0.265975 0.320716 0.326297 0.311171 0.471594 0.078029 0.578739 0.157146 0.577695 0.283393 0.036531 0.362470 0.128258 0.500098 0.511535 0.210021 -0.050328 0.405382 0.318061 0.579375 0.019658 0.397543 0.002526 0.485771 0.231811 0.529293 0.300864 0.411790 -0.008576 0.377782 -0.097429 0.405329 -0.165696 0.326878 -0.225006 0.247334 0.474891 0.390978 0.440509 0.601836 0.598647 0.492795 0.076777 0.275657 0.212098 0.417485 0.090409 0.441551 -0.109291 0.345085 0.235906 0.496657 0.525878 0.555095 0.507973 0.427900 0.387397 0.137822
