1.000000 0.946453 0.943381 0.962293 0.944446 0.952634 0.896693 0.912674 0.955498 0.905854 0.926608 0.997625 0.903687 0.868884 0.968572 0.957048 0.927120 0.957874 0.952637 0.942782 0.934047 0.957784 0.963912 0.628461 0.903909 0.911975 0.913122 0.921747 0.924834 0.941918 0.932767 0.946166 0.907780 0.957078 0.825817 0.896901 0.933652 0.911187 0.937935 0.839813 0.955121 0.945369 0.962190 0.941700 0.955936 0.870923 0.864173 0.931154 0.925932 0.864002 0.914435 0.927264 0.869037 0.911576 0.927225 0.893217 0.878696 0.906428 0.876082 0.926815 0.849325
0.946453 1.000000 0.962968 0.937517 0.948577 0.949187 0.850206 0.862467 0.941150 0.917446 0.941000 0.944208 0.971300 0.925567 0.956762 0.950869 0.945416 0.962562 0.938506 0.950989 0.916899 0.946932 0.952472 0.750129 0.954767 0.953297 0.881070 0.909752 0.897313 0.954294 0.955444 0.955642 0.962496 0.961555 0.908299 0.935199 0.930023 0.927583 0.922600 0.786585 0.937190 0.964619 0.924224 0.962942 0.938921 0.902902 0.836038 0.936156 0.926662 0.904932 0.866174 0.931504 0.891715 0.900333 0.911526 0.905275 0.894053 0.894989 0.905867 0.934672 0.895132
0.943381 0.962968 1.000000 0.913556 0.958488 0.943552 0.830937 0.845657 0.904322 0.902122 0.898411 0.938324 0.937825 0.941261 0.919356 0.938276 0.924673 0.929157 0.897754 0.916625 0.882599 0.920955 0.935095 0.729134 0.901404 0.890237 0.875143 0.868817 0.868514 0.939744 0.916604 0.939442 0.939301 0.942457 0.881397 0.862542 0.899316 0.906482 0.902248 0.785464 0.937103 0.919429 0.921785 0.932762 0.902598 0.882719 0.788041 0.883006 0.879562 0.852731 0.836034 0.884237 0.822339 0.893542 0.880569 0.868987 0.845394 0.873761 0.867293 0.891090 0.837499
0.962293 0.937517 0.913556 1.000000 0.944858 0.966527 0.947395 0.929509 0.954976 0.891413 0.946081 0.965348 0.874296 0.823828 0.981934 0.958014 0.919617 0.958339 0.949581 0.937566 0.957154 0.963533 0.959638 0.547448 0.886157 0.907156 0.905109 0.939262 0.921602 0.921423 0.941368 0.961891 0.910097 0.941960 0.768811 0.875572 0.943309 0.918076 0.939870 0.857151 0.963166 0.958210 0.970425 0.946549 0.941965 0.845110 0.889812 0.943153 0.933467 0.795726 0.933134 0.933567 0.907677 0.880677 0.924665 0.894616 0.896509 0.909861 0.875394 0.911167 0.791895
0.944446 0.948577 0.958488 0.944858 1.000000 0.970460 0.885697 0.884962 0.934181 0.877664 0.913832 0.943824 0.889554 0.869175 0.937439 0.968371 0.926095 0.929542 0.916552 0.925399 0.904381 0.943243 0.943986 0.623595 0.881282 0.876978 0.869376 0.911431 0.872376 0.932405 0.937831 0.952069 0.916976 0.924307 0.794853 0.844255 0.899766 0.881262 0.920775 0.792880 0.957731 0.944915 0.948258 0.928942 0.900808 0.817920 0.807119 0.892917 0.892111 0.816502 0.860335 0.889145 0.855928 0.870568 0.883072 0.861718 0.842206 0.868491 0.847620 0.886782 0.808880
0.952634 0.949187 0.943552 0.966527 0.970460 1.000000 0.927893 0.896080 0.954689 0.894716 0.933919 0.953196 0.889371 0.863734 0.962738 0.965195 0.943278 0.953334 0.947039 0.946694 0.942997 0.967400 0.960091 0.596312 0.886321 0.903272 0.890655 0.939714 0.905850 0.939160 0.952607 0.961549 0.927589 0.941892 0.795046 0.865728 0.928378 0.911994 0.940638 0.838555 0.974557 0.955570 0.959677 0.944203 0.927032 0.846888 0.850957 0.919137 0.919960 0.794182 0.905570 0.923937 0.882854 0.881655 0.904717 0.877724 0.871965 0.887475 0.857247 0.909239 0.794648
0.896693 0.850206 0.830937 0.947395 0.885697 0.927893 1.000000 0.932202 0.906855 0.831682 0.891563 0.904601 0.750364 0.703498 0.928614 0.897827 0.832356 0.896766 0.902378 0.875948 0.939144 0.927382 0.905651 0.358079 0.764522 0.820165 0.895054 0.910714 0.913335 0.850730 0.872041 0.894846 0.823844 0.868230 0.626392 0.761154 0.904572 0.871363 0.885403 0.897535 0.922591 0.886261 0.931676 0.877944 0.891722 0.784109 0.899117 0.889956 0.888184 0.648911 0.938890 0.866457 0.869434 0.796985 0.846847 0.801615 0.846597 0.839308 0.760204 0.837888 0.647856
0.912674 0.862467 0.845657 0.929509 0.884962 0.896080 0.932202 1.000000 0.896410 0.833853 0.875308 0.917959 0.779053 0.721449 0.910749 0.891838 0.806349 0.878568 0.889654 0.865567 0.918084 0.907209 0.895800 0.397891 0.770528 0.812609 0.905240 0.892083 0.913185 0.839481 0.847129 0.874256 0.816800 0.868869 0.647668 0.770761 0.906705 0.881884 0.877534 0.895466 0.896147 0.866972 0.909858 0.868759 0.895355 0.787000 0.909504 0.891499 0.886868 0.697298 0.925841 0.848383 0.871571 0.790980 0.828596 0.776287 0.831600 0.823687 0.756650 0.846602 0.680031
0.955498 0.941150 0.904322 0.954976 0.934181 0.954689 0.906855 0.896410 1.000000 0.893170 0.932252 0.958375 0.884149 0.821969 0.966158 0.960323 0.923366 0.953994 0.991815 0.982579 0.941548 0.955320 0.951485 0.592366 0.893970 0.917662 0.906594 0.959713 0.920442 0.969797 0.966998 0.945365 0.903567 0.930423 0.791657 0.897968 0.934890 0.918777 0.971079 0.833105 0.955592 0.955876 0.944905 0.947069 0.945408 0.839011 0.872215 0.943369 0.935946 0.832543 0.910634 0.944398 0.896938 0.872808 0.944328 0.932797 0.901529 0.918995 0.900748 0.929397 0.828314
0.905854 0.917446 0.902122 0.891413 0.877664 0.894716 0.831682 0.833853 0.893170 1.000000 0.919849 0.897676 0.876397 0.845451 0.917550 0.886536 0.869155 0.892111 0.887270 0.880493 0.924428 0.909829 0.928074 0.623893 0.886515 0.894344 0.900103 0.849956 0.873978 0.891967 0.872525 0.902878 0.880750 0.915194 0.811212 0.878486 0.902031 0.880893 0.867830 0.820586 0.900417 0.879707 0.892044 0.913829 0.914109 0.895652 0.886362 0.921034 0.885970 0.808026 0.862135 0.894279 0.836192 0.865367 0.886325 0.870271 0.886143 0.873955 0.848974 0.888222 0.792933
0.926608 0.941000 0.898411 0.946081 0.913832 0.933919 0.891563 0.875308 0.932252 0.919849 1.000000 0.926070 0.878109 0.825766 0.955814 0.925864 0.897358 0.926868 0.922557 0.911443 0.934179 0.945278 0.943163 0.577848 0.900958 0.913154 0.893430 0.917276 0.895178 0.907731 0.920039 0.936809 0.894364 0.919687 0.777110 0.885186 0.920561 0.893624 0.912534 0.814823 0.922713 0.941263 0.929584 0.926770 0.927004 0.876301 0.892885 0.946286 0.920577 0.824595 0.898371 0.910445 0.886244 0.859005 0.900336 0.889758 0.895707 0.896739 0.874851 0.908038 0.812450
0.997625 0.944208 0.938324 0.965348 0.943824 0.953196 0.904601 0.917959 0.958375 0.897676 0.926070 1.000000 0.900969 0.861736 0.970674 0.959063 0.926439 0.961350 0.955711 0.947526 0.937701 0.958181 0.963590 0.615922 0.899838 0.910466 0.914524 0.927850 0.931400 0.943866 0.936253 0.948182 0.906909 0.956979 0.818876 0.893967 0.935044 0.912698 0.944382 0.847137 0.957170 0.947090 0.965649 0.942483 0.954948 0.864461 0.865785 0.931309 0.927877 0.856158 0.922697 0.928462 0.875200 0.906249 0.926348 0.894122 0.875926 0.903996 0.874182 0.927512 0.842595
0.903687 0.971300 0.937825 0.874296 0.889554 0.889371 0.750364 0.779053 0.884149 0.876397 0.878109 0.900969 1.000000 0.966050 0.910200 0.910938 0.940946 0.931897 0.889418 0.914147 0.862109 0.891290 0.906789 0.832341 0.955642 0.945301 0.820737 0.850191 0.841181 0.919461 0.922235 0.917090 0.957523 0.949646 0.957139 0.938664 0.883741 0.900779 0.876409 0.716403 0.889828 0.929599 0.871264 0.937032 0.902832 0.898362 0.757977 0.890184 0.884850 0.926819 0.801269 0.899819 0.842456 0.898936 0.880052 0.888064 0.859780 0.856170 0.898736 0.911525 0.914044
0.868884 0.925567 0.941261 0.823828 0.869175 0.863734 0.703498 0.721449 0.821969 0.845451 0.825766 0.861736 0.966050 1.000000 0.857765 0.878129 0.926544 0.888379 0.826326 0.857184 0.814655 0.853429 0.866993 0.826758 0.901890 0.884272 0.787338 0.793757 0.786935 0.873703 0.869280 0.880674 0.925008 0.919368 0.938476 0.862981 0.829145 0.860456 0.826765 0.688753 0.870096 0.877613 0.845682 0.888402 0.844266 0.893324 0.687778 0.823007 0.817886 0.871843 0.744810 0.838120 0.754740 0.891967 0.823551 0.833806 0.801785 0.805172 0.846769 0.850037 0.852298
0.968572 0.956762 0.919356 0.981934 0.937439 0.962738 0.928614 0.910749 0.966158 0.917550 0.955814 0.970674 0.910200 0.857765 1.000000 0.967760 0.946008 0.972288 0.966878 0.955980 0.968094 0.978796 0.975239 0.611178 0.923915 0.947759 0.902510 0.937259 0.921026 0.940847 0.957994 0.965068 0.930544 0.966988 0.818378 0.918663 0.952122 0.922099 0.940252 0.839740 0.964234 0.969118 0.968378 0.964048 0.966801 0.883835 0.899427 0.968001 0.952630 0.847373 0.929219 0.958078 0.907976 0.921484 0.952634 0.925560 0.933522 0.932880 0.905312 0.940608 0.837661
0.957048 0.950869 0.938276 0.958014 0.968371 0.965195 0.897827 0.891838 0.960323 0.886536 0.925864 0.959063 0.910938 0.878129 0.967760 1.000000 0.962403 0.960930 0.953849 0.958150 0.933143 0.964719 0.961839 0.628747 0.912162 0.927936 0.881004 0.931788 0.888077 0.949017 0.967253 0.962141 0.925722 0.954516 0.816290 0.891003 0.934322 0.908660 0.940915 0.801439 0.971767 0.970027 0.968392 0.952626 0.941854 0.845809 0.841708 0.940264 0.939168 0.850206 0.891738 0.934647 0.893919 0.904150 0.929344 0.907639 0.895849 0.909792 0.892372 0.931044 0.843879
0.927120 0.945416 0.924673 0.919617 0.926095 0.943278 0.832356 0.806349 0.923366 0.869155 0.897358 0.926439 0.940946 0.926544 0.946008 0.962403 1.000000 0.955766 0.926082 0.934094 0.892493 0.939218 0.942983 0.727575 0.934586 0.941142 0.824979 0.886911 0.835710 0.928919 0.950636 0.943993 0.937599 0.954601 0.880232 0.911603 0.898299 0.885091 0.899724 0.731456 0.942955 0.954167 0.932909 0.938526 0.916487 0.854054 0.773770 0.909019 0.908134 0.873528 0.838239 0.929495 0.851706 0.919824 0.918163 0.904259 0.880620 0.890961 0.899436 0.915131 0.871045
0.957874 0.962562 0.929157 0.958339 0.929542 0.953334 0.896766 0.878568 0.953994 0.892111 0.926868 0.961350 0.931897 0.888379 0.972288 0.960930 0.955766 1.000000 0.959044 0.959315 0.934970 0.956871 0.957506 0.673059 0.933971 0.946503 0.888545 0.932252 0.910901 0.946057 0.965527 0.960361 0.943406 0.963958 0.862301 0.921972 0.943203 0.931404 0.940500 0.821986 0.956791 0.966921 0.952475 0.959184 0.947853 0.878493 0.842556 0.942697 0.940186 0.866995 0.907880 0.949856 0.901133 0.894938 0.923091 0.912513 0.899499 0.902248 0.899832 0.935009 0.864984
0.952637 0.938506 0.897754 0.949581 0.916552 0.947039 0.902378 0.889654 0.991815 0.887270 0.922557 0.955711 0.889418 0.826326 0.966878 0.953849 0.926082 0.959044 1.000000 0.983519 0.941174 0.950219 0.949551 0.607214 0.899998 0.926564 0.903914 0.953549 0.918759 0.967112 0.966307 0.941170 0.909838 0.933779 0.806568 0.908664 0.938497 0.925500 0.961413 0.833684 0.952299 0.950560 0.941477 0.950827 0.950536 0.850324 0.873673 0.946403 0.941976 0.834299 0.916245 0.952865 0.898879 0.876920 0.944848 0.934034 0.911475 0.923911 0.905433 0.930962 0.830399
0.942782 0.950989 0.916625 0.937566 0.925399 0.946694 0.875948 0.865567 0.982579 0.880493 0.911443 0.947526 0.914147 0.857184 0.955980 0.958150 0.934094 0.959315 0.983519 1.000000 0.923999 0.940577 0.939572 0.663456 0.913040 0.930779 0.883200 0.944433 0.905468 0.980735 0.975179 0.942814 0.925775 0.939424 0.844901 0.914451 0.933062 0.927471 0.969299 0.808215 0.947449 0.953476 0.930246 0.953958 0.940580 0.848741 0.835302 0.932538 0.935108 0.856519 0.886996 0.945975 0.892457 0.878724 0.937820 0.935552 0.897008 0.910728 0.905847 0.937226 0.854042
0.934047 0.916899 0.882599 0.957154 0.904381 0.942997 0.939144 0.918084 0.941548 0.924428 0.934179 0.937701 0.862109 0.814655 0.968094 0.933143 0.892493 0.934970 0.941174 0.923999 1.000000 0.957591 0.944664 0.506091 0.866049 0.905911 0.931306 0.939389 0.942292 0.903860 0.922357 0.935251 0.893756 0.937684 0.747963 0.871395 0.941040 0.916667 0.925982 0.903720 0.950379 0.931629 0.947829 0.937385 0.942438 0.886944 0.935424 0.950507 0.930824 0.766593 0.950210 0.925674 0.902629 0.885514 0.902608 0.879571 0.912030 0.883901 0.837737 0.909615 0.755954
0.957784 0.946932 0.920955 0.963533 0.943243 0.967400 0.927382 0.907209 0.955320 0.909829 0.945278 0.958181 0.891290 0.853429 0.978796 0.964719 0.939218 0.956871 0.950219 0.940577 0.957591 1.000000 0.974736 0.585605 0.901620 0.929368 0.891919 0.925697 0.910558 0.929760 0.948688 0.953328 0.918204 0.962036 0.796159 0.888710 0.939606 0.908384 0.922755 0.833500 0.965588 0.960808 0.964072 0.949209 0.955348 0.874687 0.893362 0.952804 0.939296 0.823461 0.913093 0.938501 0.894082 0.907899 0.925606 0.894889 0.919330 0.910834 0.869526 0.931159 0.817974
0.963912 0.952472 0.935095 0.959638 0.943986 0.960091 0.905651 0.895800 0.951485 0.928074 0.943163 0.963590 0.906789 0.866993 0.975239 0.961839 0.942983 0.957506 0.949551 0.939572 0.944664 0.974736 1.000000 0.644123 0.926457 0.937922 0.890245 0.907985 0.894749 0.942946 0.941612 0.972957 0.943429 0.969828 0.833201 0.904067 0.947240 0.916948 0.919035 0.810544 0.960380 0.953870 0.969423 0.969944 0.964416 0.861083 0.883329 0.960567 0.944392 0.845150 0.903462 0.947934 0.890662 0.904174 0.941527 0.919687 0.919093 0.937849 0.909274 0.937638 0.841726
0.628461 0.750129 0.729134 0.547448 0.623595 0.596312 0.358079 0.397891 0.592366 0.623893 0.577848 0.615922 0.832341 0.826758 0.611178 0.628747 0.727575 0.673059 0.607214 0.663456 0.506091 0.585605 0.644123 1.000000 0.801029 0.742123 0.473117 0.518028 0.487106 0.695722 0.668090 0.657049 0.775094 0.708431 0.921465 0.753380 0.599361 0.626400 0.581215 0.316047 0.582145 0.649123 0.559005 0.692359 0.631994 0.654128 0.369434 0.599975 0.601589 0.831939 0.423255 0.645055 0.510095 0.691845 0.646268 0.685226 0.606454 0.629381 0.735290 0.673448 0.817060
0.903909 0.954767 0.901404 0.886157 0.881282 0.886321 0.764522 0.770528 0.893970 0.886515 0.900958 0.899838 0.955642 0.901890 0.923915 0.912162 0.934586 0.933971 0.899998 0.913040 0.866049 0.901620 0.926457 0.801029 1.000000 0.966455 0.790984 0.843884 0.815023 0.912951 0.925601 0.925690 0.941319 0.942560 0.923582 0.973644 0.892385 0.869284 0.859501 0.669546 0.882533 0.937933 0.879696 0.937424 0.920041 0.845823 0.777767 0.919317 0.905672 0.934391 0.803350 0.937599 0.872528 0.885325 0.902728 0.912787 0.878036 0.881412 0.914671 0.926234 0.931660
0.911975 0.953297 0.890237 0.907156 0.876978 0.903272 0.820165 0.812609 0.917662 0.894344 0.913154 0.910466 0.945301 0.884272 0.947759 0.927936 0.941142 0.946503 0.926564 0.930779 0.905911 0.929368 0.937922 0.742123 0.966455 1.000000 0.827433 0.874750 0.852786 0.918875 0.939691 0.927568 0.941778 0.959777 0.899048 0.965836 0.940728 0.916834 0.888835 0.731433 0.902695 0.948834 0.896461 0.947064 0.950764 0.880301 0.829766 0.950464 0.949627 0.908978 0.851503 0.949381 0.899808 0.894461 0.918339 0.914508 0.923507 0.895214 0.906235 0.959387 0.908166
0.913122 0.881070 0.875143 0.905109 0.869376 0.890655 0.895054 0.905240 0.906594 0.900103 0.893430 0.914524 0.820737 0.787338 0.902510 0.881004 0.824979 0.888545 0.903914 0.883200 0.931306 0.891919 0.890245 0.473117 0.790984 0.827433 1.000000 0.916541 0.948511 0.885143 0.860770 0.880461 0.835338 0.880468 0.713232 0.802646 0.903769 0.916511 0.910018 0.939595 0.915199 0.866309 0.907136 0.885326 0.889195 0.885121 0.911230 0.891663 0.873546 0.730928 0.930549 0.856829 0.845371 0.813769 0.837406 0.820423 0.834215 0.829097 0.783155 0.852279 0.710394
0.921747 0.909752 0.868817 0.939262 0.911431 0.939714 0.910714 0.892083 0.959713 0.849956 0.917276 0.927850 0.850191 0.793757 0.937259 0.931788 0.886911 0.932252 0.953549 0.944433 0.939389 0.925697 0.907985 0.518028 0.843884 0.874750 0.916541 1.000000 0.932125 0.917851 0.941012 0.916092 0.871096 0.892864 0.735960 0.850795 0.907408 0.902296 0.967548 0.874212 0.937966 0.934079 0.920993 0.909348 0.903518 0.833774 0.864304 0.907583 0.906938 0.777833 0.934798 0.903579 0.889384 0.830404 0.885106 0.869972 0.858228 0.852807 0.839241 0.887503 0.772172
0.924834 0.897313 0.868514 0.921602 0.872376 0.905850 0.913335 0.913185 0.920442 0.873978 0.895178 0.931400 0.841181 0.786935 0.921026 0.888077 0.835710 0.910901 0.918759 0.905468 0.942292 0.910558 0.894749 0.487106 0.815023 0.852786 0.948511 0.932125 1.000000 0.893617 0.888661 0.894336 0.857875 0.896976 0.740557 0.838631 0.901519 0.907195 0.922517 0.942224 0.912810 0.891678 0.913407 0.900936 0.897226 0.873267 0.905833 0.900144 0.882170 0.746117 0.942888 0.875013 0.877461 0.811947 0.840087 0.819231 0.831689 0.819271 0.787111 0.871549 0.734181
0.941918 0.954294 0.939744 0.921423 0.932405 0.939160 0.850730 0.839481 0.969797 0.891967 0.907731 0.943866 0.919461 0.873703 0.940847 0.949017 0.928919 0.946057 0.967112 0.980735 0.903860 0.929760 0.942946 0.695722 0.912951 0.918875 0.885143 0.917851 0.893617 1.000000 0.966042 0.949067 0.933862 0.937064 0.860740 0.903574 0.918715 0.917833 0.952537 0.788189 0.947561 0.944605 0.928715 0.957734 0.928699 0.859925 0.820412 0.921005 0.912876 0.859954 0.858121 0.928953 0.859847 0.883109 0.934384 0.935419 0.886683 0.921211 0.914652 0.925025 0.856874
0.932767 0.955444 0.916604 0.941368 0.937831 0.952607 0.872041 0.847129 0.966998 0.872525 0.920039 0.936253 0.922235 0.869280 0.957994 0.967253 0.950636 0.965527 0.966307 0.975179 0.922357 0.948688 0.941612 0.668090 0.925601 0.939691 0.860770 0.941012 0.888661 0.966042 1.000000 0.960700 0.941069 0.943658 0.844373 0.917059 0.925535 0.907988 0.950293 0.783899 0.958079 0.978352 0.940716 0.960820 0.928209 0.852311 0.824213 0.932003 0.931270 0.858224 0.877779 0.944176 0.899074 0.885757 0.927006 0.920897 0.899781 0.901759 0.902433 0.926756 0.856045
0.946166 0.955642 0.939442 0.961891 0.952069 0.961549 0.894846 0.874256 0.945365 0.902878 0.936809 0.948182 0.917090 0.880674 0.965068 0.962141 0.943993 0.960361 0.941170 0.942814 0.935251 0.953328 0.972957 0.657049 0.925690 0.927568 0.880461 0.916092 0.894336 0.949067 0.960700 1.000000 0.967906 0.958412 0.837309 0.897532 0.933754 0.917881 0.926962 0.809789 0.963523 0.965013 0.971462 0.978172 0.931188 0.853432 0.847557 0.936342 0.924053 0.821452 0.890818 0.928329 0.886566 0.890207 0.920928 0.910736 0.893393 0.908213 0.897283 0.914958 0.819736
0.907780 0.962496 0.939301 0.910097 0.916976 0.927589 0.823844 0.816800 0.903567 0.880750 0.894364 0.906909 0.957523 0.925008 0.930544 0.925722 0.937599 0.943406 0.909838 0.925775 0.893756 0.918204 0.943429 0.775094 0.941319 0.941778 0.835338 0.871096 0.857875 0.933862 0.941069 0.967906 1.000000 0.959911 0.914271 0.910644 0.918269 0.920905 0.888448 0.760206 0.922034 0.938358 0.917283 0.975644 0.912438 0.868449 0.794213 0.910755 0.906459 0.851603 0.835814 0.911672 0.861634 0.882641 0.886049 0.892468 0.877274 0.880669 0.897492 0.910756 0.849684
0.957078 0.961555 0.942457 0.941960 0.924307 0.941892 0.868230 0.868869 0.930423 0.915194 0.919687 0.956979 0.949646 0.919368 0.966988 0.954516 0.954601 0.963958 0.933779 0.939424 0.937684 0.962036 0.969828 0.708431 0.942560 0.959777 0.880468 0.892864 0.896976 0.937064 0.943658 0.958412 0.959911 1.000000 0.890861 0.929750 0.955926 0.934426 0.912234 0.812491 0.950294 0.953407 0.951638 0.972326 0.966319 0.901833 0.857886 0.953688 0.947953 0.878858 0.887344 0.945609 0.890496 0.924699 0.924632 0.907279 0.909228 0.911876 0.898273 0.955790 0.874301
0.825817 0.908299 0.881397 0.768811 0.794853 0.795046 0.626392 0.647668 0.791657 0.811212 0.777110 0.818876 0.957139 0.938476 0.818378 0.816290 0.880232 0.862301 0.806568 0.844901 0.747963 0.796159 0.833201 0.921465 0.923582 0.899048 0.713232 0.735960 0.740557 0.860740 0.844373 0.837309 0.914271 0.890861 1.000000 0.901715 0.805149 0.828012 0.782502 0.593798 0.789746 0.835197 0.771018 0.873759 0.832399 0.843954 0.640498 0.806171 0.802152 0.908967 0.686945 0.835379 0.734380 0.844403 0.818718 0.836157 0.792534 0.796380 0.854096 0.844937 0.901091
0.896901 0.935199 0.862542 0.875572 0.844255 0.865728 0.761154 0.770761 0.897968 0.878486 0.885186 0.893967 0.938664 0.862981 0.918663 0.891003 0.911603 0.921972 0.908664 0.914451 0.871395 0.888710 0.904067 0.753380 0.973644 0.965836 0.802646 0.850795 0.838631 0.903574 0.917059 0.897532 0.910644 0.929750 0.901715 1.000000 0.895420 0.874389 0.863502 0.697144 0.864565 0.923688 0.857535 0.921855 0.922112 0.848097 0.797510 0.921730 0.914853 0.929726 0.828006 0.944684 0.893544 0.863500 0.897825 0.904862 0.871884 0.866315 0.892386 0.934220 0.931163
0.933652 0.930023 0.899316 0.943309 0.899766 0.928378 0.904572 0.906705 0.934890 0.902031 0.920561 0.935044 0.883741 0.829145 0.952122 0.934322 0.898299 0.943203 0.938497 0.933062 0.941040 0.939606 0.947240 0.599361 0.892385 0.940728 0.903769 0.907408 0.901519 0.918715 0.925535 0.933754 0.918269 0.955926 0.805149 0.895420 1.000000 0.967125 0.919766 0.851675 0.936788 0.933736 0.936110 0.949917 0.965514 0.861619 0.892462 0.963722 0.979728 0.822674 0.918166 0.942772 0.931401 0.856262 0.903686 0.889995 0.906886 0.899012 0.869814 0.959231 0.825209
0.911187 0.927583 0.906482 0.918076 0.881262 0.911994 0.871363 0.881884 0.918777 0.880893 0.893624 0.912698 0.900779 0.860456 0.922099 0.908660 0.885091 0.931404 0.925500 0.927471 0.916667 0.908384 0.916948 0.626400 0.869284 0.916834 0.916511 0.902296 0.907195 0.917833 0.907988 0.917881 0.920905 0.934426 0.828012 0.874389 0.967125 1.000000 0.924474 0.863217 0.924477 0.913146 0.905569 0.934549 0.934335 0.880317 0.854576 0.923640 0.949083 0.806148 0.898628 0.915330 0.908170 0.840237 0.872276 0.875626 0.874117 0.868877 0.854352 0.928152 0.802494
0.937935 0.922600 0.902248 0.939870 0.920775 0.940638 0.885403 0.877534 0.971079 0.867830 0.912534 0.944382 0.876409 0.826765 0.940252 0.940915 0.899724 0.940500 0.961413 0.969299 0.925982 0.922755 0.919035 0.581215 0.859501 0.888835 0.910018 0.967548 0.922517 0.952537 0.950293 0.926962 0.888448 0.912234 0.782502 0.863502 0.919766 0.924474 1.000000 0.854439 0.944144 0.933758 0.925390 0.921114 0.913340 0.845123 0.835071 0.910229 0.911266 0.805113 0.904287 0.911748 0.870377 0.850479 0.913170 0.907332 0.870072 0.881591 0.873702 0.904482 0.797008
0.839813 0.786585 0.785464 0.857151 0.792880 0.838555 0.897535 0.895466 0.833105 0.820586 0.814823 0.847137 0.716403 0.688753 0.839740 0.801439 0.731456 0.821986 0.833684 0.808215 0.903720 0.833500 0.810544 0.316047 0.669546 0.731433 0.939595 0.874212 0.942224 0.788189 0.783899 0.809789 0.760206 0.812491 0.593798 0.697144 0.851675 0.863217 0.854439 1.000000 0.860051 0.782352 0.855441 0.813574 0.815372 0.822555 0.886815 0.818110 0.807911 0.575102 0.923852 0.779565 0.799680 0.724814 0.743068 0.708285 0.754184 0.725783 0.660981 0.775313 0.561051
0.955121 0.937190 0.937103 0.963166 0.957731 0.974557 0.922591 0.896147 0.955592 0.900417 0.922713 0.957170 0.889828 0.870096 0.964234 0.971767 0.942955 0.956791 0.952299 0.947449 0.950379 0.965588 0.960380 0.582145 0.882533 0.902695 0.915199 0.937966 0.912810 0.947561 0.958079 0.963523 0.922034 0.950294 0.789746 0.864565 0.936788 0.924477 0.944144 0.860051 1.000000 0.961769 0.976075 0.951446 0.932370 0.868672 0.866332 0.930480 0.927923 0.795085 0.914215 0.932145 0.884547 0.898304 0.910627 0.891151 0.889392 0.901283 0.866996 0.911154 0.788962
0.945369 0.964619 0.919429 0.958210 0.944915 0.955570 0.886261 0.866972 0.955876 0.879707 0.941263 0.947090 0.929599 0.877613 0.969118 0.970027 0.954167 0.966921 0.950560 0.953476 0.931629 0.960808 0.953870 0.649123 0.937933 0.948834 0.866309 0.934079 0.891678 0.944605 0.978352 0.965013 0.938358 0.953407 0.835197 0.923688 0.933736 0.913146 0.933758 0.782352 0.961769 1.000000 0.951863 0.957070 0.938777 0.859090 0.842104 0.943443 0.944232 0.873066 0.888696 0.943448 0.922730 0.894610 0.918639 0.906625 0.897491 0.898955 0.894634 0.936463 0.871007
0.962190 0.924224 0.921785 0.970425 0.948258 0.959677 0.931676 0.909858 0.944905 0.892044 0.929584 0.965649 0.871264 0.845682 0.968378 0.968392 0.932909 0.952475 0.941477 0.930246 0.947829 0.964072 0.969423 0.559005 0.879696 0.896461 0.907136 0.920993 0.913407 0.928715 0.940716 0.971462 0.917283 0.951638 0.771018 0.857535 0.936110 0.905569 0.925390 0.855441 0.976075 0.951863 1.000000 0.957490 0.934284 0.844298 0.876122 0.937537 0.925968 0.791436 0.920892 0.922259 0.882861 0.888971 0.913789 0.885916 0.882635 0.901582 0.865823 0.908161 0.786254
0.941700 0.962942 0.932762 0.946549 0.928942 0.944203 0.877944 0.868759 0.947069 0.913829 0.926770 0.942483 0.937032 0.888402 0.964048 0.952626 0.938526 0.959184 0.950827 0.953958 0.937385 0.949209 0.969944 0.692359 0.937424 0.947064 0.885326 0.909348 0.900936 0.957734 0.960820 0.978172 0.975644 0.972326 0.873759 0.921855 0.949917 0.934549 0.921114 0.813574 0.951446 0.957070 0.957490 1.000000 0.954669 0.874424 0.866309 0.954611 0.941913 0.850298 0.887250 0.946192 0.898575 0.893399 0.930505 0.926528 0.911202 0.918502 0.914661 0.938164 0.850441
0.955936 0.938921 0.902598 0.941965 0.900808 0.927032 0.891722 0.895355 0.945408 0.914109 0.927004 0.954948 0.902832 0.844266 0.966801 0.941854 0.916487 0.947853 0.950536 0.940580 0.942438 0.955348 0.964416 0.631994 0.920041 0.950764 0.889195 0.903518 0.897226 0.928699 0.928209 0.931188 0.912438 0.966319 0.832399 0.922112 0.965514 0.934335 0.913340 0.815372 0.932370 0.938777 0.934284 0.954669 1.000000 0.874278 0.898327 0.968422 0.965566 0.865506 0.908655 0.952811 0.903773 0.899639 0.942633 0.920288 0.932044 0.929030 0.897430 0.961622 0.860805
0.870923 0.902902 0.882719 0.845110 0.817920 0.846888 0.784109 0.787000 0.839011 0.895652 0.876301 0.864461 0.898362 0.893324 0.883835 0.845809 0.854054 0.878493 0.850324 0.848741 0.886944 0.874687 0.861083 0.654128 0.845823 0.880301 0.885121 0.833774 0.873267 0.859925 0.852311 0.853432 0.868449 0.901833 0.843954 0.848097 0.861619 0.880317 0.845123 0.822555 0.868672 0.859090 0.844298 0.874424 0.874278 1.000000 0.843807 0.873881 0.839516 0.799281 0.842056 0.840906 0.775639 0.887515 0.834725 0.820901 0.874998 0.827960 0.806110 0.853052 0.770277
0.864173 0.836038 0.788041 0.889812 0.807119 0.850957 0.899117 0.909504 0.872215 0.886362 0.892885 0.865785 0.757977 0.687778 0.899427 0.841708 0.773770 0.842556 0.873673 0.835302 0.935424 0.893362 0.883329 0.369434 0.777767 0.829766 0.911230 0.864304 0.905833 0.820412 0.824213 0.847557 0.794213 0.857886 0.640498 0.797510 0.892462 0.854576 0.835071 0.886815 0.866332 0.842104 0.876122 0.866309 0.898327 0.843807 1.000000 0.924914 0.880174 0.680394 0.917058 0.854836 0.856673 0.785592 0.839129 0.798199 0.883648 0.848579 0.768399 0.844069 0.665510
0.931154 0.936156 0.883006 0.943153 0.892917 0.919137 0.889956 0.891499 0.943369 0.921034 0.946286 0.931309 0.890184 0.823007 0.968001 0.940264 0.909019 0.942697 0.946403 0.932538 0.950507 0.952804 0.960567 0.599975 0.919317 0.950464 0.891663 0.907583 0.900144 0.921005 0.932003 0.936342 0.910755 0.953688 0.806171 0.921730 0.963722 0.923640 0.910229 0.818110 0.930480 0.943443 0.937537 0.954611 0.968422 0.873881 0.924914 1.000000 0.968904 0.848480 0.906130 0.956533 0.925140 0.876409 0.933579 0.920281 0.939187 0.936754 0.908598 0.947079 0.844960
0.925932 0.926662 0.879562 0.933467 0.892111 0.919960 0.888184 0.886868 0.935946 0.885970 0.920577 0.927877 0.884850 0.817886 0.952630 0.939168 0.908134 0.940186 0.941976 0.935108 0.930824 0.939296 0.944392 0.601589 0.905672 0.949627 0.873546 0.906938 0.882170 0.912876 0.931270 0.924053 0.906459 0.947953 0.802152 0.914853 0.979728 0.949083 0.911266 0.807911 0.927923 0.944232 0.925968 0.941913 0.965566 0.839516 0.880174 0.968904 1.000000 0.846404 0.909784 0.956846 0.948378 0.855711 0.907525 0.896459 0.901812 0.906377 0.883506 0.961099 0.846044
0.864002 0.904932 0.852731 0.795726 0.816502 0.794182 0.648911 0.697298 0.832543 0.808026 0.824595 0.856158 0.926819 0.871843 0.847373 0.850206 0.873528 0.866995 0.834299 0.856519 0.766593 0.823461 0.845150 0.831939 0.934391 0.908978 0.730928 0.777833 0.746117 0.859954 0.858224 0.821452 0.851603 0.878858 0.908967 0.929726 0.822674 0.806148 0.805113 0.575102 0.795085 0.873066 0.791436 0.850298 0.865506 0.799281 0.680394 0.848480 0.846404 1.000000 0.715067 0.860935 0.794834 0.843344 0.845735 0.854026 0.800907 0.821183 0.869496 0.888063 0.981168
0.914435 0.866174 0.836034 0.933134 0.860335 0.905570 0.938890 0.925841 0.910634 0.862135 0.898371 0.922697 0.801269 0.744810 0.929219 0.891738 0.838239 0.907880 0.916245 0.886996 0.950210 0.913093 0.903462 0.423255 0.803350 0.851503 0.930549 0.934798 0.942888 0.858121 0.877779 0.890818 0.835814 0.887344 0.686945 0.828006 0.918166 0.898628 0.904287 0.923852 0.914215 0.888696 0.920892 0.887250 0.908655 0.842056 0.917058 0.906130 0.909784 0.715067 1.000000 0.896680 0.890673 0.811127 0.851079 0.822150 0.855246 0.830805 0.781437 0.871529 0.702716
0.927264 0.931504 0.884237 0.933567 0.889145 0.923937 0.866457 0.848383 0.944398 0.894279 0.910445 0.928462 0.899819 0.838120 0.958078 0.934647 0.929495 0.949856 0.952865 0.945975 0.925674 0.938501 0.947934 0.645055 0.937599 0.949381 0.856829 0.903579 0.875013 0.928953 0.944176 0.928329 0.911672 0.945609 0.835379 0.944684 0.942772 0.915330 0.911748 0.779565 0.932145 0.943448 0.922259 0.946192 0.952811 0.840906 0.854836 0.956533 0.956846 0.860935 0.896680 1.000000 0.924335 0.883039 0.932369 0.929264 0.907944 0.916258 0.909893 0.944779 0.864935
0.869037 0.891715 0.822339 0.907677 0.855928 0.882854 0.869434 0.871571 0.896938 0.836192 0.886244 0.875200 0.842456 0.754740 0.907976 0.893919 0.851706 0.901133 0.898879 0.892457 0.902629 0.894082 0.890662 0.510095 0.872528 0.899808 0.845371 0.889384 0.877461 0.859847 0.899074 0.886566 0.861634 0.890496 0.734380 0.893544 0.931401 0.908170 0.870377 0.799680 0.884547 0.922730 0.882861 0.898575 0.903773 0.775639 0.856673 0.925140 0.948378 0.794834 0.890673 0.924335 1.000000 0.764822 0.827882 0.829947 0.830479 0.819739 0.808912 0.909389 0.815400
0.911576 0.900333 0.893542 0.880677 0.870568 0.881655 0.796985 0.790980 0.872808 0.865367 0.859005 0.906249 0.898936 0.891967 0.921484 0.904150 0.919824 0.894938 0.876920 0.878724 0.885514 0.907899 0.904174 0.691845 0.885325 0.894461 0.813769 0.830404 0.811947 0.883109 0.885757 0.890207 0.882641 0.924699 0.844403 0.863500 0.856262 0.840237 0.850479 0.724814 0.898304 0.894610 0.888971 0.893399 0.899639 0.887515 0.785592 0.876409 0.855711 0.843344 0.811127 0.883039 0.764822 1.000000 0.918504 0.885164 0.887538 0.876699 0.864113 0.869742 0.814077
0.927225 0.911526 0.880569 0.924665 0.883072 0.904717 0.846847 0.828596 0.944328 0.886325 0.900336 0.926348 0.880052 0.823551 0.952634 0.929344 0.918163 0.923091 0.944848 0.937820 0.902608 0.925606 0.941527 0.646268 0.902728 0.918339 0.837406 0.885106 0.840087 0.934384 0.927006 0.920928 0.886049 0.924632 0.818718 0.897825 0.903686 0.872276 0.913170 0.743068 0.910627 0.918639 0.913789 0.930505 0.942633 0.834725 0.839129 0.933579 0.907525 0.845735 0.851079 0.932369 0.827882 0.918504 1.000000 0.959734 0.937062 0.956690 0.938559 0.912558 0.834316
0.893217 0.905275 0.868987 0.894616 0.861718 0.877724 0.801615 0.776287 0.932797 0.870271 0.889758 0.894122 0.888064 0.833806 0.925560 0.907639 0.904259 0.912513 0.934034 0.935552 0.879571 0.894889 0.919687 0.685226 0.912787 0.914508 0.820423 0.869972 0.819231 0.935419 0.920897 0.910736 0.892468 0.907279 0.836157 0.904862 0.889995 0.875626 0.907332 0.708285 0.891151 0.906625 0.885916 0.926528 0.920288 0.820901 0.798199 0.920281 0.896459 0.854026 0.822150 0.929264 0.829947 0.885164 0.959734 1.000000 0.919594 0.941432 0.960227 0.899186 0.846851
0.878696 0.894053 0.845394 0.896509 0.842206 0.871965 0.846597 0.831600 0.901529 0.886143 0.895707 0.875926 0.859780 0.801785 0.933522 0.895849 0.880620 0.899499 0.911475 0.897008 0.912030 0.919330 0.919093 0.606454 0.878036 0.923507 0.834215 0.858228 0.831689 0.886683 0.899781 0.893393 0.877274 0.909228 0.792534 0.871884 0.906886 0.874117 0.870072 0.754184 0.889392 0.897491 0.882635 0.911202 0.932044 0.874998 0.883648 0.939187 0.901812 0.800907 0.855246 0.907944 0.830479 0.887538 0.937062 0.919594 1.000000 0.932934 0.893140 0.897149 0.784283
0.906428 0.894989 0.873761 0.909861 0.868491 0.887475 0.839308 0.823687 0.918995 0.873955 0.896739 0.903996 0.856170 0.805172 0.932880 0.909792 0.890961 0.902248 0.923911 0.910728 0.883901 0.910834 0.937849 0.629381 0.881412 0.895214 0.829097 0.852807 0.819271 0.921211 0.901759 0.908213 0.880669 0.911876 0.796380 0.866315 0.899012 0.868877 0.881591 0.725783 0.901283 0.898955 0.901582 0.918502 0.929030 0.827960 0.848579 0.936754 0.906377 0.821183 0.830805 0.916258 0.819739 0.876699 0.956690 0.941432 0.932934 1.000000 0.946133 0.884055 0.806930
0.876082 0.905867 0.867293 0.875394 0.847620 0.857247 0.760204 0.756650 0.900748 0.848974 0.874851 0.874182 0.898736 0.846769 0.905312 0.892372 0.899436 0.899832 0.905433 0.905847 0.837737 0.869526 0.909274 0.735290 0.914671 0.906235 0.783155 0.839241 0.787111 0.914652 0.902433 0.897283 0.897492 0.898273 0.854096 0.892386 0.869814 0.854352 0.873702 0.660981 0.866996 0.894634 0.865823 0.914661 0.897430 0.806110 0.768399 0.908598 0.883506 0.869496 0.781437 0.909893 0.808912 0.864113 0.938559 0.960227 0.893140 0.946133 1.000000 0.878729 0.856612
0.926815 0.934672 0.891090 0.911167 0.886782 0.909239 0.837888 0.846602 0.929397 0.888222 0.908038 0.927512 0.911525 0.850037 0.940608 0.931044 0.915131 0.935009 0.930962 0.937226 0.909615 0.931159 0.937638 0.673448 0.926234 0.959387 0.852279 0.887503 0.871549 0.925025 0.926756 0.914958 0.910756 0.955790 0.844937 0.934220 0.959231 0.928152 0.904482 0.775313 0.911154 0.936463 0.908161 0.938164 0.961622 0.853052 0.844069 0.947079 0.961099 0.888063 0.871529 0.944779 0.909389 0.869742 0.912558 0.899186 0.897149 0.884055 0.878729 1.000000 0.891505
0.849325 0.895132 0.837499 0.791895 0.808880 0.794648 0.647856 0.680031 0.828314 0.792933 0.812450 0.842595 0.914044 0.852298 0.837661 0.843879 0.871045 0.864984 0.830399 0.854042 0.755954 0.817974 0.841726 0.817060 0.931660 0.908166 0.710394 0.772172 0.734181 0.856874 0.856045 0.819736 0.849684 0.874301 0.901091 0.931163 0.825209 0.802494 0.797008 0.561051 0.788962 0.871007 0.786254 0.850441 0.860805 0.770277 0.665510 0.844960 0.846044 0.981168 0.702716 0.864935 0.815400 0.814077 0.834316 0.846851 0.784283 0.806930 0.856612 0.891505 1.000000
