0.000000 0.414954 0.297207 0.255780 -0.148017 -0.205854 0.160802 0.130586 -0.288523 -0.040734 0.488681 0.376524 0.353090 0.324275 0.029984 -0.009542 0.235993 0.317062 0.590770 0.623926 0.068906 0.255705 0.446281 0.378654 -0.203788 -0.266578 -0.220737 -0.265432 0.304208 0.281244 0.052017 0.316656 0.632580 0.541862 0.606773 0.640474 0.190475 0.407250 0.226627 0.270611 0.140628 0.141153 0.543844 0.539452 0.413346 0.502627 0.537902 0.430913 0.186618 0.255876 0.325939 0.244821 0.538073 0.083838 0.508390 0.363938 0.547777 0.283881 0.509935 0.438183 0.564376 0.477427 0.521003 0.461292 0.576029 0.536519 0.691354 0.571853 0.504005 0.185980 0.618883 0.526978 0.519650 0.527065 0.447715 0.354248 0.530142 0.549130 0.158266 0.082375 0.446280 0.413524 0.130923 0.090353 0.418329 0.079965 0.278347 0.047717 0.404156 0.118900 0.470909 0.129526 0.260479 0.032103 0.147480 0.088906 0.378959 0.254401 0.463904 0.478316 0.484444 0.116877 0.433474 0.323959 0.446331 0.506369 0.246995 0.158679 0.275974 0.463689 0.458800 0.537831 0.520523 0.592405 0.486438 0.339681
0.414954 0.000000 0.628897 0.532328 0.453917 -0.068095 0.535776 0.258545 0.075893 -0.300492 0.237880 0.517610 -0.217217 -0.074261 -0.155611 -0.407264 0.074612 0.619407 0.487301 0.254063 0.166046 0.262867 0.726574 0.681580 0.270503 0.250947 0.342052 0.315313 0.377852 0.527135 0.328120 0.322264 0.359926 0.493433 0.427832 0.462462 0.255237 0.480738 0.278766 0.045932 0.442189 0.605380 0.331312 0.182847 0.223280 0.482731 0.467398 0.344636 0.536093 0.600893 0.595784 0.531649 0.516718 0.372442 0.254363 -0.067550 0.578166 0.745328 0.640053 -0.241006 0.586415 0.227264 0.176326 0.416037 0.389772 0.686854 0.301402 0.532723 0.683224 0.671160 0.268163 0.006433 0.296170 0.429670 0.000716 -0.145414 0.322879 0.221752 0.296468 0.041575 0.288710 0.277326 0.295395 -0.075358 0.424852 -0.324259 0.365026 -0.275687 0.439120 -0.100985 0.421450 0.465745 0.582654 0.175773 0.034591 -0.102639 0.417297 -0.167524 0.173366 0.157458 0.111996 -0.141084 0.401117 -0.163844 0.601326 0.073021 -0.040489 -0.319779 -0.139699 0.248201 0.260061 0.066020 0.210591 0.295963 0.367793 -0.024471
0.297207 0.628897 0.000000 0.512122 0.474605 0.045363 0.666998 0.220436 0.208140 -0.259411 0.284345 0.434471 -0.011336 -0.147555 0.052469 -0.312467 0.040171 0.408561 0.571960 0.304740 0.350595 0.387605 0.654429 0.725626 0.331168 0.348179 0.379279 0.439889 0.397225 0.520018 0.306863 0.208490 0.290377 0.296357 0.252081 0.208677 0.416523 0.426042 0.366895 0.076623 0.550384 0.603655 0.168870 0.005423 0.044738 0.255444 0.277117 0.272334 0.461508 0.506947 0.477017 0.453345 0.445139 0.563760 0.157409 -0.016008 0.463498 0.596449 0.418412 -0.188491 0.362898 0.226790 0.022214 0.212702 0.326472 0.501847 0.147980 0.335719 0.611949 0.650022 0.070676 -0.148306 0.127546 0.279398 -0.246291 -0.287467 0.133651 0.053218 0.214652 0.138984 0.202868 0.156398 0.470358 0.079595 0.254910 -0.163562 0.233827 -0.133546 0.195985 0.178441 0.240168 0.547071 0.552074 0.449640 0.148420 0.080685 0.283135 -0.092474 0.024101 0.005053 0.031857 0.101277 0.280543 -0.081466 0.344650 0.150453 -0.005095 -0.174604 -0.285794 -0.048011 0.069549 -0.051094 0.069883 0.095059 0.281510 -0.028698
0.255780 0.532328 0.512122 0.000000 0.452997 0.434533 0.694337 0.711058 0.321288 0.218060 0.205807 0.553805 0.052204 0.240549 -0.028909 -0.184430 0.008659 0.515106 0.397598 0.143040 0.193281 0.259647 0.535943 0.434765 0.439364 0.423870 0.249921 0.304800 0.361820 0.629109 0.168621 0.135683 0.253406 0.378815 0.229610 0.245203 0.305115 0.504322 0.420573 0.189162 0.352156 0.526996 0.309690 0.141531 0.026330 0.348999 0.448061 0.446307 0.635237 0.680541 0.651792 0.672444 0.502409 0.504073 0.360262 0.039940 0.332023 0.531220 0.558321 -0.169887 0.543424 0.407548 0.059125 0.457374 0.278437 0.390051 0.141594 0.514579 0.464346 0.555630 0.251626 -0.032256 0.305066 0.436218 -0.109399 -0.270278 0.262137 0.031968 0.422639 0.149911 0.393542 0.076538 0.201869 -0.140336 0.426057 -0.215266 0.022272 -0.397858 0.453150 -0.161518 0.403409 0.578267 0.583390 0.266040 -0.015908 0.118786 0.367345 -0.032026 0.161194 0.156935 0.066459 -0.101126 0.294096 -0.238257 0.523159 0.037878 -0.150700 -0.379391 -0.122555 0.128086 0.213489 0.068328 0.192516 0.185306 0.322697 0.051424
-0.148017 0.453917 0.474605 0.452997 0.000000 0.328229 0.572963 0.254916 0.637127 -0.091032 -0.065715 0.249763 -0.291328 -0.179951 0.158451 -0.205854 -0.063666 0.341063 0.174423 -0.098464 0.293498 0.279408 0.371597 0.382716 0.722809 0.707517 0.736847 0.744108 0.270093 0.351181 0.482044 0.283616 -0.092352 0.101109 -0.038300 -0.084170 0.173460 0.166336 0.200204 0.065136 0.478060 0.524370 -0.164036 -0.272313 -0.054272 0.062819 -0.011790 -0.029571 0.354034 0.396785 0.325590 0.368552 0.144463 0.437247 -0.107973 -0.200346 0.187503 0.513157 0.227391 -0.552788 0.158684 0.008940 -0.169817 0.139568 0.032231 0.220481 -0.185595 0.128760 0.295134 0.524455 -0.209076 -0.367917 -0.023481 0.050493 -0.445540 -0.414819 -0.226737 -0.320607 0.133985 0.043779 -0.059807 0.000167 0.289401 0.019532 0.019460 -0.201493 0.112355 -0.163710 0.045128 -0.051911 -0.057157 0.337796 0.318185 0.223300 0.015129 -0.029776 0.044843 -0.317771 -0.306380 -0.336213 -0.155865 -0.091775 0.132980 -0.300665 0.199544 -0.207872 -0.226292 -0.349988 -0.436832 -0.163097 -0.172475 -0.332642 -0.233101 -0.151673 0.047502 -0.109139
-0.205854 -0.068095 0.045363 0.434533 0.328229 0.000000 0.357875 0.573670 0.588803 0.692530 0.068609 0.178849 0.119721 0.418501 0.248545 0.366795 0.006391 0.066086 0.019841 -0.166140 0.312533 0.186076 -0.052460 -0.182230 0.550298 0.535795 0.261735 0.359712 0.194945 0.224147 0.104113 0.096421 -0.096395 0.056368 -0.134600 -0.189295 0.229400 0.122234 0.228275 0.372240 0.138600 0.056716 -0.165811 -0.092066 -0.278159 -0.065424 -0.071159 0.137272 0.143365 0.160972 0.103015 0.278396 -0.016589 0.263067 0.060397 0.179169 -0.207466 -0.031561 -0.034664 -0.098726 0.014073 0.232512 -0.155163 0.199104 -0.076154 -0.200803 -0.219294 0.029909 -0.060484 0.065539 -0.108066 -0.053236 0.029461 -0.053139 -0.280565 -0.166614 -0.143957 -0.277424 0.151796 0.198323 0.107381 -0.111141 0.093783 0.080255 -0.033644 0.174539 -0.174471 -0.025870 -0.017978 -0.036942 -0.091945 0.144674 0.012002 0.102607 0.007913 0.300981 0.016580 0.190610 -0.129320 -0.145732 0.029573 0.078742 0.053768 -0.087804 -0.040441 -0.081721 -0.059098 -0.133408 -0.124112 -0.210947 -0.070498 -0.079699 -0.069406 -0.148055 -0.164914 0.051221
0.160802 0.535776 0.666998 0.694337 0.572963 0.357875 0.000000 0.512921 0.457507 0.048972 0.255869 0.408340 0.062746 0.053458 0.113172 -0.194583 0.065158 0.466361 0.471178 0.168209 0.311603 0.370965 0.525505 0.515994 0.531935 0.507850 0.422472 0.487485 0.388429 0.564859 0.274774 0.147945 0.245562 0.296900 0.172005 0.133873 0.371909 0.357943 0.390243 0.210570 0.494781 0.568406 0.203905 -0.002543 0.003741 0.284859 0.279721 0.343409 0.490668 0.572315 0.552891 0.581547 0.443280 0.699322 0.193452 0.061942 0.414489 0.590725 0.480047 -0.202233 0.385413 0.324130 -0.000365 0.305724 0.248811 0.337856 0.095449 0.359672 0.506503 0.631100 0.027314 -0.187335 0.090801 0.253406 -0.332138 -0.365416 0.020783 -0.136513 0.260734 0.230424 0.240742 0.130397 0.315169 0.027470 0.240494 -0.073679 -0.034665 -0.229806 0.215695 0.072470 0.158984 0.541200 0.476898 0.415098 0.067389 0.127044 0.184694 -0.110202 -0.080234 -0.107421 -0.037176 0.074539 0.199694 -0.187548 0.337088 0.046963 -0.193548 -0.279892 -0.372891 -0.092898 -0.005798 -0.102507 0.045881 0.015441 0.223993 -0.066277
0.130586 0.258545 0.220436 0.711058 0.254916 0.573670 0.512921 0.000000 0.307661 0.512175 0.161747 0.454775 0.151213 0.449095 -0.039437 0.036051 0.013839 0.391145 0.150529 -0.063141 0.150141 0.182723 0.255252 0.123537 0.380677 0.347048 0.037075 0.135436 0.245112 0.514064 0.024587 0.040030 0.173461 0.330930 0.153210 0.188381 0.245681 0.421763 0.376230 0.251478 0.070949 0.231138 0.324032 0.245961 -0.062380 0.320278 0.402506 0.474203 0.510101 0.510792 0.516589 0.570441 0.401589 0.305137 0.390738 0.142020 0.097222 0.262024 0.414726 -0.028887 0.451034 0.361954 0.050128 0.451876 0.138996 0.197741 0.105598 0.419608 0.264014 0.277170 0.278901 0.074292 0.265659 0.289004 0.034497 -0.116513 0.256936 0.039816 0.416558 0.142104 0.442944 0.003768 0.001868 -0.224740 0.423149 -0.129598 -0.091343 -0.377525 0.448022 -0.256081 0.348118 0.372645 0.389035 0.071810 -0.083228 0.123439 0.344692 0.096220 0.192372 0.231224 0.138643 -0.121139 0.262693 -0.193044 0.408376 -0.002904 -0.064097 -0.343908 0.001210 0.151326 0.258733 0.141365 0.274264 0.199007 0.201408 0.032804
-0.288523 0.075893 0.208140 0.321288 0.637127 0.588803 0.457507 0.307661 0.000000 0.289688 0.013598 0.124883 0.011090 0.122035 0.436570 0.182112 0.000444 0.109639 0.034233 -0.142092 0.297452 0.242967 0.064612 0.007680 0.706833 0.664757 0.585703 0.629305 0.176520 0.155190 0.347018 0.215419 -0.122855 0.023553 -0.164066 -0.242785 0.127454 -0.024634 0.119395 0.222746 0.313188 0.198528 -0.273867 -0.246771 -0.144854 -0.067366 -0.167824 -0.046170 0.115003 0.155666 0.084681 0.252442 -0.057442 0.372136 -0.159091 0.020516 -0.060657 0.127199 -0.031101 -0.304885 -0.057716 0.102102 -0.172991 0.137759 -0.022042 -0.097085 -0.222366 0.019462 0.009846 0.166031 -0.324606 -0.260475 -0.104982 -0.173223 -0.459307 -0.298008 -0.366242 -0.431871 -0.022589 0.129596 -0.130929 -0.087821 0.204065 0.157781 -0.185677 0.133756 -0.129946 0.036507 -0.179149 0.102476 -0.244850 0.141319 0.012935 0.190135 0.041690 0.163676 -0.141585 -0.106233 -0.351873 -0.402276 -0.136066 0.065896 -0.034044 -0.151835 -0.061285 -0.122260 -0.239397 -0.169259 -0.352233 -0.317169 -0.243374 -0.285714 -0.265870 -0.232413 -0.101925 -0.077135
-0.040734 -0.300492 -0.259411 0.218060 -0.091032 0.692530 0.048972 0.512175 0.289688 0.000000 0.136224 0.079609 0.354029 0.636834 0.214560 0.551475 0.105737 -0.062316 -0.085755 -0.103765 0.168046 0.076541 -0.275527 -0.424354 0.199357 0.165676 -0.157803 -0.066797 0.091198 0.062803 -0.113988 0.030155 0.002393 0.083737 -0.051206 -0.068596 0.115428 0.053726 0.147902 0.435656 -0.181759 -0.282433 0.002665 0.160689 -0.182999 0.001420 -0.000516 0.203421 -0.058393 -0.063739 -0.045157 0.094866 -0.022090 -0.024773 0.204895 0.368517 -0.257169 -0.299096 -0.087406 0.277144 0.024466 0.288166 0.050552 0.238018 -0.035989 -0.260483 -0.003045 0.045625 -0.186710 -0.263686 0.125437 0.259683 0.126931 -0.031723 0.082248 0.164406 0.007897 -0.064410 0.109751 0.172850 0.229128 -0.025732 -0.128317 0.044894 0.031270 0.323576 -0.214266 0.073157 0.037551 -0.051289 -0.047211 -0.132639 -0.210345 -0.129041 -0.026611 0.289808 0.015545 0.375994 0.054087 0.081079 0.210492 0.099772 0.051638 0.107570 -0.100544 0.059851 0.098552 0.051070 0.164401 -0.007463 0.084803 0.183360 0.158404 0.042693 -0.135117 0.170492
0.488681 0.237880 0.284345 0.205807 -0.065715 0.068609 0.255869 0.161747 0.013598 0.136224 0.000000 0.379392 0.442639 0.421469 0.183631 0.184694 0.426876 0.308035 0.461507 0.432053 0.165475 0.245333 0.376964 0.271844 -0.006929 -0.064720 -0.105483 -0.090638 0.384036 0.195639 0.204738 0.361247 0.474696 0.478577 0.416046 0.407952 0.166935 0.135682 0.100631 0.273965 0.149377 0.013730 0.393731 0.379354 0.341545 0.320310 0.328668 0.344539 0.089532 0.137547 0.184130 0.238146 0.394958 0.285264 0.284953 0.431627 0.377365 0.097665 0.236459 0.369103 0.289069 0.423079 0.399458 0.439078 0.513843 0.292825 0.490301 0.423423 0.325690 0.059694 0.310403 0.401627 0.286572 0.229714 0.202904 0.236305 0.257597 0.293094 0.006751 0.277567 0.298952 0.383913 0.185181 0.198041 0.195622 0.329022 0.126185 0.179124 0.129724 0.334843 0.258993 0.174993 0.142710 0.206337 0.167823 0.207187 0.231976 0.311645 0.302390 0.267186 0.355475 0.280410 0.275687 0.315592 0.202116 0.461487 0.172266 0.202207 0.134086 0.138532 0.319930 0.366483 0.390196 0.369231 0.239970 0.139645
0.376524 0.517610 0.434471 0.553805 0.249763 0.178849 0.408340 0.454775 0.124883 0.079609 0.379392 0.000000 0.110813 0.304268 -0.045157 -0.145825 0.137762 0.551462 0.332635 0.166102 0.129731 0.206367 0.627873 0.491355 0.248420 0.210416 0.060497 0.105975 0.399195 0.524621 0.303084 0.389207 0.334498 0.547080 0.359331 0.421364 0.205345 0.426165 0.315063 0.149216 0.173956 0.313892 0.441879 0.428342 0.248877 0.473238 0.567843 0.521842 0.605869 0.593541 0.568792 0.551277 0.542538 0.256300 0.404626 0.164940 0.303975 0.343520 0.477086 -0.025878 0.532484 0.367496 0.207670 0.623303 0.522220 0.536667 0.343134 0.622521 0.481444 0.337857 0.430243 0.282954 0.488700 0.506093 0.136392 -0.045430 0.473311 0.326974 0.397482 0.244915 0.413820 0.192135 0.168610 -0.140548 0.509603 -0.152424 0.268347 -0.267467 0.523272 -0.036977 0.568183 0.505157 0.550184 0.094050 0.037533 0.041507 0.571833 0.134637 0.449879 0.451082 0.213974 -0.142567 0.348616 -0.118758 0.579525 0.185131 -0.051971 -0.306373 0.147378 0.308762 0.530607 0.334465 0.443535 0.455714 0.390877 0.071513
0.353090 -0.217217 -0.011336 0.052204 -0.291328 0.119721 0.062746 0.151213 0.011090 0.354029 0.442639 0.110813 0.000000 0.472038 0.336964 0.299561 0.253903 -0.053030 0.240968 0.363634 0.034953 0.133085 -0.017270 -0.077779 -0.172846 -0.251782 -0.370646 -0.331332 0.082681 0.031743 -0.071947 0.054340 0.369462 0.194756 0.219066 0.204245 0.047121 0.010021 0.129447 0.288461 -0.145620 -0.243173 0.291543 0.348843 0.229435 0.170802 0.175537 0.256407 -0.104786 -0.082296 0.020606 0.046930 0.242107 0.071169 0.304006 0.457163 0.166809 -0.258853 0.052577 0.579046 0.133703 0.370354 0.391190 0.278001 0.361149 0.022358 0.428738 0.249120 0.027350 -0.233741 0.334651 0.383863 0.176531 0.157938 0.281856 0.261564 0.136755 0.144391 -0.022666 0.190378 0.322885 0.172790 -0.056172 0.119954 0.144871 0.410045 -0.162500 0.143352 0.064048 0.262706 0.052030 -0.120346 -0.168294 -0.009461 0.136563 0.244331 0.019971 0.315823 0.178483 0.197468 0.241773 0.202741 -0.011271 0.290593 -0.005487 0.393531 0.064554 0.225068 0.241337 0.135966 0.165183 0.343007 0.351915 0.308255 0.252114 0.237910
0.324275 -0.074261 -0.147555 0.240549 -0.179951 0.418501 0.053458 0.449095 0.122035 0.636834 0.421469 0.304268 0.472038 0.000000 0.312366 0.569008 0.211039 0.115317 0.123337 0.253045 0.157080 0.199864 0.022695 -0.215381 0.065426 0.000733 -0.215788 -0.191072 0.238891 0.074084 -0.019001 0.306474 0.317210 0.413313 0.281242 0.300063 0.138508 0.140906 0.126021 0.500146 -0.072438 -0.217766 0.302202 0.459369 0.137323 0.230769 0.290834 0.352740 -0.017971 -0.001530 0.022067 0.163422 0.227320 0.003838 0.399717 0.588321 -0.002423 -0.191176 0.077963 0.465878 0.216740 0.485881 0.295694 0.507738 0.349305 0.016295 0.403323 0.325859 0.061129 -0.286203 0.327696 0.583827 0.378382 0.181999 0.295725 0.426738 0.306428 0.309500 0.030118 0.260992 0.276486 0.260167 0.002564 0.226861 0.150606 0.437308 0.030438 0.234763 0.168676 0.136337 0.248243 -0.036384 -0.046390 -0.017171 0.146201 0.321580 0.251311 0.520389 0.395991 0.369593 0.510661 0.250812 0.329472 0.382878 0.170369 0.438448 0.247516 0.234490 0.326610 0.287831 0.397715 0.516698 0.424208 0.420871 0.141123 0.261504
0.029984 -0.155611 0.052469 -0.028909 0.158451 0.248545 0.113172 -0.039437 0.436570 0.214560 0.183631 -0.045157 0.336964 0.312366 0.000000 0.538822 0.146326 -0.123972 0.146498 0.298863 0.290014 0.357047 -0.064984 -0.125153 0.262081 0.268353 0.252928 0.275938 0.214038 -0.094355 0.193025 0.292343 0.074318 -0.007747 -0.079481 -0.146489 0.159950 -0.163006 0.069846 0.367979 0.198173 -0.108256 -0.141965 0.029161 -0.039112 -0.089823 -0.101673 -0.015900 -0.200993 -0.195851 -0.226070 -0.013290 -0.027213 0.200124 0.022495 0.406538 0.001692 -0.158062 -0.190822 0.230158 -0.141461 0.205321 0.093422 0.104853 0.156346 -0.149423 0.157264 -0.029257 -0.064826 -0.213843 -0.204578 0.128920 0.018996 -0.192397 -0.212935 0.113373 -0.222841 -0.116219 -0.219339 0.236488 -0.143641 0.189266 0.332251 0.543627 -0.263814 0.544878 0.027131 0.528979 -0.300591 0.455511 -0.217973 -0.083175 -0.224527 0.208433 0.313419 0.327070 -0.154489 0.211993 -0.105430 -0.183076 0.105617 0.382740 -0.012518 0.272824 -0.197105 0.282500 0.015200 0.311535 -0.033284 -0.066297 -0.133606 0.067385 -0.065301 0.007589 -0.025363 0.063381
-0.009542 -0.407264 -0.312467 -0.184430 -0.205854 0.366795 -0.194583 0.036051 0.182112 0.551475 0.184694 -0.145825 0.299561 0.569008 0.538822 0.000000 0.195575 -0.259153 -0.075296 0.145133 0.277275 0.204288 -0.370206 -0.474666 0.056291 0.086352 -0.070422 -0.024510 0.156805 -0.237237 -0.046896 0.214947 -0.004731 -0.013715 -0.088933 -0.141060 0.139285 -0.167360 -0.046900 0.480453 -0.041858 -0.401547 -0.128390 0.146191 -0.167897 -0.183102 -0.162587 -0.001237 -0.431506 -0.452555 -0.463199 -0.238679 -0.221048 -0.106951 0.058783 0.546991 -0.292855 -0.456377 -0.389914 0.426904 -0.276969 0.179568 0.030908 0.034891 -0.003676 -0.390123 0.071062 -0.191482 -0.274730 -0.520681 -0.106470 0.375734 0.060849 -0.249153 0.024866 0.418757 -0.084270 0.063319 -0.220743 0.261559 -0.109669 0.177568 0.144422 0.523881 -0.320492 0.654773 -0.006421 0.635300 -0.330721 0.369208 -0.192318 -0.292418 -0.412803 0.052625 0.249806 0.402307 -0.109665 0.546037 0.067896 0.018866 0.341411 0.486783 0.092101 0.498600 -0.353945 0.338040 0.311449 0.517729 0.186226 -0.047785 0.027549 0.249303 0.032304 0.008799 -0.283645 0.176605
0.235993 0.074612 0.040171 0.008659 -0.063666 0.006391 0.065158 0.013839 0.000444 0.105737 0.426876 0.137762 0.253903 0.211039 0.146326 0.195575 0.000000 0.391997 0.191731 0.217257 -0.022062 0.049552 0.143338 0.090787 0.014819 0.009195 -0.055745 -0.094045 0.485116 0.288907 0.312479 0.375085 0.237223 0.218118 -0.013522 0.076059 -0.009056 0.051773 -0.094086 0.176360 0.049483 -0.133057 0.227737 0.257526 0.223525 0.349025 0.196737 0.275615 -0.062135 -0.047074 0.057454 0.128696 0.144994 0.183778 0.102931 0.301355 0.383636 0.039088 0.113172 0.283312 0.108703 0.114147 0.502957 0.311121 0.215482 0.081246 0.317664 0.198263 0.127074 -0.049413 0.100976 0.126524 0.005919 -0.028662 0.220058 0.236165 -0.047026 0.030080 0.089791 0.334157 0.292126 0.522518 0.194811 0.101934 0.080864 0.346546 0.031550 0.193425 -0.035627 0.284939 -0.031747 -0.070904 -0.170685 0.003827 0.000862 0.076372 -0.059820 0.200381 -0.004225 0.006340 0.063086 0.152252 -0.022065 0.139734 -0.080686 0.157789 -0.001965 0.107654 0.169053 -0.030773 0.166926 0.114894 0.109236 0.054889 -0.141975 0.067582
0.317062 0.619407 0.408561 0.515106 0.341063 0.066086 0.466361 0.391145 0.109639 -0.062316 0.308035 0.551462 -0.053030 0.115317 -0.123972 -0.259153 0.391997 0.000000 0.328840 0.118829 0.074005 0.174653 0.612813 0.489474 0.290804 0.254165 0.173512 0.172180 0.521546 0.647016 0.358576 0.386679 0.326800 0.464983 0.251413 0.347697 0.186942 0.449159 0.235151 0.100406 0.245647 0.379544 0.412006 0.366275 0.225805 0.614258 0.566691 0.527193 0.531719 0.561960 0.614747 0.612561 0.535730 0.358027 0.346700 0.083817 0.568867 0.590374 0.611683 -0.115294 0.590304 0.179424 0.372304 0.568524 0.366856 0.540625 0.380515 0.569550 0.530029 0.483684 0.289748 0.033084 0.223406 0.318327 0.133187 -0.092580 0.282025 0.165191 0.447332 0.278512 0.492203 0.444560 0.259823 -0.145336 0.517556 -0.184732 0.265858 -0.286761 0.479996 -0.094734 0.383194 0.382064 0.408252 0.013642 -0.035613 -0.044445 0.399860 -0.025141 0.191463 0.205620 0.076431 -0.198956 0.321032 -0.210439 0.522723 0.022282 -0.100808 -0.372221 0.066134 0.284102 0.366201 0.128099 0.308922 0.309033 0.240094 -0.064023
0.590770 0.487301 0.571960 0.397598 0.174423 0.019841 0.471178 0.150529 0.034233 -0.085755 0.461507 0.332635 0.240968 0.123337 0.146498 -0.075296 0.191731 0.328840 0.000000 0.629373 0.266836 0.333886 0.534664 0.514155 0.082189 0.051673 0.122666 0.121322 0.371906 0.342018 0.165316 0.260084 0.577418 0.448288 0.500506 0.431034 0.311878 0.323576 0.224400 0.225272 0.463633 0.361035 0.336948 0.213237 0.262219 0.317345 0.335559 0.300325 0.220105 0.328412 0.319800 0.283520 0.431820 0.419887 0.226320 0.206366 0.532953 0.439440 0.420811 0.203887 0.370055 0.488562 0.262961 0.308624 0.443907 0.420637 0.431856 0.441274 0.553418 0.436406 0.267635 0.194109 0.299082 0.400993 -0.007958 0.027894 0.250019 0.240985 0.076048 0.186408 0.263865 0.294432 0.315007 0.225638 0.160434 0.097005 0.112503 0.058871 0.117131 0.278235 0.232131 0.327885 0.342319 0.368020 0.181909 0.184614 0.210923 0.114653 0.147304 0.118713 0.277031 0.284339 0.366018 0.257111 0.283045 0.428891 0.156446 0.130454 -0.098237 0.105155 0.180605 0.208707 0.217810 0.280758 0.386154 0.208245
0.623926 0.254063 0.304740 0.143040 -0.098464 -0.166140 0.168209 -0.063141 -0.142092 -0.103765 0.432053 0.166102 0.363634 0.253045 0.298863 0.145133 0.217257 0.118829 0.629373 0.000000 0.189442 0.297243 0.343214 0.286746 -0.157640 -0.174805 -0.043147 -0.096866 0.275745 0.092330 0.025821 0.255323 0.533464 0.346692 0.419749 0.376131 0.221528 0.176217 0.096636 0.252113 0.327588 0.174373 0.284404 0.270189 0.301368 0.180691 0.257268 0.187595 -0.041930 0.029740 0.026969 0.031700 0.302628 0.208760 0.250196 0.370440 0.455073 0.159673 0.190529 0.445207 0.212373 0.422199 0.326945 0.233025 0.444326 0.258672 0.520282 0.303919 0.413652 0.092796 0.245932 0.364025 0.265733 0.307487 0.128096 0.270018 0.247639 0.346431 -0.109982 0.195842 0.119199 0.379173 0.327983 0.433597 0.031675 0.324768 0.178099 0.318339 -0.005666 0.410991 0.182598 0.086401 0.114330 0.313126 0.308901 0.263882 0.127007 0.268460 0.248756 0.172737 0.385291 0.411181 0.325207 0.476348 0.153669 0.589894 0.248556 0.400706 0.080619 0.189518 0.189167 0.332326 0.224268 0.338471 0.322985 0.280639
0.068906 0.166046 0.350595 0.193281 0.293498 0.312533 0.311603 0.150141 0.297452 0.168046 0.165475 0.129731 0.034953 0.157080 0.290014 0.277275 -0.022062 0.074005 0.266836 0.189442 0.000000 0.627932 0.117700 0.156718 0.355217 0.454782 0.326975 0.459053 0.444850 0.227657 0.156945 0.276251 0.072909 0.121642 0.069933 -0.058771 0.685080 0.259102 0.486760 0.522749 0.358275 0.287279 -0.130170 -0.009126 -0.406515 -0.107616 -0.039263 0.121381 0.019764 0.020101 -0.002287 0.035402 0.150411 0.285346 0.178260 0.354209 -0.006657 0.086209 -0.028661 0.024991 0.014769 0.148968 -0.137428 0.053703 0.086386 0.082130 -0.003401 -0.053536 0.275543 0.146033 -0.060003 0.128322 0.052581 -0.007034 -0.317512 -0.099654 0.036241 0.044856 0.155414 0.437798 0.115191 0.226568 0.502879 0.467736 -0.021486 0.311766 0.277381 0.294901 -0.060604 0.319610 -0.030138 0.122836 0.079292 0.261751 0.389030 0.453111 0.271850 0.359949 0.017415 -0.027289 0.324349 0.383388 0.380423 0.254515 -0.054441 0.221684 0.330010 0.208156 -0.142894 -0.094713 -0.003232 0.102806 0.089712 0.047108 -0.109937 0.113374
0.255705 0.262867 0.387605 0.259647 0.279408 0.186076 0.370965 0.182723 0.242967 0.076541 0.245333 0.206367 0.133085 0.199864 0.357047 0.204288 0.049552 0.174653 0.333886 0.297243 0.627932 0.000000 0.241296 0.269734 0.319677 0.349910 0.269961 0.376748 0.420459 0.298436 0.181775 0.328534 0.198675 0.193548 0.218091 0.114129 0.634023 0.351165 0.577056 0.526427 0.371411 0.338169 0.023322 0.135953 -0.190923 0.078984 0.171014 0.229084 0.113830 0.136189 0.157233 0.180643 0.332594 0.312192 0.388495 0.412969 0.195814 0.201239 0.191997 0.072597 0.222801 0.227981 0.019924 0.186728 0.252312 0.248291 0.239462 0.156687 0.371430 0.235086 0.099272 0.178881 0.182280 0.145926 -0.202955 -0.039188 0.105038 0.109431 0.201286 0.359132 0.215849 0.285698 0.502656 0.418930 0.136343 0.245150 0.311744 0.226885 0.118291 0.267493 0.118149 0.150644 0.126172 0.203739 0.399897 0.389820 0.287973 0.263858 0.092386 0.059611 0.322981 0.271463 0.314156 0.204556 0.089069 0.225759 0.200476 0.137464 -0.065828 0.084830 0.014381 0.191264 0.144425 0.137278 0.049096 0.252658
0.446281 0.726574 0.654429 0.535943 0.371597 -0.052460 0.525505 0.255252 0.064612 -0.275527 0.376964 0.627873 -0.017270 0.022695 -0.064984 -0.370206 0.143338 0.612813 0.534664 0.343214 0.117700 0.241296 0.000000 0.724264 0.229078 0.202148 0.264944 0.229460 0.412367 0.545677 0.412693 0.417509 0.426216 0.541814 0.415901 0.462579 0.232120 0.471188 0.264939 0.024585 0.433522 0.559476 0.380199 0.258751 0.317805 0.488350 0.529564 0.413017 0.584791 0.628817 0.600810 0.558592 0.567883 0.408610 0.296769 0.024936 0.568794 0.614961 0.569858 -0.160288 0.561149 0.289100 0.251113 0.501903 0.546725 0.650614 0.365020 0.592641 0.638516 0.577371 0.293539 0.068395 0.340763 0.471619 0.027230 -0.146741 0.382235 0.277130 0.295658 0.136391 0.330417 0.306995 0.365134 -0.030965 0.449505 -0.234272 0.368876 -0.235700 0.436590 0.029676 0.510933 0.573755 0.621059 0.259858 0.096332 -0.029964 0.466494 -0.048261 0.300070 0.267673 0.127457 -0.083979 0.372277 -0.099122 0.615617 0.191840 -0.053446 -0.275707 -0.011993 0.250490 0.377659 0.170084 0.287173 0.364456 0.426718 0.025130
0.378654 0.681580 0.725626 0.434765 0.382716 -0.182230 0.515994 0.123537 0.007680 -0.424354 0.271844 0.491355 -0.077779 -0.215381 -0.125153 -0.474666 0.090787 0.489474 0.514155 0.286746 0.156718 0.269734 0.724264 0.000000 0.173452 0.181286 0.254330 0.259518 0.375906 0.523368 0.362674 0.284207 0.324931 0.372961 0.338284 0.352459 0.259661 0.401355 0.285416 -0.062119 0.403629 0.546060 0.290039 0.090358 0.209913 0.347824 0.374588 0.269183 0.530483 0.551252 0.531182 0.424285 0.477337 0.424807 0.184194 -0.094357 0.529888 0.611696 0.500065 -0.205441 0.440879 0.189720 0.132378 0.287033 0.391896 0.630716 0.241200 0.436314 0.646334 0.629238 0.202295 -0.084969 0.193818 0.388905 -0.070978 -0.247600 0.251602 0.177763 0.277763 0.083621 0.267358 0.216075 0.345634 -0.081760 0.367421 -0.282238 0.266123 -0.258473 0.325836 0.077867 0.385976 0.548229 0.604699 0.321428 0.077519 -0.068616 0.358906 -0.155814 0.147038 0.148873 0.012588 -0.047443 0.242005 -0.140201 0.451975 0.113028 -0.056522 -0.239467 -0.165518 0.111449 0.207644 0.023206 0.185409 0.208407 0.375840 -0.005097
-0.203788 0.270503 0.331168 0.439364 0.722809 0.550298 0.531935 0.380677 0.706833 0.199357 -0.006929 0.248420 -0.172846 0.065426 0.262081 0.056291 0.014819 0.290804 0.082189 -0.157640 0.355217 0.319677 0.229078 0.173452 0.000000 0.776995 0.659490 0.694989 0.366542 0.348690 0.430605 0.336384 -0.169742 0.055136 -0.165999 -0.194643 0.277174 0.187913 0.269730 0.283999 0.400297 0.371299 -0.182588 -0.181503 -0.195562 0.068818 -0.015383 0.094399 0.290391 0.317439 0.259353 0.367481 0.117473 0.437088 0.006313 0.038927 0.031571 0.324453 0.136622 -0.426026 0.101580 0.054570 -0.133234 0.192348 0.034616 0.052967 -0.178451 0.065450 0.188000 0.353157 -0.227115 -0.273967 -0.008984 -0.059294 -0.427713 -0.351172 -0.257234 -0.363355 0.210565 0.193657 0.014019 0.031156 0.297255 0.094580 0.021057 0.006428 0.054278 -0.055476 0.031103 0.017757 -0.090665 0.256828 0.175304 0.146527 0.022601 0.124881 0.045194 -0.099934 -0.259793 -0.296010 -0.059453 -0.019901 0.131989 -0.233192 0.105894 -0.169824 -0.225653 -0.289832 -0.300024 -0.216471 -0.116257 -0.222918 -0.187753 -0.147448 -0.092590 -0.041892
-0.266578 0.250947 0.348179 0.423870 0.707517 0.535795 0.507850 0.347048 0.664757 0.165676 -0.064720 0.210416 -0.251782 0.000733 0.268353 0.086352 0.009195 0.254165 0.051673 -0.174805 0.454782 0.349910 0.202148 0.181286 0.776995 0.000000 0.675422 0.745589 0.414733 0.375011 0.418103 0.303463 -0.229156 -0.015709 -0.256589 -0.299936 0.361326 0.175069 0.298051 0.274330 0.408458 0.403756 -0.254492 -0.256389 -0.344560 -0.055023 -0.083484 0.046400 0.293975 0.281716 0.196888 0.318025 0.051407 0.447806 -0.041611 0.005275 -0.018277 0.298782 0.051820 -0.445690 0.036525 0.015680 -0.224806 0.102873 -0.052818 0.008788 -0.287654 -0.044379 0.164765 0.341743 -0.309703 -0.304294 -0.063887 -0.102522 -0.527354 -0.383584 -0.266740 -0.357808 0.247773 0.269913 -0.013243 0.066443 0.386442 0.152079 -0.035797 0.029540 0.097060 -0.004882 -0.031584 0.038248 -0.116560 0.303500 0.189950 0.239318 0.070970 0.178349 0.060938 -0.045678 -0.267795 -0.306051 -0.103743 0.052063 0.118715 -0.233944 0.031246 -0.209652 -0.151181 -0.249317 -0.336019 -0.259082 -0.148827 -0.266061 -0.230900 -0.226354 -0.194267 -0.107956
-0.220737 0.342052 0.379279 0.249921 0.736847 0.261735 0.422472 0.037075 0.585703 -0.157803 -0.105483 0.060497 -0.370646 -0.215788 0.252928 -0.070422 -0.055745 0.173512 0.122666 -0.043147 0.326975 0.269961 0.264944 0.254330 0.659490 0.675422 0.000000 0.780943 0.230883 0.153831 0.470128 0.307789 -0.157145 0.011188 -0.123743 -0.204768 0.166566 0.031778 0.083172 0.088095 0.538238 0.462552 -0.348055 -0.397518 -0.109371 -0.124561 -0.209021 -0.211340 0.126769 0.184774 0.087159 0.186578 -0.040729 0.386000 -0.256502 -0.168425 0.100121 0.377438 0.015482 -0.529459 -0.056824 -0.059081 -0.231675 -0.029042 -0.043693 0.068165 -0.263026 -0.066260 0.178674 0.393280 -0.407467 -0.394278 -0.141860 -0.134942 -0.534509 -0.349867 -0.343027 -0.359279 -0.052754 0.061917 -0.252265 0.031488 0.400922 0.246637 -0.201389 -0.038427 0.184161 0.077957 -0.180047 0.095511 -0.212757 0.213757 0.154938 0.275827 0.108597 0.038999 -0.070141 -0.226562 -0.371095 -0.454410 -0.144778 0.063224 0.101872 -0.144890 0.026912 -0.149104 -0.141020 -0.148231 -0.453085 -0.289482 -0.279911 -0.363326 -0.383603 -0.257675 -0.120890 -0.128277
-0.265432 0.315313 0.439889 0.304800 0.744108 0.359712 0.487485 0.135436 0.629305 -0.066797 -0.090638 0.105975 -0.331332 -0.191072 0.275938 -0.024510 -0.094045 0.172180 0.121322 -0.096866 0.459053 0.376748 0.229460 0.259518 0.694989 0.745589 0.780943 0.000000 0.280872 0.220961 0.398269 0.235171 -0.193916 -0.046691 -0.162551 -0.258695 0.315947 0.090000 0.220185 0.135509 0.507219 0.461831 -0.346454 -0.367026 -0.258415 -0.141326 -0.187229 -0.134006 0.191009 0.210063 0.112033 0.224800 -0.003808 0.423932 -0.188749 -0.125427 0.031616 0.357832 0.004622 -0.501210 -0.047599 -0.057524 -0.301813 -0.032773 -0.079671 0.059257 -0.297460 -0.089841 0.188250 0.406495 -0.404476 -0.391647 -0.143382 -0.153691 -0.594760 -0.412954 -0.329877 -0.368672 0.043176 0.138732 -0.189555 -0.001487 0.449562 0.237678 -0.160370 -0.034167 0.163383 0.061110 -0.154994 0.108039 -0.196369 0.267114 0.187235 0.308417 0.157613 0.117721 -0.002588 -0.171154 -0.353416 -0.415840 -0.148438 0.085579 0.103553 -0.182268 -0.006861 -0.176847 -0.098249 -0.173272 -0.468891 -0.315298 -0.293914 -0.367080 -0.333599 -0.277029 -0.156966 -0.157078
0.304208 0.377852 0.397225 0.361820 0.270093 0.194945 0.388429 0.245112 0.176520 0.091198 0.384036 0.399195 0.082681 0.238891 0.214038 0.156805 0.485116 0.521546 0.371906 0.275745 0.444850 0.420459 0.412367 0.375906 0.366542 0.414733 0.230883 0.280872 0.000000 0.575915 0.335944 0.518229 0.220171 0.295531 0.042214 0.105185 0.495642 0.404851 0.377325 0.444102 0.357017 0.289924 0.234334 0.276052 -0.096245 0.357925 0.361182 0.468829 0.274697 0.271058 0.304394 0.373972 0.395608 0.436107 0.350042 0.412237 0.363807 0.307815 0.292046 0.063726 0.320925 0.241333 0.278128 0.409434 0.343351 0.288939 0.305406 0.284291 0.423341 0.265557 0.130614 0.168045 0.237916 0.173002 -0.052678 0.012739 0.170580 0.149336 0.428508 0.539499 0.385286 0.563869 0.515750 0.261517 0.252722 0.283177 0.263965 0.150359 0.181992 0.306788 0.209305 0.294236 0.212709 0.215895 0.214257 0.318383 0.309143 0.302104 0.163246 0.137951 0.259574 0.220528 0.330141 0.100272 0.177326 0.219445 0.073077 0.019328 0.075692 0.063478 0.305331 0.235394 0.229879 0.185592 0.004659 0.141894
0.281244 0.527135 0.520018 0.629109 0.351181 0.224147 0.564859 0.514064 0.155190 0.062803 0.195639 0.524621 0.031743 0.074084 -0.094355 -0.237237 0.288907 0.647016 0.342018 0.092330 0.227657 0.298436 0.545677 0.523368 0.348690 0.375011 0.153831 0.220961 0.575915 0.000000 0.277206 0.259841 0.211832 0.296621 0.079255 0.164262 0.412324 0.617861 0.490248 0.210054 0.274589 0.486434 0.321957 0.250097 -0.084115 0.493993 0.513986 0.592980 0.623274 0.628475 0.665883 0.632616 0.537301 0.451235 0.432249 0.087815 0.438581 0.522614 0.585838 -0.122313 0.567482 0.212108 0.223926 0.437347 0.265549 0.454908 0.204898 0.449976 0.522739 0.556983 0.288332 -0.057205 0.207097 0.341963 -0.008865 -0.264070 0.266264 0.080214 0.630993 0.294750 0.589859 0.300827 0.335883 -0.173777 0.546664 -0.194355 0.172978 -0.368080 0.495419 -0.120815 0.375596 0.487032 0.469193 0.121449 -0.005019 0.089927 0.407111 0.037447 0.152237 0.193564 0.012608 -0.167505 0.215050 -0.290428 0.431348 -0.062631 -0.144192 -0.414519 0.031322 0.150974 0.283764 0.083933 0.241154 0.166864 0.162388 0.026061
0.052017 0.328120 0.306863 0.168621 0.482044 0.104113 0.274774 0.024587 0.347018 -0.113988 0.204738 0.303084 -0.071947 -0.019001 0.193025 -0.046896 0.312479 0.358576 0.165316 0.025821 0.156945 0.181775 0.412693 0.362674 0.430605 0.418103 0.470128 0.398269 0.335944 0.277206 0.000000 0.642800 0.042925 0.273110 0.028173 0.055037 0.070219 0.123715 0.078832 0.161621 0.324977 0.257793 -0.083455 -0.047988 0.182065 0.194881 0.038547 0.050204 0.205251 0.218820 0.192970 0.229026 0.145574 0.273242 -0.005130 0.068965 0.267205 0.268677 0.143787 -0.278504 0.141970 0.028533 0.224542 0.284239 0.245725 0.261745 0.027562 0.182352 0.235186 0.248400 -0.045448 -0.098345 0.047645 0.070344 -0.118960 -0.095566 -0.113157 -0.103262 0.073640 0.116252 0.077119 0.297422 0.332361 0.108970 0.090312 0.012600 0.315381 0.088103 0.062257 0.119668 0.063878 0.232706 0.139190 0.106792 0.012060 -0.067806 0.107144 0.007359 -0.064804 -0.087786 -0.041417 -0.013226 0.054494 -0.086953 0.145308 -0.031606 -0.111734 -0.174434 -0.075373 -0.037480 0.057197 -0.084329 -0.015835 0.013524 -0.075277 -0.085879
0.316656 0.322264 0.208490 0.135683 0.283616 0.096421 0.147945 0.040030 0.215419 0.030155 0.361247 0.389207 0.054340 0.306474 0.292343 0.214947 0.375085 0.386679 0.260084 0.255323 0.276251 0.328534 0.417509 0.284207 0.336384 0.303463 0.307789 0.235171 0.518229 0.259841 0.642800 0.000000 0.200258 0.429010 0.220493 0.268449 0.211389 0.244193 0.146633 0.410652 0.292576 0.158670 0.080641 0.244837 0.210957 0.311029 0.229640 0.208435 0.104903 0.127162 0.119019 0.177188 0.244689 0.128928 0.229599 0.381591 0.273050 0.172085 0.174683 0.010150 0.250861 0.232213 0.348287 0.484277 0.449534 0.319885 0.317328 0.292276 0.302078 0.074055 0.157347 0.297302 0.290293 0.181196 0.097814 0.216290 0.161414 0.226954 0.118799 0.277931 0.187819 0.500802 0.384005 0.310723 0.143802 0.242643 0.459447 0.295456 0.145633 0.235963 0.227214 0.122932 0.093755 0.044263 0.222672 0.152198 0.305522 0.311755 0.234402 0.186076 0.356297 0.156169 0.346805 0.232161 0.235331 0.271395 0.148873 0.083037 0.188296 0.207109 0.339499 0.321329 0.230629 0.316793 0.047273 0.207612
0.632580 0.359926 0.290377 0.253406 -0.092352 -0.096395 0.245562 0.173461 -0.122855 0.002393 0.474696 0.334498 0.369462 0.317210 0.074318 -0.004731 0.237223 0.326800 0.577418 0.533464 0.072909 0.198675 0.426216 0.324931 -0.169742 -0.229156 -0.157145 -0.193916 0.220171 0.211832 0.042925 0.200258 0.000000 0.683452 0.641755 0.623742 0.110401 0.205196 0.081244 0.135537 0.151968 0.063823 0.540726 0.482908 0.426255 0.454833 0.477015 0.415076 0.154260 0.234152 0.285877 0.264879 0.438272 0.170414 0.295091 0.292351 0.526402 0.261733 0.426282 0.407464 0.421283 0.520036 0.429823 0.458953 0.485416 0.442845 0.634875 0.595389 0.430647 0.139264 0.414165 0.403014 0.325707 0.358602 0.264845 0.232036 0.393636 0.424015 0.003702 0.123481 0.362513 0.300964 0.086178 0.090998 0.252543 0.131403 0.064890 0.022868 0.211198 0.203531 0.309723 0.146791 0.212193 0.125191 0.104985 0.064056 0.234131 0.146721 0.297270 0.296040 0.338970 0.168569 0.368919 0.303445 0.338720 0.491479 0.189109 0.133395 0.075936 0.328674 0.385759 0.339517 0.427738 0.477625 0.470075 0.169506
0.541862 0.493433 0.296357 0.378815 0.101109 0.056368 0.296900 0.330930 0.023553 0.083737 0.478577 0.547080 0.194756 0.413313 -0.007747 -0.013715 0.218118 0.464983 0.448288 0.346692 0.121642 0.193548 0.541814 0.372961 0.055136 -0.015709 0.011188 -0.046691 0.295531 0.296621 0.273110 0.429010 0.683452 0.000000 0.628437 0.654502 0.102447 0.287697 0.114312 0.191348 0.157098 0.143225 0.513630 0.470360 0.435229 0.512909 0.509299 0.416384 0.313060 0.362376 0.384797 0.377285 0.479727 0.143054 0.311548 0.257281 0.436274 0.307650 0.456473 0.175143 0.507366 0.487118 0.383990 0.622973 0.520176 0.535229 0.536048 0.652176 0.488319 0.186609 0.436422 0.423029 0.428995 0.420402 0.285859 0.206976 0.458251 0.430626 0.098572 0.124411 0.386267 0.315025 0.083931 0.006661 0.368462 0.022796 0.235347 -0.068975 0.368901 0.046832 0.451019 0.240375 0.346733 0.046572 0.055520 0.014518 0.439310 0.166016 0.399752 0.380579 0.403301 0.027038 0.491967 0.198179 0.519968 0.402002 0.173031 -0.042819 0.113164 0.390636 0.540362 0.384363 0.490128 0.560766 0.449676 0.139213
0.606773 0.427832 0.252081 0.229610 -0.038300 -0.134600 0.172005 0.153210 -0.164066 -0.051206 0.416046 0.359331 0.219066 0.281242 -0.079481 -0.088933 -0.013522 0.251413 0.500506 0.419749 0.069933 0.218091 0.415901 0.338284 -0.165999 -0.256589 -0.123743 -0.162551 0.042214 0.079255 0.028173 0.220493 0.641755 0.628437 0.000000 0.773241 0.064425 0.249438 0.083510 0.102619 0.145670 0.138101 0.456975 0.396735 0.494061 0.362540 0.411269 0.225675 0.130482 0.233816 0.260127 0.165045 0.396390 -0.010322 0.287414 0.168109 0.381024 0.276850 0.411869 0.221753 0.424619 0.464792 0.257371 0.430816 0.465973 0.540720 0.534769 0.565079 0.432181 0.192442 0.496032 0.463459 0.430603 0.471562 0.333229 0.291507 0.502374 0.518267 -0.074445 -0.072289 0.249285 0.157428 -0.037909 0.040429 0.259245 -0.062106 0.189305 -0.046456 0.311074 0.023751 0.424439 0.128731 0.309716 0.053814 0.132933 0.005918 0.359612 0.096718 0.384115 0.388865 0.475166 0.077876 0.477214 0.318723 0.449019 0.460395 0.301932 0.133928 0.066632 0.439796 0.373257 0.399931 0.420505 0.519836 0.520565 0.298691
0.640474 0.462462 0.208677 0.245203 -0.084170 -0.189295 0.133873 0.188381 -0.242785 -0.068596 0.407952 0.421364 0.204245 0.300063 -0.146489 -0.141060 0.076059 0.347697 0.431034 0.376131 -0.058771 0.114129 0.462579 0.352459 -0.194643 -0.299936 -0.204768 -0.258695 0.105185 0.164262 0.055037 0.268449 0.623742 0.654502 0.773241 0.000000 0.006928 0.319490 0.073314 0.074327 0.074699 0.120134 0.579627 0.514632 0.535528 0.523196 0.552060 0.353456 0.212776 0.302401 0.355759 0.255871 0.472163 -0.030618 0.376126 0.180238 0.420428 0.297342 0.510623 0.219917 0.526066 0.427448 0.351056 0.515857 0.515160 0.587755 0.588487 0.630400 0.430254 0.186068 0.575631 0.488029 0.484651 0.517157 0.472517 0.346037 0.597880 0.590033 0.037073 -0.075472 0.336129 0.231279 -0.069236 -0.069142 0.388504 -0.117685 0.211238 -0.121874 0.443068 -0.059501 0.547301 0.176230 0.361464 -0.013371 0.086504 -0.060266 0.440985 0.103706 0.496576 0.508316 0.461627 -0.027133 0.465841 0.236196 0.561372 0.417996 0.214441 0.029400 0.177557 0.516266 0.505460 0.479917 0.510752 0.590248 0.540921 0.256536
0.190475 0.255237 0.416523 0.305115 0.173460 0.229400 0.371909 0.245681 0.127454 0.115428 0.166935 0.205345 0.047121 0.138508 0.159950 0.139285 -0.009056 0.186942 0.311878 0.221528 0.685080 0.634023 0.232120 0.259661 0.277174 0.361326 0.166566 0.315947 0.495642 0.412324 0.070219 0.211389 0.110401 0.102447 0.064425 0.006928 0.000000 0.514314 0.674491 0.537579 0.350746 0.385280 0.000124 0.123822 -0.462201 0.067299 0.197591 0.366482 0.202079 0.198605 0.216830 0.211125 0.334511 0.362325 0.433610 0.406942 0.113357 0.193794 0.189881 0.067713 0.220984 0.182258 -0.042144 0.120922 0.183609 0.185571 0.111582 0.060049 0.372589 0.278778 0.056071 0.107080 0.106453 0.082750 -0.242175 -0.154980 0.180537 0.127001 0.392346 0.458392 0.295929 0.293777 0.573380 0.358574 0.207936 0.198767 0.281071 0.142536 0.168346 0.245491 0.188494 0.283170 0.216498 0.248555 0.384335 0.475711 0.396398 0.394961 0.179538 0.149138 0.299185 0.275697 0.339450 0.139898 0.073919 0.171736 0.230373 0.084938 0.016389 0.016632 0.094247 0.215815 0.168209 0.085410 -0.079907 0.156648
