0.000000,0.745734,0.582213,0.715969,0.558239,0.396428,0.676194,0.696776,0.501528,0.133888,0.669887,0.647042,0.679376,0.443278,0.627761,0.591252,0.492118,0.479598,0.847596,0.688020,0.409670,0.500273,0.570653,0.639358,0.644424,0.631710,0.569059,0.517429,0.539889,0.272349,0.557055,0.709271,0.635069,0.478248,0.420704,0.225079,0.414263,0.601120,0.613722,0.621694,0.716093,0.610762,-0.130491,-0.019832,0.259961,0.048110,0.119585,0.083757,-0.027789,-0.255256,-0.177423,-0.309218,-0.082687,-0.307376,0.577347,0.644362,0.768335,0.432248,0.162942,0.498749,0.216022,0.109482,0.637129,0.571706,0.558197,0.208029,0.521912,0.722049,0.412922,0.694376,0.638758,0.618104,0.324425,0.362530,0.605941,0.613139,0.584483,0.686841,0.029509,0.117797,0.424485,0.566641,0.553095,0.716165,0.647241,0.071120,0.553865,0.570116,0.213960,0.164317,-0.028335,-0.088964,-0.093946,0.009285,0.506276,0.019569,0.332884,0.582088,0.389570,0.388354,0.514685,0.546065,0.539279,0.554599,-0.239932,-0.070322,0.441013,0.475403,0.270174,-0.141848,0.129585,0.081816,0.352694,0.273514,-0.361804,-0.006149
0.745734,0.000000,0.439409,0.618940,0.406807,0.229331,0.548157,0.745788,0.325371,-0.061473,0.525967,0.560819,0.559603,0.518874,0.461867,0.467816,0.457534,0.369452,0.779363,0.733157,0.325324,0.409618,0.534973,0.543589,0.453117,0.479429,0.396873,0.305125,0.513885,0.285575,0.479806,0.671594,0.659330,0.565828,0.333267,0.270869,0.310685,0.403252,0.482296,0.541260,0.631530,0.517340,-0.068482,0.057988,0.222137,0.076018,0.121428,0.133577,0.029990,-0.136532,-0.114743,-0.179659,-0.019705,-0.207171,0.477630,0.530594,0.721370,0.602037,0.085965,0.418921,0.142547,0.122987,0.508329,0.475615,0.353346,0.120723,0.428774,0.566759,0.481023,0.704097,0.436367,0.505383,0.278444,0.337485,0.456627,0.462659,0.528071,0.614436,0.066485,0.177295,0.389240,0.450105,0.428093,0.580468,0.416615,0.127527,0.417031,0.425954,0.199190,0.213403,-0.027390,-0.102328,-0.038570,0.088189,0.430516,0.041734,0.311915,0.439750,0.232483,0.192791,0.408808,0.451345,0.401033,0.406837,-0.244553,-0.074562,0.326247,0.374205,0.201175,-0.083580,0.051204,0.051211,0.132231,0.171973,-0.300987,-0.028754
0.582213,0.439409,0.000000,0.870969,0.889674,0.643249,0.877553,0.630615,0.788251,-0.102796,0.395453,0.425717,0.712180,0.177272,0.831923,0.855340,0.418910,0.248982,0.587091,0.172201,0.469616,0.521081,0.603784,0.846723,0.774516,0.636700,0.793684,0.713446,0.446646,0.045842,0.843740,0.609931,0.032785,-0.016021,0.103936,-0.254633,0.333365,0.433463,0.718970,0.665785,0.474189,0.514473,-0.671785,-0.594014,-0.243733,-0.559865,-0.389410,-0.483562,-0.616188,-0.789193,-0.742055,-0.829727,-0.647463,-0.799586,0.305413,0.572778,0.210644,-0.211748,-0.434822,0.057445,-0.380775,-0.441174,0.602282,0.217020,0.706494,-0.228364,0.187618,0.574615,-0.075450,0.455722,0.742075,0.778958,0.081932,0.053533,0.810778,0.749189,0.345478,0.577649,-0.362399,-0.366618,-0.038901,0.248540,0.798637,0.804698,0.442674,-0.456279,0.790830,0.871831,-0.145064,-0.198870,-0.457437,-0.478902,-0.541433,-0.285732,0.644933,-0.058083,0.229734,0.651113,0.331426,0.330157,0.768118,0.798220,0.816967,0.888043,-0.682712,-0.270456,0.795045,0.880421,0.333582,-0.448768,-0.187113,-0.169320,0.397374,0.014404,-0.809490,0.211281
0.715969,0.618940,0.870969,0.000000,0.827542,0.590326,0.883695,0.784897,0.740428,-0.057169,0.506238,0.560633,0.760337,0.298764,0.792823,0.813723,0.526376,0.321060,0.726454,0.361695,0.483496,0.546434,0.724518,0.863948,0.782506,0.665414,0.730123,0.673806,0.537263,0.119919,0.815897,0.702052,0.271926,0.154600,0.245703,-0.071515,0.400553,0.471303,0.700762,0.679950,0.551099,0.531623,-0.516113,-0.416089,-0.076516,-0.390602,-0.246864,-0.316010,-0.454114,-0.652995,-0.604771,-0.688550,-0.507374,-0.664503,0.366540,0.604036,0.415926,0.034306,-0.253095,0.231823,-0.197916,-0.260794,0.676250,0.349494,0.732081,-0.082643,0.349252,0.659189,0.109369,0.567883,0.722785,0.786949,0.164355,0.121603,0.772022,0.723348,0.438835,0.654415,-0.242991,-0.165698,0.132647,0.371893,0.753901,0.814719,0.514885,-0.250619,0.733925,0.804416,-0.078857,0.002379,-0.378444,-0.366776,-0.430449,-0.140253,0.635873,-0.036937,0.242652,0.635453,0.324691,0.323977,0.694309,0.789425,0.734556,0.817930,-0.579791,-0.155641,0.675619,0.783384,0.335971,-0.355459,-0.116645,-0.131550,0.368238,0.088632,-0.703975,0.129165
0.558239,0.406807,0.889674,0.827542,0.000000,0.741822,0.798239,0.558888,0.863885,0.083267,0.420637,0.463055,0.700772,0.189882,0.888910,0.893960,0.441395,0.260967,0.558868,0.144296,0.497086,0.573490,0.525764,0.799008,0.776154,0.718763,0.857667,0.797997,0.444604,0.023115,0.798530,0.587327,0.018851,-0.019263,0.119328,-0.233725,0.370818,0.489761,0.781247,0.733977,0.461841,0.499600,-0.641097,-0.562494,-0.195525,-0.526993,-0.354459,-0.455508,-0.581427,-0.754277,-0.704888,-0.788629,-0.637612,-0.747810,0.371020,0.655401,0.207778,-0.208631,-0.443401,0.054679,-0.376084,-0.418807,0.597664,0.233646,0.704608,-0.166371,0.204342,0.591247,-0.128513,0.453997,0.717550,0.783209,0.050451,-0.021622,0.870173,0.804046,0.319178,0.565739,-0.316383,-0.299578,0.000444,0.346081,0.847106,0.828873,0.527200,-0.336678,0.854609,0.890920,-0.132919,-0.071779,-0.467635,-0.419954,-0.546121,-0.192247,0.637130,-0.050854,0.238596,0.655240,0.315713,0.356037,0.713164,0.812871,0.779980,0.880600,-0.631760,-0.223617,0.753514,0.858131,0.311962,-0.468143,-0.149447,-0.194081,0.399719,-0.007097,-0.779325,0.200920
0.396428,0.229331,0.643249,0.590326,0.741822,0.000000,0.495304,0.339516,0.845187,0.520653,0.385154,0.256039,0.483252,0.079445,0.722058,0.703340,0.316326,0.040297,0.350207,0.060150,0.305994,0.550782,0.195073,0.549723,0.601989,0.735969,0.803593,0.830919,0.263122,-0.045295,0.541491,0.333139,-0.041956,0.059479,0.056230,-0.118429,0.288299,0.323730,0.563052,0.545719,0.307314,0.290258,-0.448551,-0.354675,-0.112615,-0.336354,-0.177115,-0.217749,-0.349749,-0.518391,-0.457242,-0.533236,-0.485346,-0.491476,0.276667,0.539122,0.116503,-0.209964,-0.338643,0.014593,-0.253450,-0.395692,0.345125,0.021827,0.462455,-0.155905,0.112442,0.417590,-0.131745,0.258070,0.497533,0.532815,-0.007585,-0.116753,0.690602,0.595068,0.180063,0.360937,-0.073739,-0.303074,0.024572,0.236024,0.634486,0.659754,0.405857,-0.150781,0.678874,0.641904,-0.194620,-0.015725,-0.357571,-0.219358,-0.456024,-0.215173,0.381834,-0.101195,0.069937,0.453944,0.193567,0.314503,0.365281,0.507216,0.439577,0.586221,-0.453797,-0.117114,0.462956,0.523788,0.185964,-0.355810,-0.229107,-0.145111,0.336825,-0.011370,-0.474097,0.106119
0.676194,0.548157,0.877553,0.883695,0.798239,0.495304,0.000000,0.768161,0.707771,-0.186378,0.515621,0.477848,0.800698,0.331893,0.754440,0.757983,0.501988,0.415352,0.692447,0.355491,0.440616,0.512409,0.759613,0.881894,0.783490,0.582530,0.675715,0.578156,0.529891,0.212628,0.813933,0.691364,0.240330,0.163834,0.283268,-0.055677,0.411039,0.471748,0.660211,0.598429,0.564567,0.576903,-0.502139,-0.421212,-0.078123,-0.395652,-0.236622,-0.334714,-0.445748,-0.638043,-0.593105,-0.702444,-0.468518,-0.686567,0.377443,0.541717,0.402123,0.003709,-0.206304,0.238489,-0.152363,-0.289814,0.700278,0.371207,0.734887,-0.059217,0.386502,0.669178,0.154416,0.592941,0.745265,0.739844,0.210154,0.224556,0.717746,0.666567,0.510038,0.666928,-0.242238,-0.261849,0.108323,0.304179,0.710608,0.785755,0.487069,-0.360270,0.655947,0.765233,0.036184,-0.158315,-0.310622,-0.420488,-0.350867,-0.178128,0.629796,-0.004506,0.324749,0.637863,0.362957,0.317947,0.790361,0.756000,0.814825,0.814575,-0.546671,-0.200265,0.725122,0.793477,0.348203,-0.339710,-0.067010,-0.104381,0.397247,0.177248,-0.707228,0.195744
0.696776,0.745788,0.630615,0.784897,0.558888,0.339516,0.768161,0.000000,0.511402,-0.130539,0.586678,0.573793,0.717513,0.570100,0.542739,0.558363,0.487417,0.378492,0.721675,0.552243,0.360469,0.428003,0.746536,0.747829,0.614314,0.495032,0.453743,0.392626,0.537613,0.292739,0.622653,0.685651,0.489831,0.361814,0.379740,0.174161,0.403541,0.414901,0.494026,0.510321,0.594008,0.520864,-0.209672,-0.096798,0.137508,-0.086069,-0.000800,-0.033742,-0.146725,-0.322030,-0.297499,-0.377866,-0.187655,-0.371079,0.371862,0.466844,0.573422,0.373422,0.021528,0.393287,0.072045,0.020710,0.612542,0.467652,0.557640,0.125306,0.455222,0.598734,0.325845,0.624436,0.577904,0.612558,0.299363,0.338893,0.510408,0.480946,0.548843,0.654922,-0.073220,-0.003240,0.292634,0.400993,0.501479,0.653076,0.427610,-0.042534,0.438250,0.512790,0.096364,0.058055,-0.119109,-0.214584,-0.103321,0.032324,0.501901,0.037459,0.275676,0.486022,0.278245,0.251686,0.571790,0.595454,0.561569,0.562179,-0.334385,-0.112403,0.469275,0.514066,0.266499,-0.133501,-0.009353,-0.021734,0.275027,0.258554,-0.437035,0.028658
0.501528,0.325371,0.788251,0.740428,0.863885,0.845187,0.707771,0.511402,0.000000,0.313095,0.471109,0.373507,0.672521,0.178288,0.823899,0.794688,0.438379,0.232793,0.486372,0.142034,0.369962,0.577554,0.434292,0.733243,0.725586,0.732772,0.823170,0.808360,0.375443,0.040067,0.683474,0.497989,0.028172,0.067054,0.173563,-0.107505,0.393284,0.462618,0.684343,0.625410,0.408413,0.427541,-0.505554,-0.422911,-0.100276,-0.407217,-0.219868,-0.311425,-0.432874,-0.615404,-0.563968,-0.654049,-0.527873,-0.609821,0.368619,0.606167,0.212987,-0.174243,-0.324310,0.093695,-0.241860,-0.386260,0.541365,0.191151,0.634423,-0.086218,0.257818,0.575751,-0.056069,0.422830,0.638768,0.667512,0.072683,-0.021721,0.783422,0.684045,0.339166,0.520381,-0.162514,-0.299684,0.054043,0.312430,0.745321,0.781054,0.513436,-0.236959,0.749536,0.762064,-0.083602,-0.034103,-0.382012,-0.322416,-0.437509,-0.168510,0.504349,-0.066983,0.198820,0.567360,0.278949,0.344514,0.591737,0.680418,0.655323,0.746731,-0.497470,-0.155475,0.623506,0.694336,0.262956,-0.409827,-0.129540,-0.167338,0.412552,0.069686,-0.623026,0.172811
0.133888,-0.061473,-0.102796,-0.057169,0.083267,0.520653,-0.186378,-0.130539,0.313095,0.000000,0.279438,0.124167,-0.006064,0.069869,0.167450,0.108007,0.067729,-0.001003,0.012125,0.050531,-0.011764,0.221686,-0.269975,-0.082674,0.118563,0.416771,0.265928,0.431644,-0.019132,-0.051801,-0.172389,-0.020353,0.114117,0.187244,0.101412,0.176133,0.122969,0.197661,0.089703,0.103727,0.076022,-0.017854,0.175966,0.217379,0.233510,0.246701,0.244841,0.274158,0.243251,0.162053,0.219937,0.175677,0.101350,0.201252,0.184837,0.223152,0.142110,0.065785,0.139378,0.108730,0.213522,0.118866,-0.033193,0.041571,-0.010996,0.225302,0.097898,0.126194,-0.005113,-0.031287,-0.009455,-0.026431,0.042395,-0.087704,0.156679,0.129700,0.006983,0.016219,0.284156,0.125374,0.215307,0.277185,0.069890,0.137372,0.278140,0.353428,0.142972,0.003816,-0.030864,0.259592,0.057276,0.250430,0.004750,0.059928,-0.136360,-0.071600,-0.111633,-0.024776,-0.019359,0.142537,-0.289830,-0.107663,-0.230691,-0.112616,0.179595,0.159235,-0.193625,-0.208404,-0.040221,0.018595,0.027875,0.017543,0.102967,0.027903,0.234042,-0.102643
0.669887,0.525967,0.395453,0.506238,0.420637,0.385154,0.515621,0.586678,0.471109,0.279438,0.000000,0.558332,0.731734,0.535019,0.523287,0.416330,0.603394,0.506480,0.641241,0.520059,0.359481,0.582049,0.489780,0.518862,0.576557,0.632786,0.451244,0.438079,0.600310,0.475746,0.458801,0.644271,0.570819,0.572904,0.510763,0.409513,0.529926,0.528113,0.437200,0.418477,0.627397,0.517643,0.007005,0.097871,0.273913,0.124284,0.178762,0.155489,0.068408,-0.114868,-0.039734,-0.179084,0.025100,-0.193941,0.443406,0.409678,0.613259,0.348978,0.214321,0.412283,0.392800,0.175568,0.667086,0.525227,0.492800,0.331785,0.482057,0.572338,0.334853,0.480601,0.571386,0.521232,0.503944,0.511126,0.458081,0.421414,0.661792,0.650768,0.282937,0.160815,0.566356,0.503089,0.445989,0.583376,0.611647,0.107428,0.353472,0.344564,0.286778,0.042787,0.051021,-0.059140,0.031805,-0.063092,0.321758,0.039727,0.313126,0.419648,0.300213,0.269469,0.347829,0.318335,0.348016,0.334977,-0.072388,-0.047295,0.305177,0.259782,0.176556,-0.002939,0.171998,0.085818,0.272792,0.284400,-0.172024,0.029643
0.647042,0.560819,0.425717,0.560633,0.463055,0.256039,0.477848,0.573793,0.373507,0.124167,0.558332,0.000000,0.512566,0.479398,0.531378,0.562065,0.402235,0.480970,0.562225,0.345235,0.519232,0.352923,0.542493,0.529197,0.586538,0.538172,0.416739,0.495621,0.473209,0.215989,0.429915,0.696693,0.470784,0.120309,0.292045,-0.015903,0.307328,0.586453,0.561113,0.600361,0.494947,0.391487,-0.210053,-0.164971,0.092207,-0.069487,-0.090355,-0.137506,-0.187431,-0.283708,-0.237497,-0.311517,-0.165484,-0.284955,0.416288,0.465810,0.477550,0.296432,-0.012408,0.370865,0.067595,0.329165,0.549549,0.673785,0.495175,0.350095,0.310655,0.502129,0.009619,0.432776,0.565947,0.634164,0.210172,0.254888,0.538233,0.612167,0.333341,0.518183,-0.144612,0.338471,0.380483,0.622838,0.547184,0.594860,0.579584,0.110843,0.534654,0.521594,0.059695,0.312192,-0.178475,-0.182487,-0.191733,0.012968,0.457392,0.097013,0.216085,0.390606,0.211683,0.211034,0.382564,0.508402,0.397949,0.473650,-0.252835,-0.128168,0.323525,0.447085,0.240052,-0.083777,0.155901,-0.039435,0.193659,0.015458,-0.336986,-0.046904
0.679376,0.559603,0.712180,0.760337,0.700772,0.483252,0.800698,0.717513,0.672521,-0.006064,0.731734,0.512566,0.000000,0.513967,0.748967,0.670498,0.682917,0.536463,0.725943,0.456121,0.460797,0.640166,0.698955,0.792419,0.726872,0.659246,0.626250,0.518075,0.664037,0.397487,0.731592,0.695177,0.377502,0.384244,0.488080,0.217327,0.587560,0.544939,0.624422,0.584914,0.642056,0.601980,-0.290773,-0.201470,0.077179,-0.201731,-0.030593,-0.111276,-0.221145,-0.421768,-0.361982,-0.495341,-0.246068,-0.481072,0.498491,0.574824,0.519334,0.164625,-0.026138,0.342565,0.084976,-0.137099,0.795594,0.473201,0.730139,0.147953,0.510096,0.688924,0.264968,0.615717,0.694203,0.697537,0.351786,0.343049,0.668395,0.612775,0.669269,0.759033,0.018485,-0.081720,0.349204,0.474267,0.668772,0.760028,0.620706,-0.093705,0.578424,0.637516,0.199801,0.004855,-0.151894,-0.239689,-0.177355,-0.033275,0.576468,0.046090,0.415488,0.645569,0.402997,0.353306,0.671286,0.662663,0.685341,0.680244,-0.346698,-0.114097,0.602645,0.621188,0.307830,-0.188501,0.076259,0.002876,0.395725,0.280763,-0.517854,0.146105
0.443278,0.518874,0.177272,0.298764,0.189882,0.079445,0.331893,0.570100,0.178288,0.069869,0.535019,0.479398,0.513967,0.000000,0.275580,0.267655,0.356688,0.469528,0.468578,0.553777,0.272688,0.280667,0.431252,0.398631,0.353421,0.345345,0.153727,0.103928,0.451915,0.389199,0.214237,0.482250,0.507222,0.411270,0.482617,0.328672,0.415252,0.441409,0.274636,0.292773,0.544911,0.465660,0.147895,0.206028,0.316051,0.217268,0.262556,0.226885,0.200541,0.107837,0.135297,0.048903,0.205798,0.058022,0.471782,0.361128,0.555452,0.540332,0.267892,0.441411,0.288997,0.301865,0.444908,0.568319,0.274445,0.412541,0.466165,0.433743,0.369106,0.564108,0.339624,0.317654,0.322736,0.407454,0.230378,0.239139,0.521973,0.534643,0.108757,0.223661,0.406216,0.568935,0.233064,0.369271,0.426479,0.315205,0.153794,0.161010,0.307827,0.159393,0.196485,0.048404,0.240219,0.339020,0.288202,0.141040,0.336467,0.277008,0.219293,0.204774,0.326611,0.308998,0.296355,0.216124,0.059000,-0.019036,0.168875,0.154882,0.161145,0.123864,0.270991,0.112852,0.152268,0.295925,-0.053183,-0.053473
0.627761,0.461867,0.831923,0.792823,0.888910,0.722058,0.754440,0.542739,0.823899,0.167450,0.523287,0.531378,0.748967,0.275580,0.000000,0.899381,0.560264,0.354898,0.636524,0.247179,0.589882,0.646248,0.490299,0.763241,0.774042,0.790972,0.873522,0.809161,0.572999,0.144441,0.759201,0.619437,0.121621,0.108448,0.226981,-0.114810,0.449835,0.556046,0.834871,0.789058,0.552537,0.570336,-0.547698,-0.466623,-0.117683,-0.433283,-0.251090,-0.344467,-0.494937,-0.681394,-0.610217,-0.719982,-0.532674,-0.683331,0.471191,0.710151,0.313947,-0.119580,-0.378762,0.081790,-0.269498,-0.332956,0.671842,0.319354,0.711907,-0.073656,0.260517,0.633281,-0.053544,0.498057,0.710038,0.778021,0.133854,0.057607,0.903410,0.849654,0.413018,0.652259,-0.182360,-0.181501,0.136696,0.461850,0.883977,0.864657,0.629161,-0.233336,0.876773,0.880083,-0.052187,-0.007206,-0.389371,-0.334891,-0.490832,-0.170925,0.666552,0.020856,0.314610,0.686776,0.355996,0.389865,0.666062,0.776209,0.732726,0.837590,-0.578085,-0.198244,0.709685,0.804352,0.319245,-0.378564,-0.068424,-0.116389,0.418924,0.029040,-0.709508,0.161086
0.591252,0.467816,0.855340,0.813723,0.893960,0.703340,0.757983,0.558363,0.794688,0.108007,0.416330,0.562065,0.670498,0.267655,0.899381,0.000000,0.450094,0.261351,0.598842,0.196101,0.563182,0.554607,0.509339,0.784701,0.767160,0.748891,0.849056,0.813938,0.486427,0.016736,0.757987,0.641652,0.069347,-0.002402,0.098548,-0.259187,0.333945,0.513171,0.813002,0.793002,0.507346,0.515290,-0.654063,-0.571157,-0.225653,-0.529490,-0.376497,-0.457407,-0.593639,-0.753463,-0.702391,-0.779555,-0.633665,-0.739965,0.397223,0.677727,0.245521,-0.167232,-0.481699,0.025498,-0.400073,-0.366789,0.587048,0.275366,0.664953,-0.161464,0.171957,0.569606,-0.127157,0.472008,0.686805,0.789463,0.036279,-0.025993,0.898129,0.856034,0.298182,0.588785,-0.340116,-0.221146,0.014356,0.404254,0.871098,0.846675,0.529915,-0.287924,0.899028,0.911340,-0.155954,-0.012368,-0.499492,-0.439551,-0.580443,-0.193770,0.659879,-0.015994,0.226270,0.637681,0.262020,0.303304,0.671083,0.809531,0.734416,0.861894,-0.669088,-0.232812,0.715352,0.856904,0.320797,-0.451376,-0.161323,-0.211945,0.327884,-0.085931,-0.774658,0.177624
0.492118,0.457534,0.418910,0.526376,0.441395,0.316326,0.501988,0.487417,0.438379,0.067729,0.603394,0.402235,0.682917,0.356688,0.560264,0.450094,0.000000,0.594092,0.586548,0.377668,0.444187,0.548579,0.528574,0.509853,0.506679,0.538264,0.419049,0.338222,0.785534,0.539669,0.525229,0.496651,0.441521,0.458789,0.485169,0.339957,0.650472,0.434955,0.491825,0.464122,0.462925,0.477027,-0.083857,-0.005355,0.196151,0.006136,0.112615,0.067041,-0.038665,-0.192638,-0.154602,-0.249134,-0.105605,-0.235862,0.373534,0.440981,0.493148,0.226463,0.082558,0.331102,0.215436,-0.018022,0.787921,0.458087,0.597512,0.251910,0.467979,0.582537,0.318400,0.480546,0.399646,0.460454,0.440210,0.351728,0.466829,0.475275,0.541187,0.609959,0.259314,0.166619,0.389802,0.477274,0.516105,0.555777,0.481327,0.111390,0.378396,0.422110,0.091248,0.167474,-0.123846,-0.054594,-0.153659,0.049719,0.471317,0.182704,0.357550,0.490042,0.280446,0.231994,0.329200,0.434929,0.364164,0.416713,-0.196365,0.009100,0.351230,0.360279,0.158164,0.022015,0.122386,0.052648,0.303606,0.231683,-0.309694,-0.000442
0.479598,0.369452,0.248982,0.321060,0.260967,0.040297,0.415352,0.378492,0.232793,-0.001003,0.506480,0.480970,0.536463,0.469528,0.354898,0.261351,0.594092,0.000000,0.505882,0.458189,0.296279,0.335485,0.476183,0.386727,0.419833,0.304493,0.217960,0.140529,0.518653,0.580596,0.278869,0.470561,0.511822,0.382938,0.483220,0.298247,0.536894,0.574566,0.371124,0.304837,0.494745,0.484181,0.112195,0.137510,0.337873,0.175982,0.232265,0.130959,0.117219,0.006985,0.023521,-0.084801,0.119881,-0.076886,0.459215,0.353049,0.558840,0.373265,0.298743,0.472915,0.338130,0.235754,0.635842,0.748273,0.463068,0.508056,0.549389,0.602396,0.366037,0.556113,0.350718,0.277426,0.401137,0.474525,0.284945,0.376546,0.527898,0.511863,0.113967,0.262782,0.403267,0.591043,0.312019,0.433642,0.507697,0.132244,0.197931,0.257126,0.360447,0.120479,0.104909,-0.029240,0.137100,0.213876,0.364701,0.200125,0.418021,0.369606,0.308271,0.236706,0.400346,0.338107,0.413110,0.308321,0.073024,0.127532,0.216887,0.250103,0.253485,0.113659,0.382965,0.122949,0.316264,0.404603,-0.105740,0.059208
0.847596,0.779363,0.587091,0.726454,0.558868,0.350207,0.692447,0.721675,0.486372,0.012125,0.641241,0.562225,0.725943,0.468578,0.636524,0.598842,0.586548,0.505882,0.000000,0.760099,0.360704,0.556277,0.624117,0.663120,0.570684,0.602572,0.543965,0.430409,0.603347,0.316600,0.579585,0.723134,0.623246,0.585332,0.390696,0.266503,0.442570,0.514758,0.607493,0.631499,0.721205,0.641459,-0.153200,-0.025289,0.187626,-0.017373,0.082771,0.061868,-0.067050,-0.272233,-0.231345,-0.328368,-0.117433,-0.338633,0.523515,0.616978,0.753256,0.421541,0.055094,0.373166,0.140574,-0.022579,0.665624,0.520761,0.520097,0.124820,0.508748,0.683095,0.503313,0.743516,0.545440,0.595737,0.335048,0.351040,0.610688,0.606598,0.629557,0.716432,0.033290,0.113116,0.392752,0.523270,0.564648,0.706765,0.557059,0.043237,0.549339,0.567888,0.229397,0.161179,-0.084352,-0.133059,-0.105590,0.077001,0.519304,0.024138,0.329140,0.553399,0.314119,0.286374,0.517269,0.570188,0.529492,0.544437,-0.280593,0.004792,0.434643,0.504348,0.318611,-0.165778,0.055486,0.032350,0.268036,0.239847,-0.391470,0.015758
0.688020,0.733157,0.172201,0.361695,0.144296,0.060150,0.355491,0.552243,0.142034,0.050531,0.520059,0.345235,0.456121,0.553777,0.247179,0.196101,0.377668,0.458189,0.760099,0.000000,0.138829,0.322965,0.390774,0.337919,0.255278,0.329968,0.176909,0.070060,0.417307,0.366601,0.188578,0.499490,0.758039,0.754375,0.474155,0.530717,0.352300,0.409099,0.285360,0.330201,0.661304,0.521269,0.286142,0.396375,0.480912,0.387298,0.436805,0.449893,0.373727,0.207442,0.229481,0.146680,0.313931,0.098432,0.532591,0.439175,0.843660,0.732260,0.400073,0.481036,0.408905,0.218643,0.409614,0.485144,0.190238,0.290408,0.590299,0.539953,0.771714,0.757550,0.241046,0.238234,0.309524,0.419830,0.231229,0.241597,0.623175,0.569187,0.262956,0.284247,0.498536,0.458437,0.167596,0.389375,0.417498,0.325177,0.150195,0.136906,0.454186,0.271426,0.286353,0.156694,0.326391,0.315377,0.227566,0.052093,0.323369,0.311265,0.238375,0.201150,0.267993,0.228787,0.235446,0.141825,0.114325,0.152247,0.076593,0.078543,0.170931,0.091503,0.259457,0.210594,0.122050,0.378095,0.023931,-0.088736
0.409670,0.325324,0.469616,0.483496,0.497086,0.305994,0.440616,0.360469,0.369962,-0.011764,0.359481,0.519232,0.460797,0.272688,0.589882,0.563182,0.444187,0.296279,0.360704,0.138829,0.000000,0.356675,0.404208,0.465890,0.586692,0.557425,0.509849,0.504276,0.648530,0.355463,0.561231,0.488167,0.169894,-0.032404,0.251929,-0.099925,0.362997,0.425824,0.636133,0.563368,0.448967,0.441306,-0.268057,-0.246022,0.000441,-0.178838,-0.108527,-0.178128,-0.337184,-0.411250,-0.322280,-0.425570,-0.244385,-0.373025,0.348789,0.404899,0.191376,0.023125,-0.222490,0.069711,-0.157034,0.048549,0.510412,0.356600,0.472144,0.031624,0.132210,0.361502,-0.154562,0.298690,0.565887,0.593949,0.136845,0.165443,0.545650,0.560810,0.286030,0.491127,0.023096,0.236979,0.347366,0.459979,0.676698,0.560107,0.470141,-0.115137,0.521099,0.525570,-0.102820,-0.007889,-0.113893,-0.113191,-0.251209,-0.086124,0.650839,0.356105,0.416052,0.491940,0.365368,0.346315,0.414269,0.480543,0.464505,0.522033,-0.363402,-0.319382,0.461549,0.481993,0.087184,0.111425,0.121280,0.093018,0.331956,0.010423,-0.416924,0.039525
0.500273,0.409618,0.521081,0.546434,0.573490,0.550782,0.512409,0.428003,0.577554,0.221686,0.582049,0.352923,0.640166,0.280667,0.646248,0.554607,0.548579,0.335485,0.556277,0.322965,0.356675,0.000000,0.372806,0.513711,0.582614,0.707910,0.673882,0.529847,0.553581,0.370802,0.575750,0.496987,0.269467,0.375261,0.407833,0.243024,0.647750,0.405009,0.578277,0.540269,0.567561,0.549623,-0.173935,-0.082387,0.127044,-0.105679,0.051260,0.021738,-0.127204,-0.307021,-0.228557,-0.346488,-0.196294,-0.350976,0.394846,0.507280,0.370828,0.095263,-0.096839,0.182883,0.081886,-0.143275,0.585894,0.245965,0.550488,0.079447,0.358839,0.524662,0.153572,0.390938,0.573128,0.603221,0.287397,0.207557,0.585890,0.526054,0.551344,0.627477,0.193438,-0.031674,0.415583,0.410918,0.615983,0.622426,0.559267,0.024360,0.526705,0.508774,0.100181,0.007974,-0.080646,-0.035111,-0.157314,-0.084563,0.498140,0.103923,0.358855,0.548170,0.346120,0.356709,0.405730,0.459753,0.427603,0.489514,-0.242602,0.134571,0.345731,0.422692,0.470705,-0.043577,0.007620,0.078423,0.346824,0.231622,-0.271167,0.212790
0.570653,0.534973,0.603784,0.724518,0.525764,0.195073,0.759613,0.746536,0.434292,-0.269975,0.489780,0.542493,0.698955,0.431252,0.490299,0.509339,0.528574,0.476183,0.624117,0.390774,0.404208,0.372806,0.000000,0.768265,0.659184,0.402602,0.359487,0.315835,0.545959,0.278919,0.650077,0.706001,0.432788,0.231214,0.391973,0.086489,0.409088,0.400828,0.450482,0.416346,0.497552,0.474103,-0.279900,-0.216339,0.029941,-0.185792,-0.135885,-0.207800,-0.252778,-0.387660,-0.366143,-0.445663,-0.245386,-0.433520,0.292809,0.315732,0.473494,0.227673,0.025123,0.384505,0.068824,0.006228,0.690091,0.486959,0.634005,0.146454,0.461838,0.549213,0.272616,0.580859,0.592464,0.608309,0.306266,0.329590,0.447019,0.449336,0.537573,0.613640,-0.155063,0.014621,0.222698,0.314607,0.475749,0.552977,0.406908,-0.137561,0.369203,0.489351,0.098467,0.000587,-0.184066,-0.316010,-0.146380,0.016090,0.499153,0.078611,0.303068,0.447819,0.266690,0.157449,0.604156,0.568978,0.589567,0.560720,-0.323488,-0.110576,0.472551,0.546584,0.282938,-0.132490,0.057837,-0.060595,0.240730,0.207295,-0.473074,0.132940
0.639358,0.543589,0.846723,0.863948,0.799008,0.549723,0.881894,0.747829,0.733243,-0.082674,0.518862,0.529197,0.792419,0.398631,0.763241,0.784701,0.509853,0.386727,0.663120,0.337919,0.465890,0.513711,0.768265,0.000000,0.811586,0.649445,0.678245,0.628866,0.528412,0.167765,0.785846,0.745251,0.234218,0.143837,0.312110,-0.060667,0.434149,0.514040,0.656655,0.609146,0.576217,0.567955,-0.519855,-0.445347,-0.114613,-0.408226,-0.248544,-0.341083,-0.451975,-0.631369,-0.581795,-0.686380,-0.467689,-0.654885,0.405984,0.545577,0.394629,0.011823,-0.229905,0.226180,-0.175751,-0.259383,0.694960,0.370620,0.747457,-0.024075,0.376516,0.649306,0.118519,0.589143,0.728334,0.762353,0.169998,0.169995,0.727088,0.674892,0.509284,0.682864,-0.260894,-0.227320,0.100236,0.366703,0.722333,0.794201,0.510610,-0.276198,0.671491,0.760537,0.003535,-0.078230,-0.338331,-0.429951,-0.356432,-0.167619,0.601518,-0.018258,0.282893,0.604077,0.325754,0.279606,0.769720,0.748339,0.780851,0.801185,-0.551303,-0.229694,0.697777,0.777390,0.328431,-0.341130,-0.058922,-0.111092,0.356979,0.105415,-0.696792,0.155906
0.644424,0.453117,0.774516,0.782506,0.776154,0.601989,0.783490,0.614314,0.725586,0.118563,0.576557,0.586538,0.726872,0.353421,0.774042,0.767160,0.506679,0.419833,0.570684,0.255278,0.586692,0.582614,0.659184,0.811586,0.000000,0.770251,0.722875,0.723415,0.568549,0.234000,0.780852,0.723823,0.252841,0.106746,0.347230,-0.052866,0.492608,0.596169,0.669492,0.597781,0.579859,0.521743,-0.451994,-0.385151,-0.021872,-0.300830,-0.189680,-0.277127,-0.391944,-0.576213,-0.503906,-0.635866,-0.437590,-0.613449,0.406565,0.534651,0.356189,-0.006168,-0.171146,0.270721,-0.093457,-0.138673,0.698854,0.412463,0.734038,0.065603,0.361959,0.660911,0.026424,0.505680,0.800822,0.778436,0.234435,0.212395,0.727524,0.692291,0.493539,0.683974,-0.144661,-0.124422,0.223891,0.440006,0.728293,0.774560,0.585584,-0.249929,0.664953,0.730144,-0.034061,-0.099843,-0.286678,-0.345985,-0.365348,-0.211128,0.592194,0.009307,0.300029,0.584425,0.358864,0.342709,0.661512,0.664083,0.699612,0.743429,-0.498043,-0.234270,0.640552,0.699596,0.355512,-0.205009,-0.002925,-0.068355,0.408658,0.085890,-0.607662,0.161211
0.631710,0.479429,0.636700,0.665414,0.718763,0.735969,0.582530,0.495032,0.732772,0.416771,0.632786,0.538172,0.659246,0.345345,0.790972,0.748891,0.538264,0.304493,0.602572,0.329968,0.557425,0.707910,0.402602,0.649445,0.770251,0.000000,0.793813,0.783847,0.581703,0.221833,0.656642,0.673036,0.302589,0.291394,0.321592,0.066634,0.507492,0.527777,0.689772,0.666029,0.603173,0.505674,-0.330057,-0.230551,0.021905,-0.183258,-0.070175,-0.104170,-0.265399,-0.444085,-0.362060,-0.480425,-0.343287,-0.448062,0.437615,0.620195,0.394946,0.056339,-0.203416,0.174640,-0.056245,-0.107725,0.606485,0.342284,0.583977,0.061510,0.294287,0.587691,0.037351,0.441196,0.670244,0.715810,0.278002,0.168514,0.743660,0.695333,0.465149,0.648478,0.052865,0.010814,0.342234,0.517241,0.735370,0.753406,0.606048,-0.032442,0.704836,0.668672,-0.077128,0.058696,-0.232689,-0.157480,-0.350235,-0.122943,0.543726,0.057140,0.269333,0.560195,0.319495,0.379466,0.428950,0.571450,0.488183,0.613387,-0.413590,-0.121016,0.478015,0.543758,0.313991,-0.150031,-0.041627,-0.022661,0.377319,0.060106,-0.441155,0.105210
0.569059,0.396873,0.793684,0.730123,0.857667,0.803593,0.675715,0.453743,0.823170,0.265928,0.451244,0.416739,0.626250,0.153727,0.873522,0.849056,0.419049,0.217960,0.543965,0.176909,0.509849,0.673882,0.359487,0.678245,0.722875,0.793813,0.000000,0.847329,0.449527,0.092090,0.704584,0.515600,0.043506,0.088884,0.130338,-0.149644,0.374881,0.438175,0.774848,0.739095,0.495174,0.509244,-0.540581,-0.452530,-0.135951,-0.421211,-0.253068,-0.318938,-0.478162,-0.662833,-0.588392,-0.690518,-0.545190,-0.657517,0.393179,0.662683,0.229150,-0.176227,-0.404796,0.019258,-0.302105,-0.381439,0.515601,0.182615,0.602697,-0.173172,0.166052,0.546806,-0.103782,0.401468,0.668893,0.710056,0.059112,-0.015987,0.848385,0.771000,0.316542,0.538161,-0.139348,-0.240884,0.110222,0.352647,0.830423,0.798532,0.547934,-0.255075,0.837934,0.819934,-0.115372,-0.069775,-0.384458,-0.313264,-0.506363,-0.259642,0.608096,0.015702,0.258564,0.627720,0.300125,0.371566,0.577753,0.673796,0.653071,0.770627,-0.563950,-0.152536,0.622867,0.731548,0.335262,-0.359105,-0.160464,-0.138341,0.388472,0.011130,-0.627837,0.190513
0.517429,0.305125,0.713446,0.673806,0.797997,0.830919,0.578156,0.392626,0.808360,0.431644,0.438079,0.495621,0.518075,0.103928,0.809161,0.813938,0.338222,0.140529,0.430409,0.070060,0.504276,0.529847,0.315835,0.628866,0.723415,0.783847,0.847329,0.000000,0.356511,-0.026436,0.600281,0.504810,0.032301,-0.023270,0.073014,-0.212184,0.263349,0.458802,0.695354,0.667247,0.393229,0.370617,-0.546195,-0.472633,-0.169700,-0.412343,-0.298641,-0.351232,-0.486959,-0.651337,-0.569985,-0.661113,-0.568926,-0.625092,0.307567,0.560950,0.159666,-0.227515,-0.407590,0.007253,-0.298173,-0.298524,0.440886,0.166693,0.562657,-0.106545,0.092164,0.472922,-0.212069,0.265898,0.609502,0.664431,0.010214,-0.070725,0.802218,0.746124,0.186365,0.430214,-0.179016,-0.200006,0.083053,0.353652,0.762358,0.755697,0.532005,-0.221253,0.805578,0.767841,-0.197751,-0.033448,-0.441392,-0.338754,-0.545700,-0.326214,0.476495,-0.062481,0.090212,0.484155,0.191271,0.281935,0.442851,0.583729,0.515493,0.674606,-0.538107,-0.225433,0.550614,0.641134,0.200464,-0.379444,-0.189762,-0.195597,0.311455,-0.110489,-0.594830,0.090399
0.539889,0.513885,0.446646,0.537263,0.444604,0.263122,0.529891,0.537613,0.375443,-0.019132,0.600310,0.473209,0.664037,0.451915,0.572999,0.486427,0.785534,0.518653,0.603347,0.417307,0.648530,0.553581,0.545959,0.528412,0.568549,0.581703,0.449527,0.356511,0.000000,0.657757,0.580201,0.575652,0.431919,0.391586,0.431025,0.216465,0.595186,0.424870,0.537188,0.478123,0.588337,0.568291,-0.104404,-0.029914,0.164967,0.025327,0.075691,0.034848,-0.089663,-0.218364,-0.154813,-0.274489,-0.071669,-0.246301,0.391172,0.428128,0.485726,0.269568,0.019771,0.258271,0.145713,0.069824,0.737630,0.473679,0.531002,0.194907,0.357222,0.498455,0.233743,0.478612,0.503285,0.546072,0.474192,0.434021,0.469369,0.480107,0.535744,0.647418,0.305413,0.231643,0.481306,0.496651,0.587902,0.568803,0.475121,0.013075,0.390939,0.434601,0.039987,0.047491,-0.011247,-0.006569,-0.116638,0.018388,0.594511,0.360385,0.500637,0.528065,0.381545,0.330133,0.380972,0.439036,0.413317,0.437232,-0.240676,-0.108304,0.371577,0.387457,0.147293,0.167893,0.122818,0.151683,0.370055,0.213308,-0.314691,-0.023492
0.272349,0.285575,0.045842,0.119919,0.023115,-0.045295,0.212628,0.292739,0.040067,-0.051801,0.475746,0.215989,0.397487,0.389199,0.144441,0.016736,0.539669,0.580596,0.316600,0.366601,0.355463,0.370802,0.278919,0.167765,0.234000,0.221833,0.092090,-0.026436,0.657757,0.000000,0.188522,0.281071,0.424146,0.478458,0.433436,0.419824,0.513664,0.243777,0.167560,0.091313,0.394205,0.376077,0.267175,0.297951,0.359659,0.319119,0.323112,0.312129,0.258105,0.185433,0.213678,0.104681,0.266332,0.081992,0.238947,0.079399,0.396641,0.387536,0.314260,0.308958,0.422400,0.237302,0.453296,0.424873,0.187892,0.320287,0.355973,0.290161,0.368609,0.315172,0.223764,0.120225,0.455204,0.588808,0.020374,0.052328,0.441173,0.349594,0.559745,0.315892,0.568308,0.312315,0.187125,0.231068,0.260446,0.092540,-0.071491,-0.039898,0.302119,-0.054833,0.295702,0.153403,0.261302,0.036252,0.323566,0.499469,0.529807,0.265385,0.256109,0.175446,0.134049,0.006406,0.121830,0.011370,0.157611,0.101474,0.000548,-0.043518,0.085784,0.467306,0.254032,0.280584,0.212142,0.391307,0.148523,-0.005026
0.557055,0.479806,0.843740,0.815897,0.798530,0.541491,0.813933,0.622653,0.683474,-0.172389,0.458801,0.429915,0.731592,0.214237,0.759201,0.757987,0.525229,0.278869,0.579585,0.188578,0.561231,0.575750,0.650077,0.785846,0.780852,0.656642,0.704584,0.600281,0.580201,0.188522,0.000000,0.670953,0.155526,0.090070,0.197523,-0.139181,0.403404,0.394389,0.649984,0.595532,0.480075,0.485756,-0.574621,-0.492433,-0.203581,-0.458849,-0.314165,-0.392375,-0.547382,-0.690131,-0.636908,-0.729123,-0.528200,-0.691993,0.279452,0.507085,0.229184,-0.114527,-0.358636,0.101001,-0.271820,-0.304343,0.658458,0.263612,0.680373,-0.167741,0.207698,0.543234,-0.041322,0.447420,0.776470,0.805101,0.245538,0.197419,0.707879,0.663682,0.439407,0.643791,-0.212720,-0.200322,0.104904,0.258783,0.742264,0.725941,0.387218,-0.398065,0.669386,0.765483,-0.162102,-0.194129,-0.350070,-0.364374,-0.475529,-0.228462,0.659430,-0.004908,0.286709,0.645666,0.400850,0.368060,0.683168,0.723013,0.733512,0.804716,-0.626310,-0.319730,0.753333,0.791617,0.312223,-0.274957,-0.126218,-0.053691,0.422672,0.024941,-0.726869,0.206668
0.709271,0.671594,0.609931,0.702052,0.587327,0.333139,0.691364,0.685651,0.497989,-0.020353,0.644271,0.696693,0.695177,0.482250,0.619437,0.641652,0.496651,0.470561,0.723134,0.499490,0.488167,0.496987,0.706001,0.745251,0.723823,0.673036,0.515600,0.504810,0.575652,0.281071,0.670953,0.000000,0.538500,0.352631,0.345977,0.067367,0.388115,0.535405,0.577342,0.579204,0.646952,0.544457,-0.310310,-0.226658,-0.005384,-0.177140,-0.121032,-0.162651,-0.270352,-0.408581,-0.363635,-0.459617,-0.251785,-0.446186,0.409639,0.469344,0.541814,0.260322,-0.094732,0.289257,0.020745,0.056041,0.657464,0.536421,0.566142,0.128652,0.374433,0.586239,0.212123,0.585148,0.685172,0.736059,0.382877,0.397790,0.602849,0.609553,0.576045,0.715491,-0.125133,0.141315,0.347380,0.466858,0.596393,0.687673,0.490376,-0.109408,0.551649,0.589010,0.083429,0.041025,-0.178038,-0.290717,-0.203549,-0.060203,0.521056,0.036719,0.281079,0.498947,0.292115,0.225961,0.559635,0.585059,0.559869,0.585726,-0.383921,-0.170984,0.490515,0.567009,0.287355,-0.161187,0.059740,-0.007692,0.237711,0.085175,-0.477069,0.094867
0.635069,0.659330,0.032785,0.271926,0.018851,-0.041956,0.240330,0.489831,0.028172,0.114117,0.570819,0.470784,0.377502,0.507222,0.121621,0.069347,0.441521,0.511822,0.623246,0.758039,0.169894,0.269467,0.432788,0.234218,0.252841,0.302589,0.043506,0.032301,0.431919,0.424146,0.155526,0.538500,0.000000,0.725482,0.560189,0.579886,0.373401,0.438478,0.196242,0.235541,0.562942,0.408276,0.393747,0.480788,0.548587,0.505769,0.478475,0.490757,0.436229,0.299072,0.340902,0.243974,0.393718,0.209149,0.457589,0.300677,0.791710,0.766445,0.554208,0.641631,0.610992,0.511696,0.459555,0.618669,0.232083,0.512185,0.618029,0.526669,0.657537,0.589354,0.281133,0.243599,0.473807,0.549188,0.090258,0.157147,0.590251,0.504826,0.325181,0.498301,0.649821,0.493654,0.076405,0.294100,0.430121,0.418627,0.011035,0.013205,0.385680,0.321492,0.339337,0.241361,0.344457,0.281612,0.181501,0.137153,0.309035,0.258119,0.273015,0.204866,0.103164,0.102233,0.076782,0.020888,0.232082,0.127835,-0.029292,-0.061978,0.081040,0.229672,0.375595,0.290563,0.139359,0.402539,0.154684,-0.138305
0.478248,0.565828,-0.016021,0.154600,-0.019263,0.059479,0.163834,0.361814,0.067054,0.187244,0.572904,0.120309,0.384244,0.411270,0.108448,-0.002402,0.458789,0.382938,0.585332,0.754375,-0.032404,0.375261,0.231214,0.143837,0.106746,0.291394,0.088884,-0.023270,0.391586,0.478458,0.090070,0.352631,0.725482,0.000000,0.452837,0.697339,0.366178,0.211098,0.095455,0.127892,0.497117,0.381626,0.385580,0.504242,0.451212,0.453545,0.483526,0.547024,0.479288,0.330086,0.352926,0.273531,0.386425,0.203417,0.348071,0.239217,0.709732,0.631490,0.446206,0.406162,0.571778,0.182559,0.347951,0.308029,0.066918,0.292708,0.504752,0.392999,0.775138,0.520284,0.079168,0.046982,0.479928,0.515200,0.049698,0.042136,0.603760,0.432666,0.517633,0.233129,0.518683,0.266471,0.008450,0.212975,0.265765,0.343548,-0.044519,-0.073731,0.428743,0.148110,0.302288,0.205155,0.324844,0.179032,0.029151,0.048669,0.244434,0.172227,0.129239,0.074130,-0.007527,-0.056557,-0.036843,-0.103718,0.215918,0.211437,-0.092099,-0.158188,0.072478,0.162261,0.168688,0.211479,0.043542,0.384267,0.205125,-0.037270
0.420704,0.333267,0.103936,0.245703,0.119328,0.056230,0.283268,0.379740,0.173563,0.101412,0.510763,0.292045,0.488080,0.482617,0.226981,0.098548,0.485169,0.483220,0.390696,0.474155,0.251929,0.407833,0.391973,0.312110,0.347230,0.321592,0.130338,0.073014,0.431025,0.433436,0.197523,0.345977,0.560189,0.452837,0.000000,0.682621,0.611885,0.483505,0.267199,0.211757,0.452093,0.401242,0.411640,0.407279,0.617892,0.388781,0.570430,0.461160,0.412820,0.238663,0.334303,0.177044,0.417448,0.170768,0.624793,0.365230,0.565949,0.496359,0.568156,0.631678,0.602968,0.353471,0.580787,0.504318,0.530043,0.612115,0.808488,0.629157,0.470044,0.486540,0.383693,0.303822,0.263210,0.316201,0.166867,0.142286,0.695379,0.583956,0.363086,0.286964,0.609675,0.475338,0.174445,0.311422,0.618749,0.439538,0.041236,0.061959,0.556892,0.314445,0.469252,0.344846,0.482559,0.339446,0.282905,0.190617,0.483375,0.378918,0.495820,0.409626,0.330659,0.227750,0.277873,0.154286,0.293264,0.120674,0.116145,0.023467,0.199602,0.260628,0.573683,0.428480,0.369179,0.543412,0.097545,-0.046993
0.225079,0.270869,-0.254633,-0.071515,-0.233725,-0.118429,-0.055677,0.174161,-0.107505,0.176133,0.409513,-0.015903,0.217327,0.328672,-0.114810,-0.259187,0.339957,0.298247,0.266503,0.530717,-0.099925,0.243024,0.086489,-0.060667,-0.052866,0.066634,-0.149644,-0.212184,0.216465,0.419824,-0.139181,0.067367,0.579886,0.697339,0.682621,0.000000,0.403060,0.175904,-0.071762,-0.059727,0.271487,0.187300,0.642031,0.676899,0.648866,0.585374,0.687689,0.710626,0.677896,0.544115,0.584279,0.505510,0.607825,0.421532,0.380802,0.102775,0.534828,0.602084,0.666799,0.506916,0.739537,0.352197,0.258989,0.259691,0.091118,0.530532,0.644761,0.340036,0.661756,0.313325,-0.035643,-0.088405,0.262350,0.317779,-0.158255,-0.192288,0.548982,0.308336,0.644111,0.293661,0.586371,0.236200,-0.186218,0.010045,0.325140,0.564587,-0.259524,-0.312572,0.651186,0.325099,0.524762,0.423921,0.632234,0.347321,-0.071274,0.095917,0.311341,0.085133,0.176357,0.110841,-0.068569,-0.163901,-0.149805,-0.273887,0.505270,0.281293,-0.250200,-0.375447,0.025801,0.340186,0.442181,0.347583,0.031853,0.500282,0.414658,-0.098615
0.414263,0.310685,0.333365,0.400553,0.370818,0.288299,0.411039,0.403541,0.393284,0.122969,0.529926,0.307328,0.587560,0.415252,0.449835,0.333945,0.650472,0.536894,0.442570,0.352300,0.362997,0.647750,0.409088,0.434149,0.492608,0.507492,0.374881,0.263349,0.595186,0.513664,0.403404,0.388115,0.373401,0.366178,0.611885,0.403060,0.000000,0.646539,0.476054,0.422859,0.608256,0.616694,0.121105,0.185109,0.427632,0.183693,0.343456,0.268291,0.146377,-0.030674,0.044582,-0.093877,0.069604,-0.090781,0.494196,0.463284,0.456212,0.279636,0.228819,0.424667,0.288005,0.075082,0.649024,0.422557,0.585769,0.354059,0.556252,0.610591,0.295236,0.465638,0.465726,0.447780,0.411345,0.396200,0.352865,0.353751,0.646416,0.661664,0.189655,0.142756,0.430998,0.531590,0.426037,0.498472,0.592502,0.244116,0.267029,0.303064,0.214400,0.144502,0.150572,0.166625,0.132460,0.186710,0.441612,0.225006,0.439188,0.504987,0.441092,0.408372,0.393426,0.392828,0.393002,0.365336,-0.014791,0.138073,0.261421,0.253892,0.291623,0.198231,0.319914,0.258895,0.424550,0.450941,-0.106785,0.008407
