0.000000 0.782824 0.622290 0.722517 0.038028 0.379499 0.695960 0.452733 0.053306 0.394857 0.720092 0.524866 0.535646 0.311226 0.721169 0.568024 0.584797 0.474872 0.824749 0.871120 0.408610 0.403590 0.658057 0.424144 0.144541 0.257612 0.190989 0.122389 0.660280 0.532031 0.582439 0.511249 0.741210 0.770771 0.523213 0.428552 0.369575 0.272125 0.233229 0.087571 0.226773 0.319182 0.152794 0.140357 0.291047 0.235085 0.152094 0.143169 0.222979 0.257501 0.256285 0.176342 0.125617 0.030278 0.204034 0.189386 0.847718 0.696149 0.602574 0.668096 0.614769 0.617856 0.659934 0.477244 0.384583 0.404092 0.626050 0.537095 0.881123 0.756269 0.615271 0.609271 0.602564 0.564904 0.532691 0.406876 0.486154 0.589096 0.412428 0.341831 0.358870 0.331142 0.525154 0.444225 0.281054 0.169220 0.270122 0.294983 0.126257 0.045105 0.190788 0.236520 0.182330 0.257566 0.115514 0.134817 0.255893 0.237890 0.230401 0.273905 0.131888 0.129177 0.148626 0.115657 0.099952 0.074527 0.082491 0.094827 0.094426 0.126246 0.196145 0.098233 -0.042504 -0.052429 -0.023100 -0.148590
0.782824 0.000000 0.604671 0.746311 -0.046032 0.425543 0.558516 0.416276 0.050706 0.366474 0.695375 0.681358 0.614453 0.230847 0.573012 0.630021 0.679328 0.475822 0.705668 0.796685 0.407427 0.288366 0.630423 0.441898 0.148172 0.314443 0.071213 0.074330 0.628725 0.564251 0.621354 0.583199 0.749052 0.736304 0.550275 0.356481 0.409346 0.432414 0.197343 0.279533 0.224542 0.419994 0.086328 0.239061 0.251158 0.220224 0.148918 0.214103 0.078224 0.241221 0.182612 0.273901 -0.024678 0.192404 -0.006001 0.392535 0.742727 0.853559 0.455728 0.721025 0.534825 0.672945 0.553631 0.599087 0.454035 0.509135 0.625777 0.585268 0.834553 0.768534 0.499906 0.655773 0.526830 0.502293 0.355118 0.425287 0.241323 0.491867 0.288508 0.575854 0.260928 0.463071 0.454428 0.435570 0.181521 0.469993 0.021004 0.387978 0.002411 0.326778 -0.083493 0.271770 -0.021904 0.167339 0.128754 0.035658 0.179479 0.224934 0.013471 0.253124 -0.069362 0.246940 -0.039407 0.197754 -0.099165 0.141334 -0.060506 0.120343 0.094968 0.169335 0.216716 0.095435 0.021972 0.011210 -0.012159 -0.166819
0.622290 0.604671 0.000000 0.751427 0.372160 0.647872 0.903559 0.438607 0.426434 0.003898 0.692537 0.658572 0.668655 0.331185 0.486118 0.329635 0.422651 0.327301 0.536885 0.748315 0.625386 0.206405 0.610169 0.471525 0.504928 0.664306 0.342216 0.199549 0.499539 0.488141 0.800981 0.799216 0.637182 0.540576 0.294509 0.205279 0.373592 0.336962 0.367969 0.101513 0.359207 0.329509 -0.211768 -0.064169 -0.066605 -0.105516 0.018710 -0.026184 -0.203849 -0.145052 0.015780 -0.184463 -0.118299 -0.300023 0.163498 0.042218 0.498027 0.405338 0.426573 0.393476 0.406497 0.489329 0.282106 0.281402 0.427216 -0.026647 0.434122 0.404600 0.705363 0.549756 0.631591 0.626431 0.507619 0.502913 0.144552 0.343487 0.074207 0.218293 0.294974 0.229044 0.316789 0.158728 0.412581 0.026069 0.260407 -0.000360 0.348862 0.290315 0.042010 0.019439 0.096225 0.079738 0.143096 0.053265 0.307431 0.284953 0.237392 0.089438 0.211262 0.237446 0.455820 0.088409 0.442253 0.213841 0.114619 0.259212 0.350374 0.224863 0.336748 0.206358 0.132359 0.016177 0.074079 0.066626 -0.148872 0.016851
0.722517 0.746311 0.751427 0.000000 0.077244 0.324442 0.716750 0.689863 0.245640 0.055783 0.767336 0.767899 0.731875 0.491177 0.572709 0.338213 0.554657 0.476091 0.680657 0.827138 0.438223 0.229240 0.815101 0.727192 0.363208 0.446228 0.045249 -0.101047 0.602293 0.569891 0.731967 0.756004 0.746377 0.756231 0.396690 0.270284 0.292420 0.291006 0.152502 0.028658 0.222054 0.352725 0.135195 0.167495 0.183515 0.215752 0.157628 0.169200 0.110624 0.205880 0.221913 0.196829 0.109660 0.121497 0.056759 0.073973 0.641232 0.667576 0.520285 0.597192 0.524398 0.540338 0.462605 0.448858 0.383116 0.316358 0.504629 0.417366 0.729845 0.540333 0.588553 0.619381 0.527187 0.554114 0.326940 0.450251 0.227566 0.381800 0.416201 0.325176 0.359586 0.305556 0.431611 0.278759 0.237508 0.164624 0.038133 0.126325 0.133160 0.066745 0.125381 0.230339 0.155191 0.321105 -0.043182 -0.023167 0.175425 0.122667 0.088162 0.177495 -0.003693 0.051880 -0.020034 0.021815 0.017295 0.038743 -0.062352 -0.030092 -0.031907 0.097835 0.164219 0.052587 -0.065620 -0.045323 0.062767 -0.216644
0.038028 -0.046032 0.372160 0.077244 0.000000 0.261720 0.448658 -0.041074 0.863807 -0.480426 0.063586 -0.060247 -0.036107 0.083651 0.061586 -0.208792 -0.154091 -0.165861 0.034145 0.063358 0.318857 0.453356 -0.172993 -0.154934 0.752454 0.713675 0.831156 0.594369 0.057182 0.048018 0.464271 0.397543 -0.109043 -0.141142 -0.027999 0.038060 -0.082075 -0.074768 0.152134 0.171045 -0.073047 -0.232262 -0.522671 -0.494340 -0.438072 -0.612433 -0.438848 -0.486874 -0.526013 -0.704511 -0.310842 -0.753760 -0.320890 -0.725286 0.117135 -0.030144 -0.169052 -0.335981 -0.027149 -0.283309 -0.255368 0.064134 -0.073004 -0.069209 0.026174 -0.569609 0.085145 0.277767 0.000261 0.295630 0.293330 0.305644 0.066644 0.177809 -0.314784 -0.400502 -0.001192 -0.085673 -0.137487 -0.048216 -0.068434 -0.028934 -0.127929 -0.606445 0.004527 -0.175102 0.720313 0.345876 -0.129802 -0.023970 -0.069163 -0.147700 -0.313529 -0.525110 0.625730 0.624792 -0.025276 0.058715 -0.015712 -0.026223 0.693022 0.233788 0.681692 0.431680 -0.017949 0.175908 0.795714 0.616572 0.669837 0.056053 -0.227531 -0.288128 0.006910 -0.255133 -0.648012 0.391869
0.379499 0.425543 0.647872 0.324442 0.261720 0.000000 0.581597 -0.155190 0.193137 0.359581 0.353420 0.359018 0.356149 -0.235368 0.192809 0.611782 0.362017 0.016758 0.250397 0.422366 0.628829 0.111396 0.119685 -0.085510 0.201995 0.527223 0.419290 0.521966 0.310971 0.265025 0.613366 0.511727 0.418984 0.198901 0.090915 -0.035879 0.401185 0.479584 0.475521 0.451458 0.459326 0.354705 -0.507147 -0.145724 -0.203157 -0.272238 -0.138531 -0.165702 -0.442864 -0.291128 -0.260858 -0.227918 -0.521869 -0.287124 -0.101857 0.344624 0.263442 0.208980 0.076363 0.213449 0.196252 0.296497 0.049998 0.062389 0.349126 -0.087007 0.193420 0.209098 0.491132 0.430209 0.419476 0.555850 0.338466 0.237272 -0.108479 0.186188 -0.203595 0.091699 -0.019029 0.372535 0.059431 -0.002944 0.327731 -0.038348 0.002721 0.250145 0.234756 0.632553 -0.279277 0.388995 -0.293490 0.080667 -0.097971 -0.152645 0.520675 0.297663 0.114567 0.010227 -0.002544 0.253214 0.379823 0.318970 0.421930 0.437278 -0.126167 0.485518 0.406802 0.412399 0.546024 0.245376 0.065173 -0.063534 0.235100 0.161410 -0.258126 0.349499
0.695960 0.558516 0.903559 0.716750 0.448658 0.581597 0.000000 0.472893 0.468502 0.006222 0.691821 0.573718 0.595286 0.392419 0.580293 0.289520 0.375496 0.367023 0.589763 0.780000 0.627855 0.334168 0.589055 0.433244 0.524678 0.642455 0.439832 0.262429 0.546909 0.511449 0.791344 0.774968 0.632624 0.582504 0.331880 0.276317 0.355086 0.258640 0.392173 0.038570 0.320889 0.245975 -0.177776 -0.119003 -0.055379 -0.111181 -0.014201 -0.091525 -0.127941 -0.153591 0.033590 -0.244990 -0.029899 -0.383638 0.292444 -0.041101 0.541005 0.360006 0.486096 0.365525 0.430832 0.502286 0.360831 0.301067 0.391205 -0.055881 0.458984 0.423829 0.715987 0.576536 0.721063 0.645542 0.577323 0.577246 0.253842 0.304883 0.255146 0.312205 0.383058 0.160158 0.382826 0.165062 0.458217 0.049766 0.327888 -0.127259 0.511222 0.255937 0.147539 -0.112241 0.231138 -0.014007 0.187406 0.021993 0.307751 0.347485 0.266619 0.095380 0.283733 0.182638 0.526074 0.013017 0.512292 0.154483 0.192148 0.160905 0.440183 0.229015 0.341119 0.183057 0.117451 -0.013271 0.013418 -0.009466 -0.192879 0.031727
0.452733 0.416276 0.438607 0.689863 -0.041074 -0.155190 0.472893 0.000000 0.170680 -0.270898 0.682634 0.691326 0.671625 0.868001 0.609378 -0.161453 0.376580 0.696245 0.421688 0.546560 0.206064 0.070992 0.812395 0.884425 0.400728 0.257425 -0.270423 -0.535222 0.509706 0.576241 0.398786 0.544631 0.580816 0.712582 0.447910 0.443582 0.232945 0.105814 0.072694 -0.423699 0.107562 0.249587 0.533573 0.352210 0.380320 0.464504 0.419624 0.365769 0.490134 0.434275 0.512124 0.316273 0.636350 0.197308 0.424605 -0.335891 0.548410 0.538595 0.612394 0.489954 0.574889 0.461290 0.506004 0.535308 0.340629 0.337857 0.483024 0.325083 0.458265 0.190763 0.536285 0.271196 0.501393 0.582372 0.532842 0.541964 0.418612 0.343719 0.698662 0.083779 0.628902 0.395208 0.461058 0.398519 0.558463 -0.226951 0.078193 -0.431783 0.624163 -0.436958 0.594081 -0.066980 0.440837 0.405820 -0.428958 -0.199215 0.309652 0.086864 0.322727 -0.048118 -0.057610 -0.412932 -0.134259 -0.470532 0.349102 -0.392942 -0.228981 -0.455785 -0.403454 0.098848 0.315945 0.237743 -0.144513 -0.006886 0.330750 -0.453568
0.053306 0.050706 0.426434 0.245640 0.863807 0.193137 0.468502 0.170680 0.000000 -0.606104 0.256613 0.186676 0.215198 0.281609 0.174110 -0.256693 0.048218 0.034529 0.050288 0.121190 0.350964 0.382483 0.023035 0.075954 0.853077 0.768790 0.655418 0.363044 0.236346 0.233632 0.569532 0.564475 0.063199 0.029570 0.130198 0.145769 0.029478 0.040796 0.122391 0.112873 -0.039367 -0.105441 -0.402193 -0.339707 -0.332505 -0.459471 -0.290062 -0.326160 -0.448438 -0.553721 -0.160685 -0.574514 -0.226865 -0.545610 0.103313 -0.045598 -0.082106 -0.170786 0.103007 -0.131854 -0.102625 0.191984 0.065680 0.123949 0.190991 -0.424935 0.201604 0.358665 0.052758 0.289103 0.383466 0.410717 0.215780 0.318317 -0.256315 -0.199765 0.013859 -0.024754 0.019560 0.082943 0.082935 0.130587 -0.019083 -0.481274 0.128401 -0.096010 0.561389 0.227956 -0.037778 -0.013417 -0.042168 -0.113920 -0.252478 -0.391104 0.476777 0.487363 0.048440 0.064703 -0.030948 -0.027125 0.526453 0.181874 0.511095 0.316089 0.004657 0.129115 0.616845 0.449049 0.542874 0.119398 -0.095788 -0.209398 -0.005979 -0.176499 -0.490170 0.268292
0.394857 0.366474 0.003898 0.055783 -0.480426 0.359581 0.006222 -0.270898 -0.606104 0.000000 0.031513 -0.016969 -0.063186 -0.452150 0.127515 0.789372 0.263515 -0.006604 0.353395 0.303455 0.067809 0.102508 0.044918 -0.187345 -0.618897 -0.363248 -0.102260 0.209804 0.122007 0.018288 -0.039802 -0.144421 0.252179 0.217613 0.102300 0.017291 0.185860 0.205800 0.099504 0.347359 0.172465 0.204610 0.038231 0.143234 0.232240 0.218902 0.068816 0.141687 0.147500 0.305993 -0.022360 0.333797 -0.174196 0.255664 -0.166819 0.433156 0.352229 0.353241 0.027919 0.357951 0.182692 0.159325 0.154058 0.048675 -0.039515 0.431592 0.080602 0.028166 0.354104 0.279731 -0.014595 0.164522 0.102166 -0.022140 0.275301 0.197943 0.132277 0.341729 -0.080001 0.274318 -0.129503 0.013170 0.178195 0.406617 -0.221612 0.382393 -0.213426 0.396753 -0.277843 0.345586 -0.202812 0.329643 0.039873 0.233945 0.059783 -0.076459 0.023268 0.130631 -0.002506 0.304086 -0.208994 0.271639 -0.125763 0.205343 -0.127940 0.274543 -0.175453 0.071973 0.000745 0.030012 0.080076 0.086325 0.113404 0.135141 0.111259 -0.012533
0.720092 0.695375 0.692537 0.767336 0.063586 0.353420 0.691821 0.682634 0.256613 0.031513 0.000000 0.849911 0.858614 0.619076 0.800835 0.333940 0.765695 0.735411 0.649984 0.739277 0.526017 0.247457 0.822632 0.694790 0.443382 0.473581 -0.002638 -0.182138 0.826787 0.792959 0.707848 0.736229 0.824667 0.820686 0.664130 0.573946 0.531192 0.447073 0.262169 -0.055142 0.305585 0.477092 0.207613 0.238721 0.297971 0.283493 0.309035 0.289049 0.201911 0.280066 0.390104 0.234652 0.229520 0.040092 0.250821 0.031173 0.771292 0.700490 0.701046 0.676569 0.706746 0.729190 0.718113 0.677275 0.609332 0.418910 0.717200 0.608347 0.760199 0.596210 0.730088 0.652479 0.770916 0.756628 0.502543 0.661780 0.390710 0.527275 0.601329 0.469553 0.596315 0.530917 0.643605 0.460939 0.514054 0.140727 0.199822 0.095458 0.294073 -0.056480 0.274570 0.176436 0.234588 0.278482 0.005447 0.052948 0.431860 0.276334 0.302196 0.251761 0.111114 0.014310 0.113626 -0.022047 0.210973 0.010999 -0.015564 -0.078042 0.026630 0.316960 0.428726 0.281015 0.018661 0.089190 0.110526 -0.253147
0.524866 0.681358 0.658572 0.767899 -0.060247 0.359018 0.573718 0.691326 0.186676 -0.016969 0.849911 0.000000 0.894361 0.586561 0.638136 0.302402 0.744698 0.724367 0.436396 0.625272 0.552663 0.071984 0.783497 0.741799 0.395011 0.482470 -0.173223 -0.300007 0.732705 0.779467 0.686698 0.769454 0.816268 0.767406 0.581227 0.439438 0.572616 0.573369 0.324336 0.026056 0.401710 0.584698 0.225345 0.401373 0.313726 0.360994 0.407339 0.396244 0.173526 0.341984 0.387959 0.367576 0.196556 0.223319 0.180336 0.093937 0.635639 0.730995 0.602375 0.690237 0.685458 0.692723 0.562834 0.680669 0.653519 0.467135 0.628914 0.503662 0.652061 0.409193 0.655638 0.611160 0.678686 0.675156 0.398549 0.722784 0.178266 0.412416 0.580130 0.545004 0.597257 0.536156 0.637698 0.466819 0.501270 0.245539 -0.024596 0.044572 0.304485 0.062245 0.186693 0.127550 0.246327 0.317529 -0.094046 -0.101810 0.405616 0.190601 0.217065 0.207841 -0.043951 -0.054917 -0.065912 -0.122171 0.148312 0.028754 -0.174357 -0.214985 -0.076427 0.370292 0.483146 0.326636 0.127393 0.233259 0.265031 -0.220880
0.535646 0.614453 0.668655 0.731875 -0.036107 0.356149 0.595286 0.671625 0.215198 -0.063186 0.858614 0.894361 0.000000 0.598112 0.665430 0.254938 0.725370 0.693003 0.387736 0.589704 0.570280 0.028183 0.771967 0.748031 0.411155 0.485755 -0.166701 -0.318725 0.721912 0.730732 0.656025 0.744682 0.811943 0.737879 0.560287 0.422504 0.604744 0.566900 0.361882 -0.021607 0.473639 0.611000 0.221398 0.379044 0.306837 0.372944 0.432283 0.395636 0.187667 0.347418 0.435358 0.356893 0.225493 0.205263 0.218650 0.016189 0.662792 0.685096 0.620012 0.649648 0.725907 0.623628 0.570537 0.604461 0.720677 0.426463 0.622430 0.466392 0.658918 0.384760 0.682024 0.583756 0.675807 0.641519 0.400238 0.713940 0.176398 0.374330 0.610969 0.459763 0.648526 0.481222 0.677636 0.467671 0.579037 0.158911 0.015748 0.003314 0.345627 -0.004696 0.246434 0.103252 0.341656 0.366420 -0.110539 -0.097958 0.422338 0.128425 0.259843 0.203330 -0.008691 -0.102195 -0.039815 -0.184930 0.218224 0.044712 -0.154010 -0.267642 -0.088688 0.383006 0.482910 0.325969 0.126699 0.264044 0.311014 -0.196236
0.311226 0.230847 0.331185 0.491177 0.083651 -0.235368 0.392419 0.868001 0.281609 -0.452150 0.619076 0.586561 0.598112 0.000000 0.626964 -0.304391 0.336034 0.740852 0.262188 0.375933 0.242119 0.105014 0.677075 0.773023 0.524624 0.314057 -0.194642 -0.547518 0.523789 0.620722 0.335614 0.478593 0.489865 0.613926 0.489203 0.545542 0.298570 0.134397 0.143735 -0.491390 0.135852 0.240682 0.539192 0.342221 0.398832 0.443991 0.469418 0.384557 0.502757 0.382386 0.581773 0.236579 0.686693 0.082525 0.561623 -0.400280 0.470516 0.391925 0.654288 0.410479 0.539086 0.449616 0.539355 0.550406 0.387134 0.239416 0.516514 0.383389 0.345853 0.129714 0.565904 0.229750 0.528558 0.637811 0.510101 0.511656 0.474457 0.346288 0.745906 0.062586 0.719066 0.474495 0.487060 0.349797 0.686691 -0.318063 0.217496 -0.499638 0.684596 -0.539374 0.713904 -0.132577 0.499170 0.355300 -0.336529 -0.056640 0.435643 0.163495 0.458638 -0.024268 0.091595 -0.446479 0.018192 -0.492184 0.447010 -0.409839 -0.095304 -0.430784 -0.296038 0.211349 0.412933 0.321856 -0.103095 0.016348 0.301439 -0.375413
0.721169 0.573012 0.486118 0.572709 0.061586 0.192809 0.580293 0.609378 0.174110 0.127515 0.800835 0.638136 0.665430 0.626964 0.000000 0.347236 0.696149 0.804701 0.606150 0.642390 0.555204 0.494169 0.688485 0.580123 0.359999 0.334801 0.054307 -0.144634 0.846348 0.819115 0.538861 0.558433 0.757584 0.808225 0.757391 0.750904 0.609265 0.449962 0.366143 -0.018654 0.349644 0.483832 0.392404 0.353853 0.487673 0.428528 0.456398 0.418503 0.427719 0.422007 0.565844 0.310915 0.419608 0.059781 0.513392 0.075192 0.820187 0.640406 0.773602 0.703401 0.707263 0.752910 0.837116 0.733761 0.572194 0.516403 0.792755 0.689715 0.712444 0.588893 0.779491 0.610452 0.804048 0.821145 0.735548 0.651354 0.691732 0.758254 0.700850 0.454748 0.699957 0.663117 0.745423 0.601889 0.654676 0.097584 0.389958 0.076857 0.435019 -0.173393 0.502280 0.210951 0.388079 0.378355 0.055182 0.174888 0.600521 0.447160 0.522483 0.352921 0.202569 -0.007439 0.185517 -0.089458 0.377388 -0.011381 0.047176 -0.107875 0.036624 0.461846 0.576606 0.433930 0.110185 0.126521 0.177267 -0.196775
0.568024 0.630021 0.329635 0.338213 -0.208792 0.611782 0.289520 -0.161453 -0.256693 0.789372 0.333940 0.302402 0.254938 -0.304391 0.347236 0.000000 0.577194 0.164415 0.478446 0.500822 0.418728 0.281449 0.208220 -0.049600 -0.262369 0.053056 0.128631 0.333267 0.434894 0.338079 0.384915 0.261217 0.525110 0.410259 0.333132 0.160590 0.439530 0.526052 0.302418 0.564106 0.349143 0.432038 -0.124979 0.153591 0.191597 0.123528 0.053121 0.129694 -0.047131 0.188635 -0.003404 0.276827 -0.350041 0.183775 -0.201196 0.638525 0.502147 0.534672 0.201834 0.552235 0.337196 0.453644 0.340401 0.290041 0.294489 0.462020 0.369606 0.346367 0.583335 0.564939 0.287346 0.555643 0.347912 0.249627 0.237277 0.318279 0.097426 0.468311 -0.010238 0.600680 -0.005904 0.240980 0.371350 0.396641 -0.090554 0.618914 -0.082621 0.675842 -0.346425 0.587015 -0.312622 0.435724 -0.070634 0.172544 0.332371 0.105162 0.146938 0.247035 -0.014331 0.452399 -0.066368 0.484948 0.018289 0.420774 -0.208088 0.463485 -0.001610 0.285374 0.280837 0.228012 0.205919 0.134608 0.261547 0.182103 -0.021142 0.156542
0.584797 0.679328 0.422651 0.554657 -0.154091 0.362017 0.375496 0.376580 0.048218 0.263515 0.765695 0.744698 0.725370 0.336034 0.696149 0.577194 0.000000 0.702175 0.479302 0.540657 0.515508 0.230779 0.578439 0.448179 0.200677 0.304591 -0.094925 -0.151514 0.838085 0.806977 0.573790 0.560482 0.789527 0.729732 0.727361 0.597183 0.704006 0.704803 0.332238 0.245474 0.395468 0.643664 0.198901 0.418027 0.427952 0.388152 0.385721 0.430561 0.208452 0.416571 0.430806 0.474241 0.061460 0.296563 0.068772 0.393604 0.712138 0.748100 0.613888 0.784810 0.701454 0.771621 0.742515 0.743906 0.704934 0.647121 0.756136 0.651961 0.658737 0.573197 0.602329 0.664471 0.717150 0.667905 0.436989 0.697825 0.296672 0.606587 0.481100 0.766237 0.497252 0.658555 0.682223 0.603350 0.413354 0.523168 -0.044832 0.308607 0.092538 0.298212 0.039800 0.354572 0.129644 0.320405 0.093938 0.022709 0.467678 0.378059 0.209906 0.425761 -0.107663 0.245275 -0.061818 0.104018 0.062937 0.207412 -0.146887 -0.033303 0.103594 0.462545 0.581253 0.425586 0.261720 0.263343 0.196213 -0.033665
0.474872 0.475822 0.327301 0.476091 -0.165861 0.016758 0.367023 0.696245 0.034529 -0.006604 0.735411 0.724367 0.693003 0.740852 0.804701 0.164415 0.702175 0.000000 0.369497 0.481841 0.441505 0.198167 0.683412 0.668928 0.283581 0.214093 -0.273739 -0.470362 0.780843 0.861919 0.385260 0.483584 0.742353 0.797407 0.758958 0.755264 0.651376 0.520064 0.344487 -0.176534 0.367243 0.564748 0.549407 0.553252 0.603052 0.613054 0.630213 0.588982 0.563039 0.598426 0.685731 0.513738 0.569904 0.261840 0.518044 -0.042393 0.710512 0.682497 0.783319 0.733817 0.776205 0.755926 0.796052 0.846121 0.645525 0.635897 0.764222 0.606420 0.565220 0.340887 0.680215 0.448311 0.773336 0.799838 0.709418 0.806459 0.581686 0.653967 0.816220 0.466252 0.815670 0.750936 0.753294 0.707602 0.752863 0.069673 0.129274 -0.193155 0.582524 -0.255104 0.577576 0.067082 0.487188 0.443466 -0.206254 -0.031798 0.639078 0.362735 0.528170 0.250128 -0.004744 -0.235468 -0.037013 -0.353030 0.415914 -0.168366 -0.184760 -0.389188 -0.200723 0.470169 0.703072 0.556741 0.152223 0.252199 0.409271 -0.279661
0.824749 0.705668 0.536885 0.680657 0.034145 0.250397 0.589763 0.421688 0.050288 0.353395 0.649984 0.436396 0.387736 0.262188 0.606150 0.478446 0.479302 0.369497 0.000000 0.822376 0.170273 0.436736 0.673560 0.401985 0.113149 0.131273 0.163247 0.088562 0.525614 0.427920 0.474950 0.397384 0.549562 0.646236 0.452644 0.431274 0.114995 0.030732 -0.095492 -0.023647 -0.073217 0.100970 0.122389 -0.062822 0.174795 0.070783 -0.038464 0.029203 0.147909 0.140222 0.113812 0.045725 0.076254 -0.100784 0.018082 0.103082 0.674829 0.571358 0.453883 0.514578 0.361467 0.528201 0.536546 0.397675 0.106902 0.327492 0.510222 0.497015 0.720012 0.750622 0.385807 0.480980 0.457177 0.469057 0.423259 0.280062 0.468846 0.496597 0.212889 0.246406 0.114305 0.294437 0.247296 0.301334 0.024901 0.150521 0.199821 0.255391 -0.044144 -0.006129 0.085613 0.394386 -0.023363 0.180252 0.107431 0.141494 0.108823 0.317372 0.104132 0.255997 0.095978 0.254299 0.147163 0.277643 -0.031247 0.022096 0.049328 0.229715 0.089896 -0.044243 0.053719 0.013973 -0.206324 -0.266477 -0.194567 -0.323803
0.871120 0.796685 0.748315 0.827138 0.063358 0.422366 0.780000 0.546560 0.121190 0.303455 0.739277 0.625272 0.589704 0.375933 0.642390 0.500822 0.540657 0.481841 0.822376 0.000000 0.444189 0.313953 0.744257 0.531371 0.212093 0.327745 0.162641 0.066329 0.619715 0.552572 0.662410 0.640134 0.753057 0.783525 0.449426 0.348160 0.340365 0.261219 0.214967 0.027475 0.225583 0.301430 0.095194 0.088135 0.196720 0.179150 0.113058 0.111960 0.145307 0.185987 0.171718 0.115715 0.098991 -0.016278 0.157588 0.102670 0.744380 0.680813 0.551021 0.615997 0.544379 0.582672 0.529631 0.451929 0.334732 0.307099 0.551118 0.467783 0.867757 0.691828 0.609260 0.634542 0.595702 0.576899 0.429245 0.430521 0.371847 0.477251 0.414664 0.299375 0.349615 0.307863 0.473727 0.353215 0.237807 0.102449 0.201180 0.216059 0.114722 0.006923 0.190817 0.181373 0.199342 0.251678 0.082678 0.119606 0.228777 0.184734 0.202514 0.225624 0.156589 0.051782 0.165927 0.092821 0.081496 0.058075 0.092163 0.085847 0.085171 0.094053 0.160641 0.050944 -0.077836 -0.056082 -0.020082 -0.202944
0.408610 0.407427 0.625386 0.438223 0.318857 0.628829 0.627855 0.206064 0.350964 0.067809 0.526017 0.552663 0.570280 0.242119 0.555204 0.418728 0.515508 0.441505 0.170273 0.444189 0.000000 0.390457 0.291389 0.267698 0.447689 0.653852 0.344587 0.241384 0.623611 0.649039 0.709070 0.704871 0.624574 0.466481 0.397673 0.300843 0.718032 0.717728 0.753442 0.406290 0.706850 0.600903 -0.114868 0.226546 0.139201 0.104563 0.282634 0.196702 -0.067489 0.017870 0.205053 0.052842 -0.077317 -0.085297 0.355287 0.313586 0.438521 0.347022 0.446642 0.447610 0.487876 0.524107 0.390873 0.417685 0.645547 0.137912 0.499579 0.446714 0.553739 0.374056 0.784332 0.724595 0.639304 0.626605 0.260156 0.463180 0.185910 0.439469 0.448636 0.520443 0.547963 0.401700 0.689356 0.199224 0.503487 0.201902 0.386271 0.382259 0.155445 0.197355 0.157741 0.041392 0.255894 0.137182 0.423867 0.363229 0.519241 0.241097 0.369277 0.355277 0.407694 0.100161 0.385442 0.114059 0.190060 0.367337 0.356256 0.141448 0.416820 0.618243 0.484103 0.275858 0.413385 0.320127 0.042958 0.343203
0.403590 0.288366 0.206405 0.229240 0.453356 0.111396 0.334168 0.070992 0.382483 0.102508 0.247457 0.071984 0.028183 0.105014 0.494169 0.281449 0.230779 0.198167 0.436736 0.313953 0.390457 0.000000 0.088067 0.038600 0.325722 0.310758 0.516446 0.430911 0.424301 0.368906 0.376177 0.300952 0.207457 0.280043 0.411491 0.455953 0.186053 0.146494 0.120319 0.363372 0.007472 0.011608 -0.021474 -0.072318 0.115230 -0.088859 -0.043980 -0.001580 0.007978 -0.096974 0.119080 -0.159953 -0.038530 -0.284779 0.220689 0.327095 0.297273 0.145189 0.299739 0.251460 0.076826 0.409607 0.439521 0.347323 0.118573 0.125128 0.461553 0.594180 0.302053 0.585177 0.422284 0.522218 0.351102 0.471176 0.312263 -0.009691 0.582081 0.598817 0.073344 0.330691 0.083828 0.450051 0.156880 -0.011331 0.109206 0.221578 0.549938 0.442117 -0.105530 0.110057 0.077103 0.339719 -0.120755 -0.014079 0.524209 0.590199 0.303746 0.546582 0.225609 0.369986 0.371554 0.425939 0.409869 0.426645 0.096997 0.272710 0.457646 0.487191 0.463020 0.334218 0.189428 0.113476 0.131163 -0.136586 -0.319346 0.146067
0.658057 0.630423 0.610169 0.815101 -0.172993 0.119685 0.589055 0.812395 0.023035 0.044918 0.822632 0.783497 0.771967 0.677075 0.688485 0.208220 0.578439 0.683412 0.673560 0.744257 0.291389 0.088067 0.000000 0.844496 0.239986 0.208786 -0.251689 -0.429377 0.626627 0.633457 0.507331 0.582561 0.737651 0.803485 0.505482 0.459665 0.339113 0.230592 0.079376 -0.276721 0.199733 0.390458 0.408365 0.288246 0.351104 0.419556 0.367524 0.359739 0.383917 0.441398 0.436323 0.361415 0.422453 0.196089 0.231713 -0.154723 0.719060 0.697058 0.639641 0.634348 0.637016 0.560031 0.572984 0.544571 0.389117 0.448797 0.546241 0.389685 0.682082 0.416663 0.537727 0.417525 0.582275 0.590999 0.554792 0.644832 0.386322 0.430192 0.599224 0.229677 0.535190 0.396616 0.524764 0.523121 0.424305 -0.011644 -0.012256 -0.178474 0.382179 -0.224438 0.395469 0.179450 0.368448 0.463106 -0.297429 -0.176125 0.306725 0.163276 0.278318 0.143674 -0.077270 -0.178508 -0.100964 -0.232692 0.228348 -0.172866 -0.262323 -0.300644 -0.290436 0.121622 0.333787 0.239166 -0.142807 0.004360 0.269874 -0.475757
0.424144 0.441898 0.471525 0.727192 -0.154934 -0.085510 0.433244 0.884425 0.075954 -0.187345 0.694790 0.741799 0.748031 0.773023 0.580123 -0.049600 0.448179 0.668928 0.401985 0.531371 0.267698 0.038600 0.844496 0.000000 0.310648 0.225431 -0.365275 -0.580234 0.518278 0.575871 0.401485 0.552089 0.613962 0.694110 0.416523 0.395676 0.292223 0.213474 0.065447 -0.320198 0.191427 0.358104 0.512976 0.392594 0.389812 0.504091 0.474910 0.455031 0.457103 0.490993 0.523424 0.426916 0.553855 0.295221 0.297525 -0.243201 0.559396 0.585077 0.567236 0.528705 0.573195 0.428798 0.480010 0.502365 0.384533 0.419780 0.468657 0.295052 0.477364 0.174822 0.499725 0.301270 0.488016 0.555006 0.504457 0.622644 0.328095 0.345379 0.637094 0.160702 0.592715 0.414059 0.470132 0.434069 0.508884 -0.089338 -0.070958 -0.370848 0.493033 -0.311316 0.493682 0.110848 0.465190 0.544564 -0.419523 -0.234843 0.335980 0.125432 0.306563 0.080570 -0.138022 -0.299922 -0.199911 -0.408754 0.329739 -0.226413 -0.325972 -0.467474 -0.408059 0.178771 0.374211 0.309425 -0.055684 0.099330 0.421503 -0.442362
0.144541 0.148172 0.504928 0.363208 0.752454 0.201995 0.524678 0.400728 0.853077 -0.618897 0.443382 0.395011 0.411155 0.524624 0.359999 -0.262369 0.200677 0.283581 0.113149 0.212093 0.447689 0.325722 0.239986 0.310648 0.000000 0.837546 0.498042 0.141722 0.378846 0.434786 0.640475 0.655725 0.235770 0.213815 0.271940 0.302644 0.185074 0.174300 0.241626 0.002213 0.096486 0.103667 -0.175369 -0.130119 -0.129213 -0.234127 -0.057816 -0.115051 -0.234866 -0.349269 0.056623 -0.392445 0.005964 -0.425078 0.280723 -0.096390 0.110629 0.009583 0.295840 0.054973 0.103607 0.345513 0.229573 0.295311 0.332550 -0.258629 0.369997 0.456819 0.183670 0.299702 0.541471 0.420233 0.357919 0.493966 -0.083950 0.045082 0.087569 0.069739 0.265867 0.166767 0.334557 0.280087 0.201745 -0.280651 0.359855 -0.123428 0.562030 0.093493 0.187258 -0.126070 0.169596 -0.115858 -0.068056 -0.230993 0.341980 0.397716 0.215875 0.140739 0.147845 0.005261 0.510539 0.053947 0.470327 0.144965 0.130762 0.022095 0.498124 0.258578 0.403980 0.235747 0.102912 -0.014675 0.027934 -0.109098 -0.324916 0.161991
0.257612 0.314443 0.664306 0.446228 0.713675 0.527223 0.642455 0.257425 0.768790 -0.363248 0.473581 0.482470 0.485755 0.314057 0.334801 0.053056 0.304591 0.214093 0.131273 0.327745 0.653852 0.310758 0.208786 0.225431 0.837546 0.000000 0.578779 0.352002 0.431495 0.448123 0.785017 0.768477 0.365904 0.251955 0.231635 0.163781 0.332875 0.391101 0.451349 0.278799 0.307591 0.259580 -0.351950 -0.112917 -0.184061 -0.280534 -0.090485 -0.149572 -0.388771 -0.392080 -0.070974 -0.371514 -0.232711 -0.394096 0.166715 0.114716 0.170351 0.114327 0.241399 0.132073 0.177362 0.374545 0.186959 0.263766 0.440149 -0.226328 0.354001 0.433032 0.328429 0.382422 0.610947 0.605615 0.419304 0.480952 -0.117805 0.089734 -0.047825 0.100403 0.204535 0.320760 0.295077 0.235614 0.308276 -0.249515 0.296895 0.064940 0.515852 0.363089 0.039776 0.132450 -0.033869 -0.105577 -0.106157 -0.267490 0.477750 0.419790 0.210495 0.102446 0.086162 0.093569 0.506645 0.152682 0.486292 0.259781 0.032801 0.224472 0.524021 0.346417 0.522806 0.320916 0.111248 -0.037980 0.155227 0.025168 -0.318381 0.312494
0.190989 0.071213 0.342216 0.045249 0.831156 0.419290 0.439832 -0.270423 0.655418 -0.102260 -0.002638 -0.173223 -0.166701 -0.194642 0.054307 0.128631 -0.094925 -0.273739 0.163247 0.162641 0.344587 0.516446 -0.251689 -0.365275 0.498042 0.578779 0.000000 0.818656 0.063762 -0.013960 0.445513 0.295309 -0.070468 -0.128464 -0.043395 -0.026174 -0.067966 -0.035922 0.200210 0.385571 -0.039039 -0.208415 -0.596689 -0.514426 -0.421756 -0.623053 -0.516669 -0.538415 -0.547609 -0.681951 -0.404662 -0.705952 -0.479937 -0.670476 0.010191 0.205081 -0.081155 -0.265450 -0.080175 -0.207950 -0.250284 0.070442 -0.060088 -0.126601 -0.027178 -0.487592 0.067041 0.254628 0.123395 0.421838 0.262628 0.383542 0.062039 0.110800 -0.279390 -0.447421 0.019528 0.016870 -0.239257 0.051169 -0.200316 -0.093400 -0.100184 -0.521268 -0.157024 0.006184 0.691092 0.594315 -0.311401 0.192354 -0.229817 -0.023606 -0.387496 -0.524488 0.735919 0.643189 -0.104388 0.085514 -0.072585 0.078884 0.651197 0.388926 0.674546 0.598162 -0.141789 0.309217 0.801155 0.763845 0.752721 0.022139 -0.289237 -0.346474 0.037340 -0.274797 -0.713747 0.487800
0.122389 0.074330 0.199549 -0.101047 0.594369 0.521966 0.262429 -0.535222 0.363044 0.209804 -0.182138 -0.300007 -0.318725 -0.547518 -0.144634 0.333267 -0.151514 -0.470362 0.088562 0.066329 0.241384 0.430911 -0.429377 -0.580234 0.141722 0.352002 0.818656 0.000000 -0.094160 -0.199641 0.272633 0.093580 -0.166192 -0.265417 -0.173494 -0.233055 -0.103123 -0.024103 0.177775 0.576963 -0.032900 -0.241324 -0.685803 -0.512755 -0.467288 -0.642805 -0.573319 -0.562520 -0.619924 -0.658452 -0.550368 -0.624306 -0.659627 -0.551815 -0.181652 0.373431 -0.166962 -0.270221 -0.292899 -0.255009 -0.344343 -0.067228 -0.208272 -0.265205 -0.127380 -0.423153 -0.105537 0.091882 0.055808 0.354477 0.049528 0.295568 -0.081108 -0.115409 -0.341080 -0.503914 -0.126937 -0.050610 -0.440884 0.074679 -0.407405 -0.224350 -0.185767 -0.497468 -0.367256 0.170327 0.493306 0.736231 -0.486283 0.406676 -0.473980 -0.003235 -0.499477 -0.565771 0.733167 0.552203 -0.207469 0.026702 -0.226391 0.073664 0.466313 0.473570 0.524184 0.663622 -0.284229 0.419317 0.675151 0.773769 0.718130 -0.026409 -0.356748 -0.385849 0.078129 -0.178266 -0.658139 0.511163
0.660280 0.628725 0.499539 0.602293 0.057182 0.310971 0.546909 0.509706 0.236346 0.122007 0.826787 0.732705 0.721912 0.523789 0.846348 0.434894 0.838085 0.780843 0.525614 0.619715 0.623611 0.424301 0.626627 0.518278 0.378846 0.431495 0.063762 -0.094160 0.000000 0.890549 0.664047 0.668598 0.813494 0.805474 0.768616 0.684011 0.694367 0.613314 0.389725 0.139583 0.399571 0.534068 0.222599 0.345866 0.386771 0.344897 0.385966 0.370963 0.241553 0.333294 0.452355 0.323054 0.185763 0.123629 0.295822 0.233970 0.753360 0.674561 0.710479 0.711471 0.711138 0.776456 0.824355 0.779960 0.677149 0.513185 0.776093 0.689643 0.702507 0.593768 0.774975 0.768356 0.865030 0.846315 0.564016 0.680682 0.536589 0.737180 0.633688 0.661716 0.647551 0.706302 0.742738 0.554204 0.562467 0.317883 0.221182 0.202561 0.238774 0.079417 0.257304 0.235528 0.234629 0.302363 0.148800 0.192838 0.601246 0.447745 0.371748 0.383044 0.094991 0.130204 0.119473 0.031437 0.228892 0.120688 0.032012 -0.021314 0.151879 0.533337 0.598261 0.396063 0.162312 0.188921 0.135320 -0.050513
0.532031 0.564251 0.488141 0.569891 0.048018 0.265025 0.511449 0.576241 0.233632 0.018288 0.792959 0.779467 0.730732 0.620722 0.819115 0.338079 0.806977 0.861919 0.427920 0.552572 0.649039 0.368906 0.633457 0.575871 0.434786 0.448123 -0.013960 -0.199641 0.890549 0.000000 0.636729 0.675585 0.789181 0.782146 0.760109 0.709338 0.723886 0.658141 0.451736 0.078632 0.440518 0.583412 0.288982 0.412744 0.436913 0.401686 0.464942 0.438232 0.299372 0.375685 0.507679 0.354617 0.276574 0.128681 0.379366 0.166065 0.677599 0.649163 0.721440 0.714655 0.698270 0.803288 0.771202 0.817162 0.695382 0.525615 0.788535 0.691090 0.624485 0.488836 0.788003 0.690821 0.833804 0.872482 0.558244 0.741005 0.489412 0.674556 0.698697 0.658678 0.721959 0.760303 0.773055 0.557401 0.640427 0.255517 0.217971 0.108525 0.354200 -0.000362 0.361247 0.182513 0.301436 0.324946 0.093679 0.166241 0.650590 0.451656 0.438594 0.359068 0.115126 0.025163 0.115657 -0.066490 0.266230 0.058659 0.015618 -0.104583 0.102091 0.573300 0.678971 0.489708 0.232188 0.232485 0.203725 -0.056041
0.582439 0.621354 0.800981 0.731967 0.464271 0.613366 0.791344 0.398786 0.569532 -0.039802 0.707848 0.686698 0.656025 0.335614 0.538861 0.384915 0.573790 0.385260 0.474950 0.662410 0.709070 0.376177 0.507331 0.401485 0.640475 0.785017 0.445513 0.272633 0.664047 0.636729 0.000000 0.907115 0.674161 0.580232 0.407770 0.285305 0.445993 0.486243 0.412196 0.302368 0.345417 0.372989 -0.251107 -0.030504 -0.050416 -0.112903 -0.032536 -0.055654 -0.246835 -0.166903 -0.000142 -0.133288 -0.224847 -0.208197 0.073191 0.235530 0.468172 0.431493 0.410919 0.437210 0.396026 0.596253 0.401802 0.430728 0.501934 0.062709 0.521087 0.524911 0.627746 0.597167 0.737502 0.796415 0.591735 0.627382 0.093264 0.326390 0.102379 0.336404 0.304782 0.502329 0.335520 0.327966 0.460986 0.040419 0.251691 0.224530 0.335127 0.437254 -0.027421 0.236268 -0.035814 0.118375 -0.033587 -0.017888 0.404477 0.327748 0.260861 0.172412 0.093277 0.235037 0.335407 0.257368 0.351010 0.302815 0.002462 0.292117 0.373555 0.319052 0.439786 0.295817 0.182215 0.026377 0.145512 0.047310 -0.211234 0.182024
0.511249 0.583199 0.799216 0.756004 0.397543 0.511727 0.774968 0.544631 0.564475 -0.144421 0.736229 0.769454 0.744682 0.478593 0.558433 0.261217 0.560482 0.483584 0.397384 0.640134 0.704871 0.300952 0.582561 0.552089 0.655725 0.768477 0.295309 0.093580 0.668598 0.675585 0.907115 0.000000 0.704958 0.629353 0.433052 0.306305 0.472481 0.489243 0.411169 0.180492 0.382612 0.411776 -0.121838 0.083043 0.022874 0.002372 0.104109 0.064028 -0.141455 -0.062372 0.107320 -0.043926 -0.072736 -0.124224 0.163843 0.127443 0.459459 0.459239 0.460548 0.454290 0.450835 0.585674 0.399313 0.477150 0.540406 0.094285 0.519103 0.483715 0.598607 0.473252 0.746559 0.756924 0.625122 0.660907 0.155489 0.424903 0.116052 0.325664 0.416439 0.454370 0.449720 0.372020 0.503124 0.092068 0.363819 0.134199 0.269239 0.248468 0.115745 0.115952 0.094189 0.049393 0.110987 0.082638 0.254667 0.222089 0.311918 0.139814 0.155003 0.184306 0.288908 0.087460 0.275193 0.122793 0.109339 0.199219 0.271090 0.137503 0.295520 0.330244 0.257965 0.089183 0.144169 0.117121 -0.058463 0.071040
0.741210 0.749052 0.637182 0.746377 -0.109043 0.418984 0.632624 0.580816 0.063199 0.252179 0.824667 0.816268 0.811943 0.489865 0.757584 0.525110 0.789527 0.742353 0.549562 0.753057 0.624574 0.207457 0.737651 0.613962 0.235770 0.365904 -0.070468 -0.166192 0.813494 0.789181 0.674161 0.704958 0.000000 0.898915 0.690924 0.523611 0.673180 0.619464 0.448554 0.112288 0.501004 0.621097 0.284603 0.455559 0.474380 0.482754 0.460135 0.431043 0.320783 0.463203 0.481798 0.444135 0.223879 0.256735 0.293194 0.198119 0.832993 0.813434 0.744392 0.838228 0.828042 0.768985 0.725389 0.705681 0.708760 0.577168 0.745324 0.582104 0.835604 0.542147 0.763490 0.693898 0.758736 0.721228 0.565434 0.742820 0.381679 0.619425 0.666455 0.566908 0.661097 0.541417 0.765218 0.610253 0.546044 0.251790 0.065198 0.148561 0.290150 0.074072 0.283044 0.174191 0.393758 0.439321 -0.020725 0.006570 0.479718 0.226863 0.346977 0.334670 0.019974 -0.022451 0.009071 -0.107938 0.226517 0.115945 -0.079260 -0.179429 -0.007922 0.390305 0.519212 0.349672 0.175366 0.267809 0.296449 -0.132117
0.770771 0.736304 0.540576 0.756231 -0.141142 0.198901 0.582504 0.712582 0.029570 0.217613 0.820686 0.767406 0.737879 0.613926 0.808225 0.410259 0.729732 0.797407 0.646236 0.783525 0.466481 0.280043 0.803485 0.694110 0.213815 0.251955 -0.128464 -0.265417 0.805474 0.782146 0.580232 0.629353 0.898915 0.000000 0.723739 0.612993 0.549667 0.451141 0.285577 -0.045667 0.326677 0.492400 0.449938 0.455892 0.544215 0.550934 0.467407 0.453982 0.480279 0.541721 0.548310 0.472386 0.399643 0.270157 0.351057 0.087055 0.853272 0.828106 0.783173 0.830158 0.801042 0.762084 0.789672 0.752443 0.575921 0.626498 0.762457 0.603789 0.804105 0.547724 0.718154 0.616279 0.751788 0.751895 0.675015 0.709427 0.550288 0.687179 0.710906 0.486802 0.661773 0.599259 0.697064 0.650475 0.545886 0.168139 0.083125 -0.000171 0.382250 -0.081487 0.412200 0.181550 0.415361 0.478746 -0.137313 -0.023131 0.475812 0.297925 0.384404 0.282844 -0.030509 -0.097653 -0.044801 -0.189394 0.281512 -0.053327 -0.140433 -0.237575 -0.137014 0.315744 0.494333 0.359952 0.047759 0.139141 0.304702 -0.299100
0.523213 0.550275 0.294509 0.396690 -0.027999 0.090915 0.331880 0.447910 0.130198 0.102300 0.664130 0.581227 0.560287 0.489203 0.757391 0.333132 0.727361 0.758958 0.452644 0.449426 0.397673 0.411491 0.505482 0.416523 0.271940 0.231635 -0.043395 -0.173494 0.768616 0.760109 0.407770 0.433052 0.690924 0.723739 0.000000 0.823840 0.598418 0.493547 0.239525 0.097753 0.216059 0.418337 0.410288 0.476484 0.579770 0.441435 0.468454 0.493198 0.388203 0.436243 0.583582 0.377395 0.339498 0.164713 0.393978 0.257915 0.677552 0.643855 0.702051 0.723405 0.656022 0.809447 0.816354 0.842840 0.639232 0.619140 0.846377 0.789381 0.577711 0.557897 0.583001 0.548810 0.701442 0.718924 0.608180 0.607283 0.613644 0.747358 0.559466 0.604979 0.560522 0.764984 0.583727 0.548467 0.564095 0.314465 0.201217 0.112992 0.291631 0.013739 0.309504 0.256853 0.213525 0.279150 0.110268 0.192882 0.581632 0.522252 0.425110 0.417017 0.079602 0.120578 0.095298 0.020371 0.260037 0.079134 -0.013926 -0.047524 0.098741 0.467641 0.617820 0.482441 0.212448 0.228367 0.178888 -0.201724
0.428552 0.356481 0.205279 0.270284 0.038060 -0.035879 0.276317 0.443582 0.145769 0.017291 0.573946 0.439438 0.422504 0.545542 0.750904 0.160590 0.597183 0.755264 0.431274 0.348160 0.300843 0.455953 0.459665 0.395676 0.302644 0.163781 -0.026174 -0.233055 0.684011 0.709338 0.285305 0.306305 0.523611 0.612993 0.823840 0.000000 0.525184 0.359180 0.155810 -0.092279 0.145627 0.350700 0.446910 0.374219 0.570512 0.394400 0.471897 0.499839 0.451443 0.397047 0.634899 0.273589 0.438864 -0.015979 0.472692 0.062173 0.601980 0.469943 0.724914 0.612021 0.561992 0.755767 0.793422 0.776544 0.493811 0.537033 0.811181 0.779976 0.449686 0.507484 0.518941 0.378086 0.634747 0.703001 0.623891 0.561469 0.716425 0.721415 0.546861 0.429143 0.550642 0.769177 0.504897 0.509826 0.564308 0.127852 0.321996 -0.000593 0.307927 -0.239741 0.462424 0.314335 0.280543 0.282902 0.109991 0.294762 0.658334 0.610715 0.583462 0.491713 0.229536 0.119657 0.245131 0.019542 0.434195 0.058492 0.067421 -0.040388 0.102671 0.498368 0.662671 0.588478 0.242225 0.188445 0.136976 -0.188144
0.369575 0.409346 0.373592 0.292420 -0.082075 0.401185 0.355086 0.232945 0.029478 0.185860 0.531192 0.572616 0.604744 0.298570 0.609265 0.439530 0.704006 0.651376 0.114995 0.340365 0.718032 0.186053 0.339113 0.292223 0.185074 0.332875 -0.067966 -0.103123 0.694367 0.723886 0.445993 0.472481 0.673180 0.549667 0.598418 0.525184 0.000000 0.873789 0.744014 0.315944 0.755038 0.774977 0.192750 0.549768 0.461153 0.431616 0.604296 0.559222 0.234489 0.392594 0.526989 0.427770 0.155644 0.220597 0.426329 0.353671 0.555135 0.516999 0.590747 0.640778 0.680863 0.634382 0.575448 0.622229 0.782490 0.485341 0.641554 0.524993 0.532416 0.334412 0.662256 0.576570 0.688340 0.626971 0.463585 0.706411 0.293947 0.555076 0.572342 0.593446 0.675730 0.616954 0.820470 0.586262 0.676768 0.333944 0.154064 0.230026 0.301490 0.158730 0.265273 0.088637 0.408456 0.299664 0.201594 0.211853 0.745900 0.386534 0.534560 0.490661 0.160719 0.045758 0.153976 -0.076161 0.350975 0.305501 0.028564 -0.151755 0.192361 0.735678 0.797230 0.623597 0.547209 0.587539 0.378337 0.228368
