0.000000 0.575892 0.165507 0.303411 0.119751 0.005402 0.311889 0.432766 0.149722 0.049714 0.654844 0.336363 0.438297 0.585420 0.087225 0.049142 0.406966 0.468256 0.529999 0.544421 0.046668 0.014092 0.377795 0.333728 0.199103 0.186743 -0.013209 -0.081138 0.433979 0.440837 0.265832 0.420508 0.648569 0.627333 0.448291 0.399395 0.215587 0.238848 0.132193 0.316785 0.134828 0.114151 0.296932 0.490060 0.311546 0.390186 0.462720 0.447168 0.291702 0.348338 0.310759 0.211187 0.310695 0.138308 0.369176 0.411759 0.672061 0.627319 0.619377 0.624504 0.672042 0.529670 0.649112 0.534582 0.589233 0.422825 0.627111 0.594353 0.679387 0.638853 0.263590 0.234548 0.299187 0.360653 0.291073 0.117401 0.332676 0.302653 0.515687 0.349372 0.636800 0.527298 0.303325 0.252753 0.379159 0.252202 -0.006718 0.004634 0.445742 0.176780 0.342665 0.036978 0.198360 -0.083290 0.097431 0.179280 0.428639 0.316727 0.430658 0.344314 0.318861 0.119991 -0.026526 0.003660 0.309783 0.267675 -0.025752 -0.160617 0.095554 0.226674 0.565889 0.502846 0.136473 0.361413 0.279619 0.307793
0.575892 0.000000 0.399091 0.542045 0.154190 0.285502 0.498999 0.585653 -0.046251 0.272344 0.567876 0.491277 0.550221 0.543317 0.296121 0.347437 0.277868 0.561525 0.651963 0.663019 0.327174 0.299838 0.540671 0.509383 0.100316 0.324916 0.252390 0.214468 0.274840 0.558125 0.488519 0.564450 0.595739 0.561369 0.494082 0.426274 0.478370 0.486638 0.369459 0.473181 0.387316 0.368778 0.038673 0.256259 0.099635 0.175728 0.235375 0.222679 0.014637 0.116274 0.029358 -0.026996 0.017373 -0.107280 0.476788 0.487202 0.474624 0.555039 0.392649 0.461612 0.504584 0.322678 0.557220 0.601375 0.586243 0.212598 0.496081 0.605270 0.536233 0.483748 0.468419 0.427899 0.141275 0.523667 0.371352 0.219181 0.494114 0.509933 0.308220 0.219574 0.548838 0.560251 0.516019 0.516106 0.510162 0.154707 0.273215 0.305524 0.421069 0.080451 0.020582 -0.048315 -0.126186 0.074083 0.369276 0.432180 0.598731 0.540638 0.620601 0.190259 -0.013422 -0.141051 0.255205 0.080145 0.440123 0.316752 0.224103 0.150049 0.227546 0.272703 0.497181 0.415060 -0.127009 0.152013 0.033491 0.456102
0.165507 0.399091 0.000000 0.621265 0.324816 0.616833 0.689339 0.624332 -0.557438 0.585932 0.097448 0.668390 0.621605 0.135701 0.678807 0.657450 -0.325768 0.539129 0.492927 0.517075 0.626364 0.661851 0.654895 0.650825 -0.007898 0.257504 0.623561 0.623840 -0.317753 0.575489 0.607886 0.380121 0.245491 0.146304 0.335975 0.385754 0.573078 0.626140 0.680116 0.261175 0.423352 0.624570 -0.531087 -0.316945 -0.481664 -0.416189 -0.320927 -0.356458 -0.547978 -0.487084 -0.531006 -0.588712 -0.497966 -0.633804 0.582835 0.147218 0.004225 -0.001480 -0.149523 -0.077980 0.042486 -0.236955 0.108835 0.465973 0.198313 -0.341284 -0.011335 0.390515 0.046052 0.008339 0.680579 0.158758 -0.382991 0.462960 0.463856 0.109467 0.572948 0.468262 -0.201700 -0.382082 0.174580 0.128652 0.659351 0.615283 0.602437 -0.433268 0.684988 0.676728 0.420349 -0.479706 -0.471178 -0.497763 -0.542473 0.005480 0.606626 0.563898 0.552134 0.400828 0.551712 -0.427381 -0.419161 -0.633538 0.658648 -0.176549 0.445791 -0.118295 0.653319 0.549230 0.329184 0.128758 0.079633 0.018255 -0.640383 -0.431393 -0.532431 0.331358
0.303411 0.542045 0.621265 0.000000 0.208222 0.605258 0.640984 0.665335 -0.329443 0.590694 0.305149 0.630687 0.613162 0.291581 0.576478 0.620482 -0.050426 0.536172 0.630942 0.587061 0.602358 0.592647 0.662183 0.643370 -0.032819 0.423920 0.549588 0.544671 -0.049090 0.588713 0.682512 0.556932 0.403115 0.310311 0.421556 0.417161 0.621571 0.643824 0.595084 0.493187 0.530562 0.599560 -0.341719 -0.126898 -0.254331 -0.193020 -0.136703 -0.144543 -0.379273 -0.266458 -0.378918 -0.377564 -0.400828 -0.457718 0.502005 0.395230 0.118859 0.228196 0.016143 0.141207 0.187916 -0.008242 0.297691 0.558399 0.375423 -0.135328 0.170655 0.498130 0.200162 0.154116 0.636177 0.417911 -0.183547 0.505569 0.411207 0.226602 0.554937 0.568424 -0.075997 -0.127872 0.276186 0.371455 0.651161 0.666375 0.549232 -0.152424 0.566180 0.604991 0.308281 -0.189665 -0.384863 -0.221638 -0.473595 0.218867 0.602585 0.606357 0.611490 0.607033 0.601153 -0.145764 -0.385493 -0.451047 0.577096 0.110593 0.474237 0.172671 0.519103 0.522025 0.357177 0.253539 0.251106 0.163118 -0.465674 -0.233928 -0.355927 0.450494
0.119751 0.154190 0.324816 0.208222 0.000000 0.208709 0.273884 0.256788 -0.157573 0.129925 0.013045 0.281709 0.263303 0.068589 0.382454 0.308457 -0.173730 0.255194 0.176232 0.212645 0.284253 0.281624 0.306470 0.245505 0.560430 0.317318 0.402794 0.361426 -0.187150 0.274733 0.194082 0.028813 0.107184 0.015694 0.101728 0.062331 0.231457 0.267140 0.271681 0.064195 0.144381 0.287007 -0.246721 -0.151187 -0.143535 -0.193033 -0.087847 -0.120533 -0.193009 -0.165698 -0.184781 -0.225072 -0.164308 -0.281607 0.306891 0.011132 0.096583 0.032765 -0.001323 0.016914 0.026823 -0.173343 0.060495 0.188223 0.111569 -0.220649 0.016708 0.154730 0.048505 0.114824 0.305757 -0.056437 -0.125172 0.198978 0.311970 0.222687 0.237745 0.081845 -0.055601 -0.240034 0.164937 0.152301 0.263956 0.248048 0.343883 -0.177579 0.286299 0.273143 0.336166 -0.267149 -0.127672 -0.306572 -0.250082 -0.084532 0.186834 0.172701 0.266837 0.069171 0.337007 -0.214072 -0.068452 -0.230028 0.277956 -0.136487 0.246683 -0.100548 0.260353 0.118599 0.233495 0.036155 0.107312 0.063381 -0.271723 -0.144325 -0.194205 0.123512
0.005402 0.285502 0.616833 0.605258 0.208709 0.000000 0.569520 0.522759 -0.467113 0.645901 -0.003790 0.568713 0.494872 -0.009821 0.604381 0.643350 -0.287816 0.420549 0.437083 0.381614 0.648732 0.665405 0.548815 0.527967 -0.134556 0.372110 0.642138 0.658815 -0.299072 0.471084 0.634269 0.380418 0.127526 0.015520 0.197907 0.225156 0.578644 0.611187 0.620291 0.348608 0.522463 0.629431 -0.546104 -0.379462 -0.462656 -0.425926 -0.371029 -0.380888 -0.580472 -0.491503 -0.579632 -0.551579 -0.597218 -0.609724 0.432034 0.221471 -0.183826 -0.088810 -0.292534 -0.180114 -0.120159 -0.327685 0.013059 0.355005 0.103052 -0.417619 -0.142098 0.245425 -0.107667 -0.132843 0.599208 0.270730 -0.378697 0.423307 0.312197 0.140967 0.466968 0.445419 -0.328121 -0.364172 0.016804 0.123312 0.588680 0.598744 0.462001 -0.376854 0.652859 0.670825 0.176660 -0.378148 -0.584882 -0.317261 -0.599941 0.263750 0.635555 0.569770 0.480291 0.479676 0.457548 -0.368692 -0.532981 -0.581612 0.676741 0.080197 0.409527 -0.001231 0.625464 0.660676 0.387881 0.172019 -0.011737 -0.054534 -0.603562 -0.471654 -0.567572 0.290290
0.311889 0.498999 0.689339 0.640984 0.273884 0.569520 0.000000 0.678187 -0.474907 0.555973 0.254678 0.683548 0.678463 0.275281 0.628860 0.610071 -0.187764 0.605293 0.583781 0.605372 0.574128 0.607043 0.683459 0.671581 -0.006139 0.250182 0.546705 0.534656 -0.180591 0.621469 0.621002 0.461467 0.388539 0.299466 0.431013 0.467331 0.578220 0.621283 0.651871 0.313804 0.428810 0.592311 -0.401367 -0.161639 -0.364465 -0.271592 -0.175847 -0.214339 -0.429644 -0.366259 -0.415629 -0.491091 -0.380774 -0.543737 0.611095 0.232387 0.152476 0.143167 0.002132 0.063278 0.204405 -0.080527 0.252762 0.549667 0.319357 -0.191435 0.146840 0.508680 0.203451 0.154450 0.685270 0.217744 -0.263150 0.518030 0.509289 0.129062 0.621924 0.526243 -0.053195 -0.259102 0.310472 0.221315 0.673721 0.616798 0.628832 -0.336666 0.623286 0.616779 0.478712 -0.389963 -0.345645 -0.447262 -0.440946 -0.027825 0.579757 0.549961 0.607605 0.455607 0.601285 -0.305025 -0.314516 -0.556042 0.587548 -0.174678 0.475331 -0.037400 0.581211 0.469194 0.344030 0.172062 0.213840 0.129001 -0.552907 -0.303515 -0.413329 0.364951
0.432766 0.585653 0.624332 0.665335 0.256788 0.522759 0.678187 0.000000 -0.343335 0.523492 0.381069 0.674681 0.679230 0.389976 0.556144 0.554236 -0.024124 0.625710 0.653419 0.656873 0.528536 0.539870 0.673743 0.653260 0.029134 0.322966 0.491642 0.462941 -0.016861 0.646490 0.632495 0.531119 0.489086 0.403929 0.444102 0.467441 0.571863 0.610119 0.577459 0.395733 0.435007 0.558565 -0.274852 -0.026953 -0.219216 -0.128651 -0.037657 -0.067135 -0.301308 -0.209298 -0.291987 -0.350475 -0.284137 -0.427287 0.579043 0.346114 0.276166 0.302450 0.147892 0.237652 0.322371 0.080311 0.392382 0.631721 0.425967 -0.068925 0.262199 0.573820 0.336615 0.290360 0.651418 0.316535 -0.148313 0.539365 0.500645 0.181767 0.602527 0.547038 0.060908 -0.109009 0.406288 0.364786 0.654583 0.627729 0.610566 -0.185976 0.533099 0.543869 0.453520 -0.240449 -0.246748 -0.309486 -0.362309 0.051119 0.538686 0.548369 0.635118 0.534841 0.635593 -0.141821 -0.233875 -0.435239 0.515827 -0.055901 0.476512 0.086786 0.490696 0.398196 0.339775 0.208518 0.333442 0.232717 -0.432502 -0.166790 -0.290261 0.432656
0.149722 -0.046251 -0.557438 -0.329443 -0.157573 -0.467113 -0.474907 -0.343335 0.000000 -0.429268 0.233575 -0.458885 -0.368959 0.173556 -0.543809 -0.475620 0.568643 -0.295752 -0.149489 -0.198720 -0.457652 -0.548511 -0.390400 -0.403453 0.158208 0.075040 -0.477500 -0.507379 0.564523 -0.302491 -0.346168 -0.032691 0.086936 0.161282 -0.059103 -0.187604 -0.304046 -0.380548 -0.533111 0.084908 -0.175173 -0.438418 0.607695 0.506354 0.628892 0.586702 0.509174 0.553938 0.618865 0.637581 0.603592 0.668029 0.533984 0.650566 -0.392246 0.202489 0.244876 0.314679 0.374753 0.357409 0.223490 0.451305 0.195416 -0.200310 0.132346 0.521102 0.317802 -0.061013 0.237234 0.264174 -0.492429 0.165955 0.540702 -0.200490 -0.328997 0.109346 -0.374620 -0.219446 0.364931 0.569969 0.103574 0.269984 -0.415112 -0.358906 -0.389230 0.628416 -0.603588 -0.556769 -0.247058 0.637479 0.509286 0.609672 0.485459 0.172269 -0.441465 -0.336224 -0.238779 -0.067381 -0.232769 0.634232 0.431198 0.662650 -0.549250 0.381915 -0.199066 0.383414 -0.600022 -0.487756 -0.187101 0.070548 0.225857 0.250628 0.654304 0.591195 0.611243 -0.059189
0.049714 0.272344 0.585932 0.590694 0.129925 0.645901 0.555973 0.523492 -0.429268 0.000000 0.028317 0.567232 0.512398 0.046881 0.568897 0.610534 -0.257525 0.401192 0.423626 0.372839 0.615912 0.614428 0.528326 0.530069 -0.143717 0.356725 0.566412 0.583996 -0.250476 0.457788 0.607443 0.393609 0.146963 0.038988 0.236187 0.279238 0.545175 0.572117 0.580799 0.348202 0.476339 0.603634 -0.504185 -0.312575 -0.450031 -0.382895 -0.332500 -0.334483 -0.539105 -0.445309 -0.532463 -0.507321 -0.546225 -0.564313 0.424844 0.240304 -0.150675 -0.094743 -0.267559 -0.153237 -0.088569 -0.240363 0.029950 0.351197 0.086993 -0.344866 -0.114427 0.269995 -0.076339 -0.120823 0.565211 0.270552 -0.345710 0.386963 0.307611 0.112584 0.459275 0.440106 -0.299291 -0.332313 0.008945 0.135358 0.567751 0.565012 0.423501 -0.354821 0.610918 0.625827 0.204215 -0.341064 -0.529048 -0.299705 -0.545412 0.249888 0.587820 0.543223 0.453721 0.468793 0.431200 -0.347650 -0.480716 -0.544013 0.628863 0.060453 0.379144 -0.009381 0.586837 0.611298 0.350069 0.148630 0.031094 -0.062910 -0.556188 -0.412118 -0.524753 0.319541
0.654844 0.567876 0.097448 0.305149 0.013045 -0.003790 0.254678 0.381069 0.233575 0.028317 0.000000 0.260503 0.378739 0.629188 0.046915 0.049701 0.505728 0.404137 0.521428 0.506618 0.030832 -0.016083 0.323735 0.297380 0.123978 0.205987 -0.062726 -0.114220 0.521876 0.376983 0.257681 0.459781 0.620513 0.624053 0.462804 0.381538 0.230129 0.229110 0.083614 0.404458 0.207816 0.080869 0.348627 0.505818 0.360909 0.428226 0.475137 0.458973 0.325666 0.395074 0.336566 0.277429 0.319208 0.206502 0.278667 0.468112 0.606193 0.633182 0.595303 0.614432 0.642011 0.558552 0.652353 0.505445 0.621441 0.486946 0.633979 0.575668 0.635007 0.606558 0.199413 0.350662 0.384314 0.359844 0.226278 0.161374 0.303426 0.367568 0.511459 0.436395 0.606190 0.562091 0.266955 0.244324 0.306595 0.383885 -0.055752 -0.019379 0.320190 0.308915 0.330157 0.144017 0.206212 -0.002582 0.100196 0.164895 0.401058 0.387635 0.388143 0.416185 0.261614 0.178890 -0.063307 0.128155 0.296229 0.411149 -0.098333 -0.125988 0.139769 0.301840 0.554583 0.493752 0.186842 0.415300 0.340362 0.297135
0.336363 0.491277 0.668390 0.630687 0.281709 0.568713 0.683548 0.674681 -0.458885 0.567232 0.260503 0.000000 0.680888 0.265996 0.616869 0.588668 -0.170501 0.617969 0.583086 0.595333 0.582500 0.604257 0.673381 0.652621 0.003712 0.268567 0.557914 0.533001 -0.159647 0.645205 0.625217 0.450228 0.384817 0.281833 0.376738 0.427641 0.572452 0.634943 0.629042 0.297239 0.422967 0.615063 -0.398993 -0.149907 -0.355548 -0.265879 -0.163900 -0.198204 -0.418908 -0.338638 -0.393680 -0.468067 -0.372609 -0.532758 0.619073 0.249549 0.176340 0.152039 0.019854 0.093342 0.210310 -0.066583 0.290092 0.584811 0.317337 -0.213956 0.129025 0.489855 0.215291 0.170140 0.675079 0.190569 -0.282673 0.517348 0.480540 0.107987 0.594493 0.492769 -0.051741 -0.253840 0.318770 0.263025 0.667893 0.622386 0.641178 -0.328632 0.609563 0.603343 0.472535 -0.387073 -0.334942 -0.414418 -0.421869 0.029355 0.574745 0.562333 0.605060 0.454180 0.595106 -0.286373 -0.275068 -0.534975 0.590280 -0.130011 0.479767 -0.038357 0.588924 0.461602 0.330988 0.164205 0.211544 0.125984 -0.528646 -0.297703 -0.413965 0.382782
0.438297 0.550221 0.621605 0.613162 0.263303 0.494872 0.678463 0.679230 -0.368959 0.512398 0.378739 0.680888 0.000000 0.378879 0.568407 0.531381 -0.059079 0.641872 0.621106 0.639404 0.510848 0.530878 0.672197 0.652049 0.050948 0.272180 0.467283 0.439287 -0.050829 0.641308 0.605848 0.497163 0.478738 0.387133 0.457663 0.485790 0.547400 0.600843 0.589848 0.348241 0.395969 0.541875 -0.280403 -0.022846 -0.242553 -0.148607 -0.037037 -0.076384 -0.297567 -0.224954 -0.275762 -0.367371 -0.250171 -0.434439 0.618301 0.299621 0.293002 0.262419 0.141416 0.200397 0.338149 0.058481 0.388887 0.610031 0.416725 -0.080196 0.257251 0.563187 0.323103 0.278589 0.654458 0.234345 -0.165408 0.535562 0.505429 0.135155 0.611893 0.516977 0.072694 -0.140993 0.426053 0.328633 0.655200 0.587406 0.645821 -0.231286 0.536431 0.530572 0.526573 -0.297948 -0.210253 -0.378444 -0.310230 -0.027131 0.527334 0.516547 0.623192 0.462181 0.617516 -0.184722 -0.166352 -0.442717 0.501201 -0.138401 0.505758 0.036042 0.499713 0.369746 0.328807 0.214496 0.321774 0.232883 -0.436977 -0.175501 -0.294340 0.377947
0.585420 0.543317 0.135701 0.291581 0.068589 -0.009821 0.275281 0.389976 0.173556 0.046881 0.629188 0.265996 0.378879 0.000000 0.079776 0.120496 0.429715 0.365961 0.471222 0.509402 0.052680 0.022313 0.316495 0.328240 0.154332 0.185579 -0.031313 -0.082624 0.444946 0.353145 0.233690 0.457113 0.584227 0.612479 0.469614 0.414009 0.255725 0.225807 0.109683 0.359055 0.191471 0.099863 0.300164 0.458201 0.307401 0.371946 0.433848 0.411024 0.278637 0.333775 0.278872 0.215112 0.277044 0.157622 0.290689 0.402626 0.537526 0.557818 0.521650 0.539892 0.558472 0.522686 0.560999 0.461279 0.569705 0.453873 0.578124 0.567514 0.582391 0.563614 0.209438 0.371989 0.379452 0.369230 0.279983 0.213378 0.364580 0.427056 0.446668 0.387371 0.532835 0.485542 0.273387 0.246024 0.284000 0.323986 -0.007494 0.019869 0.349058 0.262399 0.285478 0.051656 0.137828 -0.106276 0.093170 0.171061 0.396563 0.356390 0.401616 0.334709 0.190016 0.113514 -0.041928 0.039421 0.281009 0.363916 -0.053780 -0.120432 0.116626 0.237021 0.548094 0.432348 0.119233 0.391745 0.305279 0.317308
0.087225 0.296121 0.678807 0.576478 0.382454 0.604381 0.628860 0.556144 -0.543809 0.568897 0.046915 0.616869 0.568407 0.079776 0.000000 0.658120 -0.359282 0.471736 0.419167 0.423766 0.613228 0.644275 0.606772 0.598302 0.044416 0.275309 0.631330 0.634439 -0.348638 0.516459 0.568198 0.302901 0.162465 0.052235 0.279834 0.326622 0.523986 0.584888 0.647939 0.246455 0.405133 0.594972 -0.563422 -0.379755 -0.503522 -0.471009 -0.364245 -0.402237 -0.567303 -0.514211 -0.556489 -0.592149 -0.527037 -0.637486 0.516221 0.093043 -0.071251 -0.075040 -0.208012 -0.125755 -0.033178 -0.292299 0.046323 0.410772 0.151523 -0.393904 -0.084633 0.313928 -0.046505 -0.054312 0.632047 0.116190 -0.396119 0.395768 0.444756 0.133330 0.515962 0.427174 -0.268123 -0.429426 0.112135 0.087433 0.604337 0.564132 0.554283 -0.437456 0.665313 0.661399 0.356723 -0.486899 -0.497444 -0.502876 -0.551339 0.014572 0.581254 0.510544 0.484580 0.349952 0.491634 -0.465222 -0.443685 -0.617743 0.653825 -0.149870 0.405944 -0.134129 0.631741 0.561901 0.359960 0.138326 0.021519 -0.018861 -0.645863 -0.469292 -0.549674 0.261163
0.049142 0.347437 0.657450 0.620482 0.308457 0.643350 0.610071 0.554236 -0.475620 0.610534 0.049701 0.588668 0.531381 0.120496 0.658120 0.000000 -0.287220 0.433805 0.457442 0.447235 0.658304 0.665508 0.586640 0.591298 -0.018088 0.353891 0.642703 0.657725 -0.278499 0.504914 0.603122 0.395514 0.170899 0.080845 0.296914 0.299908 0.603359 0.612591 0.648025 0.358596 0.505418 0.627110 -0.527916 -0.346631 -0.443220 -0.407107 -0.340579 -0.360554 -0.554813 -0.477752 -0.558523 -0.547995 -0.555536 -0.603786 0.486155 0.207264 -0.132464 -0.058144 -0.253688 -0.144719 -0.084036 -0.277073 0.037002 0.376498 0.163291 -0.356197 -0.081750 0.310014 -0.060063 -0.083228 0.612705 0.287555 -0.320322 0.435274 0.399695 0.204052 0.520136 0.506823 -0.285804 -0.330015 0.069115 0.160243 0.620516 0.624721 0.505362 -0.343770 0.667574 0.683696 0.285830 -0.364355 -0.550366 -0.389149 -0.617637 0.129777 0.613652 0.577720 0.513088 0.466324 0.515172 -0.382947 -0.534391 -0.600243 0.660292 -0.013523 0.409517 -0.012156 0.611424 0.609323 0.351985 0.164017 0.046177 -0.018111 -0.621019 -0.422713 -0.529133 0.348231
0.406966 0.277868 -0.325768 -0.050426 -0.173730 -0.287816 -0.187764 -0.024124 0.568643 -0.257525 0.505728 -0.170501 -0.059079 0.429715 -0.359282 -0.287220 0.000000 0.063616 0.184041 0.138429 -0.280742 -0.358167 -0.097430 -0.116696 0.091611 0.165588 -0.339874 -0.385419 0.686657 0.037743 -0.077309 0.231957 0.367059 0.430184 0.170171 0.065173 -0.070341 -0.116080 -0.312311 0.287599 0.011357 -0.223889 0.585784 0.604049 0.605492 0.620689 0.582348 0.609208 0.572153 0.627178 0.556840 0.579599 0.488350 0.530669 -0.141717 0.398637 0.458792 0.550930 0.534322 0.547632 0.445740 0.560092 0.500812 0.157774 0.413276 0.575605 0.516892 0.248988 0.480083 0.506320 -0.229567 0.309268 0.528216 0.034999 -0.097707 0.156401 -0.098512 0.065685 0.536815 0.637982 0.390549 0.472450 -0.113471 -0.066149 -0.122408 0.616546 -0.419637 -0.359250 -0.064537 0.597680 0.482775 0.498702 0.424093 0.142430 -0.227472 -0.104434 0.077330 0.222526 0.067830 0.641087 0.396132 0.524054 -0.390877 0.340847 -0.036391 0.447713 -0.457487 -0.369470 -0.072031 0.174856 0.424645 0.425778 0.525696 0.611454 0.570002 0.136769
0.468256 0.561525 0.539129 0.536172 0.255194 0.420549 0.605293 0.625710 -0.295752 0.401192 0.404137 0.617969 0.641872 0.365961 0.471736 0.433805 0.063616 0.000000 0.605262 0.634412 0.434878 0.446539 0.610397 0.587010 0.078152 0.275724 0.409237 0.373843 0.059534 0.657369 0.542852 0.471606 0.500629 0.430275 0.417467 0.439066 0.476751 0.544285 0.501016 0.307788 0.350538 0.478149 -0.175299 0.075013 -0.132407 -0.044416 0.067027 0.028790 -0.200467 -0.140943 -0.186314 -0.287945 -0.167217 -0.351383 0.553869 0.287018 0.372082 0.344105 0.212057 0.255048 0.362629 0.063553 0.470068 0.628674 0.449198 -0.040083 0.299445 0.539079 0.394116 0.384873 0.578016 0.196564 -0.115528 0.486219 0.471171 0.083855 0.546223 0.453185 0.179229 -0.036120 0.502238 0.376391 0.604388 0.556934 0.601825 -0.175970 0.442724 0.444114 0.474906 -0.251363 -0.111975 -0.314655 -0.199123 -0.032549 0.452685 0.459084 0.602199 0.452033 0.604632 -0.110101 -0.046740 -0.350350 0.409993 -0.131860 0.437075 0.029785 0.407907 0.277485 0.290605 0.217668 0.353903 0.311953 -0.342726 -0.108558 -0.217890 0.315134
0.529999 0.651963 0.492927 0.630942 0.176232 0.437083 0.583781 0.653419 -0.149489 0.423626 0.521428 0.583086 0.621106 0.471222 0.419167 0.457442 0.184041 0.605262 0.000000 0.680961 0.449052 0.424597 0.623405 0.577999 0.049266 0.389254 0.374660 0.342788 0.195279 0.621528 0.610344 0.595449 0.594498 0.518897 0.484746 0.444652 0.554642 0.564085 0.477785 0.505968 0.464493 0.474238 -0.075660 0.160734 -0.003914 0.076270 0.142576 0.130748 -0.117055 -0.016259 -0.115923 -0.152689 -0.136728 -0.246207 0.519217 0.485592 0.386262 0.459274 0.289862 0.375012 0.434943 0.226211 0.521998 0.635543 0.541795 0.099031 0.406188 0.610610 0.457734 0.411816 0.566230 0.430338 0.046234 0.542271 0.410803 0.212037 0.558738 0.565130 0.198910 0.104304 0.497399 0.507526 0.597031 0.592243 0.554802 0.023702 0.389252 0.421552 0.403170 -0.031431 -0.116368 -0.123614 -0.240251 0.120097 0.480263 0.518577 0.642636 0.605729 0.627193 0.078328 -0.130570 -0.252558 0.383962 0.096782 0.471501 0.264845 0.340241 0.295023 0.305699 0.294606 0.453880 0.357618 -0.252572 0.018210 -0.110110 0.459926
0.544421 0.663019 0.517075 0.587061 0.212645 0.381614 0.605372 0.656873 -0.198720 0.372839 0.506618 0.595333 0.639404 0.509402 0.423766 0.447235 0.138429 0.634412 0.680961 0.000000 0.413548 0.408071 0.619761 0.598822 0.076886 0.296804 0.350852 0.316150 0.153824 0.636400 0.556536 0.566611 0.596086 0.544967 0.499499 0.483535 0.526793 0.540304 0.490140 0.421682 0.389250 0.444506 -0.079767 0.164575 -0.026983 0.065102 0.148532 0.121931 -0.113447 -0.037916 -0.104491 -0.181904 -0.096480 -0.258935 0.565247 0.404519 0.424542 0.450172 0.310832 0.369798 0.454790 0.227052 0.509020 0.635032 0.536744 0.107966 0.414636 0.625606 0.484496 0.435323 0.573664 0.365878 0.035267 0.556915 0.450029 0.182143 0.587581 0.558450 0.238786 0.087868 0.526452 0.460664 0.601723 0.564261 0.584907 -0.028433 0.396232 0.409023 0.493979 -0.095285 -0.072119 -0.215368 -0.209726 -0.014141 0.450067 0.492396 0.645657 0.523355 0.638930 0.025820 -0.075428 -0.283753 0.364705 -0.042186 0.474750 0.183695 0.354694 0.240614 0.258700 0.264598 0.452692 0.373237 -0.270781 0.019353 -0.102894 0.438486
0.046668 0.327174 0.626364 0.602358 0.284253 0.648732 0.574128 0.528536 -0.457652 0.615912 0.030832 0.582500 0.510848 0.052680 0.613228 0.658304 -0.280742 0.434878 0.449052 0.413548 0.000000 0.682241 0.567186 0.556742 -0.007863 0.397763 0.666392 0.662634 -0.275578 0.469873 0.622439 0.401188 0.163092 0.063023 0.249015 0.256891 0.611672 0.615259 0.606200 0.351850 0.523524 0.656471 -0.519539 -0.351779 -0.431930 -0.402088 -0.328579 -0.343694 -0.552475 -0.461223 -0.549477 -0.531568 -0.565460 -0.592771 0.454331 0.218454 -0.124498 -0.053729 -0.256064 -0.148107 -0.091498 -0.287203 0.067480 0.394735 0.141370 -0.379938 -0.098958 0.280811 -0.058946 -0.077666 0.599416 0.277656 -0.341186 0.432906 0.371913 0.185306 0.503692 0.478304 -0.341049 -0.349801 0.026712 0.167819 0.581638 0.605413 0.480068 -0.341706 0.645670 0.670150 0.224303 -0.358158 -0.554405 -0.335770 -0.590627 0.215889 0.603375 0.574701 0.487689 0.483829 0.496569 -0.366180 -0.510212 -0.567965 0.648258 0.034855 0.408340 0.013075 0.620526 0.615344 0.358809 0.179270 0.087553 -0.053817 -0.593774 -0.435915 -0.536197 0.372976
0.014092 0.299838 0.661851 0.592647 0.281624 0.665405 0.607043 0.539870 -0.548511 0.614428 -0.016083 0.604257 0.530878 0.022313 0.644275 0.665508 -0.358167 0.446539 0.424597 0.408071 0.682241 0.000000 0.577264 0.565287 -0.046383 0.311409 0.666189 0.675883 -0.367338 0.474366 0.613420 0.352027 0.133558 0.028463 0.228905 0.270907 0.585364 0.616997 0.642170 0.277427 0.500487 0.662089 -0.574539 -0.407009 -0.508428 -0.468858 -0.401552 -0.421437 -0.604910 -0.531170 -0.598643 -0.601765 -0.592478 -0.650273 0.488219 0.148518 -0.152515 -0.097509 -0.290550 -0.195014 -0.110161 -0.337450 0.016437 0.389935 0.098224 -0.439647 -0.149234 0.259205 -0.093664 -0.112533 0.639067 0.207876 -0.398278 0.431367 0.403605 0.141203 0.535862 0.470889 -0.337531 -0.424538 0.036877 0.087427 0.604340 0.609354 0.516474 -0.428418 0.691981 0.697336 0.262791 -0.447584 -0.572030 -0.428593 -0.605905 0.130220 0.614151 0.553225 0.482358 0.428322 0.488885 -0.443857 -0.520404 -0.638503 0.679574 -0.060729 0.414169 -0.058785 0.665643 0.624946 0.375483 0.103995 0.008203 -0.110788 -0.653090 -0.494829 -0.583819 0.310971
0.377795 0.540671 0.654895 0.662183 0.306470 0.548815 0.683459 0.673743 -0.390400 0.528326 0.323735 0.673381 0.672197 0.316495 0.606772 0.586640 -0.097430 0.610397 0.623405 0.619761 0.567186 0.577264 0.000000 0.685369 0.073324 0.355486 0.540069 0.514682 -0.086895 0.646356 0.649981 0.512267 0.462638 0.360518 0.485993 0.499376 0.588406 0.635460 0.622665 0.387821 0.445935 0.585105 -0.328489 -0.086041 -0.265313 -0.197993 -0.098535 -0.127961 -0.350841 -0.278942 -0.337069 -0.407425 -0.323063 -0.474028 0.600890 0.304775 0.226035 0.231425 0.084757 0.157879 0.270364 -0.005744 0.336853 0.584167 0.408816 -0.119532 0.236357 0.559693 0.266993 0.232916 0.676654 0.256256 -0.196785 0.522329 0.493781 0.171910 0.603565 0.522093 0.002904 -0.177408 0.369472 0.328552 0.668786 0.626914 0.637729 -0.234284 0.571620 0.581310 0.466177 -0.306790 -0.288498 -0.363267 -0.395425 0.026576 0.568198 0.563046 0.633815 0.494212 0.614488 -0.208524 -0.258776 -0.469501 0.548045 -0.087721 0.497946 0.052780 0.535543 0.428132 0.332144 0.220504 0.281756 0.201097 -0.479864 -0.222406 -0.335930 0.399991
0.333728 0.509383 0.650825 0.643370 0.245505 0.527967 0.671581 0.653260 -0.403453 0.530069 0.297380 0.652621 0.652049 0.328240 0.598302 0.591298 -0.116696 0.587010 0.577999 0.598822 0.556742 0.565287 0.685369 0.000000 -0.003347 0.322050 0.509926 0.499562 -0.091103 0.610427 0.625203 0.542329 0.430531 0.361126 0.499532 0.535866 0.569082 0.611111 0.612969 0.369973 0.417604 0.562483 -0.336130 -0.100289 -0.289789 -0.217221 -0.126022 -0.154802 -0.364156 -0.302086 -0.357173 -0.429453 -0.340001 -0.476538 0.550779 0.256527 0.184646 0.185107 0.040578 0.109760 0.218214 -0.016026 0.292785 0.550569 0.371236 -0.107497 0.204918 0.539524 0.226179 0.197469 0.639278 0.282540 -0.221816 0.484066 0.462089 0.140543 0.581288 0.522482 -0.025093 -0.166562 0.313726 0.282033 0.653903 0.612626 0.581526 -0.254875 0.564665 0.577741 0.422625 -0.315763 -0.302326 -0.364795 -0.383047 0.014619 0.556373 0.554682 0.586946 0.471670 0.564961 -0.239313 -0.278030 -0.474267 0.535185 -0.106047 0.456481 0.026521 0.532275 0.439887 0.279961 0.212104 0.237179 0.170410 -0.488725 -0.244291 -0.351502 0.378818
0.199103 0.100316 -0.007898 -0.032819 0.560430 -0.134556 -0.006139 0.029134 0.158208 -0.143717 0.123978 0.003712 0.050948 0.154332 0.044416 -0.018088 0.091611 0.078152 0.049266 0.076886 -0.007863 -0.046383 0.073324 -0.003347 0.000000 0.285186 0.075035 0.013631 0.070306 0.052950 -0.044209 -0.041643 0.148345 0.108188 0.106227 -0.001208 -0.009447 -0.002268 -0.069624 0.002652 -0.026967 -0.007747 0.107372 0.132902 0.186332 0.113064 0.193666 0.173818 0.167926 0.171859 0.173417 0.134028 0.179978 0.086573 0.081126 0.002191 0.261018 0.193786 0.219218 0.198521 0.178482 0.093109 0.159197 0.068818 0.175231 0.092301 0.195412 0.109349 0.181827 0.252088 0.039604 -0.059753 0.176722 0.044191 0.189405 0.210229 0.073811 -0.047193 0.154918 0.023977 0.228611 0.211062 -0.025081 -0.030224 0.131951 0.132166 -0.068858 -0.073623 0.227341 0.034202 0.203914 -0.081666 0.092040 -0.164666 -0.130222 -0.115881 0.074262 -0.046339 0.159029 0.077171 0.213851 0.116152 -0.095116 -0.091295 0.100387 0.074740 -0.087786 -0.212899 0.144109 0.027822 0.272328 0.149249 0.089649 0.183024 0.179250 0.044149
0.186743 0.324916 0.257504 0.423920 0.317318 0.372110 0.250182 0.322966 0.075040 0.356725 0.205987 0.268567 0.272180 0.185579 0.275309 0.353891 0.165588 0.275724 0.389254 0.296804 0.397763 0.311409 0.355486 0.322050 0.285186 0.000000 0.393137 0.368252 0.155369 0.309991 0.462340 0.444997 0.279909 0.201500 0.258884 0.142863 0.399823 0.394824 0.233606 0.493078 0.450882 0.376314 -0.106056 0.005380 0.043571 -0.007180 0.029433 0.062198 -0.107202 0.002332 -0.126452 -0.053784 -0.214661 -0.144916 0.145575 0.378792 0.080381 0.221068 0.032451 0.145576 0.069457 0.003229 0.238312 0.277784 0.309597 -0.031218 0.159212 0.264100 0.121231 0.173433 0.301808 0.446182 0.042830 0.278057 0.156611 0.302856 0.250886 0.311903 -0.040420 0.057180 0.162959 0.446961 0.319636 0.401332 0.228650 0.127416 0.231506 0.301112 0.029295 0.090834 -0.204164 0.098148 -0.251531 0.388879 0.305789 0.349208 0.362728 0.507022 0.372322 0.098048 -0.207563 -0.076873 0.282623 0.370387 0.292841 0.333756 0.202176 0.281005 0.317580 0.224595 0.289082 0.165009 -0.133493 -0.003280 -0.095099 0.346359
-0.013209 0.252390 0.623561 0.549588 0.402794 0.642138 0.546705 0.491642 -0.477500 0.566412 -0.062726 0.557914 0.467283 -0.031313 0.631330 0.642703 -0.339874 0.409237 0.374660 0.350852 0.666392 0.666189 0.540069 0.509926 0.075035 0.393137 0.000000 0.696958 -0.351499 0.460459 0.574389 0.298419 0.086512 -0.027086 0.164781 0.175008 0.539995 0.571377 0.582681 0.249896 0.462680 0.638773 -0.572127 -0.417027 -0.475248 -0.463421 -0.385986 -0.399892 -0.580294 -0.500372 -0.574246 -0.563344 -0.583373 -0.623038 0.441411 0.123323 -0.161459 -0.114369 -0.298168 -0.194828 -0.147489 -0.370754 -0.003503 0.337539 0.080627 -0.456824 -0.168750 0.210125 -0.121529 -0.115570 0.587685 0.167599 -0.413717 0.366723 0.372291 0.171558 0.453622 0.381252 -0.356424 -0.429478 0.014010 0.105068 0.549676 0.562621 0.487033 -0.398175 0.650642 0.659845 0.236646 -0.429442 -0.563519 -0.391402 -0.602364 0.170256 0.548221 0.522657 0.444845 0.397817 0.466196 -0.421447 -0.502716 -0.590846 0.655323 -0.023567 0.355737 -0.101063 0.626762 0.581593 0.357972 0.067840 0.009051 -0.104199 -0.617608 -0.486686 -0.565231 0.333770
-0.081138 0.214468 0.623840 0.544671 0.361426 0.658815 0.534656 0.462941 -0.507379 0.583996 -0.114220 0.533001 0.439287 -0.082624 0.634439 0.657725 -0.385419 0.373843 0.342788 0.316150 0.662634 0.675883 0.514682 0.499562 0.013631 0.368252 0.696958 0.000000 -0.394534 0.423339 0.562836 0.275167 0.028613 -0.085033 0.133435 0.159641 0.536875 0.570310 0.604045 0.258431 0.461795 0.628658 -0.611244 -0.471829 -0.518290 -0.512092 -0.452442 -0.461725 -0.625698 -0.550756 -0.623849 -0.599642 -0.634134 -0.651213 0.411363 0.111488 -0.239186 -0.169840 -0.364533 -0.257292 -0.217326 -0.427795 -0.075071 0.291238 0.016098 -0.507131 -0.238051 0.153890 -0.194479 -0.190366 0.571798 0.171896 -0.442242 0.334227 0.333085 0.153096 0.428527 0.376214 -0.402812 -0.447383 -0.048044 0.057363 0.548776 0.573287 0.448813 -0.429349 0.669594 0.682516 0.187114 -0.444371 -0.618977 -0.393481 -0.640393 0.190722 0.584309 0.535409 0.418520 0.388694 0.433156 -0.463448 -0.555529 -0.615559 0.678530 -0.002581 0.347438 -0.104046 0.642017 0.631737 0.338574 0.077179 -0.076947 -0.145905 -0.646440 -0.527155 -0.612517 0.290078
0.433979 0.274840 -0.317753 -0.049090 -0.187150 -0.299072 -0.180591 -0.016861 0.564523 -0.250476 0.521876 -0.159647 -0.050829 0.444946 -0.348638 -0.278499 0.686657 0.059534 0.195279 0.153824 -0.275578 -0.367338 -0.086895 -0.091103 0.070306 0.155369 -0.351499 -0.394534 0.000000 0.053783 -0.074310 0.250867 0.393686 0.458926 0.206046 0.099846 -0.086014 -0.133898 -0.302890 0.291312 -0.018835 -0.241751 0.600014 0.626702 0.613223 0.631921 0.599176 0.626588 0.579457 0.621885 0.561805 0.579921 0.493986 0.533487 -0.131019 0.387978 0.473835 0.542422 0.546782 0.557121 0.457439 0.582812 0.497532 0.153919 0.415077 0.603804 0.535422 0.268810 0.495643 0.506900 -0.227962 0.321137 0.556166 0.029785 -0.108244 0.132298 -0.101388 0.069563 0.537235 0.659091 0.385752 0.467617 -0.116362 -0.075622 -0.131541 0.600417 -0.427106 -0.369921 -0.048205 0.589527 0.488534 0.486410 0.433855 0.111930 -0.226748 -0.088797 0.067080 0.208524 0.049521 0.635796 0.397810 0.527665 -0.397726 0.331678 -0.051211 0.427950 -0.455214 -0.374133 -0.116692 0.178910 0.431540 0.449491 0.526092 0.605122 0.568218 0.150499
0.440837 0.558125 0.575489 0.588713 0.274733 0.471084 0.621469 0.646490 -0.302491 0.457788 0.376983 0.645205 0.641308 0.353145 0.516459 0.504914 0.037743 0.657369 0.621528 0.636400 0.469873 0.474366 0.646356 0.610427 0.052950 0.309991 0.460459 0.423339 0.053783 0.000000 0.575028 0.471223 0.477444 0.390771 0.419530 0.433920 0.521630 0.580827 0.554879 0.361654 0.379307 0.517036 -0.227058 0.034951 -0.170632 -0.079254 0.016898 -0.014316 -0.243335 -0.167079 -0.221746 -0.303760 -0.211969 -0.380017 0.599086 0.335167 0.313790 0.296334 0.172598 0.236320 0.326501 0.051292 0.416061 0.598738 0.444022 -0.054578 0.279279 0.553644 0.349334 0.324179 0.604185 0.222173 -0.135183 0.509386 0.435282 0.132486 0.525872 0.460412 0.160928 -0.054197 0.468265 0.391991 0.648601 0.599617 0.622195 -0.166566 0.484923 0.487475 0.486194 -0.243891 -0.181346 -0.304528 -0.292546 0.013528 0.505337 0.543132 0.651669 0.486801 0.620749 -0.117462 -0.136617 -0.386231 0.471305 -0.077389 0.436920 0.010349 0.436195 0.321224 0.262123 0.214936 0.306925 0.310605 -0.377965 -0.112516 -0.243609 0.389888
0.265832 0.488519 0.607886 0.682512 0.194082 0.634269 0.621002 0.632495 -0.346168 0.607443 0.257681 0.625217 0.605848 0.233690 0.568198 0.603122 -0.077309 0.542852 0.610344 0.556536 0.622439 0.613420 0.649981 0.625203 -0.044209 0.462340 0.574389 0.562836 -0.074310 0.575028 0.000000 0.571723 0.389053 0.285365 0.377777 0.382011 0.618496 0.646490 0.587948 0.462035 0.541850 0.619063 -0.357562 -0.145707 -0.267424 -0.218479 -0.149978 -0.154361 -0.396295 -0.293797 -0.396471 -0.398144 -0.427005 -0.477908 0.489114 0.365399 0.088124 0.179916 -0.028437 0.087783 0.145941 -0.061199 0.283723 0.542708 0.343815 -0.188383 0.123953 0.455775 0.161297 0.138335 0.643257 0.394121 -0.197051 0.517402 0.397051 0.205434 0.565715 0.555721 -0.119450 -0.165400 0.246188 0.333318 0.634796 0.644620 0.541831 -0.200853 0.572991 0.604933 0.280305 -0.232511 -0.405715 -0.233839 -0.463846 0.232490 0.605870 0.600141 0.591812 0.597565 0.567481 -0.175677 -0.380824 -0.455009 0.584015 0.109998 0.485550 0.161180 0.545757 0.534643 0.366260 0.238755 0.243811 0.121367 -0.476755 -0.265723 -0.386391 0.425197
0.420508 0.564450 0.380121 0.556932 0.028813 0.380418 0.461467 0.531119 -0.032691 0.393609 0.459781 0.450228 0.497163 0.457113 0.302901 0.395514 0.231957 0.471606 0.595449 0.566611 0.401188 0.352027 0.512267 0.542329 -0.041643 0.444997 0.298419 0.275167 0.250867 0.471223 0.571723 0.000000 0.543395 0.524709 0.505762 0.456737 0.506701 0.485953 0.353310 0.505373 0.459135 0.408576 -0.013759 0.175719 0.058928 0.119053 0.147106 0.159429 -0.060872 0.032860 -0.074803 -0.082577 -0.120189 -0.149769 0.329454 0.444571 0.288991 0.397296 0.217628 0.306738 0.337260 0.251571 0.437421 0.500839 0.486461 0.174217 0.382644 0.536269 0.369198 0.347298 0.436550 0.551755 0.117784 0.476263 0.312248 0.231446 0.478912 0.554311 0.127406 0.177312 0.364234 0.477210 0.478001 0.497458 0.383929 0.105225 0.288469 0.338932 0.222902 0.076801 -0.102484 0.021629 -0.172360 0.213654 0.391488 0.449611 0.513533 0.589860 0.486096 0.148318 -0.140331 -0.150133 0.287875 0.198296 0.413948 0.367406 0.256507 0.272218 0.252782 0.280717 0.431178 0.294458 -0.162260 0.061092 -0.047014 0.443247
0.648569 0.595739 0.245491 0.403115 0.107184 0.127526 0.388539 0.489086 0.086936 0.146963 0.620513 0.384817 0.478738 0.584227 0.162465 0.170899 0.367059 0.500629 0.594498 0.596086 0.163092 0.133558 0.462638 0.430531 0.148345 0.279909 0.086512 0.028613 0.393686 0.477444 0.389053 0.543395 0.000000 0.686669 0.555701 0.498828 0.318639 0.311817 0.215383 0.384844 0.254639 0.215023 0.240097 0.435513 0.273345 0.357774 0.403453 0.396621 0.200909 0.244112 0.195135 0.116216 0.187092 0.050946 0.371628 0.415719 0.591508 0.593485 0.522575 0.546415 0.607776 0.475017 0.625306 0.565364 0.607695 0.390938 0.614461 0.648620 0.634159 0.592832 0.354768 0.351057 0.290347 0.434804 0.358015 0.198536 0.442559 0.430003 0.437963 0.319826 0.595709 0.536126 0.374187 0.340892 0.407185 0.215555 0.085553 0.108350 0.393054 0.141348 0.230291 0.020385 0.089445 -0.032827 0.204442 0.260922 0.489670 0.419376 0.466114 0.297710 0.193494 0.034733 0.059815 0.033461 0.360204 0.316448 0.060733 -0.038269 0.168642 0.251569 0.575549 0.468152 0.045349 0.279211 0.204081 0.337865
0.627333 0.561369 0.146304 0.310311 0.015694 0.015520 0.299466 0.403929 0.161282 0.038988 0.624053 0.281833 0.387133 0.612479 0.052235 0.080845 0.430184 0.430275 0.518897 0.544967 0.063023 0.028463 0.360518 0.361126 0.108188 0.201500 -0.027086 -0.085033 0.458926 0.390771 0.285365 0.524709 0.686669 0.000000 0.544297 0.497018 0.231240 0.209497 0.110415 0.331791 0.177495 0.107975 0.334315 0.495612 0.350344 0.435022 0.462653 0.455294 0.291745 0.318387 0.279400 0.198643 0.276248 0.153145 0.273020 0.370480 0.599849 0.606598 0.552822 0.558421 0.608654 0.534431 0.612178 0.498065 0.591674 0.483984 0.637900 0.618516 0.642897 0.604632 0.245531 0.359647 0.365075 0.377927 0.300532 0.184986 0.376676 0.397909 0.483571 0.402637 0.576347 0.503943 0.275917 0.243824 0.304814 0.285979 -0.021005 0.003564 0.332446 0.220924 0.313283 0.078022 0.182870 -0.082489 0.098545 0.171175 0.404787 0.360541 0.386111 0.361690 0.247678 0.120060 -0.057028 0.020340 0.278247 0.336588 -0.045737 -0.129308 0.104138 0.231406 0.577254 0.475016 0.138425 0.357192 0.301075 0.296317
0.448291 0.494082 0.335975 0.421556 0.101728 0.197907 0.431013 0.444102 -0.059103 0.236187 0.462804 0.376738 0.457663 0.469614 0.279834 0.296914 0.170171 0.417467 0.484746 0.499499 0.249015 0.228905 0.485993 0.499532 0.106227 0.258884 0.164781 0.133435 0.206046 0.419530 0.377777 0.505762 0.555701 0.544297 0.000000 0.614966 0.338176 0.347025 0.306577 0.350126 0.283256 0.265300 0.062110 0.245527 0.074358 0.150360 0.190735 0.172623 0.025705 0.041803 0.021451 -0.062552 0.047140 -0.080181 0.355096 0.262393 0.370324 0.356206 0.285435 0.292430 0.418919 0.269668 0.393141 0.399345 0.520131 0.302505 0.501769 0.598713 0.413569 0.362804 0.383854 0.322103 0.156127 0.407865 0.377008 0.171416 0.451280 0.439781 0.257524 0.149953 0.429318 0.377533 0.396676 0.336219 0.395280 0.089289 0.203080 0.223021 0.362849 0.010829 0.077587 -0.121257 -0.030129 -0.089347 0.276221 0.278165 0.445660 0.352414 0.407761 0.102580 0.019953 -0.123676 0.157526 -0.064730 0.353019 0.228971 0.163615 0.100655 0.210854 0.250706 0.412552 0.336718 -0.112874 0.117940 0.066624 0.276428
0.399395 0.426274 0.385754 0.417161 0.062331 0.225156 0.467331 0.467441 -0.187604 0.279238 0.381538 0.427641 0.485790 0.414009 0.326622 0.299908 0.065173 0.439066 0.444652 0.483535 0.256891 0.270907 0.499376 0.535866 -0.001208 0.142863 0.175008 0.159641 0.099846 0.433920 0.382011 0.456737 0.498828 0.497018 0.614966 0.000000 0.319621 0.352490 0.361391 0.244505 0.175990 0.273794 -0.021228 0.161088 -0.033983 0.056244 0.122339 0.090685 -0.063845 -0.064508 -0.064260 -0.171599 -0.023869 -0.174890 0.380548 0.179671 0.319869 0.278879 0.235261 0.242481 0.369843 0.227043 0.339677 0.425392 0.401234 0.212164 0.401460 0.584816 0.358566 0.304201 0.413980 0.219259 0.044655 0.385788 0.372486 0.111213 0.473855 0.435189 0.196731 0.057246 0.371733 0.241250 0.422845 0.339873 0.387069 -0.067212 0.254233 0.258107 0.377201 -0.119721 0.035064 -0.216317 -0.048879 -0.146956 0.328394 0.320718 0.429325 0.279065 0.391248 -0.020212 0.015777 -0.201227 0.217683 -0.149130 0.350554 0.100350 0.249904 0.148975 0.108145 0.222732 0.338429 0.289780 -0.193479 0.022034 -0.045757 0.230780
0.215587 0.478370 0.573078 0.621571 0.231457 0.578644 0.578220 0.571863 -0.304046 0.545175 0.230129 0.572452 0.547400 0.255725 0.523986 0.603359 -0.070341 0.476751 0.554642 0.526793 0.611672 0.585364 0.588406 0.569082 -0.009447 0.399823 0.539995 0.536875 -0.086014 0.521630 0.618496 0.506701 0.318639 0.231240 0.338176 0.319621 0.000000 0.674586 0.595052 0.477059 0.585853 0.621287 -0.347338 -0.143330 -0.258532 -0.211490 -0.142151 -0.159711 -0.377785 -0.263233 -0.363590 -0.363258 -0.381849 -0.441730 0.523980 0.405081 0.048799 0.144950 -0.060175 0.037259 0.100474 -0.083278 0.226426 0.461198 0.300565 -0.180631 0.104759 0.415202 0.132942 0.112883 0.577703 0.385730 -0.157728 0.539014 0.338828 0.248574 0.543125 0.548856 -0.126911 -0.145801 0.201301 0.336452 0.630398 0.637623 0.513537 -0.146000 0.558167 0.593360 0.319500 -0.178118 -0.391855 -0.211499 -0.487642 0.222279 0.602644 0.604823 0.610545 0.567294 0.583589 -0.166310 -0.377261 -0.431869 0.562901 0.102748 0.516403 0.192273 0.507722 0.499858 0.315472 0.288029 0.214904 0.132044 -0.455153 -0.193630 -0.347629 0.435383
