0.000000 0.631191 0.765590 0.272074 0.653706 -0.274669 0.786827 0.582470 0.544765 -0.190923 0.294193 0.639862 -0.172282 0.189071 0.705362 0.425947 -0.474882 0.754496 0.591185 0.748334 0.486333 0.628119 0.522332 0.475462 0.636949 -0.244779 0.638438 0.404312 -0.601361 0.798317 0.603671 -0.126130 0.524856 0.436798 0.713832 0.297018 0.554119 0.790455 0.692364 -0.661026 0.113918 0.631281 -0.455426 0.541416 -0.206068 -0.366782 -0.088454 -0.197477 -0.453388 -0.521696 -0.166371 -0.536863 0.742649 -0.677095 0.548112 -0.512507 0.757861 -0.062823 0.419628 -0.153877 0.756673 0.029047 0.742289 0.641737 0.665983 -0.162895 0.615586 0.720462 0.177301 0.263298 0.794662 -0.669582 -0.615727 0.571324 0.696310 0.134926 0.740896 0.066818 0.771930 -0.624415 0.709776 0.354361 0.776149 0.346878 0.802497 -0.687837 0.722343 -0.015577 0.761666 -0.686414 0.667303 -0.556950 0.703534 -0.621078 0.521601 0.649539 0.793564 -0.487424 0.716379 0.744257 0.719724 -0.551383 0.713496 0.618847 0.761527 0.329853 0.574394 0.578397 0.737865 -0.263080 0.337002 0.714977 0.723882 0.667867 -0.604951 0.741464
0.631191 0.000000 0.584175 0.491544 0.430659 -0.078103 0.531385 0.772274 0.344524 0.047693 0.104752 0.781983 -0.280045 0.623570 0.428446 0.494467 -0.311877 0.664466 0.646776 0.743761 0.472847 0.595598 0.380658 0.546689 0.412418 -0.130678 0.456790 0.328214 -0.369425 0.668900 0.431666 0.163648 0.624449 0.685974 0.700637 0.572645 0.437640 0.615037 0.392452 -0.432514 0.061041 0.476151 -0.189633 0.672800 0.088162 -0.057016 0.052963 0.011045 -0.321584 -0.311802 -0.053619 -0.412772 0.493372 -0.489032 0.443225 -0.217866 0.586494 0.426673 0.494579 0.122412 0.619362 0.500302 0.585917 0.802059 0.688105 0.197620 0.737835 0.780716 0.348341 0.446419 0.565334 -0.301451 -0.384960 0.562564 0.556103 0.270459 0.666568 0.380277 0.549179 -0.273729 0.510296 0.733650 0.541249 0.517852 0.518600 -0.359326 0.494815 0.189253 0.565965 -0.388456 0.629796 -0.319261 0.572435 -0.416322 0.556056 0.654141 0.654796 -0.095235 0.742976 0.710495 0.551771 -0.177195 0.544465 0.597736 0.574959 0.569525 0.488916 0.479611 0.590301 0.030557 0.582797 0.726899 0.706890 0.725578 -0.408698 0.651231
0.765590 0.584175 0.000000 0.302903 0.819072 -0.019790 0.856906 0.641502 0.756944 0.013341 0.049548 0.655024 -0.419376 0.250462 0.829101 0.672994 -0.649531 0.818308 0.455929 0.807795 0.553860 0.726483 0.432133 0.617973 0.718845 -0.125697 0.823816 0.654347 -0.737868 0.805950 0.590801 -0.082173 0.288028 0.263899 0.740636 0.242140 0.439323 0.800423 0.639074 -0.772735 -0.080862 0.631045 -0.680481 0.371016 -0.469681 -0.591656 -0.398668 -0.473294 -0.709074 -0.749829 -0.501505 -0.753150 0.569246 -0.827904 0.294586 -0.686338 0.509876 -0.250729 0.080615 -0.451300 0.518369 -0.148954 0.577384 0.699151 0.453651 -0.399223 0.458549 0.622650 -0.138111 -0.050084 0.835400 -0.696882 -0.741710 0.605604 0.834269 0.176623 0.821035 0.099953 0.601246 -0.734541 0.537511 0.390315 0.839895 0.452280 0.813219 -0.794254 0.844802 0.208152 0.831162 -0.775032 0.443037 -0.762496 0.491875 -0.795427 0.538883 0.559465 0.833533 -0.564180 0.733845 0.806523 0.843623 -0.606241 0.844261 0.801641 0.832389 0.249392 0.791847 0.799455 0.763515 -0.491845 0.177184 0.647875 0.673723 0.720732 -0.795035 0.730413
0.272074 0.491544 0.302903 0.000000 0.196338 0.472028 0.279244 0.595371 0.254155 0.369026 0.336601 0.473979 0.092135 0.545741 0.191751 0.499032 0.118992 0.215809 0.687356 0.505149 0.455584 0.450263 0.647300 0.632885 0.372684 0.416106 0.253178 0.445315 0.078283 0.255203 0.565915 0.601543 0.519864 0.564912 0.395993 0.589496 0.358427 0.170901 0.143882 0.003063 0.251781 0.171504 0.090054 0.448848 0.263390 0.220800 0.117219 0.164312 -0.029623 -0.036684 -0.063853 -0.073419 -0.055687 -0.109869 0.122508 0.128558 0.315240 0.389218 0.211484 0.145374 0.142414 0.292350 0.323088 0.339015 0.308207 0.209338 0.468866 0.476624 0.328936 0.333102 0.240189 0.161512 0.009699 0.399017 0.267692 0.505164 0.310781 0.685416 0.192837 0.101558 0.270401 0.514518 0.239455 0.708952 0.106313 0.012118 0.147514 0.685546 0.120872 0.069265 0.126189 -0.016087 0.034487 -0.041824 0.529872 0.360579 0.261849 0.350534 0.472257 0.418805 0.173153 0.280925 0.176473 0.386215 0.142583 0.591535 0.281418 0.297334 0.219113 0.219209 0.529838 0.416740 0.307273 0.464052 -0.091097 0.257594
0.653706 0.430659 0.819072 0.196338 0.000000 0.069117 0.814976 0.533109 0.824350 0.111557 -0.097473 0.548544 -0.521593 0.120916 0.829584 0.698960 -0.702729 0.765687 0.304760 0.705626 0.504864 0.685237 0.348465 0.497312 0.728451 -0.089406 0.850494 0.705606 -0.770921 0.735377 0.543373 -0.192014 0.094985 0.071682 0.628232 0.121476 0.337192 0.736637 0.579413 -0.787647 -0.124271 0.574674 -0.752569 0.213576 -0.611769 -0.682017 -0.529305 -0.602537 -0.768305 -0.814684 -0.638311 -0.796590 0.460006 -0.837205 0.144690 -0.756118 0.330480 -0.413685 -0.110316 -0.624757 0.357243 -0.314610 0.439440 0.603738 0.273086 -0.566445 0.270570 0.482306 -0.329720 -0.229865 0.807113 -0.715743 -0.764755 0.529427 0.826388 0.151853 0.769630 0.024585 0.496504 -0.770970 0.416888 0.278441 0.791131 0.363249 0.765607 -0.816373 0.839464 0.216285 0.794592 -0.783325 0.282217 -0.821326 0.351686 -0.828048 0.449034 0.425842 0.768099 -0.620990 0.635431 0.734185 0.832439 -0.651244 0.835906 0.787648 0.797922 0.108056 0.814585 0.822519 0.706685 -0.613293 -0.001202 0.522059 0.566551 0.632509 -0.834241 0.645918
-0.274669 -0.078103 -0.019790 0.472028 0.069117 0.000000 -0.054273 0.132539 0.236543 0.654932 -0.033600 0.022817 -0.019205 0.275450 0.007138 0.456947 0.179395 -0.144456 0.112810 0.048505 0.171066 0.115788 0.196485 0.336463 0.158083 0.680415 0.112656 0.466103 0.224688 -0.206952 0.217706 0.524902 -0.131917 -0.033573 -0.066223 0.117095 -0.054410 -0.237732 -0.208481 0.186231 0.022204 -0.194523 -0.015597 -0.199231 -0.048906 0.022444 -0.256616 -0.166012 -0.067371 -0.052994 -0.354413 -0.055709 -0.567164 0.063976 -0.415794 0.101666 -0.350933 -0.008209 -0.436433 -0.213558 -0.472917 -0.133604 -0.179900 -0.082105 -0.350783 -0.177160 -0.187678 -0.178165 -0.242269 -0.254521 -0.122487 0.376235 0.179344 -0.021584 0.030130 0.351496 -0.061776 0.425324 -0.336997 0.216175 -0.227300 0.144986 -0.095519 0.426666 -0.257565 0.174136 -0.078607 0.736207 -0.193453 0.256138 -0.469608 0.007167 -0.558819 0.061504 0.150258 -0.163307 -0.135409 0.355039 0.013455 -0.007814 -0.070794 0.367483 -0.062082 0.167991 -0.184954 0.162585 0.160419 0.167431 -0.133449 -0.000218 -0.010137 -0.096296 -0.183068 0.056810 0.004913 -0.145808
0.786827 0.531385 0.856906 0.279244 0.814976 -0.054273 0.000000 0.605054 0.752845 -0.016791 0.120054 0.622222 -0.341355 0.191485 0.838730 0.629058 -0.626796 0.800612 0.461924 0.779520 0.557483 0.707489 0.476811 0.581897 0.742105 -0.119669 0.811664 0.635753 -0.728493 0.804780 0.623848 -0.108167 0.302866 0.245130 0.710363 0.202503 0.463809 0.801002 0.677499 -0.762086 -0.045318 0.638601 -0.664364 0.371643 -0.460143 -0.583710 -0.361807 -0.444740 -0.670114 -0.727549 -0.462604 -0.716495 0.606355 -0.810351 0.336511 -0.685254 0.545264 -0.297284 0.102321 -0.446515 0.542463 -0.197486 0.601027 0.642217 0.454417 -0.408043 0.452063 0.612453 -0.119961 -0.037311 0.843797 -0.716123 -0.729787 0.604013 0.821238 0.181444 0.801487 0.073497 0.643437 -0.742804 0.580137 0.328461 0.849325 0.427611 0.827432 -0.804318 0.839054 0.164164 0.824703 -0.780554 0.460066 -0.746787 0.517797 -0.775904 0.527389 0.556743 0.826662 -0.581352 0.718415 0.788662 0.826470 -0.629057 0.827109 0.762742 0.825520 0.222111 0.754081 0.767437 0.764340 -0.476863 0.174560 0.643380 0.665587 0.684677 -0.775836 0.723545
0.582470 0.772274 0.641502 0.595371 0.533109 0.132539 0.605054 0.000000 0.510405 0.240018 0.094077 0.776544 -0.284115 0.664675 0.535102 0.649401 -0.365073 0.664802 0.609352 0.777560 0.561506 0.655544 0.434853 0.682159 0.534584 0.060213 0.564050 0.524266 -0.412890 0.677333 0.517352 0.258904 0.535589 0.610386 0.677278 0.526100 0.387365 0.599743 0.398272 -0.458099 -0.008908 0.471054 -0.272889 0.583185 -0.033136 -0.150622 -0.075033 -0.094825 -0.423550 -0.404500 -0.212761 -0.465671 0.385484 -0.539108 0.337105 -0.282197 0.465288 0.259317 0.282700 -0.058669 0.452481 0.328166 0.465855 0.751989 0.530120 0.068494 0.656135 0.728569 0.194970 0.251252 0.594014 -0.289861 -0.416904 0.642580 0.639289 0.407555 0.695334 0.473084 0.464565 -0.314400 0.432585 0.697840 0.594446 0.654151 0.524792 -0.407250 0.550343 0.371163 0.578430 -0.413821 0.483758 -0.402868 0.446257 -0.475445 0.582710 0.595591 0.653787 -0.110247 0.748193 0.736052 0.587558 -0.190096 0.589106 0.670033 0.590296 0.509969 0.582862 0.587768 0.586168 -0.069359 0.514954 0.667409 0.655907 0.719054 -0.488122 0.606852
0.544765 0.344524 0.756944 0.254155 0.824350 0.236543 0.752845 0.510405 0.000000 0.277060 -0.089883 0.478358 -0.488248 0.157785 0.787420 0.726714 -0.633484 0.671232 0.287538 0.654317 0.495642 0.652498 0.334585 0.526978 0.687497 0.038413 0.824547 0.748960 -0.681256 0.628750 0.523212 -0.082124 0.056972 0.021636 0.582006 0.119464 0.292208 0.627883 0.493708 -0.701538 -0.117024 0.477984 -0.732954 0.111628 -0.617005 -0.675477 -0.584487 -0.625919 -0.761332 -0.788920 -0.682871 -0.766653 0.310290 -0.773482 0.023160 -0.706645 0.230260 -0.431232 -0.231461 -0.657710 0.223199 -0.363060 0.357455 0.521900 0.182542 -0.597706 0.190160 0.374132 -0.390754 -0.327247 0.717958 -0.599158 -0.683868 0.487614 0.780525 0.227236 0.698605 0.086900 0.367580 -0.686219 0.320164 0.247591 0.719045 0.404323 0.668642 -0.739054 0.766064 0.321374 0.701031 -0.694344 0.134007 -0.783211 0.202789 -0.769588 0.420792 0.307326 0.677839 -0.536380 0.573344 0.665480 0.761314 -0.557930 0.766984 0.761621 0.702029 0.072736 0.800636 0.810011 0.602072 -0.610489 -0.041602 0.418395 0.455148 0.573739 -0.784508 0.536648
-0.190923 0.047693 0.013341 0.369026 0.111557 0.654932 -0.016791 0.240018 0.277060 0.000000 -0.149172 0.117324 -0.167330 0.339317 0.033842 0.405120 0.051338 -0.006240 0.133444 0.089099 0.196319 0.171559 0.085616 0.204447 0.164500 0.456159 0.153123 0.365201 0.088027 -0.069644 0.131836 0.327809 -0.023492 0.045946 0.046130 0.158140 -0.020695 -0.092168 -0.115397 0.098008 0.005897 -0.100679 -0.025391 -0.029679 -0.062276 -0.002800 -0.198319 -0.115022 -0.141578 -0.102131 -0.302794 -0.124825 -0.390645 -0.025314 -0.273740 0.067269 -0.272709 0.071719 -0.287312 -0.168274 -0.329667 -0.004362 -0.147766 0.078592 -0.177302 -0.114441 -0.048886 -0.047376 -0.170243 -0.153872 -0.037746 0.223745 0.055542 0.037934 0.082878 0.305158 0.038964 0.346591 -0.240811 0.126176 -0.154964 0.269215 -0.036661 0.369952 -0.135343 0.098698 -0.005429 0.548373 -0.072741 0.151379 -0.313362 -0.030367 -0.323950 -0.010193 0.170368 -0.052289 -0.045800 0.248654 0.082894 0.095141 0.007518 0.281850 0.020718 0.219546 -0.074138 0.199810 0.180233 0.191400 -0.043176 -0.016269 0.033008 0.001679 -0.013521 0.131159 -0.067382 -0.041598
0.294193 0.104752 0.049548 0.336601 -0.097473 -0.033600 0.120054 0.094077 -0.089883 -0.149172 0.000000 0.161916 0.682029 0.098272 0.014868 -0.104294 0.439819 -0.025852 0.491472 0.147946 0.237587 0.107633 0.572439 0.280538 0.193546 0.184970 -0.096492 -0.039310 0.296708 0.087914 0.459168 0.399642 0.528734 0.448960 0.094618 0.208753 0.368137 0.070131 0.211206 0.205147 0.379648 0.127167 0.294213 0.324748 0.432243 0.330790 0.427143 0.383377 0.356388 0.281930 0.415150 0.287693 0.214586 0.164921 0.447116 0.243512 0.543181 0.197709 0.448728 0.375343 0.384258 0.122125 0.487974 -0.098841 0.330717 0.301330 0.341983 0.235441 0.486256 0.447714 0.066581 0.112509 0.263337 0.199520 -0.046063 0.288133 0.000748 0.267091 0.381685 0.166493 0.502854 0.026252 0.112404 0.226164 0.077261 0.100628 -0.078583 0.055565 -0.045796 0.129235 0.314075 0.251259 0.236946 0.224689 0.179364 0.227932 0.049935 0.233291 0.154041 0.056011 -0.105620 0.136647 -0.109938 -0.119455 -0.061366 0.252951 -0.173244 -0.161478 0.075085 0.389415 0.394665 0.235761 0.121855 0.088720 0.227156 0.136955
0.639862 0.781983 0.655024 0.473979 0.548544 0.022817 0.622222 0.776544 0.478358 0.117324 0.161916 0.000000 -0.259158 0.616960 0.542719 0.605365 -0.330950 0.730284 0.594697 0.766095 0.599293 0.675075 0.443393 0.619022 0.548669 -0.047227 0.573921 0.475304 -0.420085 0.725699 0.559464 0.186380 0.536933 0.618937 0.676272 0.456222 0.444479 0.671506 0.452467 -0.478505 -0.005891 0.564917 -0.293970 0.602483 -0.037948 -0.181056 -0.056065 -0.117870 -0.427946 -0.420285 -0.161591 -0.507161 0.500693 -0.577298 0.453948 -0.338102 0.518191 0.218719 0.348133 -0.081680 0.566503 0.321360 0.598321 0.779961 0.577299 0.031039 0.649642 0.725442 0.166984 0.264283 0.638921 -0.361279 -0.411604 0.661903 0.652370 0.362749 0.729198 0.425242 0.585928 -0.352441 0.572291 0.719449 0.634999 0.593861 0.587825 -0.457547 0.583310 0.275762 0.634342 -0.468334 0.588687 -0.430151 0.527826 -0.514805 0.550372 0.607836 0.694611 -0.165421 0.780075 0.746772 0.626908 -0.280533 0.620556 0.656007 0.624571 0.443948 0.600182 0.591343 0.636179 -0.079638 0.484709 0.702043 0.701474 0.733455 -0.509679 0.688217
-0.172282 -0.280045 -0.419376 0.092135 -0.521593 -0.019205 -0.341355 -0.284115 -0.488248 -0.167330 0.682029 -0.259158 0.000000 -0.068808 -0.396817 -0.446195 0.701632 -0.464991 0.122992 -0.338022 -0.075337 -0.292475 0.256436 -0.080868 -0.192517 0.275108 -0.512641 -0.347574 0.629214 -0.354009 0.067947 0.380656 0.251161 0.180232 -0.328922 -0.012304 0.072710 -0.369246 -0.124048 0.584372 0.329212 -0.221260 0.601489 0.058030 0.592368 0.566082 0.566223 0.577453 0.676310 0.628137 0.614272 0.646167 -0.113447 0.580249 0.239581 0.558921 0.166789 0.232875 0.302388 0.534196 0.020164 0.104804 0.073787 -0.495677 0.003827 0.443009 0.010502 -0.182924 0.451535 0.359872 -0.388553 0.460717 0.612987 -0.137625 -0.475302 0.146245 -0.446814 0.157675 0.000695 0.521665 0.150562 -0.216185 -0.334089 -0.009427 -0.353375 0.494155 -0.504015 -0.054766 -0.475583 0.508801 0.022313 0.621370 -0.050013 0.613160 -0.118144 -0.106850 -0.407006 0.471890 -0.277297 -0.389871 -0.545191 0.428565 -0.546833 -0.546701 -0.494299 0.059675 -0.590978 -0.576476 -0.352273 0.581175 0.231507 -0.145991 -0.247526 -0.339763 0.611057 -0.294128
0.189071 0.623570 0.250462 0.545741 0.120916 0.275450 0.191485 0.664675 0.157785 0.339317 0.098272 0.616960 -0.068808 0.000000 0.136982 0.460466 0.002802 0.326183 0.460421 0.467485 0.435837 0.399483 0.246301 0.567629 0.204842 0.256931 0.196316 0.304342 0.010363 0.305818 0.274171 0.540808 0.463705 0.599718 0.406114 0.492049 0.232456 0.233963 0.063850 -0.039678 0.021536 0.191214 0.056816 0.441162 0.250155 0.146522 0.084948 0.127564 -0.110537 -0.046891 0.027674 -0.164137 0.075108 -0.155506 0.208605 0.084029 0.208882 0.519660 0.240534 0.211838 0.209773 0.537917 0.275884 0.545509 0.370892 0.345018 0.497888 0.436318 0.250995 0.298469 0.174756 0.176513 0.009711 0.411626 0.282554 0.442956 0.351451 0.564511 0.181061 0.140966 0.225412 0.752603 0.217355 0.615881 0.101662 0.030056 0.141003 0.399564 0.192417 0.002442 0.315775 -0.022523 0.190305 -0.098035 0.398787 0.366786 0.297145 0.275334 0.504636 0.411388 0.202456 0.187304 0.198854 0.347086 0.186654 0.488265 0.251760 0.243712 0.234309 0.263297 0.557449 0.444238 0.390811 0.473012 -0.096240 0.311213
0.705362 0.428446 0.829101 0.191751 0.829584 0.007138 0.838730 0.535102 0.787420 0.033842 0.014868 0.542719 -0.396817 0.136982 0.000000 0.659779 -0.662650 0.769516 0.351702 0.711784 0.504914 0.670981 0.402617 0.534729 0.745234 -0.061399 0.826294 0.678845 -0.750901 0.758631 0.582726 -0.140837 0.174039 0.118367 0.645221 0.084183 0.385206 0.765053 0.648916 -0.780584 -0.091711 0.582841 -0.735737 0.241799 -0.560444 -0.675783 -0.484508 -0.555385 -0.720581 -0.777623 -0.549722 -0.751482 0.534991 -0.820949 0.234718 -0.737630 0.420483 -0.411518 -0.037758 -0.551868 0.424906 -0.308829 0.496290 0.585256 0.327648 -0.514155 0.327361 0.497216 -0.260397 -0.175312 0.812060 -0.721482 -0.752573 0.536400 0.822873 0.155562 0.761124 -0.003680 0.568537 -0.767316 0.492968 0.258766 0.830844 0.394737 0.797980 -0.818988 0.844800 0.175548 0.806276 -0.797136 0.361919 -0.787282 0.437533 -0.804410 0.469260 0.483784 0.784589 -0.645573 0.639436 0.721696 0.822220 -0.667344 0.826046 0.751998 0.811476 0.133453 0.763188 0.776109 0.737792 -0.563458 0.046935 0.564433 0.602733 0.617234 -0.809556 0.679064
0.425947 0.494467 0.672994 0.499032 0.698960 0.456947 0.629058 0.649401 0.726714 0.405120 -0.104294 0.605365 -0.446195 0.460466 0.659779 0.000000 -0.458880 0.618063 0.404601 0.684180 0.565016 0.679192 0.407322 0.673791 0.667072 0.276409 0.734149 0.805593 -0.486744 0.561245 0.571804 0.222313 0.148481 0.223045 0.574680 0.301213 0.277066 0.527305 0.353059 -0.533766 -0.079077 0.396837 -0.549127 0.214158 -0.397054 -0.449922 -0.467689 -0.482155 -0.631536 -0.644930 -0.610086 -0.675591 0.134385 -0.646381 -0.007576 -0.491272 0.155452 -0.133703 -0.178484 -0.475851 0.133028 -0.097672 0.336905 0.605284 0.179052 -0.373057 0.276124 0.427779 -0.272432 -0.173642 0.603133 -0.331037 -0.502270 0.503171 0.718975 0.396229 0.658523 0.359015 0.298489 -0.438439 0.279979 0.520765 0.612464 0.634913 0.490527 -0.522094 0.636954 0.588739 0.576143 -0.478540 0.131787 -0.613819 0.102079 -0.625676 0.514348 0.363237 0.607627 -0.238954 0.631607 0.663712 0.655245 -0.278521 0.661784 0.764932 0.582889 0.300159 0.751761 0.754441 0.548298 -0.380892 0.168145 0.503589 0.480845 0.648955 -0.656904 0.525466
-0.474882 -0.311877 -0.649531 0.118992 -0.702729 0.179395 -0.626796 -0.365073 -0.633484 0.051338 0.439819 -0.330950 0.701632 0.002802 -0.662650 -0.458880 0.000000 -0.642505 0.017600 -0.496376 -0.227758 -0.432119 0.059615 -0.210242 -0.412780 0.323166 -0.680576 -0.442489 0.828067 -0.593401 -0.125556 0.454584 0.122274 0.159178 -0.470190 0.054427 -0.112538 -0.601038 -0.433199 0.785296 0.274291 -0.430259 0.744037 -0.053759 0.693996 0.729626 0.556985 0.604429 0.766312 0.759191 0.593431 0.735622 -0.437858 0.758915 -0.003112 0.738417 -0.128032 0.424635 0.180252 0.592972 -0.238565 0.279339 -0.147352 -0.533007 -0.158448 0.546036 -0.113658 -0.319315 0.409896 0.323448 -0.635283 0.714158 0.786370 -0.336222 -0.671118 0.117467 -0.625691 0.245878 -0.277894 0.759937 -0.107860 -0.121151 -0.608375 -0.060515 -0.643098 0.751107 -0.727040 0.080657 -0.710408 0.765688 -0.204455 0.774842 -0.324033 0.781488 -0.225680 -0.257663 -0.630747 0.720837 -0.431429 -0.562512 -0.728058 0.689545 -0.728348 -0.620360 -0.717409 0.099399 -0.672204 -0.674292 -0.548983 0.678082 0.175407 -0.305409 -0.421889 -0.426390 0.759071 -0.452924
0.754496 0.664466 0.818308 0.215809 0.765687 -0.144456 0.800612 0.664802 0.671232 -0.006240 -0.025852 0.730284 -0.464991 0.326183 0.769516 0.618063 -0.642505 0.000000 0.430186 0.781286 0.562480 0.726115 0.339204 0.522283 0.663324 -0.222778 0.771012 0.555696 -0.732966 0.845739 0.516706 -0.145368 0.334922 0.331693 0.753326 0.261796 0.451213 0.841866 0.638564 -0.756040 -0.103311 0.681751 -0.614154 0.470607 -0.388717 -0.527804 -0.298054 -0.384501 -0.673807 -0.701602 -0.397995 -0.738805 0.646803 -0.813097 0.391143 -0.645649 0.515732 -0.135520 0.186562 -0.365582 0.584844 -0.004614 0.588997 0.783883 0.526194 -0.288045 0.526302 0.669146 -0.072181 0.038665 0.819804 -0.697534 -0.721685 0.637580 0.808763 0.150956 0.834042 0.100390 0.659411 -0.689678 0.579107 0.515979 0.813388 0.425064 0.811285 -0.757454 0.818112 0.093796 0.840443 -0.770019 0.559977 -0.712881 0.602752 -0.774595 0.509581 0.609524 0.838452 -0.551689 0.756466 0.810329 0.832756 -0.610600 0.829738 0.769175 0.837915 0.262064 0.746033 0.745449 0.769027 -0.423504 0.243029 0.691371 0.739218 0.730838 -0.763392 0.767635
0.591185 0.646776 0.455929 0.687356 0.304760 0.112810 0.461924 0.609352 0.287538 0.133444 0.491472 0.594697 0.122992 0.460421 0.351702 0.404601 0.017600 0.430186 0.000000 0.623314 0.453864 0.509035 0.726565 0.553519 0.485452 0.139312 0.328944 0.331707 -0.090070 0.488070 0.651222 0.359920 0.731956 0.681712 0.567850 0.562536 0.526231 0.447349 0.386468 -0.191011 0.323469 0.359100 0.003748 0.633498 0.258663 0.129802 0.203995 0.174886 -0.049407 -0.103473 0.089006 -0.160132 0.360284 -0.267857 0.462801 -0.022477 0.660906 0.380939 0.536477 0.231750 0.553270 0.333158 0.649999 0.480003 0.622319 0.212795 0.703974 0.672667 0.488553 0.530701 0.462147 -0.130658 -0.166214 0.451029 0.392109 0.388906 0.461381 0.461303 0.542773 -0.110501 0.600651 0.523235 0.438930 0.588344 0.389608 -0.199921 0.325651 0.353612 0.350781 -0.171215 0.502893 -0.104958 0.438033 -0.171213 0.590751 0.600632 0.483304 0.109813 0.608627 0.562800 0.343749 0.034860 0.342706 0.439605 0.365134 0.659012 0.302290 0.314816 0.483467 0.212725 0.607409 0.669160 0.571880 0.578959 -0.207011 0.546299
0.748334 0.743761 0.807795 0.505149 0.705626 0.048505 0.779520 0.777560 0.654317 0.089099 0.147946 0.766095 -0.338022 0.467485 0.711784 0.684180 -0.496376 0.781286 0.623314 0.000000 0.594317 0.736584 0.510395 0.704254 0.658738 -0.046233 0.723498 0.605816 -0.579108 0.782274 0.619707 0.122129 0.484693 0.506687 0.763479 0.442031 0.478109 0.741822 0.558671 -0.640785 0.010118 0.586390 -0.493068 0.524951 -0.232264 -0.365550 -0.229605 -0.283292 -0.570223 -0.594158 -0.359421 -0.630782 0.513679 -0.711848 0.339865 -0.494068 0.578973 0.039855 0.236892 -0.231375 0.562201 0.119783 0.621926 0.768613 0.560175 -0.150509 0.610667 0.744183 0.075015 0.172307 0.759173 -0.514947 -0.593467 0.658978 0.768524 0.299993 0.799941 0.315579 0.596891 -0.545636 0.554576 0.573619 0.764401 0.580522 0.708644 -0.629090 0.730950 0.313526 0.740514 -0.615880 0.507260 -0.603114 0.499454 -0.657518 0.609430 0.631185 0.796405 -0.336479 0.796639 0.819365 0.752571 -0.410967 0.751046 0.775257 0.748498 0.429343 0.718993 0.724864 0.723826 -0.266744 0.400439 0.720449 0.699816 0.775958 -0.660493 0.725076
0.486333 0.472847 0.553860 0.455584 0.504864 0.171066 0.557483 0.561506 0.495642 0.196319 0.237587 0.599293 -0.075337 0.435837 0.504914 0.565016 -0.227758 0.562480 0.453864 0.594317 0.000000 0.751011 0.503370 0.589892 0.615954 0.178846 0.554321 0.600449 -0.314586 0.571198 0.581106 0.261954 0.358642 0.366683 0.554083 0.338547 0.608750 0.544701 0.559835 -0.305816 0.153306 0.641806 -0.279557 0.454019 -0.099178 -0.183414 -0.042727 -0.084277 -0.359175 -0.389439 -0.240152 -0.430594 0.333139 -0.464891 0.348555 -0.255020 0.398188 0.013504 0.136602 -0.180518 0.344216 0.014100 0.496580 0.502588 0.384702 -0.085320 0.405436 0.496849 0.052201 0.107547 0.556372 -0.263411 -0.297384 0.590533 0.557210 0.337722 0.577451 0.439430 0.510641 -0.261555 0.565454 0.560802 0.593914 0.641726 0.489390 -0.385302 0.494235 0.379576 0.492126 -0.365818 0.338574 -0.378066 0.328293 -0.423050 0.509605 0.479542 0.547976 -0.128151 0.613677 0.600168 0.500638 -0.224184 0.499992 0.544738 0.482776 0.304039 0.507810 0.524047 0.430683 -0.167666 0.345810 0.482257 0.476104 0.547315 -0.415082 0.456176
0.628119 0.595598 0.726483 0.450263 0.685237 0.115788 0.707489 0.655544 0.652498 0.171559 0.107633 0.675075 -0.292475 0.399483 0.670981 0.679192 -0.432119 0.726115 0.509035 0.736584 0.751011 0.000000 0.508884 0.630882 0.712012 0.042562 0.718884 0.671376 -0.520769 0.730157 0.623607 0.117787 0.357015 0.371518 0.701053 0.369191 0.558169 0.707465 0.593729 -0.533625 0.070596 0.680204 -0.466414 0.468081 -0.255062 -0.356144 -0.214906 -0.268038 -0.547849 -0.580298 -0.391165 -0.616069 0.431944 -0.659226 0.324815 -0.455000 0.457131 -0.053033 0.131221 -0.307939 0.428760 -0.016562 0.550153 0.658018 0.450484 -0.212785 0.470151 0.606242 -0.020823 0.064243 0.725409 -0.462188 -0.522812 0.659712 0.723578 0.304718 0.738145 0.341523 0.570896 -0.483965 0.583444 0.573019 0.732325 0.634984 0.658131 -0.577425 0.678989 0.368881 0.673153 -0.564112 0.396800 -0.569930 0.420821 -0.616830 0.588171 0.568054 0.711648 -0.313912 0.709938 0.743522 0.692706 -0.378831 0.693666 0.725994 0.674069 0.355121 0.684115 0.695400 0.611225 -0.317945 0.292646 0.602166 0.612205 0.683146 -0.624434 0.616787
0.522332 0.380658 0.432133 0.647300 0.348465 0.196485 0.476811 0.434853 0.334585 0.085616 0.572439 0.443393 0.256436 0.246301 0.402617 0.407322 0.059615 0.339204 0.726565 0.510395 0.503370 0.508884 0.000000 0.548514 0.619242 0.302546 0.363547 0.451560 -0.071887 0.423026 0.792340 0.384000 0.543775 0.471019 0.438283 0.411251 0.509920 0.382649 0.414121 -0.160587 0.326587 0.353731 -0.050479 0.468059 0.142939 0.055138 0.105893 0.081132 -0.037742 -0.137196 -0.008558 -0.134005 0.272415 -0.243777 0.364632 -0.087866 0.554658 0.089799 0.326036 0.041119 0.391823 0.020841 0.578382 0.258204 0.412121 0.043136 0.480225 0.511052 0.291639 0.350924 0.459409 -0.144829 -0.141816 0.451098 0.381358 0.423766 0.382307 0.418292 0.529620 -0.152763 0.590960 0.302980 0.449193 0.563796 0.367032 -0.233866 0.325101 0.431446 0.299219 -0.175743 0.341353 -0.140536 0.294974 -0.171841 0.520002 0.462227 0.409038 0.051521 0.493584 0.462000 0.308064 -0.035532 0.308069 0.369048 0.310153 0.469781 0.291815 0.311751 0.424348 0.112165 0.431866 0.538500 0.433241 0.442789 -0.217438 0.443043
0.475462 0.546689 0.617973 0.632885 0.497312 0.336463 0.581897 0.682159 0.526978 0.204447 0.280538 0.619022 -0.080868 0.567629 0.534729 0.673791 -0.210242 0.522283 0.553519 0.704254 0.589892 0.630882 0.548514 0.000000 0.577271 0.272226 0.553855 0.644928 -0.278072 0.523903 0.611211 0.496480 0.390966 0.459236 0.613864 0.464698 0.338312 0.470449 0.326462 -0.349820 -0.043858 0.386950 -0.315686 0.355693 -0.093503 -0.208807 -0.213093 -0.208701 -0.396794 -0.405510 -0.315709 -0.436763 0.192921 -0.465645 0.171977 -0.289543 0.384010 0.065214 0.052182 -0.165823 0.279224 0.059293 0.451746 0.530717 0.347000 -0.054834 0.467014 0.503745 0.033360 0.053298 0.501599 -0.181211 -0.290359 0.597174 0.583081 0.464381 0.572374 0.478721 0.356561 -0.266105 0.408546 0.522015 0.561710 0.692400 0.437747 -0.363817 0.491906 0.547891 0.466790 -0.332915 0.260763 -0.385141 0.205276 -0.416049 0.529850 0.434560 0.545538 -0.050777 0.613271 0.605179 0.503016 -0.137231 0.506737 0.606679 0.462470 0.404160 0.564698 0.571341 0.492781 -0.096917 0.399408 0.539762 0.469234 0.624527 -0.438634 0.499246
0.636949 0.412418 0.718845 0.372684 0.728451 0.158083 0.742105 0.534584 0.687497 0.164500 0.193546 0.548669 -0.192517 0.204842 0.745234 0.667072 -0.412780 0.663324 0.485452 0.658738 0.615954 0.712012 0.619242 0.577271 0.000000 0.195351 0.729002 0.725082 -0.523724 0.683868 0.753577 0.087253 0.275421 0.233639 0.599259 0.209663 0.471267 0.669164 0.614064 -0.561738 0.057033 0.577715 -0.515444 0.347366 -0.336211 -0.427034 -0.299039 -0.354304 -0.504106 -0.595631 -0.419441 -0.583010 0.423223 -0.652674 0.285832 -0.529733 0.432361 -0.274280 0.041388 -0.412822 0.378501 -0.247228 0.539692 0.489433 0.324669 -0.363603 0.358686 0.502636 -0.128959 -0.023904 0.743547 -0.528627 -0.549852 0.563307 0.717303 0.289276 0.652625 0.183366 0.612940 -0.563113 0.588965 0.343185 0.730646 0.515458 0.668405 -0.635625 0.697665 0.333574 0.648960 -0.591468 0.337910 -0.587674 0.365920 -0.618122 0.521247 0.507104 0.679140 -0.395287 0.621196 0.671060 0.674073 -0.449778 0.676132 0.662240 0.650351 0.260933 0.645363 0.656252 0.667736 -0.348182 0.190937 0.597990 0.572341 0.597585 -0.640724 0.629698
-0.244779 -0.130678 -0.125697 0.416106 -0.089406 0.680415 -0.119669 0.060213 0.038413 0.456159 0.184970 -0.047227 0.275108 0.256931 -0.061399 0.276409 0.323166 -0.222778 0.139312 -0.046233 0.178846 0.042562 0.302546 0.272226 0.195351 0.000000 -0.048341 0.359703 0.368503 -0.218183 0.274917 0.625552 0.000841 0.043382 -0.152405 0.047062 0.107541 -0.265864 -0.063501 0.328779 0.237521 -0.142558 0.181452 -0.062149 0.170507 0.205886 0.008215 0.101684 0.184238 0.155008 -0.075979 0.170511 -0.454117 0.220755 -0.241651 0.280352 -0.219405 0.060403 -0.255882 0.005502 -0.380898 -0.086019 -0.124670 -0.207305 -0.305876 0.005195 -0.139645 -0.153352 -0.067500 -0.044372 -0.190922 0.452370 0.322828 0.002474 -0.085049 0.310910 -0.181858 0.397491 -0.167989 0.346599 -0.110510 0.092026 -0.145363 0.399054 -0.301454 0.286440 -0.192567 0.562774 -0.288183 0.341886 -0.314668 0.205103 -0.437445 0.222668 0.095553 -0.105092 -0.199097 0.401253 -0.043195 -0.112977 -0.209764 0.388154 -0.210477 -0.056578 -0.279749 0.112343 -0.070000 -0.058856 -0.187170 0.189004 0.133770 -0.062728 -0.173666 -0.039421 0.197955 -0.188258
0.638438 0.456790 0.823816 0.253178 0.850494 0.112656 0.811664 0.564050 0.824547 0.153123 -0.096492 0.573921 -0.512641 0.196316 0.826294 0.734149 -0.680576 0.771012 0.328944 0.723498 0.554321 0.718884 0.363547 0.553855 0.729002 -0.048341 0.000000 0.733789 -0.752879 0.732440 0.552340 -0.123137 0.116477 0.099346 0.661896 0.141934 0.368072 0.735417 0.592799 -0.753791 -0.131096 0.584472 -0.739067 0.240440 -0.582526 -0.663817 -0.523332 -0.578538 -0.769448 -0.807158 -0.630318 -0.797451 0.440658 -0.834202 0.149135 -0.729655 0.324312 -0.374503 -0.114067 -0.600502 0.334610 -0.284704 0.440824 0.631298 0.294066 -0.529631 0.301394 0.489149 -0.318692 -0.220507 0.797103 -0.676675 -0.753390 0.553276 0.829967 0.192344 0.774788 0.071028 0.486699 -0.739208 0.424314 0.342557 0.799541 0.436189 0.756343 -0.792634 0.836822 0.286808 0.794753 -0.762055 0.273324 -0.812187 0.340857 -0.816937 0.488023 0.446416 0.772681 -0.575960 0.658943 0.755348 0.829099 -0.611180 0.832847 0.810269 0.791397 0.143509 0.825708 0.836714 0.706246 -0.586839 0.037472 0.537845 0.579285 0.658940 -0.828009 0.650273
0.404312 0.328214 0.654347 0.445315 0.705606 0.466103 0.635753 0.524266 0.748960 0.365201 -0.039310 0.475304 -0.347574 0.304342 0.678845 0.805593 -0.442489 0.555696 0.331707 0.605816 0.600449 0.671376 0.451560 0.644928 0.725082 0.359703 0.733789 0.000000 -0.471758 0.516717 0.603678 0.215121 0.063048 0.081649 0.517738 0.199196 0.338010 0.490145 0.429583 -0.499475 -0.047368 0.438933 -0.572646 0.131800 -0.455260 -0.496736 -0.495300 -0.500931 -0.618069 -0.655160 -0.645599 -0.646594 0.106116 -0.620346 -0.039898 -0.512647 0.137101 -0.303195 -0.276250 -0.565989 0.066924 -0.311840 0.285846 0.448115 0.082913 -0.483671 0.149626 0.313116 -0.346656 -0.272483 0.594760 -0.349692 -0.483102 0.494045 0.686609 0.336989 0.592900 0.299065 0.295217 -0.460205 0.286065 0.359968 0.611409 0.600169 0.490907 -0.540908 0.626890 0.578835 0.533739 -0.481628 0.035672 -0.620085 0.040222 -0.613832 0.482278 0.300474 0.560335 -0.286120 0.538075 0.589091 0.621489 -0.326175 0.625399 0.691683 0.539809 0.169911 0.718092 0.725135 0.490102 -0.452529 0.056830 0.394594 0.384998 0.546923 -0.637248 0.439825
-0.601361 -0.369425 -0.737868 0.078283 -0.770921 0.224688 -0.728493 -0.412890 -0.681256 0.088027 0.296708 -0.420085 0.629214 0.010363 -0.750901 -0.486744 0.828067 -0.732966 -0.090070 -0.579108 -0.314586 -0.520769 -0.071887 -0.278072 -0.523724 0.368503 -0.752879 -0.471758 0.000000 -0.696353 -0.264388 0.457829 0.021183 0.057242 -0.557754 0.016788 -0.200789 -0.719323 -0.542820 0.829997 0.256017 -0.531417 0.765044 -0.153342 0.665196 0.732476 0.513863 0.590336 0.768765 0.791791 0.561081 0.763657 -0.552700 0.821299 -0.147810 0.785726 -0.270309 0.441908 0.083509 0.582005 -0.365199 0.284030 -0.300686 -0.584729 -0.267209 0.528143 -0.223149 -0.421905 0.344081 0.251785 -0.739094 0.809142 0.835842 -0.410045 -0.737909 0.073024 -0.702106 0.232465 -0.429392 0.829914 -0.288711 -0.160066 -0.723042 -0.117907 -0.759292 0.828673 -0.809951 0.072893 -0.799573 0.835411 -0.321700 0.814104 -0.447152 0.824219 -0.294061 -0.378853 -0.720249 0.759776 -0.515935 -0.644708 -0.797993 0.752316 -0.801930 -0.679963 -0.802322 0.028635 -0.713412 -0.722722 -0.665861 0.667788 0.116501 -0.429986 -0.533480 -0.512867 0.814854 -0.588503
0.798317 0.668900 0.805950 0.255203 0.735377 -0.206952 0.804780 0.677333 0.628750 -0.069644 0.087914 0.725699 -0.354009 0.305818 0.758631 0.561245 -0.593401 0.845739 0.488070 0.782274 0.571198 0.730157 0.423026 0.523903 0.683868 -0.218183 0.732440 0.516717 -0.696353 0.000000 0.567974 -0.124664 0.415414 0.393143 0.748837 0.292516 0.495221 0.843218 0.673914 -0.722348 -0.021674 0.698586 -0.541177 0.534323 -0.303183 -0.451812 -0.204707 -0.293666 -0.594169 -0.631781 -0.300277 -0.656018 0.700078 -0.766961 0.478173 -0.587767 0.604010 -0.099798 0.283475 -0.284956 0.646741 0.023115 0.620674 0.747453 0.576066 -0.211297 0.579350 0.719306 0.029418 0.130900 0.827638 -0.690628 -0.684731 0.679380 0.785796 0.183484 0.821917 0.129035 0.716077 -0.665196 0.634457 0.484423 0.816957 0.433248 0.820081 -0.732637 0.791764 0.061553 0.823989 -0.747731 0.618177 -0.653588 0.668671 -0.722513 0.541956 0.655376 0.836598 -0.525369 0.754320 0.801604 0.798439 -0.598280 0.795395 0.718895 0.823968 0.285439 0.686057 0.692109 0.769417 -0.345064 0.301506 0.707102 0.755650 0.718079 -0.710489 0.766257
0.603671 0.431666 0.590801 0.565915 0.543373 0.217706 0.623848 0.517352 0.523212 0.131836 0.459168 0.559464 0.067947 0.274171 0.582726 0.571804 -0.125556 0.516706 0.651222 0.619707 0.581106 0.623607 0.792340 0.611211 0.753577 0.274917 0.552340 0.603678 -0.264388 0.567974 0.000000 0.317366 0.475461 0.422641 0.530018 0.347481 0.489486 0.527145 0.500535 -0.363137 0.217601 0.463451 -0.266715 0.437021 -0.059374 -0.163126 -0.084196 -0.127906 -0.267654 -0.362355 -0.203553 -0.359718 0.343456 -0.450231 0.335685 -0.293905 0.524401 -0.066448 0.193017 -0.183762 0.413666 -0.075969 0.620413 0.402916 0.389712 -0.147942 0.433171 0.527831 0.079647 0.171283 0.609959 -0.313005 -0.314188 0.557402 0.563656 0.432835 0.544151 0.385810 0.596958 -0.337930 0.614892 0.354847 0.601114 0.578957 0.517913 -0.428550 0.510941 0.434745 0.477174 -0.372328 0.352083 -0.364402 0.321978 -0.395142 0.503693 0.464526 0.547066 -0.147307 0.595713 0.587927 0.498493 -0.229271 0.497526 0.532946 0.478762 0.373695 0.491659 0.501271 0.548225 -0.108826 0.334322 0.581584 0.506720 0.536458 -0.432291 0.548572
-0.126130 0.163648 -0.082173 0.601543 -0.192014 0.524902 -0.108167 0.258904 -0.082124 0.327809 0.399642 0.186380 0.380656 0.540808 -0.140837 0.222313 0.454584 -0.145368 0.359920 0.122129 0.261954 0.117787 0.384000 0.496480 0.087253 0.625552 -0.123137 0.215121 0.457829 -0.124664 0.317366 0.000000 0.322707 0.414955 0.042121 0.377994 0.122475 -0.199271 -0.155353 0.365534 0.171200 -0.117256 0.325198 0.173921 0.428912 0.391160 0.177064 0.279691 0.253444 0.269773 0.133940 0.226116 -0.331043 0.257715 -0.047967 0.392402 0.035397 0.410571 0.043372 0.291970 -0.124864 0.290888 0.085213 -0.002552 0.021682 0.359459 0.166934 0.068105 0.232049 0.217212 -0.188629 0.532164 0.417166 0.163827 -0.089738 0.442049 -0.087293 0.605198 -0.067341 0.455943 0.050870 0.345710 -0.113695 0.516628 -0.273091 0.367054 -0.232071 0.556506 -0.256243 0.394462 -0.090449 0.311239 -0.237251 0.291789 0.195796 0.051546 -0.126121 0.563256 0.100127 -0.010867 -0.209350 0.493495 -0.212466 -0.016664 -0.257638 0.337440 -0.080922 -0.084023 -0.121579 0.434262 0.422140 0.090356 -0.052323 0.097657 0.266296 -0.078081
0.524856 0.624449 0.288028 0.519864 0.094985 -0.131917 0.302866 0.535589 0.056972 -0.023492 0.528734 0.536933 0.251161 0.463705 0.174039 0.148481 0.122274 0.334922 0.731956 0.484693 0.358642 0.357015 0.543775 0.390966 0.275421 0.000841 0.116477 0.063048 0.021183 0.415414 0.475461 0.322707 0.000000 0.789729 0.487960 0.544310 0.480039 0.352559 0.351036 -0.072111 0.340928 0.306719 0.186813 0.682252 0.460927 0.297177 0.409504 0.378536 0.109406 0.088786 0.339638 0.015088 0.422361 -0.106637 0.572762 0.146519 0.695741 0.522203 0.686745 0.444083 0.647796 0.539741 0.612633 0.440009 0.724081 0.453753 0.725964 0.646379 0.630025 0.637880 0.319790 -0.053887 -0.016599 0.433813 0.232645 0.323431 0.365771 0.459500 0.564600 0.032869 0.596815 0.505514 0.308922 0.428721 0.301768 -0.056581 0.164041 0.101512 0.243902 -0.065419 0.601512 0.075964 0.549196 -0.020720 0.438495 0.550865 0.368252 0.168587 0.532617 0.427597 0.188117 0.085811 0.179761 0.228616 0.246576 0.538391 0.098971 0.103856 0.341693 0.349666 0.696425 0.589825 0.503311 0.453116 -0.020123 0.407609
0.436798 0.685974 0.263899 0.564912 0.071682 -0.033573 0.245130 0.610386 0.021636 0.045946 0.448960 0.618937 0.180232 0.599718 0.118367 0.223045 0.159178 0.331693 0.681712 0.506687 0.366683 0.371518 0.471019 0.459236 0.233639 0.043382 0.099346 0.081649 0.057242 0.393143 0.422641 0.414955 0.789729 0.000000 0.451817 0.611160 0.389021 0.318459 0.222854 -0.028768 0.242599 0.258094 0.219583 0.678186 0.486333 0.347296 0.393851 0.366022 0.106861 0.110122 0.314283 0.017732 0.325395 -0.085916 0.530949 0.178172 0.587151 0.613029 0.644994 0.451719 0.562434 0.654346 0.539957 0.500966 0.648760 0.525948 0.721712 0.664585 0.598283 0.643664 0.262462 0.041661 0.032915 0.444409 0.222949 0.372083 0.359757 0.534206 0.462772 0.097468 0.511896 0.623050 0.264540 0.488465 0.222725 0.012421 0.129338 0.203134 0.214265 -0.004234 0.574042 0.095653 0.471390 -0.002115 0.453442 0.552995 0.343074 0.268269 0.543886 0.420265 0.169329 0.156423 0.163397 0.251432 0.217417 0.597334 0.117293 0.116491 0.338174 0.412039 0.717212 0.591228 0.504482 0.502132 -0.005577 0.423032
0.713832 0.700637 0.740636 0.395993 0.628232 -0.066223 0.710363 0.677278 0.582006 0.046130 0.094618 0.676272 -0.328922 0.406114 0.645221 0.574680 -0.470190 0.753326 0.567850 0.763479 0.554083 0.701053 0.438283 0.613864 0.599259 -0.152405 0.661896 0.517738 -0.557754 0.748837 0.530018 0.042121 0.487960 0.451817 0.000000 0.528117 0.481725 0.734335 0.544552 -0.604626 -0.020179 0.570570 -0.457872 0.511178 -0.190408 -0.354821 -0.181451 -0.241836 -0.534502 -0.553610 -0.278968 -0.613071 0.547932 -0.671954 0.398171 -0.464487 0.586763 0.055190 0.282177 -0.178173 0.599878 0.123110 0.621318 0.741751 0.654170 -0.098087 0.630585 0.679028 0.098922 0.153223 0.726044 -0.530550 -0.570896 0.609259 0.706317 0.251660 0.766097 0.237092 0.605435 -0.517922 0.586473 0.556734 0.714851 0.487110 0.710172 -0.594147 0.685014 0.195939 0.716145 -0.599539 0.542560 -0.547775 0.571139 -0.614013 0.567310 0.603492 0.763054 -0.342708 0.737862 0.758985 0.712653 -0.403328 0.709548 0.709075 0.712654 0.405203 0.654232 0.652229 0.669893 -0.255745 0.388529 0.696129 0.714890 0.739690 -0.614374 0.693951
0.297018 0.572645 0.242140 0.589496 0.121476 0.117095 0.202503 0.526100 0.119464 0.158140 0.208753 0.456222 -0.012304 0.492049 0.084183 0.301213 0.054427 0.261796 0.562536 0.442031 0.338547 0.369191 0.411251 0.464698 0.209663 0.047062 0.141934 0.199196 0.016788 0.292516 0.347481 0.377994 0.544310 0.611160 0.528117 0.000000 0.227665 0.213647 0.028075 -0.067680 0.115689 0.112477 0.138260 0.518360 0.313484 0.237597 0.215943 0.224797 -0.015243 -0.000886 0.077711 -0.080902 0.117379 -0.107175 0.257709 0.098053 0.387550 0.503187 0.378307 0.250840 0.340237 0.464599 0.369002 0.437034 0.510578 0.361949 0.552681 0.523615 0.381936 0.416939 0.234761 0.066719 -0.000631 0.383413 0.228666 0.399321 0.349962 0.536323 0.249053 0.074748 0.297499 0.534580 0.181479 0.413777 0.148652 0.008140 0.119324 0.323740 0.167363 0.013631 0.329226 0.013316 0.253133 -0.048227 0.381647 0.320465 0.282814 0.269249 0.465386 0.384224 0.176486 0.164199 0.173807 0.294913 0.174652 0.505297 0.210709 0.201170 0.214122 0.262219 0.568646 0.447699 0.363411 0.485059 -0.057719 0.285437
0.554119 0.437640 0.439323 0.358427 0.337192 -0.054410 0.463809 0.387365 0.292208 -0.020695 0.368137 0.444479 0.072710 0.232456 0.385206 0.277066 -0.112538 0.451213 0.526231 0.478109 0.608750 0.558169 0.509920 0.338312 0.471267 0.107541 0.368072 0.338010 -0.200789 0.495221 0.489486 0.122475 0.480039 0.389021 0.481725 0.227665 0.000000 0.513230 0.717031 -0.194420 0.437950 0.639393 -0.123280 0.549610 0.087154 -0.031257 0.193573 0.131815 -0.128049 -0.193340 0.022443 -0.225291 0.442563 -0.320388 0.493068 -0.086885 0.562014 0.115438 0.395604 0.060420 0.501719 0.088842 0.575792 0.372657 0.499052 0.010137 0.479951 0.526539 0.325272 0.358125 0.477669 -0.257808 -0.238188 0.397801 0.369694 0.091770 0.442938 0.278902 0.613802 -0.197695 0.620172 0.402753 0.497178 0.470750 0.456085 -0.290463 0.377697 0.150679 0.391017 -0.289048 0.458445 -0.208873 0.436355 -0.265012 0.558023 0.601992 0.498397 -0.092174 0.533878 0.489657 0.383531 -0.145052 0.367961 0.371141 0.405582 0.367268 0.286573 0.305598 0.385777 -0.023455 0.430842 0.476086 0.468085 0.459599 -0.236986 0.421238
