0.000000,0.427729,0.333176,0.378996,0.082720,-0.001435,0.472265,0.393166,0.148893,0.161268,0.427975,0.366322,0.367333,0.298384,0.170716,0.148013,0.182835,0.261907,0.412257,0.301997,0.125810,0.096948,0.410446,0.225757,0.247833,0.160310,0.030766,0.002936,0.186711,0.304962,0.358857,0.282664,0.432017,0.415980,0.229983,0.197630,0.171158,0.223814,0.164359,0.189018,0.234703,0.164374,0.301449,0.238794,0.275577,0.269365,0.341833,0.356212,0.252257,0.321712,0.270620,0.249232,0.231545,0.202247,0.283502,0.335299,0.492081,0.430378,0.404539,0.437042,0.448937,0.386958,0.340551,0.313356,0.299973,0.308445,0.353521,0.331810,0.327566,0.321197,0.357373,0.188750,0.202248,0.207439,0.049911,-0.043775,0.225912,0.217422,0.355310,0.330998,0.397823,0.295722,0.211276,0.184039,0.379022,0.218135,0.014111,0.040511,0.205806,0.145356,0.326596,0.338943,0.336920,0.057659,0.129443,0.188531,0.288401,0.198205,0.315644,0.343682,0.135580,0.010737,0.089530,0.191902,0.192711,0.206420,0.067097,0.014809,0.099174,0.192019,0.341597,0.358604,0.258217,0.266705,0.277021,0.170796
0.427729,0.000000,0.419340,0.493329,0.271221,0.229147,0.429146,0.493742,0.318872,0.334428,0.353368,0.489698,0.415590,0.435068,0.319615,0.372897,0.274644,0.364129,0.475094,0.452957,0.220329,0.087278,0.429022,0.383600,0.309638,0.336731,0.181433,0.218750,0.329352,0.396113,0.392593,0.391659,0.409894,0.461764,0.303319,0.258557,0.307418,0.341848,0.254518,0.290774,0.215761,0.173350,0.178022,0.156593,0.149129,0.151809,0.375932,0.322529,0.115706,0.233257,0.174415,0.063567,0.117001,0.131158,0.347101,0.400346,0.411434,0.491396,0.419933,0.420100,0.352834,0.402639,0.295648,0.447220,0.360910,0.267307,0.435664,0.422443,0.445424,0.431374,0.355346,0.315556,0.084929,0.232167,0.155829,0.094836,0.253652,0.300684,0.313547,0.360037,0.276850,0.379891,0.323989,0.327075,0.316313,0.278523,0.203369,0.252588,0.150217,0.304172,0.340491,0.326113,0.380232,0.245165,0.305966,0.345111,0.403940,0.222360,0.443710,0.389787,0.329940,0.172735,0.289635,0.340419,0.360100,0.342592,0.236758,0.173513,0.246384,0.330985,0.435241,0.340402,0.186255,0.332263,0.241363,0.258430
0.333176,0.419340,0.000000,0.426673,0.293746,0.273180,0.434453,0.473234,0.333482,0.306874,0.283881,0.381527,0.422571,0.353000,0.390007,0.391671,0.339912,0.408020,0.339383,0.459966,0.141421,0.036605,0.296901,0.500795,0.176551,0.283776,0.098595,0.185173,0.345146,0.349966,0.281741,0.374043,0.267713,0.410582,0.263457,0.162555,0.354905,0.315776,0.219256,0.232623,0.182091,0.120752,-0.034608,-0.044302,0.002715,-0.011465,0.271861,0.129727,-0.038751,0.056977,-0.029218,-0.114943,-0.096900,-0.104725,0.213223,0.272492,0.262109,0.336313,0.284362,0.263753,0.170629,0.278765,0.262817,0.388234,0.292931,0.157558,0.363559,0.348126,0.374915,0.378271,0.206727,0.296775,-0.045464,0.092016,0.190802,0.177698,0.157098,0.250895,0.138984,0.228105,0.089819,0.308026,0.317913,0.343596,0.140408,0.206491,0.290084,0.332674,-0.017331,0.225537,0.169523,0.153768,0.220781,0.316794,0.353028,0.270138,0.283530,0.125343,0.367606,0.270804,0.394060,0.291173,0.366288,0.357061,0.365284,0.345511,0.311826,0.262121,0.273598,0.253458,0.336255,0.128373,-0.023195,0.218310,0.079021,0.246160
0.378996,0.493329,0.426673,0.000000,0.283794,0.253134,0.408225,0.490871,0.317084,0.292253,0.315127,0.451479,0.431524,0.365951,0.380121,0.400269,0.324249,0.360553,0.482038,0.477593,0.229674,0.077930,0.408414,0.404601,0.246599,0.293159,0.186290,0.269064,0.354904,0.370750,0.375937,0.372809,0.370013,0.433755,0.295956,0.234597,0.340926,0.340160,0.256448,0.316158,0.217007,0.170680,0.093865,0.043012,0.081103,0.049926,0.328015,0.232228,0.023955,0.161149,0.058553,-0.008380,-0.003276,0.036149,0.303144,0.384864,0.354690,0.459606,0.379818,0.395560,0.279155,0.385306,0.312312,0.430426,0.375417,0.271533,0.452541,0.453333,0.454264,0.425000,0.322875,0.355327,0.027187,0.215000,0.223037,0.183069,0.227840,0.331382,0.235133,0.376746,0.211129,0.374993,0.354436,0.354866,0.274031,0.302109,0.276966,0.330512,0.072790,0.362015,0.247563,0.249625,0.302568,0.317762,0.357160,0.341675,0.376289,0.214344,0.423374,0.349638,0.369665,0.268610,0.342438,0.390654,0.357223,0.355985,0.282057,0.270929,0.288729,0.317943,0.420814,0.247280,0.086515,0.267382,0.156566,0.251821
0.082720,0.271221,0.293746,0.283794,0.000000,0.458108,0.197684,0.293560,0.435359,0.386131,0.144962,0.333019,0.252732,0.349318,0.310795,0.415488,0.132730,0.266760,0.260493,0.381958,0.259916,0.153890,0.184046,0.355013,0.208333,0.369278,0.396996,0.432661,0.200339,0.212715,0.279594,0.378299,0.189218,0.256408,0.242557,0.284008,0.327591,0.364866,0.389175,0.388751,0.223567,0.185124,-0.106459,-0.055890,-0.147108,-0.119733,0.125565,0.047082,-0.186938,-0.059099,-0.095868,-0.250344,-0.080794,-0.060583,0.308201,0.295034,0.066852,0.233464,0.217321,0.067778,0.043459,0.110419,0.098225,0.345213,0.202952,0.005740,0.303948,0.312279,0.309534,0.358263,0.229535,0.283084,0.034771,0.171320,0.293786,0.156342,0.208546,0.263768,0.016975,0.155675,0.033997,0.203707,0.412784,0.396548,0.133972,0.163239,0.431497,0.418543,0.142338,0.276070,0.182043,0.123189,0.236832,0.268658,0.370435,0.276060,0.268821,0.129953,0.381867,0.275106,0.403841,0.241331,0.406254,0.330237,0.286689,0.228517,0.415700,0.315827,0.361705,0.188294,0.285775,0.109926,-0.018421,0.232182,0.081098,0.255636
-0.001435,0.229147,0.273180,0.253134,0.458108,0.000000,0.148403,0.261364,0.437127,0.417344,0.053214,0.282911,0.168099,0.286167,0.289571,0.443056,0.122456,0.230570,0.203139,0.337396,0.264983,0.081896,0.116104,0.327833,0.204768,0.380237,0.364416,0.451178,0.188996,0.200328,0.182232,0.280573,0.068625,0.157188,0.143698,0.185446,0.251702,0.278490,0.272263,0.289848,0.095320,0.067434,-0.193688,-0.114690,-0.194212,-0.168962,0.078346,-0.034301,-0.244038,-0.119008,-0.160802,-0.322287,-0.141403,-0.134129,0.244144,0.208959,-0.047892,0.146262,0.145154,-0.004641,-0.037167,0.029641,0.000843,0.318195,0.127537,-0.060665,0.213141,0.232066,0.244510,0.294308,0.165392,0.238421,-0.033186,0.097973,0.285328,0.161556,0.124004,0.188932,-0.000186,0.075173,-0.025490,0.180299,0.310368,0.327801,0.035787,0.105410,0.416147,0.423496,0.073409,0.231546,0.098933,0.029392,0.155977,0.253338,0.350181,0.307944,0.255992,0.083768,0.319736,0.171053,0.379967,0.235334,0.385172,0.275882,0.287693,0.215995,0.374410,0.294231,0.318422,0.238999,0.205955,0.028623,-0.092164,0.184750,-0.023490,0.179365
0.472265,0.429146,0.434453,0.408225,0.197684,0.148403,0.000000,0.446061,0.251333,0.259681,0.377909,0.387732,0.397822,0.344802,0.242146,0.260338,0.180473,0.288429,0.411272,0.364677,0.204517,0.129199,0.411219,0.351983,0.276600,0.249571,0.132509,0.118223,0.207310,0.305193,0.368119,0.347447,0.407555,0.432640,0.248655,0.234392,0.231770,0.283180,0.226411,0.247781,0.231012,0.165977,0.189358,0.163169,0.188835,0.188545,0.298769,0.276494,0.127233,0.231502,0.161078,0.109064,0.136322,0.106262,0.306641,0.338478,0.393765,0.389900,0.383526,0.375054,0.373244,0.350921,0.300743,0.381846,0.339141,0.269105,0.385231,0.371157,0.332476,0.376267,0.369298,0.235232,0.163872,0.190661,0.144829,-0.004343,0.254012,0.269803,0.286017,0.268441,0.339368,0.318539,0.274864,0.241185,0.350939,0.224477,0.157541,0.169735,0.201306,0.166445,0.299072,0.272638,0.333736,0.116949,0.206841,0.243465,0.321689,0.214167,0.367357,0.337710,0.241500,0.079571,0.203372,0.244804,0.222311,0.209083,0.186071,0.127435,0.205052,0.229093,0.334479,0.303596,0.174191,0.283274,0.208651,0.212815
0.393166,0.493742,0.473234,0.490871,0.293560,0.261364,0.446061,0.000000,0.318457,0.346452,0.321382,0.479222,0.419697,0.418955,0.346085,0.389752,0.297522,0.374695,0.437519,0.465707,0.213596,0.100460,0.402336,0.451044,0.272940,0.336268,0.159290,0.221766,0.333180,0.365508,0.373254,0.408858,0.364351,0.457497,0.275092,0.244181,0.351478,0.365047,0.247631,0.291909,0.206721,0.187045,0.108171,0.092437,0.101275,0.092908,0.330389,0.260094,0.052859,0.183972,0.102246,0.000065,0.036754,0.044013,0.305463,0.366760,0.335670,0.432491,0.379551,0.385138,0.294486,0.389869,0.266385,0.433180,0.328174,0.247719,0.423257,0.419930,0.403456,0.409878,0.315067,0.317096,0.031680,0.184159,0.166979,0.132881,0.223506,0.307745,0.253000,0.325865,0.207633,0.365098,0.331120,0.341595,0.265577,0.285113,0.242075,0.293434,0.083142,0.298696,0.289756,0.264095,0.335881,0.285457,0.327835,0.338237,0.381277,0.219042,0.433917,0.357627,0.363154,0.229037,0.328663,0.364344,0.352892,0.333415,0.278586,0.216845,0.278701,0.310139,0.406587,0.280469,0.112813,0.308305,0.187184,0.271869
0.148893,0.318872,0.333482,0.317084,0.435359,0.437127,0.251333,0.318457,0.000000,0.447351,0.210111,0.363942,0.287689,0.357666,0.308597,0.405955,0.180912,0.338115,0.287377,0.387135,0.196608,0.066275,0.214940,0.358683,0.273660,0.403680,0.321093,0.381794,0.226392,0.312475,0.264431,0.327969,0.184660,0.245380,0.210797,0.212800,0.285372,0.318284,0.282992,0.280647,0.126352,0.085201,-0.104229,-0.027808,-0.076751,-0.040985,0.186388,0.063254,-0.101855,0.009967,-0.043106,-0.189799,-0.063691,-0.107840,0.262925,0.251973,0.109756,0.234646,0.261791,0.083158,0.095274,0.109420,0.138153,0.396590,0.209540,0.043414,0.295770,0.303762,0.326071,0.364523,0.221158,0.224711,-0.002642,0.170792,0.221728,0.099020,0.149575,0.197221,0.081561,0.122512,0.060788,0.222780,0.319847,0.323522,0.092575,0.073906,0.324847,0.344425,0.105022,0.172192,0.177398,0.102694,0.227172,0.216094,0.333886,0.282265,0.256841,0.088226,0.362601,0.274651,0.414452,0.194936,0.399302,0.335899,0.341233,0.266417,0.381501,0.267812,0.291554,0.206633,0.245655,0.117582,-0.037182,0.259887,0.053159,0.239964
0.161268,0.334428,0.306874,0.292253,0.386131,0.417344,0.259681,0.346452,0.447351,0.000000,0.186619,0.400077,0.193895,0.412201,0.172550,0.365174,0.084499,0.314138,0.259660,0.317096,0.179383,0.105001,0.250023,0.328796,0.369571,0.468680,0.311398,0.303342,0.131060,0.295480,0.291514,0.332310,0.211061,0.248298,0.177376,0.252545,0.228143,0.325162,0.256707,0.258755,0.136866,0.114662,0.010547,0.147047,0.032896,0.104304,0.234764,0.177243,0.037416,0.143824,0.112879,-0.068953,0.076150,0.008891,0.325729,0.277567,0.102248,0.230458,0.294494,0.116390,0.168505,0.158199,0.075346,0.400661,0.197752,0.121365,0.277981,0.292495,0.244734,0.303408,0.268835,0.156217,0.082956,0.205647,0.109886,-0.053244,0.189699,0.166497,0.169017,0.098445,0.120347,0.226354,0.254777,0.256952,0.128221,0.084213,0.217980,0.243279,0.186432,0.099973,0.287871,0.178692,0.323792,0.095897,0.228803,0.271127,0.283814,0.114648,0.382504,0.328790,0.347323,0.047629,0.318480,0.263085,0.307313,0.212815,0.320412,0.141832,0.226088,0.196824,0.223579,0.224459,0.082211,0.372556,0.148014,0.255491
0.427975,0.353368,0.283881,0.315127,0.144962,0.053214,0.377909,0.321382,0.210111,0.186619,0.000000,0.329597,0.351689,0.252582,0.169323,0.166426,0.200777,0.273955,0.357932,0.305130,0.092991,0.039109,0.300608,0.202234,0.198729,0.151518,0.072496,0.067314,0.196791,0.299383,0.286402,0.249208,0.320642,0.307405,0.158436,0.129344,0.168818,0.185888,0.178265,0.175674,0.184409,0.124233,0.181143,0.162660,0.208761,0.223047,0.277601,0.257745,0.203749,0.270462,0.187382,0.162900,0.138731,0.101260,0.237763,0.286343,0.382694,0.365561,0.339725,0.303155,0.326757,0.277226,0.373111,0.298352,0.217252,0.198375,0.290727,0.263332,0.321826,0.313803,0.259105,0.169805,0.190313,0.200472,0.051298,-0.024207,0.187014,0.160943,0.248931,0.265351,0.275654,0.237282,0.215521,0.165138,0.262840,0.144407,0.065014,0.080837,0.161626,0.118041,0.243783,0.216457,0.252849,0.071263,0.162875,0.179263,0.239463,0.151622,0.299673,0.332642,0.191295,0.054809,0.159399,0.247980,0.203865,0.200391,0.114286,0.103715,0.142042,0.147318,0.280780,0.268438,0.150871,0.199590,0.148644,0.151665
0.366322,0.489698,0.381527,0.451479,0.333019,0.282911,0.387732,0.479222,0.363942,0.400077,0.329597,0.000000,0.364512,0.481052,0.272944,0.368205,0.215636,0.363369,0.444295,0.433082,0.204880,0.121697,0.434738,0.382036,0.334542,0.384072,0.248570,0.262360,0.249575,0.385665,0.412232,0.419038,0.388919,0.425782,0.286875,0.283777,0.301883,0.379864,0.325695,0.347666,0.237119,0.197749,0.166913,0.177493,0.098126,0.126392,0.351074,0.311171,0.107001,0.222831,0.186418,0.032490,0.149388,0.146007,0.402267,0.413415,0.338490,0.431483,0.392825,0.342920,0.331965,0.358904,0.225482,0.467704,0.318644,0.234527,0.403032,0.406508,0.394702,0.413329,0.366710,0.245847,0.088267,0.276461,0.160611,0.034385,0.242625,0.270132,0.277216,0.286368,0.260400,0.301951,0.351627,0.348730,0.293032,0.214640,0.209844,0.253505,0.211771,0.281221,0.381732,0.343954,0.419931,0.202789,0.313073,0.329471,0.375161,0.189442,0.451025,0.408102,0.349267,0.127522,0.306738,0.336748,0.359618,0.313541,0.310799,0.177649,0.261281,0.277487,0.417425,0.345745,0.205922,0.375535,0.270419,0.297188
0.367333,0.415590,0.422571,0.431524,0.252732,0.168099,0.397822,0.419697,0.287689,0.193895,0.351689,0.364512,0.000000,0.343961,0.418346,0.347673,0.335687,0.325275,0.381295,0.433197,0.175651,0.057517,0.307585,0.389299,0.133834,0.200339,0.109727,0.186410,0.410871,0.312302,0.327690,0.367771,0.326205,0.440831,0.309600,0.197928,0.362685,0.301526,0.230431,0.246851,0.199663,0.155619,0.065738,-0.001653,0.058026,0.019627,0.291156,0.200167,0.001554,0.090662,0.008316,-0.031324,-0.049239,-0.026396,0.191906,0.307578,0.361335,0.408286,0.316168,0.350279,0.225899,0.343487,0.356302,0.366223,0.333263,0.190585,0.397329,0.380806,0.420446,0.384932,0.263127,0.401750,-0.042533,0.154971,0.202484,0.249431,0.213459,0.333539,0.175469,0.343168,0.144382,0.339851,0.324341,0.326943,0.223347,0.281201,0.247329,0.289478,-0.014235,0.293988,0.167117,0.189033,0.213823,0.324903,0.306033,0.222506,0.267664,0.162845,0.333950,0.280223,0.321615,0.296374,0.297776,0.346146,0.299760,0.321209,0.235235,0.239660,0.230044,0.227374,0.360572,0.157965,0.020247,0.172051,0.114129,0.220597
0.298384,0.435068,0.353000,0.365951,0.349318,0.286167,0.344802,0.418955,0.357666,0.412201,0.252582,0.481052,0.343961,0.000000,0.232849,0.347260,0.140318,0.318359,0.354236,0.374245,0.192284,0.182169,0.365131,0.372188,0.313025,0.390938,0.255768,0.227416,0.204630,0.308730,0.407447,0.452803,0.375643,0.437063,0.304704,0.306981,0.311295,0.394054,0.350595,0.340522,0.264533,0.232111,0.160422,0.205426,0.084208,0.134424,0.311480,0.295328,0.100562,0.164261,0.187637,-0.003350,0.160311,0.157609,0.381407,0.364826,0.293680,0.382956,0.341412,0.281977,0.295286,0.329205,0.158697,0.432715,0.280377,0.174268,0.353907,0.353194,0.324694,0.364546,0.353507,0.264081,0.101207,0.269363,0.127745,0.004559,0.273755,0.258024,0.237840,0.226777,0.218363,0.291587,0.350448,0.349712,0.252480,0.209318,0.194492,0.232038,0.209389,0.216986,0.382006,0.348312,0.412828,0.175560,0.236664,0.255635,0.334303,0.186172,0.416699,0.369709,0.316757,0.091658,0.272671,0.265081,0.307314,0.250786,0.297573,0.114167,0.240672,0.198184,0.350493,0.327663,0.217310,0.396967,0.305887,0.340609
0.170716,0.319615,0.390007,0.380121,0.310795,0.289571,0.242146,0.346085,0.308597,0.172550,0.169323,0.272944,0.418346,0.232849,0.000000,0.451078,0.418299,0.335166,0.279784,0.446996,0.182172,-0.049334,0.163279,0.413057,0.026691,0.172771,0.135857,0.303882,0.447167,0.288752,0.157054,0.293354,0.131003,0.311888,0.264361,0.103890,0.351256,0.232194,0.193934,0.224269,0.125023,0.051822,-0.148860,-0.235745,-0.159109,-0.224696,0.187531,0.004186,-0.237163,-0.131903,-0.238188,-0.277655,-0.264281,-0.199544,0.109124,0.226664,0.182604,0.293622,0.136786,0.177907,-0.004042,0.191835,0.271110,0.273327,0.242976,0.076784,0.295450,0.294202,0.406088,0.334518,0.085705,0.398669,-0.190403,0.003550,0.334993,0.409258,0.074432,0.287479,0.040165,0.302162,-0.031501,0.283678,0.326675,0.384921,0.060785,0.232260,0.394744,0.441475,-0.151623,0.372523,-0.008082,0.039274,0.056963,0.462907,0.422320,0.246089,0.223916,0.072869,0.276535,0.134046,0.380826,0.457569,0.381007,0.361930,0.354620,0.391396,0.307350,0.348601,0.261856,0.270362,0.319234,-0.045058,-0.167976,0.039235,-0.051172,0.134373
0.148013,0.372897,0.391671,0.400269,0.415488,0.443056,0.260338,0.389752,0.405955,0.365174,0.166426,0.368205,0.347673,0.347260,0.451078,0.000000,0.319140,0.345105,0.320011,0.464831,0.261650,-0.021505,0.219942,0.431886,0.189136,0.350465,0.287592,0.411085,0.388828,0.338437,0.211792,0.326159,0.146626,0.304462,0.243680,0.190166,0.309141,0.276814,0.245810,0.271392,0.105212,0.040750,-0.126280,-0.129406,-0.138536,-0.157843,0.220210,0.063204,-0.204140,-0.070218,-0.141234,-0.277852,-0.156332,-0.122674,0.238786,0.288050,0.130934,0.298804,0.208100,0.153805,0.033028,0.167817,0.165090,0.368392,0.254167,0.074412,0.314395,0.324701,0.399675,0.384713,0.184934,0.366768,-0.091279,0.063230,0.332464,0.288445,0.112993,0.264474,0.114696,0.237175,0.024817,0.296087,0.344835,0.392274,0.100437,0.201731,0.423640,0.462142,-0.003666,0.357417,0.118915,0.096923,0.186682,0.382058,0.443594,0.359945,0.310004,0.090299,0.366535,0.223699,0.415457,0.350890,0.412755,0.365709,0.409272,0.389853,0.357106,0.342459,0.293685,0.351668,0.343822,0.072585,-0.090025,0.163186,-0.010436,0.158788
0.182835,0.274644,0.339912,0.324249,0.132730,0.122456,0.180473,0.297522,0.180912,0.084499,0.200777,0.215636,0.335687,0.140318,0.418299,0.319140,0.000000,0.422808,0.229784,0.374148,-0.035657,-0.235760,0.124895,0.341566,-0.010936,0.104576,-0.075828,0.106775,0.425420,0.369421,0.057930,0.163279,0.055630,0.227911,0.178272,-0.029130,0.229209,0.081966,0.036211,0.059754,0.020456,-0.074613,-0.138063,-0.206410,-0.046395,-0.131113,0.221592,0.018265,-0.078262,-0.024188,-0.132666,-0.143887,-0.227757,-0.229727,-0.000545,0.114226,0.204998,0.230383,0.096855,0.146610,-0.011105,0.156429,0.275108,0.167145,0.221334,0.145665,0.235973,0.225443,0.368651,0.242130,-0.060860,0.225380,-0.218995,-0.085685,0.163935,0.313539,-0.132682,0.070662,0.096488,0.257050,-0.062111,0.189854,0.178691,0.243322,-0.047260,0.061167,0.226643,0.277016,-0.223203,0.231000,-0.037204,-0.008704,0.012749,0.360534,0.354028,0.194230,0.121306,-0.048353,0.161178,0.086239,0.313075,0.371088,0.294520,0.329040,0.392528,0.439863,0.200939,0.265264,0.117861,0.212862,0.237249,-0.063091,-0.195712,-0.042050,-0.127669,0.021767
0.261907,0.364129,0.408020,0.360553,0.266760,0.230570,0.288429,0.374695,0.338115,0.314138,0.273955,0.363369,0.325275,0.318359,0.335166,0.345105,0.422808,0.000000,0.291677,0.408169,-0.023227,-0.103405,0.246100,0.397277,0.184997,0.294133,0.058044,0.152888,0.309342,0.439306,0.215028,0.290532,0.196747,0.305027,0.257471,0.137441,0.284602,0.248711,0.182138,0.177848,0.151837,0.037973,-0.026494,-0.010109,0.037636,0.019474,0.337583,0.156612,0.051870,0.110015,0.035872,-0.070057,-0.055205,-0.130517,0.196986,0.237121,0.256645,0.285887,0.244865,0.156509,0.129665,0.190354,0.276065,0.328907,0.283362,0.196975,0.331929,0.322981,0.382865,0.335194,0.104461,0.167048,-0.070421,0.086847,0.132320,0.117966,0.007043,0.101795,0.158515,0.228919,0.062211,0.232150,0.270476,0.316021,0.049885,0.028086,0.217797,0.261838,-0.014949,0.143368,0.173491,0.139379,0.215752,0.243657,0.352826,0.233437,0.193336,-0.010056,0.316155,0.285411,0.392697,0.226609,0.350103,0.357848,0.443937,0.420416,0.300430,0.212215,0.173922,0.193245,0.284919,0.107452,-0.054675,0.208101,0.047173,0.175732
0.412257,0.475094,0.339383,0.482038,0.260493,0.203139,0.411272,0.437519,0.287377,0.259660,0.357932,0.444295,0.381295,0.354236,0.279784,0.320011,0.229784,0.291677,0.000000,0.441643,0.281138,0.129189,0.457238,0.302931,0.310837,0.295500,0.244009,0.264422,0.280203,0.344410,0.410591,0.353490,0.423138,0.411504,0.256087,0.243933,0.249919,0.316246,0.264521,0.335547,0.191849,0.196967,0.173667,0.137028,0.174726,0.149075,0.286400,0.273601,0.099828,0.216998,0.154286,0.078369,0.124314,0.132608,0.347256,0.387400,0.405914,0.468059,0.413219,0.396715,0.347418,0.364247,0.311582,0.399885,0.365625,0.260291,0.432476,0.430250,0.445919,0.448548,0.385840,0.286969,0.133049,0.243142,0.205223,0.086225,0.234075,0.284651,0.308688,0.353868,0.332414,0.349958,0.331104,0.287648,0.378221,0.261865,0.232141,0.246517,0.213838,0.318214,0.315301,0.278197,0.371469,0.199892,0.290767,0.375556,0.425108,0.285251,0.426661,0.381179,0.307314,0.148888,0.279255,0.353909,0.287072,0.266824,0.239577,0.222157,0.293099,0.334414,0.409069,0.349751,0.181523,0.289867,0.197841,0.236997
0.301997,0.452957,0.459966,0.477593,0.381958,0.337396,0.364677,0.465707,0.387135,0.317096,0.305130,0.433082,0.433197,0.374245,0.446996,0.464831,0.374148,0.408169,0.441643,0.000000,0.230150,0.035892,0.328607,0.466549,0.202639,0.323010,0.227114,0.341601,0.399335,0.375620,0.309613,0.401590,0.282824,0.403139,0.288226,0.197677,0.356324,0.330442,0.277483,0.319018,0.169367,0.138818,-0.038999,-0.063936,-0.014471,-0.045192,0.261321,0.134018,-0.080553,0.047416,-0.050331,-0.154023,-0.098202,-0.079091,0.271287,0.332829,0.290164,0.405363,0.312829,0.277836,0.162852,0.292325,0.301468,0.404405,0.323807,0.165114,0.412703,0.409589,0.485312,0.460942,0.234929,0.358111,-0.038193,0.131287,0.288088,0.253788,0.156618,0.287406,0.158900,0.317488,0.113763,0.333735,0.387227,0.395226,0.193880,0.242262,0.387834,0.415196,0.033850,0.360790,0.188822,0.158303,0.256715,0.381942,0.434229,0.368779,0.358524,0.172160,0.423464,0.306568,0.451288,0.351859,0.433880,0.437635,0.407133,0.388231,0.372593,0.353673,0.346636,0.338271,0.398109,0.160130,-0.014127,0.212071,0.067043,0.241319
0.125810,0.220329,0.141421,0.229674,0.259916,0.264983,0.204517,0.213596,0.196608,0.179383,0.092991,0.204880,0.175651,0.192284,0.182172,0.261650,-0.035657,-0.023227,0.281138,0.230150,0.000000,0.267536,0.205643,0.146877,0.228963,0.217461,0.351567,0.338248,0.142378,0.024332,0.233857,0.224790,0.204032,0.203156,0.067295,0.203492,0.173717,0.239746,0.171560,0.270714,0.083649,0.211072,0.037388,0.033847,0.052534,0.008676,-0.015037,0.073211,-0.145278,-0.028350,-0.048888,-0.087928,0.012101,0.074404,0.209523,0.222675,0.114510,0.243583,0.234907,0.189033,0.132622,0.148495,0.123977,0.218555,0.167737,0.028295,0.221790,0.236132,0.191619,0.293472,0.274386,0.292802,0.131840,0.106841,0.224828,0.130387,0.281295,0.322785,0.166060,0.191410,0.207621,0.322777,0.196818,0.164212,0.309710,0.317593,0.266991,0.250450,0.166647,0.266995,0.115203,0.088120,0.182423,0.153113,0.133087,0.297933,0.386964,0.386546,0.294277,0.184019,0.167159,0.120819,0.187880,0.191325,0.010770,0.000019,0.123721,0.195833,0.300805,0.296183,0.199681,0.202518,0.065067,0.174483,0.032308,0.148183
0.096948,0.087278,0.036605,0.077930,0.153890,0.081896,0.129199,0.100460,0.066275,0.105001,0.039109,0.121697,0.057517,0.182169,-0.049334,-0.021505,-0.235760,-0.103405,0.129189,0.035892,0.267536,0.000000,0.134561,0.027887,0.087325,0.062393,0.184264,0.081484,-0.153806,-0.194137,0.327381,0.273782,0.295468,0.191815,0.035562,0.183939,0.248026,0.351183,0.256929,0.331262,0.309910,0.470740,0.150796,0.178756,0.105955,0.115764,-0.072357,0.086682,0.031686,0.036899,0.075008,0.059535,0.108294,0.163624,0.183549,0.150415,0.080800,0.161185,0.184125,0.155956,0.197955,0.203831,0.056776,0.144852,0.019107,-0.030269,0.135501,0.138357,-0.020797,0.125009,0.270813,0.131471,0.243566,0.281831,0.014195,-0.069938,0.377640,0.267046,-0.013259,0.117999,0.168287,0.206850,0.221782,0.159308,0.233526,0.308914,0.060642,0.063335,0.171377,0.070432,0.161508,0.173589,0.183161,-0.001322,-0.103081,0.015449,0.214030,0.370624,0.199790,0.178120,0.047709,-0.031750,0.052114,0.043502,-0.190901,-0.227736,0.069657,-0.018120,0.262806,-0.078447,0.047556,0.205230,0.176339,0.290639,0.261564,0.348674
0.410446,0.429022,0.296901,0.408414,0.184046,0.116104,0.411219,0.402336,0.214940,0.250023,0.300608,0.434738,0.307585,0.365131,0.163279,0.219942,0.124895,0.246100,0.457238,0.328607,0.205643,0.134561,0.000000,0.277092,0.375960,0.303369,0.219259,0.170417,0.167013,0.330269,0.413876,0.331390,0.437003,0.400212,0.287975,0.303961,0.175714,0.306677,0.255229,0.302715,0.212475,0.195011,0.292338,0.264608,0.220489,0.221775,0.319278,0.359700,0.198212,0.269141,0.268353,0.176560,0.259997,0.253793,0.380214,0.398570,0.393372,0.393620,0.377869,0.358581,0.390008,0.334437,0.246700,0.381257,0.385835,0.318068,0.385965,0.385522,0.324965,0.372616,0.408427,0.179659,0.138348,0.271255,0.116283,-0.049256,0.248122,0.245830,0.343428,0.295087,0.389794,0.272484,0.255559,0.219894,0.412715,0.184933,0.096956,0.107847,0.301036,0.231702,0.399000,0.367404,0.438898,0.072668,0.213702,0.310210,0.368365,0.240228,0.382580,0.400679,0.214361,-0.005350,0.166209,0.256259,0.236211,0.211014,0.179206,0.106184,0.197293,0.273961,0.388411,0.413737,0.298757,0.356533,0.296904,0.220784
0.225757,0.383600,0.500795,0.404601,0.355013,0.327833,0.351983,0.451044,0.358683,0.328796,0.202234,0.382036,0.389299,0.372188,0.413057,0.431886,0.341566,0.397277,0.302931,0.466549,0.146877,0.027887,0.277092,0.000000,0.164130,0.314468,0.156756,0.262238,0.346474,0.327117,0.251905,0.397582,0.213565,0.377619,0.273212,0.176352,0.369550,0.330586,0.251120,0.265722,0.160170,0.122572,-0.100009,-0.096365,-0.075050,-0.086438,0.225329,0.075601,-0.116816,-0.014942,-0.093770,-0.203229,-0.151685,-0.135235,0.206609,0.255605,0.179894,0.288454,0.210731,0.186038,0.075634,0.237364,0.199115,0.365506,0.277610,0.137118,0.335752,0.330607,0.364251,0.369441,0.159036,0.303572,-0.105312,0.074760,0.231268,0.227883,0.127733,0.247663,0.073536,0.207803,0.008811,0.272597,0.344637,0.372159,0.086190,0.188016,0.353783,0.388054,-0.036059,0.269768,0.145969,0.119646,0.208232,0.366081,0.398309,0.283927,0.272523,0.107843,0.363001,0.239649,0.434568,0.338635,0.415432,0.378023,0.378993,0.353358,0.376490,0.321243,0.311870,0.251563,0.323240,0.082688,-0.064476,0.202633,0.046955,0.253407
0.247833,0.309638,0.176551,0.246599,0.208333,0.204768,0.276600,0.272940,0.273660,0.369571,0.198729,0.334542,0.133834,0.313025,0.026691,0.189136,-0.010936,0.184997,0.310837,0.202639,0.228963,0.087325,0.375960,0.164130,0.000000,0.454720,0.309463,0.202980,0.085240,0.299597,0.312651,0.225256,0.293487,0.237797,0.172890,0.301124,0.055775,0.236351,0.148364,0.166177,0.067993,0.076940,0.214291,0.312128,0.237497,0.273139,0.241799,0.308928,0.195045,0.257567,0.291179,0.147987,0.287102,0.189985,0.329275,0.268676,0.226449,0.237997,0.344317,0.193053,0.309912,0.167127,0.113222,0.331575,0.298393,0.239452,0.288969,0.297082,0.206649,0.265540,0.338947,0.074329,0.127576,0.191129,0.004196,-0.194268,0.182617,0.130075,0.353969,0.106021,0.326539,0.207738,0.100319,0.072036,0.323855,0.035375,0.035238,0.023328,0.336103,0.042825,0.375529,0.239917,0.403244,-0.091771,0.093918,0.296760,0.340744,0.212987,0.333740,0.365743,0.178105,-0.161097,0.137723,0.181882,0.198076,0.131056,0.140915,0.015814,0.115901,0.262773,0.240188,0.392659,0.248789,0.375988,0.206975,0.157805
0.160310,0.336731,0.283776,0.293159,0.369278,0.380237,0.249571,0.336268,0.403680,0.468680,0.151518,0.384072,0.200339,0.390938,0.172771,0.350465,0.104576,0.294133,0.295500,0.323010,0.217461,0.062393,0.303369,0.314468,0.454720,0.000000,0.343296,0.322440,0.197245,0.330154,0.302774,0.318089,0.217682,0.263770,0.203485,0.287773,0.187871,0.303916,0.213212,0.225462,0.070741,0.067415,0.034157,0.155414,0.053575,0.099890,0.225599,0.206150,0.026749,0.117234,0.133619,-0.058473,0.113127,0.036914,0.307436,0.259207,0.135047,0.226190,0.307271,0.125599,0.174555,0.136993,0.075277,0.383762,0.266448,0.135820,0.303208,0.317083,0.273444,0.323574,0.274109,0.176869,0.014104,0.163482,0.106291,-0.036043,0.143910,0.163434,0.236300,0.100435,0.154619,0.215833,0.200840,0.208941,0.177274,0.050798,0.206536,0.211691,0.207260,0.126793,0.309142,0.173797,0.357543,0.074392,0.243063,0.343907,0.330417,0.147217,0.373263,0.336727,0.330447,0.015678,0.296590,0.275204,0.323866,0.237456,0.291506,0.146681,0.215769,0.294319,0.265418,0.272768,0.108581,0.350796,0.131335,0.212766
0.030766,0.181433,0.098595,0.186290,0.396996,0.364416,0.132509,0.159290,0.321093,0.311398,0.072496,0.248570,0.109727,0.255768,0.135857,0.287592,-0.075828,0.058044,0.244009,0.227114,0.351567,0.184264,0.219259,0.156756,0.309463,0.343296,0.000000,0.428861,0.062403,0.118318,0.253609,0.251221,0.170052,0.140670,0.124371,0.268143,0.137821,0.264173,0.325653,0.336784,0.117188,0.153091,0.014198,0.069532,-0.029593,-0.013735,0.060606,0.090125,-0.091853,-0.002209,0.006910,-0.124831,0.067433,0.086275,0.336461,0.290089,0.031652,0.162440,0.205446,0.042511,0.082098,0.053090,0.043916,0.282024,0.199800,0.036085,0.218846,0.241111,0.197628,0.290590,0.274847,0.170239,0.097207,0.195745,0.236529,0.015955,0.201793,0.206721,0.063584,0.064390,0.142549,0.142852,0.272236,0.219385,0.240534,0.120861,0.314651,0.273214,0.293108,0.233621,0.219850,0.115917,0.278599,0.084167,0.221503,0.274008,0.284885,0.197205,0.325414,0.258114,0.262759,0.046680,0.268078,0.234681,0.131193,0.056850,0.301254,0.239696,0.307097,0.191785,0.213612,0.197278,0.086225,0.237348,0.086363,0.190362
0.002936,0.218750,0.185173,0.269064,0.432661,0.451178,0.118223,0.221766,0.381794,0.303342,0.067314,0.262360,0.186410,0.227416,0.303882,0.411085,0.106775,0.152888,0.264422,0.341601,0.338248,0.081484,0.170417,0.262238,0.202980,0.322440,0.428861,0.000000,0.208404,0.164510,0.177813,0.247485,0.090971,0.144317,0.167248,0.211832,0.200393,0.240119,0.263337,0.303876,0.065556,0.086504,-0.139381,-0.123949,-0.171276,-0.177415,0.043254,-0.023206,-0.260682,-0.114336,-0.164830,-0.284236,-0.119003,-0.070246,0.243504,0.239706,0.005023,0.180434,0.156270,0.043733,-0.018531,0.049226,0.057597,0.281204,0.182544,-0.008423,0.242383,0.266098,0.295013,0.328948,0.185730,0.272147,-0.034095,0.104734,0.337666,0.211870,0.133676,0.240472,0.008100,0.149649,0.032902,0.177667,0.303529,0.296418,0.135857,0.148538,0.428018,0.409957,0.117182,0.334265,0.093354,0.025873,0.159831,0.272392,0.368648,0.348415,0.282532,0.137799,0.311913,0.173684,0.349735,0.249102,0.363867,0.304620,0.237847,0.188333,0.344984,0.350153,0.336072,0.295220,0.246751,0.063228,-0.057059,0.133072,-0.031797,0.122934
0.186711,0.329352,0.345146,0.354904,0.200339,0.188996,0.207310,0.333180,0.226392,0.131060,0.196791,0.249575,0.410871,0.204630,0.447167,0.388828,0.425420,0.309342,0.280203,0.399335,0.142378,-0.153806,0.167013,0.346474,0.085240,0.197245,0.062403,0.208404,0.000000,0.339693,0.130636,0.209692,0.108083,0.294500,0.212348,0.073923,0.277762,0.150053,0.049038,0.074365,-0.023385,-0.044592,-0.076250,-0.141634,-0.041862,-0.103587,0.243514,0.099268,-0.109940,-0.030986,-0.104248,-0.146695,-0.178332,-0.151124,0.040581,0.183814,0.213048,0.291607,0.176905,0.225503,0.028739,0.183398,0.260544,0.242987,0.234316,0.089899,0.274320,0.261704,0.376748,0.275113,0.057837,0.382249,-0.226227,-0.055027,0.178947,0.368015,0.010632,0.213513,0.154110,0.273944,-0.019870,0.291998,0.186792,0.252123,0.061797,0.202533,0.252459,0.303969,-0.182259,0.309091,0.020891,0.035885,0.067732,0.379635,0.354034,0.275794,0.230577,0.065955,0.239473,0.163164,0.300923,0.363930,0.291692,0.339124,0.378406,0.417407,0.167819,0.257382,0.149206,0.344097,0.322731,0.036339,-0.123409,0.028554,-0.066900,0.068675
0.304962,0.396113,0.349966,0.370750,0.212715,0.200328,0.305193,0.365508,0.312475,0.295480,0.299383,0.385665,0.312302,0.308730,0.288752,0.338437,0.369421,0.439306,0.344410,0.375620,0.024332,-0.194137,0.330269,0.327117,0.299597,0.330154,0.118318,0.164510,0.339693,0.000000,0.227174,0.222875,0.225527,0.300012,0.247955,0.140146,0.152276,0.178252,0.173090,0.146003,0.076439,-0.069616,0.072404,0.071258,0.070954,0.069584,0.396565,0.256174,0.117608,0.179700,0.144338,0.009604,0.083825,0.019919,0.273223,0.303988,0.295545,0.306501,0.279775,0.217298,0.214293,0.188640,0.221353,0.359287,0.317176,0.218780,0.325160,0.315821,0.383023,0.325144,0.187628,0.129974,-0.075621,0.102364,0.124534,0.046251,-0.016880,0.057927,0.316932,0.196088,0.174492,0.178388,0.215051,0.244594,0.152822,-0.024074,0.145832,0.184459,0.109306,0.175631,0.267403,0.215557,0.290219,0.164540,0.348387,0.297592,0.241875,-0.029346,0.313668,0.305269,0.318673,0.119480,0.268453,0.316008,0.482179,0.466377,0.246819,0.164195,0.089224,0.282342,0.368503,0.213636,0.074475,0.199517,0.083630,0.088374
0.358857,0.392593,0.281741,0.375937,0.279594,0.182232,0.368119,0.373254,0.264431,0.291514,0.286402,0.412232,0.327690,0.407447,0.157054,0.211792,0.057930,0.215028,0.410591,0.309613,0.233857,0.327381,0.413876,0.251905,0.312651,0.302774,0.253609,0.177813,0.130636,0.227174,0.000000,0.439618,0.477683,0.434121,0.250977,0.316451,0.332974,0.447097,0.372367,0.405981,0.351267,0.357654,0.251109,0.256292,0.175430,0.185035,0.276668,0.329871,0.162334,0.206580,0.227056,0.119010,0.208289,0.209954,0.385688,0.397555,0.348172,0.405674,0.408234,0.355869,0.390348,0.371585,0.241971,0.411883,0.308231,0.185046,0.388271,0.386288,0.286413,0.357551,0.436930,0.253569,0.178697,0.355035,0.083773,-0.035963,0.341537,0.302613,0.249837,0.284624,0.320825,0.314253,0.366393,0.320238,0.364664,0.275720,0.131973,0.163526,0.256919,0.214458,0.382125,0.363766,0.416159,0.095477,0.158864,0.232758,0.365485,0.312287,0.413888,0.424150,0.249991,0.029624,0.212326,0.275063,0.181326,0.142049,0.218765,0.088306,0.285136,0.129777,0.348971,0.386905,0.257690,0.411227,0.341061,0.378533
0.282664,0.391659,0.374043,0.372809,0.378299,0.280573,0.347447,0.408858,0.327969,0.332310,0.249208,0.419038,0.367771,0.452803,0.293354,0.326159,0.163279,0.290532,0.353490,0.401590,0.224790,0.273782,0.331390,0.397582,0.225256,0.318089,0.251221,0.247485,0.209692,0.222875,0.439618,0.000000,0.383591,0.452655,0.286247,0.268382,0.395659,0.440286,0.385963,0.406569,0.316153,0.333486,0.089046,0.108359,0.044506,0.056502,0.224931,0.213044,0.015956,0.083978,0.066293,-0.063253,0.045422,0.066245,0.333883,0.346922,0.279169,0.374444,0.316743,0.277641,0.250086,0.348310,0.225172,0.390075,0.266419,0.145545,0.370587,0.367683,0.324650,0.373190,0.303413,0.303150,0.084490,0.251670,0.178919,0.098702,0.291350,0.310204,0.122937,0.273503,0.171749,0.319012,0.417293,0.392828,0.248183,0.281652,0.278076,0.298931,0.143755,0.261659,0.290981,0.265863,0.345371,0.253767,0.252719,0.239404,0.343482,0.266707,0.419188,0.335406,0.363110,0.204773,0.341352,0.327287,0.251129,0.206010,0.336409,0.201263,0.349188,0.154419,0.331470,0.252288,0.132770,0.349808,0.255265,0.392023
0.432017,0.409894,0.267713,0.370013,0.189218,0.068625,0.407555,0.364351,0.184660,0.211061,0.320642,0.388919,0.326205,0.375643,0.131003,0.146626,0.055630,0.196747,0.423138,0.282824,0.204032,0.295468,0.437003,0.213565,0.293487,0.217682,0.170052,0.090971,0.108083,0.225527,0.477683,0.383591,0.000000,0.458383,0.303248,0.313661,0.269684,0.376903,0.326749,0.353195,0.350922,0.327271,0.333669,0.303434,0.251057,0.263400,0.312487,0.371579,0.227159,0.280648,0.277639,0.212261,0.261566,0.276317,0.375663,0.390576,0.434643,0.446111,0.405969,0.416030,0.449442,0.415820,0.271140,0.372356,0.330561,0.271056,0.409804,0.397426,0.297301,0.343689,0.440058,0.218220,0.247672,0.348956,0.062526,-0.073003,0.372652,0.306503,0.295104,0.326524,0.397385,0.322510,0.335702,0.276019,0.426281,0.287778,0.073836,0.096133,0.290115,0.189586,0.391521,0.406009,0.406473,0.062287,0.113934,0.179209,0.337267,0.290729,0.380630,0.397151,0.174697,-0.007673,0.133111,0.196880,0.144740,0.133870,0.149211,0.022364,0.201987,0.136411,0.353824,0.410102,0.322486,0.384481,0.399128,0.331163
0.415980,0.461764,0.410582,0.433755,0.256408,0.157188,0.432640,0.457497,0.245380,0.248298,0.307405,0.425782,0.440831,0.437063,0.311888,0.304462,0.227911,0.305027,0.411504,0.403139,0.203156,0.191815,0.400212,0.377619,0.237797,0.263770,0.140670,0.144317,0.294500,0.300012,0.434121,0.452655,0.458383,0.000000,0.351048,0.288203,0.352881,0.383303,0.308411,0.326872,0.309424,0.267152,0.214771,0.163272,0.132315,0.125266,0.340125,0.319317,0.102639,0.161928,0.148887,0.052967,0.116624,0.150330,0.322429,0.375215,0.422121,0.462072,0.369502,0.412538,0.359344,0.427120,0.299548,0.401742,0.336014,0.234037,0.417748,0.409238,0.373103,0.391150,0.359573,0.349931,0.083448,0.234433,0.145326,0.106639,0.293058,0.337157,0.268037,0.357086,0.278993,0.369024,0.364824,0.366028,0.327579,0.315913,0.179558,0.228830,0.134928,0.281527,0.325498,0.359192,0.359003,0.241065,0.242334,0.235351,0.347642,0.244872,0.399677,0.355249,0.275454,0.173339,0.235235,0.281894,0.278218,0.280864,0.223749,0.126838,0.239047,0.225032,0.408933,0.316383,0.206878,0.323120,0.308932,0.322883
0.229983,0.303319,0.263457,0.295956,0.242557,0.143698,0.248655,0.275092,0.210797,0.177376,0.158436,0.286875,0.309600,0.304704,0.264361,0.243680,0.178272,0.257471,0.256087,0.288226,0.067295,0.035562,0.287975,0.273212,0.172890,0.203485,0.124371,0.167248,0.212348,0.247955,0.250977,0.286247,0.303248,0.351048,0.000000,0.405636,0.256531,0.266526,0.269243,0.241778,0.257054,0.122278,0.138350,0.080183,-0.031826,-0.004734,0.306393,0.222387,0.000795,0.055372,0.064597,-0.032280,0.057627,0.099462,0.248403,0.300685,0.264771,0.297578,0.204566,0.218647,0.192505,0.252975,0.185806,0.315995,0.343634,0.204830,0.371206,0.358849,0.315349,0.279975,0.258562,0.264243,0.018306,0.222926,0.185327,0.102847,0.259640,0.304512,0.116626,0.264880,0.136912,0.177874,0.299621,0.319046,0.205153,0.138353,0.183848,0.212568,0.112880,0.228411,0.221935,0.263963,0.236992,0.193074,0.261927,0.105848,0.120929,0.005677,0.264502,0.260838,0.219014,0.136684,0.187922,0.182038,0.251428,0.263631,0.245144,0.132663,0.109104,0.139994,0.316798,0.146705,0.123894,0.221349,0.262288,0.213936
0.197630,0.258557,0.162555,0.234597,0.284008,0.185446,0.234392,0.244181,0.212800,0.252545,0.129344,0.283777,0.197928,0.306981,0.103890,0.190166,-0.029130,0.137441,0.243933,0.197677,0.203492,0.183939,0.303961,0.176352,0.301124,0.287773,0.268143,0.211832,0.073923,0.140146,0.316451,0.268382,0.313661,0.288203,0.405636,0.000000,0.227167,0.327829,0.287648,0.280527,0.261509,0.196297,0.225316,0.222036,0.074804,0.114967,0.260809,0.287007,0.054865,0.143288,0.173658,0.063030,0.192804,0.193933,0.332595,0.340064,0.206332,0.258038,0.301931,0.207798,0.245137,0.215235,0.124000,0.318616,0.338436,0.209178,0.359421,0.366245,0.215171,0.275833,0.350535,0.207379,0.142280,0.268453,0.141822,-0.035767,0.348218,0.323649,0.151865,0.189987,0.220472,0.202681,0.270627,0.253079,0.316503,0.175187,0.147693,0.151252,0.276444,0.179046,0.320377,0.301308,0.334734,0.040636,0.168249,0.162221,0.204105,0.148700,0.329998,0.364459,0.164719,-0.023357,0.136657,0.144187,0.121617,0.098744,0.185885,0.071090,0.163318,0.129758,0.283683,0.289141,0.204734,0.335112,0.290443,0.232132
0.171158,0.307418,0.354905,0.340926,0.327591,0.251702,0.231770,0.351478,0.285372,0.228143,0.168818,0.301883,0.362685,0.311295,0.351256,0.309141,0.229209,0.284602,0.249919,0.356324,0.173717,0.248026,0.175714,0.369550,0.055775,0.187871,0.137821,0.200393,0.277762,0.152276,0.332974,0.395659,0.269684,0.352881,0.256531,0.227167,0.000000,0.460688,0.315941,0.350712,0.314197,0.326330,-0.032908,-0.054098,-0.047642,-0.077888,0.199130,0.100319,-0.093508,-0.027039,-0.083448,-0.138082,-0.163243,-0.106397,0.178642,0.278972,0.162475,0.311512,0.238741,0.218800,0.088873,0.273314,0.248475,0.338590,0.218334,0.045297,0.339009,0.327700,0.287872,0.299742,0.170259,0.354003,-0.056535,0.202639,0.153894,0.265955,0.279310,0.359983,-0.034063,0.264886,-0.029254,0.342033,0.403881,0.422456,0.101579,0.337989,0.295926,0.364432,-0.092479,0.278287,0.112288,0.140634,0.163533,0.363253,0.280295,0.168907,0.249211,0.222953,0.360075,0.284147,0.379468,0.342727,0.371355,0.359903,0.227513,0.217464,0.295887,0.246657,0.357633,0.084093,0.273080,0.088353,-0.070723,0.264064,0.127885,0.389307
0.223814,0.341848,0.315776,0.340160,0.364866,0.278490,0.283180,0.365047,0.318284,0.325162,0.185888,0.379864,0.301526,0.394054,0.232194,0.276814,0.081966,0.248711,0.316246,0.330442,0.239746,0.351183,0.306677,0.330586,0.236351,0.303916,0.264173,0.240119,0.150053,0.178252,0.447097,0.440286,0.376903,0.383303,0.266526,0.327829,0.460688,0.000000,0.399683,0.442423,0.366842,0.403161,0.104507,0.122342,0.033316,0.038789,0.223611,0.216558,0.010538,0.073664,0.073937,-0.039860,0.044241,0.066420,0.339190,0.369128,0.204165,0.334494,0.329041,0.247560,0.226593,0.295631,0.194478,0.402214,0.260737,0.094105,0.370773,0.368717,0.265685,0.350485,0.323543,0.274866,0.067023,0.316494,0.139544,0.084430,0.349722,0.352786,0.076604,0.236762,0.139893,0.322231,0.417758,0.408447,0.249628,0.299653,0.241197,0.287976,0.140112,0.245823,0.290828,0.274000,0.332422,0.214880,0.240532,0.237753,0.340330,0.301724,0.430349,0.392662,0.349828,0.162841,0.324052,0.328630,0.201432,0.156390,0.304678,0.176206,0.376517,0.105234,0.318724,0.264268,0.112112,0.407264,0.263877,0.439030
