0.000000 0.246308 0.664109 0.610175 0.478482 0.102938 0.520059 0.203562 0.528908 0.328017 0.739046 0.224358 0.745618 0.060878 0.393757 0.354506 0.679064 0.031433 0.609156 0.588711 0.050934 0.109814 0.678857 0.651524 -0.183886 -0.042677 0.062400 0.292498 0.748690 -0.000455 0.427893 0.468480 0.619926 0.474598 0.567154 0.404632 0.560508 0.427475 0.406986 0.380808 0.585005 0.328883 0.233447 0.376958 0.391362 0.283559 0.402952 0.200831 0.416119 0.185916 0.202076 0.005027 0.020153 0.029388 0.525554 0.568097 0.769699 0.135574 0.647781 0.263326 0.685636 -0.010462 0.727417 -0.093006 0.613246 -0.021976 0.634986 0.534511 0.640015 0.598968 0.305118 0.405749 0.561630 0.112131 0.035209 0.268114 0.561633 0.499305 0.096129 0.231360 0.546799 0.355774 0.534638 0.433985 0.298706 0.424981 0.296143 0.350016 -0.192604 0.481221 0.220554 0.337036 0.018056 0.424574 0.563797 0.568925 0.555739 0.517069 0.599344 0.527058 0.317642 0.511938 0.314587 0.456579 0.130748 0.305479 0.311951 0.354462 0.318355 0.235330 0.499850 0.415661 0.102495 0.097722 0.098092 0.192938
0.246308 0.000000 0.158420 0.433492 -0.009972 -0.029092 0.036680 0.547843 -0.044557 0.002524 0.118630 0.577826 0.121614 0.570366 0.068421 0.107455 0.084283 0.534473 0.445530 0.500714 0.041560 0.116440 0.149425 0.124462 0.125583 -0.143773 0.044669 -0.064335 0.165823 0.565926 0.178145 0.210049 0.345548 0.454174 0.150792 0.333283 0.280981 0.238360 0.073420 -0.060105 -0.003101 0.212094 0.159846 0.362668 0.248704 0.406211 0.253391 0.239026 0.200426 0.474963 0.099380 0.257731 0.122197 -0.020551 0.278513 0.222247 0.201473 0.704574 0.406060 0.549206 0.276811 0.499030 0.131788 0.664987 -0.010932 0.496646 0.299774 0.386407 0.388026 0.328707 0.481197 0.235819 0.064668 0.539221 0.215815 -0.168150 0.439985 0.313528 0.397274 0.184751 0.352613 0.376074 0.175979 -0.040521 0.314481 0.307011 -0.005018 -0.160833 0.374821 -0.039327 0.214711 -0.042905 0.041981 -0.179672 0.178101 0.181534 0.366201 0.178960 0.388957 0.354781 0.380218 0.031447 0.298117 0.077517 0.364602 0.171861 0.173448 0.010885 0.295907 0.315554 0.404582 0.421408 0.098874 0.281570 0.163815 0.193246
0.664109 0.158420 0.000000 0.574210 0.371593 0.089894 0.642602 0.278427 0.433901 0.289751 0.597559 0.137270 0.677789 0.146345 0.281049 0.264968 0.548792 -0.055131 0.486711 0.397113 0.118540 0.071574 0.651312 0.653225 -0.131089 0.063577 0.016922 0.194696 0.651329 0.027876 0.260898 0.315449 0.566715 0.381263 0.598427 0.385202 0.549821 0.531473 0.334509 0.394855 0.500130 0.198675 0.299039 0.384903 0.453858 0.321013 0.399532 0.282222 0.457785 0.221004 0.314402 0.167361 0.107092 0.205378 0.460392 0.550812 0.620671 -0.000269 0.568568 0.041562 0.624778 0.066357 0.589690 -0.126417 0.660934 0.009751 0.540036 0.380441 0.395029 0.398528 0.144857 0.346166 0.566077 0.143003 -0.033694 0.323959 0.466379 0.484420 0.105120 0.289165 0.465003 0.362522 0.434926 0.495302 0.288502 0.464836 0.278354 0.458961 -0.268948 0.522101 0.368489 0.519046 0.243745 0.487621 0.548979 0.577649 0.414106 0.382925 0.485467 0.558488 0.102301 0.448562 0.117580 0.298535 0.189641 0.440821 0.102939 0.235548 0.367352 0.270566 0.387859 0.419741 0.267868 0.167807 0.241493 0.222736
0.610175 0.433492 0.574210 0.000000 0.493656 0.289704 0.275889 0.364913 0.505462 0.462670 0.495684 0.331868 0.562013 0.295840 0.504511 0.531665 0.421222 0.078629 0.727235 0.672378 0.186889 0.140207 0.709104 0.695017 -0.010711 -0.156782 0.176519 0.377035 0.579946 0.171033 0.590767 0.639458 0.615328 0.603377 0.622024 0.477704 0.542100 0.463095 0.414557 0.428107 0.577920 0.545712 0.003535 0.254185 0.189834 0.217935 0.187400 0.047997 0.153623 0.141414 -0.049963 -0.050235 -0.214168 -0.155959 0.257263 0.506951 0.589418 0.252737 0.516501 0.493879 0.460906 0.176527 0.528004 0.186674 0.477926 0.223339 0.696128 0.704051 0.520515 0.580453 0.476619 0.617252 0.502705 0.331613 0.266143 0.319161 0.619088 0.681034 -0.004542 0.358298 0.331251 0.459703 0.554949 0.500065 0.041411 0.479444 0.320170 0.401372 -0.182474 0.402880 0.050846 0.264391 -0.097226 0.391108 0.542075 0.520086 0.665659 0.610621 0.712198 0.591401 0.477356 0.528913 0.497681 0.525302 0.086538 0.189803 0.443030 0.481472 0.466493 0.216267 0.527224 0.430568 -0.033062 -0.027089 -0.023134 0.223429
0.478482 -0.009972 0.371593 0.493656 0.000000 0.577484 0.034049 -0.258599 0.812273 0.694625 0.353801 -0.069508 0.440350 -0.251925 0.742943 0.734978 0.493860 -0.132677 0.561477 0.438518 0.346897 0.310296 0.685848 0.537407 0.018532 0.084544 0.440347 0.692307 0.508741 -0.185188 0.748709 0.726036 0.308419 0.227304 0.557636 0.094018 0.380779 0.318016 0.620557 0.605263 0.741585 0.655730 -0.351642 -0.167880 -0.202510 -0.257882 -0.186259 -0.363725 -0.190236 -0.373118 -0.417700 -0.459281 -0.584240 -0.432115 0.003622 0.421959 0.575490 -0.106866 0.215172 0.306352 0.161401 -0.373033 0.492655 -0.280947 0.530331 -0.262083 0.579716 0.536108 0.515253 0.648438 0.312582 0.655168 0.533537 -0.099477 0.310994 0.487775 0.364513 0.515562 -0.384930 0.254403 -0.001984 0.372600 0.654046 0.634171 -0.309753 0.327737 0.523640 0.519045 -0.464346 0.484569 -0.306145 0.152951 -0.336242 0.626797 0.494069 0.407915 0.623585 0.731439 0.529156 0.384097 0.539690 0.697715 0.590462 0.776108 -0.406728 -0.137790 0.639872 0.754575 0.271494 -0.069273 0.355711 0.023379 -0.407560 -0.510378 -0.460559 0.125873
0.102938 -0.029092 0.089894 0.289704 0.577484 0.000000 -0.284599 -0.299079 0.583598 0.737645 -0.012505 -0.201381 0.004555 -0.106080 0.722854 0.693770 0.071473 -0.252718 0.431114 0.099510 0.455403 0.234521 0.419568 0.182512 0.330118 0.406544 0.546195 0.707214 0.081598 -0.155870 0.621007 0.505002 -0.087546 -0.085948 0.240676 -0.077446 0.206171 0.132888 0.642741 0.492313 0.468662 0.560354 -0.567879 -0.474896 -0.520996 -0.497449 -0.489851 -0.550775 -0.498106 -0.525813 -0.586325 -0.529929 -0.654556 -0.542526 -0.306479 0.092643 0.223893 -0.125801 -0.143887 0.205787 -0.163612 -0.358251 0.136095 -0.216504 0.256781 -0.219093 0.216825 0.223657 0.184844 0.346258 0.417546 0.565809 0.234883 0.014080 0.597637 0.431001 0.168067 0.355080 -0.451644 0.309847 -0.301994 0.219848 0.485127 0.524256 -0.427099 0.126418 0.659067 0.474168 -0.239050 0.219255 -0.446545 -0.108592 -0.293345 0.436742 0.299231 0.070560 0.467505 0.496529 0.351693 0.148222 0.512054 0.480839 0.569784 0.557012 -0.425032 -0.332464 0.499407 0.637111 0.243538 -0.117496 0.166893 -0.102980 -0.461371 -0.621806 -0.553201 -0.000396
0.520059 0.036680 0.642602 0.275889 0.034049 -0.284599 0.000000 0.336271 0.106427 -0.078690 0.604487 0.152921 0.642940 0.165684 -0.135080 -0.128297 0.481996 -0.031195 0.113695 0.123748 -0.113495 -0.065493 0.325000 0.409470 -0.187448 0.080420 -0.255255 -0.221176 0.549469 0.053135 -0.137893 -0.046916 0.467665 0.251964 0.364615 0.391163 0.364266 0.523379 0.019757 0.180204 0.171918 -0.228296 0.661064 0.598387 0.640554 0.544101 0.658837 0.613148 0.691762 0.422464 0.636553 0.508452 0.473263 0.616210 0.508539 0.528013 0.370783 -0.042476 0.469355 -0.258546 0.609315 0.237760 0.419362 -0.108691 0.451936 0.079697 0.258825 0.078262 0.134461 0.095291 -0.190848 0.018221 0.360466 0.043157 -0.422582 0.168817 0.274482 0.249198 0.284844 0.277837 0.508533 0.282092 0.101553 0.297840 0.460873 0.479357 -0.014520 0.338436 -0.194443 0.531144 0.586212 0.651505 0.489639 0.342978 0.313196 0.469232 0.048527 0.040396 0.162484 0.455662 -0.329831 0.204865 -0.338847 -0.082745 0.429261 0.692487 -0.317597 -0.177403 0.147959 0.413309 0.299244 0.492655 0.625331 0.494038 0.584973 0.184816
0.203562 0.547843 0.278427 0.364913 -0.258599 -0.299079 0.336271 0.000000 -0.263322 -0.194280 0.217207 0.607803 0.184841 0.711356 -0.255042 -0.176333 -0.033789 0.255243 0.228944 0.325382 -0.097944 -0.050202 0.040215 0.247403 0.036800 -0.162503 -0.198202 -0.350868 0.122244 0.467074 -0.145320 -0.031780 0.383676 0.488124 0.121745 0.503669 0.306121 0.294502 -0.143147 -0.143360 -0.147770 -0.145353 0.474932 0.587726 0.459595 0.623640 0.509492 0.555114 0.441289 0.657716 0.439465 0.537641 0.455611 0.372696 0.341842 0.211377 0.016776 0.427408 0.381836 0.296644 0.392803 0.716998 0.044585 0.597720 0.002537 0.680787 0.203642 0.267244 0.094823 0.003678 0.160968 0.052904 0.117517 0.452268 -0.131228 -0.191985 0.370032 0.269403 0.424484 0.122326 0.420955 0.289341 -0.062020 -0.069088 0.485112 0.318633 -0.186607 -0.144300 0.359360 0.038780 0.496489 0.217649 0.349396 -0.205952 0.137853 0.208900 0.096244 -0.071054 0.259238 0.370717 -0.013190 -0.110960 -0.092126 -0.250389 0.589370 0.446700 -0.215822 -0.304903 0.221503 0.415829 0.334320 0.573138 0.474295 0.586674 0.532875 0.107886
0.528908 -0.044557 0.433901 0.505462 0.812273 0.583598 0.106427 -0.263322 0.000000 0.714971 0.396493 -0.115966 0.485882 -0.266987 0.757206 0.719553 0.523192 -0.164154 0.559101 0.405431 0.292771 0.238110 0.722409 0.553058 0.021023 0.121928 0.409866 0.688701 0.545904 -0.214899 0.726376 0.689694 0.312730 0.202253 0.562668 0.104489 0.372696 0.310751 0.627034 0.589848 0.752413 0.627706 -0.317434 -0.175171 -0.156411 -0.255278 -0.167218 -0.348526 -0.144645 -0.370164 -0.369659 -0.452771 -0.547854 -0.403314 0.026129 0.415383 0.618584 -0.113247 0.236431 0.249248 0.223154 -0.400179 0.532066 -0.343094 0.580937 -0.306825 0.572842 0.495954 0.505227 0.636014 0.332536 0.630699 0.547308 -0.097265 0.335659 0.545062 0.373572 0.504842 -0.376592 0.274678 0.027648 0.329059 0.641596 0.646282 -0.270142 0.310253 0.580985 0.557438 -0.464734 0.495123 -0.274770 0.165787 -0.295367 0.648770 0.489179 0.392997 0.615143 0.706234 0.525313 0.371586 0.502443 0.695138 0.559651 0.757684 -0.385845 -0.108677 0.607401 0.734202 0.259503 -0.054142 0.350201 0.033785 -0.370241 -0.492947 -0.423691 0.083776
0.328017 0.002524 0.289751 0.462670 0.694625 0.737645 -0.078690 -0.194280 0.714971 0.000000 0.204615 -0.146692 0.273819 -0.069591 0.774709 0.763111 0.290336 -0.194951 0.522274 0.277218 0.436525 0.217897 0.599815 0.417359 0.148736 0.213019 0.485290 0.713089 0.310835 -0.136990 0.697213 0.633433 0.117712 0.086056 0.408808 0.106160 0.288287 0.224673 0.621041 0.557764 0.619941 0.628862 -0.430175 -0.313352 -0.330737 -0.353762 -0.295249 -0.425684 -0.313507 -0.436399 -0.485036 -0.478775 -0.607285 -0.461610 -0.108589 0.300881 0.431189 -0.064977 0.029457 0.251932 0.020338 -0.335343 0.320639 -0.240427 0.415838 -0.219560 0.408111 0.399635 0.336712 0.491366 0.371348 0.613441 0.357472 -0.034471 0.524986 0.528255 0.268420 0.450607 -0.415070 0.287576 -0.105029 0.266895 0.602947 0.631229 -0.327407 0.282244 0.643592 0.545692 -0.323555 0.353953 -0.322611 0.090703 -0.251771 0.585696 0.396716 0.229169 0.547218 0.608441 0.461346 0.296043 0.509920 0.579658 0.570013 0.653056 -0.415657 -0.238104 0.550427 0.693050 0.273353 -0.054340 0.302069 -0.016619 -0.400166 -0.548269 -0.493860 0.062697
0.739046 0.118630 0.597559 0.495684 0.353801 -0.012505 0.604487 0.217207 0.396493 0.204615 0.000000 0.204905 0.769490 0.116962 0.232776 0.229172 0.674726 0.018532 0.413033 0.423311 0.015302 0.032444 0.546673 0.581465 -0.262990 -0.021357 -0.048407 0.140239 0.737287 0.018590 0.273131 0.340541 0.535567 0.377311 0.466763 0.374720 0.455636 0.464426 0.263321 0.325854 0.461586 0.185684 0.344754 0.435679 0.424613 0.359141 0.471529 0.324617 0.467377 0.222821 0.302289 0.148043 0.108666 0.217494 0.476928 0.568832 0.626064 -0.015648 0.545407 0.079269 0.646734 0.055584 0.681720 -0.092134 0.522489 -0.000550 0.477298 0.389748 0.411230 0.399847 0.064740 0.290535 0.463314 0.006804 -0.163781 0.232033 0.394191 0.400086 0.073824 0.313836 0.497304 0.377665 0.391252 0.426368 0.270021 0.478777 0.141323 0.388610 -0.272332 0.544104 0.287801 0.463609 0.108463 0.443634 0.444074 0.515876 0.405978 0.406317 0.469361 0.513419 0.108973 0.450963 0.107984 0.316952 0.202334 0.429531 0.118590 0.227970 0.283926 0.320035 0.472713 0.453631 0.263101 0.205171 0.229387 0.243922
0.224358 0.577826 0.137270 0.331868 -0.069508 -0.201381 0.152921 0.607803 -0.115966 -0.146692 0.204905 0.000000 0.178732 0.551837 -0.122244 -0.017042 0.104590 0.311654 0.240529 0.429748 -0.094047 0.052408 0.065517 0.179196 0.103955 -0.176865 -0.085127 -0.190929 0.187858 0.548544 0.084429 0.178688 0.357660 0.478190 0.107791 0.450818 0.259859 0.317516 -0.069974 -0.067175 -0.043211 0.042190 0.272351 0.465479 0.270598 0.484902 0.347955 0.376481 0.241362 0.498995 0.201370 0.319555 0.221334 0.153434 0.201430 0.242748 0.058204 0.366700 0.325990 0.449013 0.308738 0.604449 0.142221 0.621268 -0.039197 0.604840 0.262722 0.361587 0.236298 0.146038 0.308396 0.220285 0.180977 0.338605 -0.035793 -0.177956 0.407640 0.289429 0.313981 0.011443 0.337669 0.430128 -0.023607 -0.083936 0.280012 0.289573 -0.208238 -0.179219 0.252432 0.078204 0.280039 0.064843 0.086360 -0.182853 0.149443 0.216901 0.253531 0.143332 0.311671 0.393053 0.201482 0.039955 0.096897 -0.012212 0.444341 0.349937 0.019591 -0.098280 0.175400 0.416859 0.442608 0.507373 0.257443 0.428703 0.330514 0.177162
0.745618 0.121614 0.677789 0.562013 0.440350 0.004555 0.642940 0.184841 0.485882 0.273819 0.769490 0.178732 0.000000 0.046985 0.295736 0.301343 0.697837 0.022866 0.446398 0.463409 0.022087 0.057230 0.650380 0.656143 -0.240051 -0.086496 -0.036053 0.188662 0.771636 0.007468 0.335143 0.405697 0.610401 0.425791 0.597935 0.424081 0.477652 0.515962 0.279018 0.386470 0.541117 0.250331 0.330297 0.430049 0.448734 0.347209 0.466839 0.301577 0.473743 0.210820 0.281436 0.125660 0.061182 0.193591 0.476082 0.640758 0.670554 0.005780 0.582904 0.098759 0.648971 0.020261 0.699767 -0.133860 0.628701 -0.030064 0.585337 0.459087 0.464343 0.483885 0.085783 0.355794 0.541110 0.032105 -0.128771 0.306827 0.438087 0.475597 0.064966 0.299934 0.499454 0.394577 0.446254 0.486600 0.230124 0.519200 0.173587 0.451360 -0.349755 0.597366 0.278899 0.520656 0.100125 0.520678 0.486546 0.574619 0.437235 0.461031 0.494923 0.568698 0.126259 0.505640 0.134683 0.393474 0.147359 0.428949 0.179350 0.292848 0.305966 0.283228 0.468843 0.427773 0.225786 0.160640 0.207736 0.235605
0.060878 0.570366 0.146345 0.295840 -0.251925 -0.106080 0.165684 0.711356 -0.266987 -0.069591 0.116962 0.551837 0.046985 0.000000 -0.160858 -0.066001 -0.113593 0.254788 0.172507 0.171123 0.051926 -0.048789 -0.034274 0.073465 0.146585 -0.002970 -0.094636 -0.260515 -0.007418 0.547378 -0.094059 -0.026286 0.164726 0.288973 -0.002930 0.449770 0.198027 0.289063 -0.091464 -0.088211 -0.193663 -0.074078 0.329554 0.418600 0.276215 0.483808 0.347553 0.440169 0.252343 0.513430 0.284034 0.488153 0.318519 0.302488 0.186371 0.174375 -0.084839 0.420475 0.182067 0.223908 0.184839 0.661769 -0.074250 0.627750 -0.111195 0.623197 0.031072 0.135804 -0.051586 -0.087141 0.168259 0.065187 -0.056975 0.413318 0.039743 -0.107332 0.226854 0.206069 0.358983 0.199334 0.267467 0.315924 -0.047110 -0.007655 0.362575 0.358507 -0.081704 -0.042692 0.361871 0.007703 0.401552 0.198609 0.370355 -0.131957 0.066314 0.093227 0.086859 -0.077541 0.182399 0.329702 0.008921 -0.114920 -0.070105 -0.251797 0.508210 0.350887 -0.237270 -0.257805 0.247043 0.437917 0.330390 0.505962 0.417623 0.451688 0.404038 0.180055
0.393757 0.068421 0.281049 0.504511 0.742943 0.722854 -0.135080 -0.255042 0.757206 0.774709 0.232776 -0.122244 0.295736 -0.160858 0.000000 0.793505 0.341601 -0.120568 0.613459 0.373172 0.427958 0.294202 0.653835 0.429936 0.174172 0.156609 0.537228 0.773770 0.368292 -0.117700 0.767992 0.687459 0.171154 0.133245 0.464580 0.055194 0.352396 0.213198 0.684907 0.553106 0.686617 0.715876 -0.489086 -0.320511 -0.344925 -0.378623 -0.329130 -0.487863 -0.334465 -0.436322 -0.525724 -0.552422 -0.643115 -0.571229 -0.089748 0.262835 0.515538 -0.004257 0.119935 0.358346 0.067964 -0.393513 0.399645 -0.230708 0.455025 -0.247101 0.496632 0.476807 0.466049 0.591714 0.499046 0.650751 0.394524 0.014291 0.577081 0.484666 0.345361 0.473769 -0.363426 0.260681 -0.046135 0.268302 0.680788 0.578465 -0.312611 0.209100 0.665136 0.490032 -0.287472 0.299537 -0.379705 -0.027771 -0.359989 0.518419 0.451026 0.272682 0.654752 0.677943 0.547741 0.294957 0.638880 0.610464 0.693052 0.735911 -0.414362 -0.277357 0.667777 0.758270 0.331272 -0.078449 0.329064 -0.020091 -0.490513 -0.579894 -0.550544 0.091747
0.354506 0.107455 0.264968 0.531665 0.734978 0.693770 -0.128297 -0.176333 0.719553 0.763111 0.229172 -0.017042 0.301343 -0.066001 0.793505 0.000000 0.348108 -0.136553 0.608478 0.417316 0.495190 0.373501 0.615528 0.451424 0.155987 0.107047 0.558626 0.742025 0.373012 -0.031877 0.773768 0.730450 0.185804 0.176003 0.468273 0.124707 0.369376 0.316946 0.651068 0.617900 0.690985 0.746585 -0.449078 -0.240378 -0.347083 -0.307811 -0.271795 -0.408813 -0.336598 -0.400926 -0.526592 -0.484474 -0.655249 -0.503837 -0.095773 0.371595 0.448457 -0.032643 0.093234 0.394166 0.015675 -0.282989 0.374720 -0.144460 0.400674 -0.146466 0.505179 0.529092 0.441638 0.574605 0.421345 0.708705 0.408504 0.003537 0.510888 0.474885 0.348749 0.540833 -0.398334 0.312862 -0.058987 0.399087 0.678153 0.629050 -0.364300 0.352337 0.546948 0.515175 -0.361369 0.400792 -0.353387 0.067434 -0.359588 0.559508 0.466953 0.332050 0.674419 0.737021 0.570168 0.388829 0.613304 0.646089 0.664469 0.741347 -0.407121 -0.234699 0.652007 0.771615 0.350134 0.010143 0.422154 0.052807 -0.441113 -0.543819 -0.526679 0.190666
0.679064 0.084283 0.548792 0.421222 0.493860 0.071473 0.481996 -0.033789 0.523192 0.290336 0.674726 0.104590 0.697837 -0.113593 0.341601 0.348108 0.000000 0.151931 0.388221 0.424363 0.133785 0.190309 0.558123 0.512900 -0.206322 -0.000015 0.118531 0.280139 0.762997 0.099530 0.385956 0.415500 0.424684 0.235559 0.496679 0.221988 0.382982 0.445326 0.318930 0.387752 0.556119 0.311142 0.204912 0.304486 0.339812 0.251287 0.359831 0.179124 0.370984 0.073370 0.159770 0.012971 -0.046266 0.083974 0.440507 0.581850 0.677292 -0.029489 0.482868 0.071148 0.489382 -0.159633 0.739757 -0.211443 0.553578 -0.183682 0.496851 0.408111 0.533535 0.524227 0.086185 0.303600 0.503401 -0.058033 -0.062163 0.253827 0.310640 0.320499 0.088200 0.247413 0.502388 0.430758 0.503597 0.439146 0.172453 0.463398 0.190232 0.379818 -0.385740 0.542630 0.213100 0.395165 -0.002128 0.511600 0.374834 0.478410 0.440445 0.502436 0.411302 0.435849 0.173269 0.479555 0.176184 0.448990 -0.003038 0.269925 0.254778 0.350744 0.133600 0.277553 0.463051 0.254610 0.062249 0.022858 0.015692 0.346331
0.031433 0.534473 -0.055131 0.078629 -0.132677 -0.252718 -0.031195 0.255243 -0.164154 -0.194951 0.018532 0.311654 0.022866 0.254788 -0.120568 -0.136553 0.151931 0.000000 0.056513 0.215837 -0.113033 0.006360 -0.075892 -0.102076 -0.006885 -0.217523 -0.080746 -0.219732 0.076221 0.549378 -0.019979 -0.013756 0.070046 0.137443 -0.010832 0.024474 -0.076280 -0.004044 -0.209074 -0.329968 -0.168043 0.051694 0.129198 0.213808 0.256347 0.334034 0.179073 0.171676 0.192836 0.402314 0.120306 0.243583 0.173447 0.010868 0.207379 -0.005228 0.067938 0.581299 0.230454 0.287116 0.112919 0.232746 0.088631 0.494427 -0.105506 0.264933 0.068594 0.143135 0.202559 0.143056 0.194705 -0.119825 -0.126065 0.376127 0.038731 -0.300768 0.048364 -0.115280 0.459838 -0.019795 0.297822 0.157611 -0.021955 -0.295337 0.283270 0.054452 -0.169754 -0.364324 0.333683 -0.240138 0.228007 -0.149547 0.013571 -0.304401 -0.211402 -0.110110 0.050646 -0.060591 0.042872 0.042520 0.158294 -0.224261 0.071783 -0.054624 0.236870 0.044617 0.056372 -0.153252 -0.054754 0.134913 0.131883 0.089904 0.006905 0.256374 0.118819 0.170219
0.609156 0.445530 0.486711 0.727235 0.561477 0.431114 0.113695 0.228944 0.559101 0.522274 0.413033 0.240529 0.446398 0.172507 0.613459 0.608478 0.388221 0.056513 0.000000 0.680288 0.285987 0.273521 0.670726 0.583717 0.080252 -0.009380 0.334152 0.518601 0.499509 0.096737 0.641904 0.635507 0.506325 0.499335 0.571322 0.330387 0.591729 0.371357 0.580401 0.466370 0.609675 0.604920 -0.130804 0.132122 0.042661 0.062306 0.065224 -0.099650 0.033531 0.027282 -0.180182 -0.210564 -0.297313 -0.321653 0.251158 0.428890 0.616444 0.284268 0.474352 0.566067 0.389177 0.029720 0.510171 0.116222 0.486864 0.131087 0.677295 0.676023 0.658998 0.682198 0.591677 0.647587 0.511301 0.319359 0.384434 0.263235 0.642073 0.657104 -0.044351 0.330496 0.285138 0.435495 0.640128 0.485071 0.039035 0.385347 0.448183 0.327689 -0.094304 0.333182 -0.062742 0.088715 -0.204804 0.336757 0.602486 0.489378 0.730497 0.654805 0.745635 0.533065 0.631938 0.566518 0.644014 0.601276 -0.044068 0.003192 0.561992 0.568258 0.435013 0.118220 0.504816 0.356227 -0.194642 -0.163526 -0.199634 0.160280
0.588711 0.500714 0.397113 0.672378 0.438518 0.099510 0.123748 0.325382 0.405431 0.277218 0.423311 0.429748 0.463409 0.171123 0.373172 0.417316 0.424363 0.215837 0.680288 0.000000 0.051218 0.188586 0.529107 0.579805 -0.179536 -0.353327 0.118635 0.285626 0.529197 0.158868 0.532181 0.614954 0.633587 0.666305 0.478917 0.363302 0.434030 0.251402 0.290517 0.251093 0.484333 0.522850 -0.005872 0.287766 0.201039 0.226438 0.203357 0.031799 0.148906 0.185240 -0.086331 -0.115231 -0.189648 -0.242375 0.344817 0.430558 0.570034 0.338981 0.552457 0.651882 0.426604 0.144055 0.507553 0.265365 0.306596 0.208304 0.688466 0.746435 0.693322 0.665468 0.435327 0.494421 0.467607 0.233572 0.154674 0.061715 0.587181 0.535656 0.021292 0.093197 0.364191 0.408023 0.461115 0.250738 0.057908 0.331047 0.073979 0.057915 -0.093427 0.244539 -0.006607 0.075178 -0.279735 0.173500 0.450336 0.453819 0.620081 0.592148 0.639005 0.459965 0.553635 0.415939 0.540015 0.535930 -0.007956 0.029751 0.546494 0.449785 0.316040 0.086595 0.463325 0.303900 -0.180519 -0.014281 -0.102292 0.137315
0.050934 0.041560 0.118540 0.186889 0.346897 0.455403 -0.113495 -0.097944 0.292771 0.436525 0.015302 -0.094047 0.022087 0.051926 0.427958 0.495190 0.133785 -0.113033 0.285987 0.051218 0.000000 0.684743 0.221341 0.094138 0.348443 0.309120 0.701514 0.498539 0.054346 0.160009 0.320324 0.253196 -0.183455 -0.202927 0.182452 -0.079296 0.389490 0.347026 0.510178 0.523256 0.352285 0.371983 -0.222898 -0.071875 -0.279126 -0.162718 -0.125625 -0.142332 -0.197223 -0.184975 -0.240341 -0.128314 -0.290759 -0.173875 -0.016401 0.236980 0.086514 -0.102814 -0.063505 0.130764 -0.190570 -0.165164 0.062757 -0.132984 0.150250 -0.043856 0.134870 0.189547 0.162345 0.177540 0.147879 0.293917 0.119765 -0.018008 0.317197 0.190480 0.023171 0.181794 -0.109995 0.184960 0.069660 0.306068 0.562963 0.414718 -0.080222 0.279512 0.388486 0.319618 -0.116813 0.218453 -0.011411 0.108821 -0.017676 0.321590 0.346433 0.253639 0.333271 0.338966 0.245873 0.231644 0.245229 0.254855 0.261971 0.265926 -0.160973 -0.077240 0.204417 0.330573 0.260382 0.146578 0.306306 0.045837 -0.146393 -0.289531 -0.315553 0.378407
0.109814 0.116440 0.071574 0.140207 0.310296 0.234521 -0.065493 -0.050202 0.238110 0.217897 0.032444 0.052408 0.057230 -0.048789 0.294202 0.373501 0.190309 0.006360 0.273521 0.188586 0.684743 0.000000 0.163026 0.066764 0.298465 0.186716 0.664642 0.349429 0.093745 0.172351 0.260928 0.226316 -0.077297 -0.099395 0.175143 -0.092097 0.444208 0.372959 0.441171 0.427444 0.330465 0.312079 -0.111428 0.078685 -0.153830 -0.064513 0.013332 -0.024416 -0.082144 -0.024559 -0.150419 -0.056501 -0.172703 -0.134622 0.080397 0.256073 0.085651 -0.003031 0.058949 0.260446 -0.119604 -0.111455 0.076480 -0.069332 0.092744 0.021967 0.212477 0.264083 0.322543 0.260120 0.152975 0.227774 0.162518 -0.006801 0.117828 -0.000095 0.097190 0.137461 -0.018754 0.041975 0.164851 0.350140 0.531941 0.246118 0.003112 0.235236 0.220063 0.085392 -0.058643 0.197439 0.056820 0.052104 -0.085198 0.172425 0.352626 0.338551 0.347257 0.339316 0.235702 0.235412 0.261318 0.199745 0.244079 0.262078 -0.085873 -0.018035 0.248799 0.249550 0.190788 0.147947 0.378523 0.065888 -0.143257 -0.166444 -0.228349 0.313663
0.678857 0.149425 0.651312 0.709104 0.685848 0.419568 0.325000 0.040215 0.722409 0.599815 0.546673 0.065517 0.650380 -0.034274 0.653835 0.615528 0.558123 -0.075892 0.670726 0.529107 0.221341 0.163026 0.000000 0.719547 -0.013636 0.005152 0.255203 0.552190 0.661844 -0.074990 0.657029 0.661119 0.545957 0.419459 0.692820 0.322396 0.541390 0.439738 0.560032 0.543764 0.719630 0.554591 -0.089965 0.073062 0.101765 -0.005665 0.081977 -0.106796 0.102102 -0.106732 -0.118151 -0.247290 -0.315790 -0.227449 0.226469 0.499938 0.718301 0.025027 0.455718 0.283572 0.467923 -0.167834 0.632300 -0.192131 0.674953 -0.121997 0.687911 0.580298 0.554841 0.636777 0.413596 0.619279 0.591623 0.117316 0.277118 0.459217 0.537503 0.602920 -0.142941 0.312323 0.272150 0.362506 0.655253 0.615669 -0.034002 0.382881 0.521662 0.548950 -0.350421 0.490530 -0.034331 0.291637 -0.120035 0.584593 0.597142 0.535638 0.649578 0.652544 0.638593 0.509996 0.449542 0.637221 0.496540 0.644406 -0.109216 0.117989 0.496617 0.598809 0.424912 0.091715 0.425120 0.256611 -0.142622 -0.219688 -0.151195 0.147470
0.651524 0.124462 0.653225 0.695017 0.537407 0.182512 0.409470 0.247403 0.553058 0.417359 0.581465 0.179196 0.656143 0.073465 0.429936 0.451424 0.512900 -0.102076 0.583717 0.579805 0.094138 0.066764 0.719547 0.000000 -0.199961 -0.194593 0.060958 0.338898 0.663581 -0.060926 0.503524 0.597523 0.653513 0.578535 0.698731 0.480473 0.526107 0.419271 0.357453 0.434113 0.620418 0.422148 0.097435 0.269566 0.253237 0.194781 0.268581 0.093791 0.242757 0.042806 0.045089 -0.086906 -0.146001 -0.038460 0.307706 0.517253 0.647644 0.003331 0.484319 0.270774 0.514950 0.030387 0.595417 -0.080275 0.622537 0.050956 0.695549 0.634018 0.481731 0.537154 0.217809 0.565343 0.623563 0.102248 0.032188 0.382612 0.562915 0.636564 -0.075955 0.275093 0.342640 0.356079 0.499445 0.547008 0.045457 0.414768 0.259331 0.455581 -0.350999 0.505354 0.080609 0.408168 -0.030894 0.501312 0.552931 0.572906 0.544917 0.578357 0.626831 0.563530 0.310767 0.563002 0.348689 0.507486 0.018103 0.227894 0.349886 0.451661 0.365380 0.155963 0.422371 0.361556 0.014797 -0.029160 0.025085 0.145150
-0.183886 0.125583 -0.131089 -0.010711 0.018532 0.330118 -0.187448 0.036800 0.021023 0.148736 -0.262990 0.103955 -0.240051 0.146585 0.174172 0.155987 -0.206322 -0.006885 0.080252 -0.179536 0.348443 0.298465 -0.013636 -0.199961 0.000000 0.423701 0.439052 0.197906 -0.223693 0.269872 0.087445 -0.023078 -0.251060 -0.213995 0.018422 -0.007496 0.152781 0.196816 0.239536 0.114452 -0.060902 0.027532 -0.173063 -0.138926 -0.293178 -0.135723 -0.211292 -0.104916 -0.244378 -0.057996 -0.149255 -0.031004 -0.082369 -0.116839 -0.316405 -0.137563 -0.214954 0.056937 -0.210847 0.057324 -0.210314 0.064018 -0.207524 0.088150 -0.015384 0.200399 -0.053284 -0.052823 -0.068761 -0.076071 0.363705 0.162478 -0.047176 0.196011 0.346424 0.032221 0.040989 0.046440 0.106222 0.119879 -0.070620 0.180610 0.105057 0.054526 0.010806 -0.012544 0.336135 0.092532 0.220444 -0.074909 -0.022716 -0.207004 0.049044 -0.099626 0.032320 -0.084659 0.087929 -0.023111 0.024397 0.019802 0.124472 -0.051082 0.085807 -0.064168 0.110309 0.016104 -0.043398 -0.030962 0.061047 0.199303 0.140147 0.085813 -0.017630 -0.054948 -0.049674 0.109765
-0.042677 -0.143773 0.063577 -0.156782 0.084544 0.406544 0.080420 -0.162503 0.121928 0.213019 -0.021357 -0.176865 -0.086496 -0.002970 0.156609 0.107047 -0.000015 -0.217523 -0.009380 -0.353327 0.309120 0.186716 0.005152 -0.194593 0.423701 0.000000 0.321133 0.170764 -0.070424 -0.042132 -0.027045 -0.139876 -0.309567 -0.413556 -0.069719 -0.175419 0.132549 0.231560 0.385915 0.218492 0.009241 -0.120357 -0.027855 -0.143853 -0.167726 -0.135276 -0.115754 -0.047650 -0.068748 -0.132920 0.001565 0.046447 -0.010458 0.084369 -0.137398 0.011638 -0.079286 -0.228197 -0.159015 -0.275200 -0.071824 -0.125546 -0.042474 -0.243778 0.126181 -0.109642 -0.197948 -0.291065 -0.139662 -0.093047 0.059874 0.051077 0.064091 0.013093 0.151763 0.147441 -0.089511 -0.021826 -0.061596 0.301829 -0.109441 0.193308 0.113853 0.253106 0.039227 0.135201 0.441736 0.297399 -0.019845 0.214561 0.083150 0.059520 0.259871 0.217457 0.077538 -0.062579 -0.021043 -0.056163 -0.080853 0.015885 -0.075482 0.109092 -0.079330 -0.052705 0.047305 0.135418 -0.162222 -0.013071 0.007942 0.146215 0.040753 0.040859 0.127781 -0.094526 0.007919 0.022867
0.062400 0.044669 0.016922 0.176519 0.440347 0.546195 -0.255255 -0.198202 0.409866 0.485290 -0.048407 -0.085127 -0.036053 -0.094636 0.537228 0.558626 0.118531 -0.080746 0.334152 0.118635 0.701514 0.664642 0.255203 0.060958 0.439052 0.321133 0.000000 0.593353 0.028605 0.076306 0.442311 0.334784 -0.221933 -0.224111 0.178192 -0.170985 0.345885 0.228667 0.594439 0.481768 0.399890 0.470783 -0.416138 -0.245448 -0.401336 -0.310697 -0.308777 -0.349425 -0.350511 -0.294445 -0.422389 -0.321695 -0.444631 -0.402690 -0.143927 0.103344 0.113376 -0.052980 -0.082565 0.271889 -0.218385 -0.294526 0.075338 -0.150785 0.151115 -0.095469 0.197963 0.241217 0.276506 0.278270 0.344276 0.358684 0.157310 -0.003186 0.463548 0.180638 0.101357 0.186434 -0.211954 0.124676 -0.057505 0.265705 0.569738 0.329675 -0.189904 0.142343 0.478342 0.209832 -0.073407 0.132814 -0.212160 -0.144159 -0.251715 0.227679 0.263010 0.141455 0.437671 0.422776 0.266097 0.120229 0.416301 0.261147 0.426637 0.388261 -0.289400 -0.251257 0.399825 0.437439 0.172631 0.053696 0.325909 -0.058524 -0.370814 -0.444424 -0.487170 0.242361
0.292498 -0.064335 0.194696 0.377035 0.692307 0.707214 -0.221176 -0.350868 0.688701 0.713089 0.140239 -0.190929 0.188662 -0.260515 0.773770 0.742025 0.280139 -0.219732 0.518601 0.285626 0.498539 0.349429 0.552190 0.338898 0.197906 0.170764 0.593353 0.000000 0.268872 -0.202118 0.706344 0.604055 0.056225 0.017412 0.381935 -0.077298 0.332222 0.140866 0.658971 0.591343 0.641124 0.665422 -0.545804 -0.377218 -0.408711 -0.451773 -0.395783 -0.534998 -0.388879 -0.505877 -0.539893 -0.610990 -0.655407 -0.588870 -0.122516 0.199914 0.434975 -0.151037 0.045195 0.292574 -0.011541 -0.466363 0.357119 -0.316965 0.382518 -0.318239 0.406509 0.397761 0.418361 0.515340 0.419047 0.570920 0.347342 -0.078156 0.545539 0.407322 0.235386 0.367152 -0.410984 0.170793 -0.100229 0.184507 0.645959 0.533650 -0.355268 0.112725 0.598138 0.442526 -0.325755 0.237916 -0.419362 -0.089362 -0.410332 0.465339 0.432836 0.246606 0.569792 0.628061 0.455708 0.175707 0.567958 0.528720 0.632778 0.681754 -0.497615 -0.355475 0.617795 0.733888 0.267129 -0.164547 0.214036 -0.117765 -0.527437 -0.625725 -0.609886 0.099540
0.748690 0.165823 0.651329 0.579946 0.508741 0.081598 0.549469 0.122244 0.545904 0.310835 0.737287 0.187858 0.771636 -0.007418 0.368292 0.373012 0.762997 0.076221 0.499509 0.529197 0.054346 0.093745 0.661844 0.663581 -0.223693 -0.070424 0.028605 0.268872 0.000000 0.063780 0.427289 0.491680 0.616817 0.449614 0.597985 0.346318 0.489931 0.508792 0.346094 0.404234 0.598156 0.345797 0.242752 0.365667 0.375825 0.294989 0.388682 0.208411 0.405739 0.131444 0.188864 0.032176 -0.034742 0.088287 0.438686 0.611325 0.720959 0.016440 0.583474 0.155856 0.617339 -0.029208 0.748989 -0.126262 0.600410 -0.078019 0.607927 0.507657 0.542352 0.565526 0.165732 0.432929 0.598379 0.015142 -0.056680 0.310717 0.474171 0.496684 0.072814 0.331868 0.499312 0.464416 0.505951 0.511618 0.170822 0.504419 0.208869 0.445573 -0.376242 0.592222 0.202348 0.442718 0.015801 0.524306 0.505212 0.589474 0.515662 0.547638 0.544237 0.546323 0.226508 0.554957 0.240636 0.482008 0.087574 0.358277 0.278925 0.384970 0.293010 0.270836 0.468998 0.381365 0.124957 0.071209 0.106830 0.267084
-0.000455 0.565926 0.027876 0.171033 -0.185188 -0.155870 0.053135 0.467074 -0.214899 -0.136990 0.018590 0.548544 0.007468 0.547378 -0.117700 -0.031877 0.099530 0.549378 0.096737 0.158868 0.160009 0.172351 -0.074990 -0.060926 0.269872 -0.042132 0.076306 -0.202118 0.063780 0.000000 -0.029907 -0.005987 0.031183 0.123454 0.020597 0.254796 0.132444 0.293510 -0.099680 -0.151001 -0.152536 0.014610 0.237884 0.364119 0.207171 0.463150 0.281884 0.355885 0.193519 0.464558 0.194850 0.411677 0.247706 0.191773 0.158569 0.128312 -0.084246 0.449143 0.150599 0.249954 0.055197 0.466452 0.013823 0.583657 -0.105004 0.497249 0.053056 0.150015 0.066606 -0.013821 0.247582 0.039110 -0.029862 0.390613 0.103858 -0.170853 0.138962 0.064228 0.504314 0.102056 0.384940 0.387901 0.024296 -0.135070 0.359214 0.282605 -0.118585 -0.172255 0.372855 -0.054782 0.369996 0.040348 0.228952 -0.206612 -0.055519 0.039268 0.138420 -0.010611 0.146798 0.279182 0.099423 -0.123471 -0.006533 -0.161708 0.439312 0.269204 -0.113727 -0.208946 0.090024 0.524062 0.390282 0.392548 0.264343 0.378824 0.262785 0.376083
0.427893 0.178145 0.260898 0.590767 0.748709 0.621007 -0.137893 -0.145320 0.726376 0.697213 0.273131 0.084429 0.335143 -0.094059 0.767992 0.773768 0.385956 -0.019979 0.641904 0.532181 0.320324 0.260928 0.657029 0.503524 0.087445 -0.027045 0.442311 0.706344 0.427289 -0.029907 0.000000 0.804997 0.311728 0.315534 0.494846 0.147587 0.354632 0.250297 0.585827 0.523031 0.680763 0.760435 -0.451568 -0.217373 -0.290508 -0.268071 -0.253420 -0.416829 -0.307748 -0.350704 -0.522239 -0.516772 -0.644334 -0.558876 -0.065216 0.334708 0.527878 0.052291 0.175157 0.487678 0.112393 -0.257060 0.450167 -0.059019 0.396481 -0.119671 0.573894 0.610459 0.522003 0.633014 0.520304 0.724118 0.420829 0.061625 0.486466 0.410204 0.440183 0.556960 -0.343603 0.258585 -0.025122 0.370376 0.629847 0.534317 -0.345192 0.274482 0.494644 0.414725 -0.310022 0.332896 -0.380482 -0.005312 -0.430748 0.476210 0.439105 0.319057 0.715822 0.758941 0.616229 0.380723 0.693359 0.642127 0.731848 0.783985 -0.360147 -0.240085 0.722402 0.776284 0.339283 -0.029726 0.412357 0.073396 -0.483091 -0.506397 -0.503153 0.140211
0.468480 0.210049 0.315449 0.639458 0.726036 0.505002 -0.046916 -0.031780 0.689694 0.633433 0.340541 0.178688 0.405697 -0.026286 0.687459 0.730450 0.415500 -0.013756 0.635507 0.614954 0.253196 0.226316 0.661119 0.597523 -0.023078 -0.139876 0.334784 0.604055 0.491680 -0.005987 0.804997 0.000000 0.438033 0.451743 0.537738 0.259349 0.353374 0.293959 0.503304 0.486811 0.674217 0.726743 -0.340000 -0.100310 -0.197275 -0.163061 -0.136149 -0.303791 -0.219918 -0.271226 -0.445248 -0.431830 -0.575199 -0.456252 -0.009744 0.397951 0.537581 0.060100 0.218623 0.493612 0.165728 -0.161078 0.456520 -0.006508 0.386090 -0.047678 0.621172 0.666379 0.525147 0.634212 0.433988 0.731810 0.466787 0.036616 0.358939 0.413898 0.477832 0.595718 -0.321926 0.238336 0.027441 0.419180 0.583132 0.536582 -0.321129 0.338030 0.383424 0.402249 -0.344621 0.392382 -0.306066 0.107171 -0.387061 0.488005 0.448222 0.382773 0.692887 0.760786 0.622105 0.449067 0.636354 0.646796 0.671234 0.761219 -0.295907 -0.145638 0.685270 0.733932 0.345931 0.012038 0.438379 0.130995 -0.399282 -0.406747 -0.399165 0.146249
0.619926 0.345548 0.566715 0.615328 0.308419 -0.087546 0.467665 0.383676 0.312730 0.117712 0.535567 0.357660 0.610401 0.164726 0.171154 0.185804 0.424684 0.070046 0.506325 0.633587 -0.183455 -0.077297 0.545957 0.653513 -0.251060 -0.309567 -0.221933 0.056225 0.616817 0.031183 0.311728 0.438033 0.000000 0.770207 0.564853 0.518643 0.423317 0.349452 0.133706 0.180469 0.366105 0.217980 0.323447 0.458145 0.445634 0.391559 0.442873 0.292385 0.421543 0.288068 0.247364 0.108883 0.094400 0.105817 0.416010 0.491559 0.582917 0.221629 0.611407 0.300826 0.638802 0.260125 0.530005 0.157519 0.454999 0.184032 0.636891 0.571275 0.493745 0.511052 0.226137 0.401629 0.515134 0.209102 -0.111443 0.140362 0.617018 0.565777 0.139510 0.198564 0.433981 0.346329 0.262334 0.301501 0.212069 0.378193 0.013203 0.221469 -0.174421 0.388414 0.218295 0.375439 0.042180 0.263433 0.477966 0.516927 0.404203 0.394069 0.533340 0.528587 0.225413 0.390622 0.226289 0.327039 0.227353 0.359361 0.229679 0.222813 0.327782 0.168911 0.330030 0.444824 0.180997 0.239327 0.269784 0.016183
0.474598 0.454174 0.381263 0.603377 0.227304 -0.085948 0.251964 0.488124 0.202253 0.086056 0.377311 0.478190 0.425791 0.288973 0.133245 0.176003 0.235559 0.137443 0.499335 0.666305 -0.202927 -0.099395 0.419459 0.578535 -0.213995 -0.413556 -0.224111 0.017412 0.449614 0.123454 0.315534 0.451743 0.770207 0.000000 0.440045 0.537201 0.340906 0.223008 0.055108 0.062677 0.269107 0.253453 0.221828 0.410349 0.345445 0.378831 0.343153 0.225592 0.297778 0.318408 0.136679 0.081091 0.044428 -0.005825 0.317009 0.363801 0.436340 0.356322 0.541472 0.477349 0.517051 0.382818 0.374953 0.366053 0.269671 0.347739 0.584343 0.621096 0.448252 0.468581 0.302053 0.412808 0.415269 0.300810 -0.031457 0.075039 0.610936 0.557523 0.130243 0.120002 0.343144 0.297824 0.175320 0.169086 0.155174 0.292108 -0.059119 0.059771 -0.015931 0.219561 0.117985 0.209024 -0.057812 0.086215 0.383341 0.394646 0.385883 0.352903 0.544041 0.462771 0.334366 0.297037 0.314295 0.289934 0.232970 0.230837 0.282486 0.201834 0.296390 0.114681 0.300543 0.423974 0.088561 0.224567 0.204586 -0.029028
0.567154 0.150792 0.598427 0.622024 0.557636 0.240676 0.364615 0.121745 0.562668 0.408808 0.466763 0.107791 0.597935 -0.002930 0.464580 0.468273 0.496679 -0.010832 0.571322 0.478917 0.182452 0.175143 0.692820 0.698731 0.018422 -0.069719 0.178192 0.381935 0.597985 0.020597 0.494846 0.537738 0.564853 0.440045 0.000000 0.426743 0.531472 0.487458 0.405937 0.454774 0.604442 0.439878 0.046052 0.222471 0.218307 0.152809 0.192297 0.046226 0.182114 0.020351 0.004785 -0.084299 -0.175453 -0.070052 0.228766 0.487467 0.592411 0.053281 0.422442 0.238139 0.425052 -0.028917 0.540644 -0.084002 0.712274 0.076407 0.739383 0.598027 0.479042 0.551639 0.269308 0.550704 0.582006 0.137444 0.088585 0.369448 0.532498 0.599331 -0.013343 0.308177 0.321058 0.420758 0.533641 0.538447 0.054373 0.423755 0.338004 0.468166 -0.333441 0.482953 0.070980 0.360333 -0.032496 0.482264 0.543123 0.560989 0.566883 0.579281 0.575137 0.562493 0.311288 0.542410 0.341986 0.507498 0.019843 0.251301 0.338724 0.447175 0.332008 0.178434 0.426922 0.333983 -0.015076 -0.055039 0.003432 0.190619
0.404632 0.333283 0.385202 0.477704 0.094018 -0.077446 0.391163 0.503669 0.104489 0.106160 0.374720 0.450818 0.424081 0.449770 0.055194 0.124707 0.221988 0.024474 0.330387 0.363302 -0.079296 -0.092097 0.322396 0.480473 -0.007496 -0.175419 -0.170985 -0.077298 0.346318 0.254796 0.147587 0.259349 0.518643 0.537201 0.426743 0.000000 0.346609 0.391504 0.043633 0.138346 0.184988 0.087175 0.381024 0.481100 0.385674 0.463018 0.477135 0.423553 0.363983 0.346875 0.290863 0.283880 0.218305 0.267210 0.306620 0.425368 0.289607 0.276398 0.376858 0.208143 0.425094 0.448227 0.264373 0.305291 0.324824 0.426630 0.425708 0.424528 0.230717 0.222863 0.170845 0.312631 0.283280 0.252700 -0.050203 0.192585 0.487472 0.488490 0.254429 0.192815 0.390152 0.302349 0.136831 0.221923 0.308119 0.421482 0.029558 0.222668 0.062796 0.303964 0.336701 0.424705 0.278180 0.187019 0.318495 0.360232 0.274111 0.219646 0.417278 0.541631 0.101467 0.227953 0.051882 0.066397 0.379045 0.412346 -0.036924 0.006700 0.192598 0.400255 0.486063 0.571415 0.364177 0.366478 0.350442 0.136178
0.560508 0.280981 0.549821 0.542100 0.380779 0.206171 0.364266 0.306121 0.372696 0.288287 0.455636 0.259859 0.477652 0.198027 0.352396 0.369376 0.382982 -0.076280 0.591729 0.434030 0.389490 0.444208 0.541390 0.526107 0.152781 0.132549 0.345885 0.332222 0.489931 0.132444 0.354632 0.353374 0.423317 0.340906 0.531472 0.346609 0.000000 0.608222 0.566898 0.557827 0.507696 0.307973 0.178942 0.390933 0.239637 0.258507 0.340163 0.225038 0.300056 0.222024 0.177271 0.097265 0.051951 0.048124 0.415063 0.509549 0.490124 0.097071 0.515686 0.301911 0.473421 0.131195 0.469087 0.017224 0.505178 0.169509 0.542684 0.486191 0.518792 0.458203 0.369502 0.454262 0.499585 0.260913 0.090721 0.133812 0.571473 0.561130 0.167369 0.307751 0.460109 0.448935 0.618473 0.467456 0.309693 0.442827 0.353101 0.335403 -0.038760 0.426481 0.269798 0.311495 0.130577 0.320523 0.707959 0.665960 0.568124 0.468132 0.613396 0.575327 0.306962 0.422783 0.295430 0.308336 0.214438 0.321859 0.195279 0.268529 0.415943 0.306748 0.528051 0.532419 0.171539 0.106664 0.096786 0.239430
