0.000000,0.655392,0.760780,0.645888,0.455303,0.341133,0.805794,0.688297,0.560636,0.582420,0.584626,0.662309,0.615798,0.672429,0.584526,0.580346,0.291063,0.528668,0.817541,0.882836,-0.004024,0.121696,0.834598,0.817790,0.534043,0.565755,0.155219,0.198900,0.435933,0.534201,0.763716,0.750134,0.767538,0.772097,0.559300,0.522387,0.334312,0.292385,0.126102,0.369048,0.405972,-0.010395,0.176161,0.313546,0.201049,0.165451,0.390294,0.446032,-0.061270,0.197567,0.030764,0.088019,0.229747,0.086608,0.493437,0.553273,0.850661,0.694497,0.762782,0.735145,0.585691,0.465845,0.512097,0.610440,0.298371,0.386157,0.716169,0.682958,0.735406,0.704879,0.630542,0.481224,0.572342,0.756943,0.540579,0.392294,0.614257,0.582387,0.215784,0.192102,0.579482,0.522452,0.143858,0.208521,0.476953,0.248477,0.350877,0.444031,0.287053,0.286463,0.297233,0.247835,0.245712,0.103678,0.036597,-0.122986,0.384601,0.519712,0.509427,0.575919,0.499057,0.205553,0.550584,0.439207,0.167469,0.147567,0.311644,0.365805,-0.293273,0.108645,0.352539,0.430789,0.511218,0.509909,-0.091293,-0.269605
0.655392,0.000000,0.302928,0.666747,0.134712,0.029732,0.396891,0.756498,0.329029,0.425800,0.413147,0.770040,0.422558,0.703381,0.344084,0.567745,0.459623,0.432850,0.707888,0.627776,0.000532,0.052275,0.614481,0.572822,0.455168,0.494704,-0.045742,0.056551,0.626715,0.449397,0.523510,0.531168,0.665281,0.700907,0.350587,0.361084,0.318003,0.298237,-0.074232,0.379660,0.420809,-0.057500,0.363234,0.475918,0.341678,0.397564,0.381554,0.584050,0.065357,0.496747,0.066897,0.553768,0.040068,0.534514,0.166557,0.669894,0.722377,0.867302,0.475766,0.731225,0.276960,0.646148,0.514546,0.743795,0.214591,0.475004,0.565576,0.559708,0.788629,0.622673,0.140910,0.590037,0.518795,0.494402,0.188695,0.523429,0.341221,0.514798,0.133777,0.534715,0.371245,0.690680,0.003528,0.443113,0.051197,0.664295,-0.085175,0.493254,-0.154041,0.644046,0.073838,0.554383,0.088648,0.497352,0.079232,-0.021321,0.068283,0.387221,0.313014,0.402546,0.059031,0.494796,0.120849,0.385419,-0.080273,0.378791,-0.080898,0.099228,-0.247409,0.068038,0.400474,0.379049,0.347707,0.322172,0.239672,-0.204120
0.760780,0.302928,0.000000,0.670052,0.461439,0.280225,0.900821,0.581359,0.552128,0.532981,0.496827,0.445372,0.534288,0.465151,0.538490,0.484550,0.077749,0.308965,0.641141,0.777442,0.042457,0.216733,0.768095,0.821442,0.403321,0.381252,0.221003,0.167579,0.199925,0.376569,0.606206,0.622433,0.495542,0.536829,0.585089,0.508653,0.300717,0.277093,0.215603,0.220490,0.205926,0.029898,-0.164151,-0.036318,-0.133288,-0.209230,0.140455,0.093672,-0.401189,-0.230419,-0.270224,-0.301178,0.016636,-0.252850,0.418517,0.275782,0.573786,0.387148,0.710082,0.547608,0.548266,0.325557,0.406993,0.434945,0.352999,0.286129,0.577094,0.585758,0.394369,0.432845,0.706215,0.412411,0.366101,0.636724,0.504280,0.090333,0.572570,0.533331,0.060916,-0.006978,0.366298,0.265886,0.185586,0.134283,0.418484,-0.032988,0.344766,0.310322,0.270638,0.067487,0.333572,0.058011,0.253540,-0.062189,0.114419,-0.097183,0.372810,0.513129,0.522401,0.555463,0.660435,0.142534,0.769781,0.568708,0.070259,-0.091763,0.637034,0.650596,-0.134428,0.033198,0.256537,0.404054,0.489159,0.416919,-0.385651,-0.229661
0.645888,0.666747,0.670052,0.000000,0.061580,-0.161603,0.699958,0.877039,0.468709,0.497068,0.547639,0.708559,0.555208,0.637795,0.405866,0.666965,0.289370,0.120481,0.785112,0.714010,0.003742,0.149331,0.781009,0.787255,0.339533,0.331680,-0.072340,-0.075408,0.543859,0.317211,0.511784,0.614111,0.567350,0.638801,0.577879,0.537280,0.340498,0.254950,0.005967,0.302637,0.249888,-0.037996,-0.030087,0.102597,-0.074549,-0.075933,0.134454,0.273071,-0.450203,0.010591,-0.401602,0.182537,-0.303003,0.284882,0.111095,0.501166,0.518768,0.587323,0.610680,0.666772,0.418146,0.687175,0.547555,0.651588,0.466618,0.524743,0.557996,0.666864,0.492457,0.360721,0.296338,0.765157,0.430878,0.501849,0.199750,0.261280,0.466130,0.689548,-0.130073,0.483833,0.129136,0.509100,0.007487,0.501038,-0.034131,0.509434,-0.198176,0.422388,-0.287719,0.606319,0.221406,0.568058,0.182538,0.540301,0.217447,-0.035676,0.029148,0.490677,0.479641,0.547167,0.335666,0.613877,0.492942,0.738069,-0.280702,0.187664,0.358854,0.629511,-0.180787,-0.009876,0.371729,0.470061,0.498327,0.337184,-0.062268,-0.241154
0.455303,0.134712,0.461439,0.061580,0.000000,0.726328,0.409322,0.101998,0.301468,0.427052,0.070466,0.178078,0.092767,0.251376,0.342197,0.112272,-0.012807,0.468666,0.183847,0.395312,0.150245,0.182622,0.330576,0.410636,0.584041,0.528943,0.580491,0.646726,-0.090534,0.324447,0.414209,0.308454,0.279490,0.269855,0.120073,0.094826,0.056321,0.210562,0.260750,0.304853,0.195996,0.059572,0.088695,0.138701,0.134958,0.116003,0.233376,0.150938,0.143811,0.054365,0.230195,-0.209464,0.455259,-0.251498,0.497571,0.230544,0.517939,0.325012,0.318160,0.290085,0.247247,-0.077372,0.124423,0.151976,-0.051661,0.006872,0.310719,0.203677,0.354421,0.491067,0.582447,-0.027029,0.156741,0.356503,0.475440,0.180967,0.247192,0.042214,0.412041,-0.181483,0.580193,0.175786,0.216416,-0.138612,0.564447,-0.152510,0.690565,0.308416,0.613766,-0.180048,0.096939,-0.290316,0.119983,-0.458639,-0.098473,-0.035875,0.432439,0.249524,0.189248,0.214069,0.364781,-0.239217,0.352332,0.030474,0.428452,-0.090189,0.151826,-0.012462,-0.131136,0.228253,0.077742,0.132437,0.195243,0.225416,-0.241295,-0.021876
0.341133,0.029732,0.280225,-0.161603,0.726328,0.000000,0.249936,-0.068940,0.274484,0.487866,0.054999,0.065915,0.080932,0.134336,0.303428,0.111998,0.036712,0.433651,0.050661,0.201462,0.229308,0.238652,0.171679,0.246934,0.387336,0.508003,0.425648,0.567166,-0.024550,0.313309,0.399949,0.290508,0.290837,0.267834,0.117742,0.078715,0.212038,0.275787,0.393601,0.350470,0.261766,0.154702,0.309124,0.306792,0.373371,0.338478,0.418449,0.256457,0.395724,0.205832,0.467483,-0.117887,0.612549,-0.240173,0.628408,0.250281,0.410398,0.169578,0.200326,0.137255,0.214116,-0.127887,0.120310,0.095271,-0.081929,-0.069317,0.283993,0.154582,0.265190,0.357767,0.533914,-0.114367,0.192639,0.305212,0.602001,0.259663,0.330234,0.090106,0.541686,-0.203036,0.644276,0.164328,0.369721,-0.096509,0.657067,-0.185274,0.813921,0.316280,0.719146,-0.183659,0.149973,-0.335778,0.190646,-0.511266,0.054244,0.102143,0.533120,0.277126,0.202376,0.160099,0.325491,-0.337265,0.226098,-0.154679,0.582892,0.053722,0.126395,-0.170838,0.010090,0.175400,0.128649,0.106908,0.221564,0.367272,-0.030435,-0.047072
0.805794,0.396891,0.900821,0.699958,0.409322,0.249936,0.000000,0.704753,0.719493,0.647770,0.656170,0.578970,0.693751,0.603108,0.643884,0.636212,0.151455,0.328866,0.743517,0.803402,0.026659,0.208270,0.825831,0.839281,0.489103,0.464913,0.139450,0.100425,0.342222,0.439272,0.687485,0.703166,0.653781,0.663206,0.684835,0.645205,0.382202,0.307430,0.230324,0.273491,0.292175,0.018388,0.031126,0.136498,0.032181,-0.056359,0.275479,0.259675,-0.241499,-0.033643,-0.126419,-0.099285,0.123824,-0.039171,0.485436,0.430639,0.595503,0.415296,0.719375,0.577629,0.670183,0.489003,0.503504,0.548408,0.513578,0.449796,0.653263,0.710445,0.423275,0.415009,0.695870,0.531664,0.508975,0.713164,0.559384,0.229170,0.699702,0.663569,0.060479,0.108757,0.411538,0.353768,0.195245,0.208261,0.483971,0.122837,0.302837,0.317178,0.293565,0.217192,0.514662,0.254739,0.430399,0.114508,0.147630,-0.080264,0.406381,0.573594,0.653830,0.701314,0.716170,0.256151,0.770711,0.621315,0.133559,0.088317,0.609849,0.607984,-0.195833,0.066215,0.403552,0.535693,0.621429,0.560528,-0.177943,-0.216592
0.688297,0.756498,0.581359,0.877039,0.101998,-0.068940,0.704753,0.000000,0.620824,0.644960,0.686360,0.857162,0.707789,0.821176,0.517939,0.806360,0.386589,0.248793,0.811439,0.701152,-0.012183,0.154656,0.778172,0.770527,0.446527,0.472349,-0.093912,-0.055975,0.637006,0.439018,0.592664,0.670193,0.732506,0.769625,0.634886,0.652539,0.408463,0.328626,0.086077,0.418188,0.379347,-0.001588,0.252146,0.362662,0.185036,0.164358,0.350161,0.503968,-0.160220,0.271690,-0.122816,0.391602,-0.062612,0.479486,0.270950,0.694597,0.580371,0.644236,0.579337,0.670637,0.531230,0.812662,0.620274,0.781812,0.573846,0.664346,0.607762,0.773728,0.512940,0.383245,0.309370,0.807045,0.597372,0.624115,0.326345,0.471533,0.591706,0.774396,-0.016600,0.593045,0.292574,0.643055,0.079045,0.543125,0.129664,0.633696,-0.108938,0.458439,-0.117856,0.698128,0.404785,0.688098,0.362626,0.606554,0.230533,-0.013445,0.133343,0.567864,0.609029,0.689380,0.393737,0.612953,0.467198,0.689783,-0.112183,0.362864,0.303274,0.491237,-0.235478,0.079477,0.523548,0.602380,0.623305,0.508015,0.173462,-0.169323
0.560636,0.329029,0.552128,0.468709,0.301468,0.274484,0.719493,0.620824,0.000000,0.768855,0.813332,0.643074,0.826978,0.692707,0.784526,0.763033,0.384041,0.357621,0.605198,0.536811,0.101450,0.278748,0.636967,0.622653,0.564228,0.602916,0.108878,0.122790,0.562425,0.510271,0.657952,0.667235,0.666068,0.643229,0.678964,0.689552,0.500617,0.397908,0.363634,0.403357,0.437430,0.162074,0.366511,0.401742,0.348123,0.220569,0.409457,0.445446,0.136156,0.307228,0.162451,0.216586,0.233770,0.257749,0.457503,0.551429,0.452666,0.286640,0.519887,0.422557,0.761594,0.600625,0.627728,0.572949,0.685513,0.624020,0.589114,0.730447,0.254787,0.245014,0.504599,0.582495,0.676032,0.656371,0.580724,0.446486,0.705126,0.701327,0.164268,0.321456,0.458639,0.463874,0.359676,0.375744,0.528166,0.339122,0.270717,0.382071,0.315676,0.341133,0.664918,0.418279,0.572009,0.281678,0.297812,0.098488,0.473773,0.621349,0.708697,0.758648,0.626985,0.289710,0.563876,0.515412,0.162017,0.349338,0.426302,0.428320,-0.122287,0.257937,0.564467,0.625007,0.634678,0.607748,0.160175,-0.004101
0.582420,0.425800,0.532981,0.497068,0.427052,0.487866,0.647770,0.644960,0.768855,0.000000,0.689094,0.697836,0.693140,0.702818,0.628256,0.790770,0.330571,0.302870,0.582681,0.530771,0.129123,0.272525,0.611567,0.669502,0.553705,0.641320,0.093931,0.194544,0.501053,0.493337,0.621099,0.671143,0.728473,0.754255,0.670326,0.642395,0.488212,0.428535,0.341121,0.509907,0.411929,0.137967,0.446938,0.476055,0.428410,0.335352,0.520348,0.514763,0.177050,0.377413,0.233883,0.292875,0.316362,0.288800,0.603384,0.665390,0.511811,0.385292,0.472889,0.478996,0.656080,0.637251,0.617110,0.635956,0.575898,0.614245,0.634177,0.729762,0.308085,0.249928,0.516090,0.626892,0.618032,0.619523,0.714584,0.528860,0.752015,0.740995,0.318097,0.380225,0.558546,0.563833,0.306073,0.394861,0.530124,0.396031,0.352153,0.463004,0.342661,0.478338,0.553049,0.432520,0.537357,0.260457,0.276785,0.094028,0.442116,0.626750,0.660951,0.686269,0.533022,0.294690,0.469022,0.408477,0.253216,0.374636,0.316444,0.304388,-0.136068,0.241530,0.557418,0.602499,0.696249,0.680900,0.225391,-0.067456
0.584626,0.413147,0.496827,0.547639,0.070466,0.054999,0.656170,0.686360,0.813332,0.689094,0.000000,0.746896,0.910032,0.748087,0.710209,0.809147,0.508071,0.286330,0.680560,0.542002,0.030725,0.190151,0.647577,0.623611,0.405327,0.494090,-0.094544,-0.080306,0.671650,0.527262,0.637953,0.689634,0.726077,0.728592,0.697493,0.691850,0.483728,0.383741,0.229722,0.345643,0.445296,0.185666,0.348019,0.411080,0.348044,0.202047,0.387709,0.477287,0.069251,0.344973,0.083317,0.331237,0.085376,0.370074,0.354134,0.561148,0.442757,0.317381,0.566599,0.498351,0.833408,0.735680,0.739800,0.646301,0.728001,0.718547,0.625306,0.773239,0.230554,0.167383,0.356887,0.659546,0.707217,0.665268,0.480525,0.443763,0.682562,0.742003,0.104899,0.462803,0.368191,0.539101,0.268005,0.446354,0.389278,0.453096,0.048450,0.333782,0.110866,0.473213,0.553226,0.563721,0.478650,0.468315,0.278056,0.037242,0.360298,0.624615,0.657712,0.716004,0.463330,0.332062,0.431093,0.456778,0.006199,0.364004,0.303914,0.448237,-0.149367,0.305949,0.569455,0.628212,0.623304,0.547683,0.196656,0.048506
0.662309,0.770040,0.445372,0.708559,0.178078,0.065915,0.578970,0.857162,0.643074,0.697836,0.746896,0.000000,0.739453,0.902669,0.613962,0.845224,0.576200,0.443203,0.725846,0.633633,0.101635,0.229263,0.692929,0.689247,0.539463,0.597999,0.020422,0.077024,0.714789,0.626728,0.633326,0.662604,0.770190,0.806958,0.551341,0.590295,0.456546,0.452920,0.163572,0.482693,0.496010,0.142423,0.414108,0.536232,0.385143,0.349271,0.469949,0.628129,0.055395,0.475672,0.073151,0.519157,0.074259,0.532188,0.334671,0.757097,0.646735,0.698264,0.562554,0.705561,0.594225,0.828409,0.730678,0.867330,0.515053,0.712200,0.646229,0.760977,0.524250,0.426706,0.264182,0.730367,0.704898,0.683243,0.409902,0.601942,0.573610,0.723146,0.213700,0.642210,0.459961,0.761946,0.226500,0.589597,0.236621,0.681387,-0.019449,0.503504,-0.022759,0.676890,0.359106,0.658844,0.324046,0.547443,0.264972,0.080674,0.236339,0.619906,0.579705,0.662061,0.316160,0.461051,0.343249,0.503519,-0.059423,0.406046,0.170172,0.346411,-0.137585,0.253262,0.560322,0.597959,0.564764,0.478712,0.237779,-0.047997
0.615798,0.422558,0.534288,0.555208,0.092767,0.080932,0.693751,0.707789,0.826978,0.693140,0.910032,0.739453,0.000000,0.790103,0.753883,0.837242,0.483329,0.325254,0.689382,0.554423,0.075054,0.264000,0.695023,0.660373,0.437066,0.548726,-0.024662,-0.000908,0.661343,0.536594,0.681050,0.709996,0.755838,0.729212,0.665739,0.676109,0.472252,0.382062,0.327728,0.438796,0.501940,0.212075,0.414335,0.487132,0.381822,0.258118,0.453125,0.551547,0.104737,0.351989,0.138867,0.345465,0.159479,0.392554,0.412343,0.611540,0.472246,0.351612,0.529637,0.460880,0.781949,0.707487,0.671417,0.629625,0.731827,0.692131,0.584444,0.776310,0.276126,0.233462,0.384569,0.647638,0.746580,0.703914,0.500534,0.457338,0.701785,0.749268,0.138991,0.493661,0.432637,0.565894,0.344556,0.504057,0.423896,0.480993,0.095766,0.372422,0.179042,0.478641,0.590697,0.558394,0.515920,0.442679,0.312189,0.062737,0.367422,0.633502,0.700572,0.747846,0.519647,0.309009,0.481648,0.489256,0.042676,0.390446,0.380507,0.428576,-0.126175,0.259385,0.572877,0.630725,0.630150,0.598261,0.238425,0.048853
0.672429,0.703381,0.465151,0.637795,0.251376,0.134336,0.603108,0.821176,0.692707,0.702818,0.748087,0.902669,0.790103,0.000000,0.663366,0.838346,0.567412,0.522540,0.698214,0.602270,0.109251,0.292179,0.717434,0.708405,0.580406,0.671902,0.112300,0.179534,0.677878,0.615038,0.680548,0.685026,0.780251,0.775487,0.528087,0.598511,0.439969,0.440558,0.273024,0.563343,0.584258,0.173009,0.476281,0.585608,0.411531,0.365754,0.511487,0.678806,0.134889,0.472732,0.154640,0.478804,0.168455,0.516495,0.390371,0.773942,0.674455,0.676880,0.535449,0.630018,0.608046,0.755297,0.670897,0.798367,0.542731,0.691390,0.582740,0.766819,0.518900,0.484925,0.308162,0.662574,0.740526,0.728080,0.416822,0.605843,0.569382,0.689404,0.221339,0.635485,0.544353,0.769245,0.315957,0.581909,0.340300,0.667516,0.103491,0.554663,0.117777,0.603615,0.418157,0.586155,0.382570,0.453340,0.263320,0.076910,0.294696,0.646385,0.629655,0.698698,0.407208,0.369724,0.413640,0.517595,0.017787,0.421616,0.230642,0.331358,-0.157362,0.271510,0.561869,0.605684,0.560746,0.516129,0.250862,0.014850
0.584526,0.344084,0.538490,0.405866,0.342197,0.303428,0.643884,0.517939,0.784526,0.628256,0.710209,0.613962,0.753883,0.663366,0.000000,0.732928,0.523090,0.515664,0.517146,0.532548,0.310285,0.442529,0.624407,0.611327,0.592698,0.698614,0.362027,0.310280,0.585486,0.729018,0.693844,0.631505,0.610026,0.596226,0.459368,0.468663,0.521081,0.554212,0.489271,0.459254,0.604295,0.407602,0.331393,0.445429,0.377685,0.289564,0.391083,0.433997,0.129595,0.323389,0.178960,0.184020,0.257509,0.150669,0.454492,0.487398,0.564203,0.391627,0.558403,0.469175,0.663371,0.471235,0.653553,0.564494,0.478310,0.519113,0.558669,0.623932,0.351773,0.416915,0.526236,0.466912,0.663893,0.718211,0.565714,0.402569,0.587357,0.574434,0.367935,0.288342,0.580297,0.485090,0.537196,0.450002,0.537283,0.298321,0.338127,0.410067,0.329593,0.241732,0.481438,0.320429,0.397431,0.152912,0.324724,0.202421,0.529393,0.637750,0.567937,0.645847,0.526348,0.086359,0.497677,0.356912,0.103207,0.221305,0.399352,0.384545,0.013382,0.431136,0.461151,0.481547,0.494785,0.428029,-0.023635,0.095786
0.580346,0.567745,0.484550,0.666965,0.112272,0.111998,0.636212,0.806360,0.763033,0.790770,0.809147,0.845224,0.837242,0.838346,0.732928,0.000000,0.580089,0.343742,0.669590,0.546042,0.210477,0.388977,0.688748,0.687933,0.489136,0.619952,0.034543,0.046631,0.731080,0.628017,0.641029,0.680927,0.772884,0.788972,0.638452,0.677638,0.623432,0.571248,0.385134,0.547048,0.577377,0.299655,0.485815,0.585709,0.451603,0.375703,0.545418,0.633232,0.083367,0.452413,0.116919,0.479411,0.128578,0.500853,0.458057,0.752980,0.516116,0.485926,0.528684,0.560342,0.652810,0.820446,0.779646,0.791686,0.670361,0.769411,0.641487,0.817225,0.352502,0.265361,0.335574,0.781307,0.758318,0.705089,0.527441,0.583507,0.714979,0.838500,0.254095,0.649079,0.491247,0.731545,0.410513,0.701548,0.363704,0.657076,0.060373,0.518408,0.070996,0.685002,0.568372,0.695210,0.513108,0.548776,0.441361,0.207365,0.348994,0.721031,0.725098,0.781202,0.474966,0.439726,0.456447,0.551383,-0.012344,0.467876,0.364287,0.442289,-0.017442,0.290490,0.649068,0.679596,0.707565,0.612382,0.278402,0.042668
0.291063,0.459623,0.077749,0.289370,-0.012807,0.036712,0.151455,0.386589,0.384041,0.330571,0.508071,0.576200,0.483329,0.567412,0.523090,0.580089,0.000000,0.579288,0.314019,0.234796,0.402086,0.410734,0.350315,0.313351,0.325421,0.515310,0.174543,0.163055,0.726363,0.701197,0.435028,0.355047,0.421751,0.443008,0.179487,0.261221,0.573677,0.599720,0.411305,0.417417,0.670641,0.563381,0.443322,0.557270,0.504833,0.438342,0.443707,0.538552,0.210653,0.514789,0.130485,0.453762,-0.003835,0.409768,0.138634,0.490985,0.478333,0.439383,0.368316,0.442602,0.347618,0.472373,0.763713,0.579233,0.281316,0.529360,0.444800,0.481401,0.305398,0.293900,-0.066173,0.338028,0.667087,0.506539,0.132880,0.499547,0.236853,0.389801,0.433279,0.587820,0.478311,0.737870,0.555276,0.659818,0.210111,0.584454,-0.017598,0.551718,-0.101456,0.418085,0.142628,0.411635,0.053358,0.326639,0.465373,0.411848,0.361241,0.593130,0.379849,0.418109,0.089929,0.118015,0.085008,0.201274,-0.194925,0.382103,0.015241,0.160386,0.248475,0.501104,0.410353,0.398294,0.258776,0.184274,0.190076,0.299324
0.528668,0.432850,0.308965,0.120481,0.468666,0.433651,0.328866,0.248793,0.357621,0.302870,0.286330,0.443203,0.325254,0.522540,0.515664,0.343742,0.579288,0.000000,0.288378,0.431940,0.251525,0.321848,0.417343,0.381012,0.536578,0.596971,0.430894,0.452568,0.327763,0.700066,0.519510,0.324596,0.406124,0.366889,0.124771,0.239841,0.418882,0.527923,0.372029,0.376042,0.587413,0.317214,0.360437,0.492419,0.419102,0.394831,0.497797,0.508911,0.275040,0.371814,0.287405,0.128949,0.375323,0.048035,0.406857,0.446741,0.715256,0.601915,0.449307,0.499498,0.288029,0.170612,0.487808,0.525573,0.006422,0.271922,0.468573,0.388699,0.555096,0.683895,0.289542,-0.006329,0.504414,0.609234,0.316217,0.425106,0.232879,0.163232,0.497002,0.140283,0.696723,0.590125,0.469603,0.229925,0.565327,0.205806,0.493151,0.525530,0.410032,0.023813,0.161790,-0.026775,0.090328,-0.191024,0.150117,0.150390,0.500662,0.491726,0.360691,0.399738,0.348581,-0.159144,0.330959,0.161194,0.227537,0.200313,0.144891,0.054773,0.093158,0.273671,0.298656,0.309787,0.205906,0.266935,-0.035872,0.066145
0.817541,0.707888,0.641141,0.785112,0.183847,0.050661,0.743517,0.811439,0.605198,0.582681,0.680560,0.725846,0.689382,0.698214,0.517146,0.669590,0.314019,0.288378,0.000000,0.846476,-0.060058,0.074444,0.845228,0.780793,0.410098,0.449530,-0.074423,-0.005317,0.592410,0.385108,0.692765,0.764473,0.781065,0.785059,0.621850,0.592995,0.303061,0.181184,0.013719,0.361369,0.371496,-0.103907,0.182332,0.278753,0.137393,0.104083,0.300570,0.449690,-0.136384,0.213213,-0.096839,0.249539,0.000196,0.340215,0.280221,0.582128,0.678603,0.633443,0.659188,0.691478,0.580244,0.658961,0.560298,0.641533,0.491625,0.509905,0.643958,0.718659,0.659866,0.531655,0.430241,0.693874,0.603128,0.641709,0.373863,0.387095,0.605257,0.697043,-0.030908,0.434868,0.352262,0.565514,0.019704,0.366219,0.228578,0.468717,0.028940,0.415170,0.002515,0.510701,0.339318,0.500670,0.294116,0.432204,0.103772,-0.102876,0.199745,0.480928,0.528151,0.597019,0.411141,0.490796,0.459568,0.584225,-0.040532,0.294013,0.246695,0.425696,-0.355294,0.051048,0.408825,0.481413,0.536928,0.508033,0.084485,-0.209929
0.882836,0.627776,0.777442,0.714010,0.395312,0.201462,0.803402,0.701152,0.536811,0.530771,0.542002,0.633633,0.554423,0.602270,0.532548,0.546042,0.234796,0.431940,0.846476,0.000000,-0.054993,0.053719,0.808280,0.807773,0.474465,0.447598,0.103463,0.106722,0.404356,0.461915,0.689074,0.705184,0.669201,0.708404,0.545181,0.522753,0.269819,0.203459,0.021484,0.252368,0.291957,-0.101241,-0.001186,0.147137,0.019365,-0.008919,0.227461,0.303201,-0.230790,0.049778,-0.156048,-0.011669,0.063047,0.028343,0.347921,0.445825,0.773072,0.670392,0.728979,0.719273,0.514657,0.473111,0.489683,0.605893,0.260487,0.360243,0.661364,0.639447,0.706702,0.660790,0.581860,0.499293,0.504011,0.685811,0.454395,0.262253,0.551771,0.557949,0.077399,0.161570,0.433688,0.445995,0.044126,0.175534,0.331577,0.200806,0.227507,0.356936,0.159170,0.253875,0.267543,0.241177,0.182282,0.133076,0.011946,-0.142711,0.289741,0.457458,0.452541,0.535087,0.492869,0.285821,0.577638,0.531522,0.057928,0.082170,0.363362,0.484406,-0.316179,0.016672,0.275517,0.366820,0.448689,0.427130,-0.182886,-0.293009
-0.004024,0.000532,0.042457,0.003742,0.150245,0.229308,0.026659,-0.012183,0.101450,0.129123,0.030725,0.101635,0.075054,0.109251,0.310285,0.210477,0.402086,0.251525,-0.060058,-0.054993,0.000000,0.797425,0.056246,0.031828,0.256846,0.372028,0.520074,0.412791,0.261977,0.428814,0.171972,0.006052,0.046872,0.012149,-0.183649,-0.137964,0.353199,0.537651,0.554879,0.311731,0.457832,0.514128,0.279449,0.351038,0.271761,0.344498,0.373140,0.294247,0.141910,0.186140,0.176636,0.109528,0.147967,0.057786,0.241526,0.171131,0.104982,0.092087,0.072916,0.061634,-0.003194,0.005062,0.267491,0.123695,0.060330,0.055540,0.050133,0.075547,0.060960,0.121159,0.088053,0.058331,0.302581,0.226649,0.089191,0.239551,0.110790,0.119139,0.482762,0.254137,0.393904,0.308267,0.734505,0.482298,0.213590,0.194881,0.161915,0.293005,0.102897,0.083580,0.070897,0.008233,0.090758,-0.093317,0.615168,0.700563,0.374504,0.414718,0.192064,0.151976,0.138412,-0.197925,0.109979,0.009062,-0.053709,0.133223,0.210661,-0.015975,0.533050,0.435857,0.197790,0.119123,0.103512,0.113974,0.029183,0.192268
0.121696,0.052275,0.216733,0.149331,0.182622,0.238652,0.208270,0.154656,0.278748,0.272525,0.190151,0.229263,0.264000,0.292179,0.442529,0.388977,0.410734,0.321848,0.074444,0.053719,0.797425,0.000000,0.234617,0.185167,0.258277,0.408608,0.526166,0.413894,0.314863,0.460062,0.280704,0.147577,0.212843,0.142913,-0.011739,0.073691,0.511903,0.636400,0.737979,0.530850,0.614432,0.561099,0.334642,0.393728,0.288265,0.329602,0.454719,0.389856,0.123756,0.180879,0.189307,0.107046,0.211269,0.105650,0.402307,0.313184,0.205538,0.167563,0.225537,0.123075,0.176706,0.148136,0.371641,0.247799,0.267607,0.153839,0.102167,0.251881,0.071548,0.184946,0.268414,0.211793,0.398067,0.377699,0.226845,0.303684,0.280822,0.307413,0.452891,0.369306,0.494051,0.433785,0.825938,0.636104,0.352369,0.280231,0.279831,0.477234,0.243874,0.169949,0.270830,0.099970,0.304342,-0.031588,0.654300,0.605768,0.430839,0.518815,0.407528,0.348365,0.385869,-0.096762,0.365125,0.234462,0.029879,0.216239,0.464919,0.164697,0.508089,0.358392,0.362636,0.290214,0.300604,0.267885,0.054414,0.298537
0.834598,0.614481,0.768095,0.781009,0.330576,0.171679,0.825831,0.778172,0.636967,0.611567,0.647577,0.692929,0.695023,0.717434,0.624407,0.688748,0.350315,0.417343,0.845228,0.808280,0.056246,0.234617,0.000000,0.897788,0.536337,0.581989,0.161928,0.191265,0.521435,0.500565,0.785617,0.806208,0.752446,0.748988,0.616660,0.585378,0.373635,0.319762,0.196134,0.420135,0.438529,0.047145,0.147330,0.269802,0.124664,0.071008,0.317549,0.430456,-0.199170,0.122113,-0.131835,0.113864,0.039979,0.199979,0.374265,0.581618,0.721688,0.621143,0.697700,0.677188,0.570034,0.565600,0.572628,0.628297,0.466921,0.497569,0.665725,0.731026,0.604526,0.573064,0.513806,0.610336,0.578837,0.707472,0.422649,0.376242,0.588005,0.651614,0.089510,0.368873,0.464207,0.574095,0.207380,0.394882,0.363937,0.391657,0.191164,0.504385,0.126428,0.419061,0.347064,0.401502,0.307214,0.273194,0.164605,-0.041200,0.298831,0.572060,0.586657,0.656876,0.544229,0.366465,0.617033,0.629984,0.004562,0.227611,0.395043,0.515637,-0.214331,0.120924,0.400419,0.503751,0.559833,0.495342,-0.060264,-0.145645
0.817790,0.572822,0.821442,0.787255,0.410636,0.246934,0.839281,0.770527,0.622653,0.669502,0.623611,0.689247,0.660373,0.708405,0.611327,0.687933,0.313351,0.381012,0.780793,0.807773,0.031828,0.185167,0.897788,0.000000,0.545088,0.604275,0.165426,0.192971,0.466763,0.468672,0.763754,0.823653,0.706961,0.751969,0.655787,0.609594,0.362669,0.318161,0.192408,0.398912,0.361773,0.051062,0.082595,0.219247,0.078044,0.006450,0.273124,0.361678,-0.254567,0.053635,-0.178505,0.037343,0.016457,0.103583,0.384203,0.542859,0.712365,0.594624,0.705731,0.678464,0.571891,0.554105,0.560847,0.610785,0.424791,0.507290,0.686727,0.749338,0.559541,0.541095,0.537908,0.600136,0.534916,0.689055,0.477452,0.321180,0.590842,0.653326,0.085659,0.308918,0.442485,0.533030,0.175447,0.351813,0.343270,0.335647,0.215534,0.487883,0.136296,0.382802,0.320195,0.339690,0.261851,0.211953,0.144671,-0.079272,0.298018,0.594595,0.574340,0.631394,0.540679,0.312525,0.636450,0.613925,-0.003732,0.142781,0.434843,0.580002,-0.205756,0.132320,0.372545,0.494054,0.538034,0.463121,-0.141532,-0.161964
0.534043,0.455168,0.403321,0.339533,0.584041,0.387336,0.489103,0.446527,0.564228,0.553705,0.405327,0.539463,0.437066,0.580406,0.592698,0.489136,0.325421,0.536578,0.410098,0.474465,0.256846,0.258277,0.536337,0.545088,0.000000,0.827034,0.477279,0.511625,0.325798,0.551721,0.614783,0.448359,0.514264,0.490929,0.296841,0.316008,0.281919,0.379145,0.199051,0.352641,0.409111,0.162363,0.360968,0.433566,0.368811,0.349605,0.391043,0.467437,0.194856,0.396141,0.228741,0.262347,0.337229,0.235239,0.384245,0.530349,0.606719,0.528718,0.373442,0.467196,0.376686,0.315791,0.403872,0.472348,0.204215,0.422805,0.512683,0.475262,0.517881,0.532726,0.387875,0.330292,0.500543,0.549415,0.388384,0.441005,0.373713,0.318753,0.378912,0.209296,0.577347,0.469810,0.285858,0.236074,0.455005,0.331329,0.322268,0.397116,0.292391,0.255166,0.271629,0.254258,0.254058,0.062321,0.066918,0.092849,0.334086,0.429247,0.370998,0.493516,0.346724,0.109755,0.328495,0.270576,0.192499,0.238896,0.102081,0.073672,-0.064040,0.307215,0.331153,0.368881,0.357218,0.349088,0.068880,-0.015454
0.565755,0.494704,0.381252,0.331680,0.528943,0.508003,0.464913,0.472349,0.602916,0.641320,0.494090,0.597999,0.548726,0.671902,0.698614,0.619952,0.515310,0.596971,0.449530,0.447598,0.372028,0.408608,0.581989,0.604275,0.827034,0.000000,0.456013,0.563005,0.524161,0.661784,0.732894,0.617674,0.640598,0.603315,0.351882,0.373266,0.436212,0.517129,0.425404,0.579398,0.600008,0.305666,0.543681,0.629695,0.548073,0.528467,0.566395,0.639424,0.326814,0.516766,0.362752,0.360554,0.409704,0.310743,0.508859,0.657647,0.662279,0.556923,0.431332,0.491434,0.449068,0.389511,0.544341,0.528732,0.290782,0.464714,0.555295,0.578514,0.538828,0.564137,0.411038,0.407454,0.630242,0.627274,0.490181,0.529798,0.479151,0.457853,0.504473,0.387700,0.729323,0.640706,0.486133,0.439896,0.537466,0.459323,0.406140,0.567824,0.354459,0.358890,0.313167,0.282700,0.314665,0.087549,0.262634,0.237369,0.457783,0.566896,0.465123,0.531791,0.371513,0.091723,0.320420,0.264094,0.226757,0.357636,0.153485,0.064022,0.011637,0.399809,0.447817,0.421298,0.439413,0.451671,0.177334,0.074549
0.155219,-0.045742,0.221003,-0.072340,0.580491,0.425648,0.139450,-0.093912,0.108878,0.093931,-0.094544,0.020422,-0.024662,0.112300,0.362027,0.034543,0.174543,0.430894,-0.074423,0.103463,0.520074,0.526166,0.161928,0.165426,0.477279,0.456013,0.000000,0.779216,-0.091916,0.395755,0.274031,0.053398,0.030499,-0.014747,-0.247955,-0.205865,0.062490,0.342373,0.476827,0.279325,0.334598,0.423248,0.048218,0.129977,0.087160,0.100079,0.146507,0.094879,0.065902,-0.005047,0.122231,-0.207883,0.274223,-0.235437,0.265981,0.048813,0.316799,0.190598,0.118295,0.059139,-0.014545,-0.233486,0.067819,0.011147,-0.177472,-0.116688,0.024321,-0.027510,0.190311,0.393258,0.273957,-0.202782,0.095604,0.237690,0.154999,0.126911,-0.042949,-0.154802,0.464012,-0.045833,0.486341,0.150913,0.549548,0.124524,0.370653,-0.092418,0.469363,0.262593,0.398484,-0.234955,-0.058061,-0.288620,-0.054603,-0.457285,0.172822,0.307526,0.357100,0.259577,0.042960,0.062659,0.195039,-0.421989,0.212613,-0.091442,0.103964,-0.194988,0.171453,-0.022007,0.254994,0.399064,-0.044894,-0.014237,-0.026313,-0.053089,-0.300821,0.239501
0.198900,0.056551,0.167579,-0.075408,0.646726,0.567166,0.100425,-0.055975,0.122790,0.194544,-0.080306,0.077024,-0.000908,0.179534,0.310280,0.046631,0.163055,0.452568,-0.005317,0.106722,0.412791,0.413894,0.191265,0.192971,0.511625,0.563005,0.779216,0.000000,0.003705,0.361236,0.337012,0.143376,0.132549,0.066644,-0.175539,-0.166208,0.015410,0.233642,0.455373,0.470822,0.363433,0.300817,0.168702,0.227179,0.172965,0.224852,0.235443,0.218045,0.181262,0.083008,0.219411,-0.112372,0.340368,-0.127466,0.313159,0.188265,0.389404,0.274772,0.111966,0.090397,0.002227,-0.205202,0.053783,0.025557,-0.155215,-0.138354,0.048589,0.008839,0.282843,0.469769,0.287040,-0.132850,0.114377,0.222271,0.213876,0.218923,-0.000823,-0.108041,0.486986,0.043137,0.569438,0.234289,0.453734,0.122807,0.384890,-0.000327,0.564103,0.391717,0.437149,-0.138811,-0.098488,-0.285387,-0.034273,-0.424701,0.093429,0.213116,0.329309,0.215191,0.034071,0.017589,0.175490,-0.282084,0.171316,-0.045641,0.250062,-0.083069,0.081572,-0.136996,0.130018,0.294099,-0.047708,-0.021748,-0.022978,0.017120,-0.173058,0.160275
0.435933,0.626715,0.199925,0.543859,-0.090534,-0.024550,0.342222,0.637006,0.562425,0.501053,0.671650,0.714789,0.661343,0.677878,0.585486,0.731080,0.726363,0.327763,0.592410,0.404356,0.261977,0.314863,0.521435,0.466763,0.325798,0.524161,-0.091916,0.003705,0.000000,0.562930,0.553264,0.602700,0.618951,0.626389,0.466066,0.478685,0.550463,0.421285,0.238565,0.525175,0.554478,0.189922,0.477363,0.576696,0.448293,0.458820,0.439145,0.617364,0.159999,0.545650,0.118251,0.600372,-0.038716,0.581758,0.164984,0.637093,0.475009,0.487988,0.450258,0.503341,0.492911,0.676679,0.726219,0.633367,0.512977,0.576377,0.503670,0.630719,0.423101,0.298213,0.106167,0.668644,0.722940,0.517565,0.284917,0.537084,0.480902,0.689182,0.172899,0.680287,0.350847,0.686380,0.327783,0.684888,0.092581,0.725965,-0.122931,0.538498,-0.178794,0.663350,0.238335,0.609933,0.222189,0.604119,0.397881,0.237904,0.213554,0.534482,0.448069,0.471964,0.141301,0.498757,0.151601,0.431439,-0.167501,0.472282,0.083827,0.262067,-0.020729,0.226248,0.528597,0.465610,0.410757,0.381286,0.344134,-0.028177
0.534201,0.449397,0.376569,0.317211,0.324447,0.313309,0.439272,0.439018,0.510271,0.493337,0.527262,0.626728,0.536594,0.615038,0.729018,0.628017,0.701197,0.700066,0.385108,0.461915,0.428814,0.460062,0.500565,0.468672,0.551721,0.661784,0.395755,0.361236,0.562930,0.000000,0.599336,0.444225,0.556452,0.561173,0.263038,0.302194,0.537266,0.704332,0.484755,0.434991,0.652079,0.525717,0.397227,0.556785,0.516347,0.473952,0.534464,0.522185,0.208625,0.440259,0.255247,0.272547,0.308815,0.156861,0.471120,0.507755,0.624004,0.521960,0.528715,0.540266,0.488104,0.436299,0.711560,0.678761,0.274022,0.471264,0.572136,0.538708,0.408365,0.465317,0.412069,0.330928,0.646805,0.728969,0.466052,0.496909,0.459544,0.438583,0.675804,0.358806,0.727459,0.649446,0.599461,0.470163,0.528116,0.324017,0.313536,0.414408,0.272254,0.247370,0.272777,0.258589,0.218447,0.059189,0.368262,0.362098,0.577807,0.630527,0.429292,0.509323,0.345526,-0.000085,0.330592,0.176752,0.111872,0.197216,0.221276,0.166396,0.146951,0.515140,0.451019,0.421450,0.405087,0.327770,-0.011984,0.132542
0.763716,0.523510,0.606206,0.511784,0.414209,0.399949,0.687485,0.592664,0.657952,0.621099,0.637953,0.633326,0.681050,0.680548,0.693844,0.641029,0.435028,0.519510,0.692765,0.689074,0.171972,0.280704,0.785617,0.763754,0.614783,0.732894,0.274031,0.337012,0.553264,0.599336,0.000000,0.850497,0.778078,0.760313,0.516958,0.526656,0.439821,0.361327,0.338852,0.488965,0.534827,0.176884,0.352592,0.450394,0.346357,0.270288,0.468849,0.561058,0.105128,0.314195,0.154874,0.177724,0.290580,0.216294,0.492969,0.590128,0.711288,0.530456,0.634960,0.569384,0.581080,0.449965,0.543173,0.541481,0.370389,0.413650,0.626707,0.676620,0.579718,0.569718,0.513460,0.456550,0.632134,0.717469,0.528767,0.422042,0.575774,0.571396,0.253284,0.304127,0.607733,0.555794,0.330094,0.338069,0.482308,0.329465,0.339232,0.457790,0.339551,0.315738,0.382912,0.297339,0.319514,0.123663,0.148947,0.008302,0.436379,0.575732,0.554751,0.593536,0.520998,0.150900,0.526484,0.420648,0.199151,0.264303,0.343813,0.357069,-0.172379,0.253680,0.393440,0.476181,0.503201,0.534574,0.043712,-0.057307
0.750134,0.531168,0.622433,0.614111,0.308454,0.290508,0.703166,0.670193,0.667235,0.671143,0.689634,0.662604,0.709996,0.685026,0.631505,0.680927,0.355047,0.324596,0.764473,0.705184,0.006052,0.147577,0.806208,0.823653,0.448359,0.617674,0.053398,0.143376,0.602700,0.444225,0.850497,0.000000,0.799378,0.813700,0.659499,0.615821,0.355677,0.229395,0.193570,0.459622,0.383423,-0.001636,0.260091,0.351679,0.218888,0.151155,0.351657,0.472390,-0.021506,0.224454,0.024151,0.182357,0.126193,0.240405,0.405194,0.578050,0.649451,0.487381,0.650889,0.574711,0.629418,0.549394,0.544975,0.537354,0.457691,0.466314,0.637774,0.725508,0.510264,0.472848,0.486837,0.603786,0.599910,0.651257,0.540500,0.381165,0.628525,0.690961,0.084892,0.371071,0.448941,0.525302,0.168968,0.351154,0.333342,0.376992,0.208431,0.447271,0.190997,0.412087,0.369241,0.369983,0.324687,0.273976,0.157461,-0.056795,0.327575,0.530487,0.554457,0.576821,0.465009,0.305860,0.485601,0.482814,0.096010,0.265915,0.315068,0.447025,-0.261292,0.168064,0.397220,0.477874,0.528218,0.532633,0.080076,-0.148169
0.767538,0.665281,0.495542,0.567350,0.279490,0.290837,0.653781,0.732506,0.666068,0.728473,0.726077,0.770190,0.755838,0.780251,0.610026,0.772884,0.421751,0.406124,0.781065,0.669201,0.046872,0.212843,0.752446,0.706961,0.514264,0.640598,0.030499,0.132549,0.618951,0.556452,0.778078,0.799378,0.000000,0.920601,0.653444,0.655196,0.470855,0.393269,0.240553,0.535997,0.557855,0.090868,0.558061,0.615087,0.526042,0.455985,0.631028,0.705148,0.256238,0.530369,0.312758,0.462719,0.376447,0.481859,0.588258,0.768560,0.695481,0.588116,0.631595,0.626594,0.692421,0.705629,0.630411,0.697341,0.567327,0.616655,0.717822,0.807715,0.571277,0.492453,0.471149,0.657866,0.702063,0.714103,0.580571,0.601937,0.734661,0.742701,0.266949,0.506507,0.623230,0.695583,0.229736,0.429239,0.498392,0.544158,0.234798,0.467869,0.291734,0.579815,0.512870,0.561177,0.520572,0.391623,0.215964,0.020821,0.431506,0.606997,0.657791,0.692058,0.466980,0.352870,0.414256,0.396999,0.238710,0.451372,0.216001,0.199089,-0.255243,0.266522,0.609809,0.642494,0.693774,0.688518,0.322988,-0.022316
0.772097,0.700907,0.536829,0.638801,0.269855,0.267834,0.663206,0.769625,0.643229,0.754255,0.728592,0.806958,0.729212,0.775487,0.596226,0.788972,0.443008,0.366889,0.785059,0.708404,0.012149,0.142913,0.748988,0.751969,0.490929,0.603315,-0.014747,0.066644,0.626389,0.561173,0.760313,0.813700,0.920601,0.000000,0.670346,0.646468,0.462897,0.394439,0.158776,0.470079,0.488724,0.089450,0.458319,0.533969,0.462461,0.378456,0.542960,0.623067,0.146536,0.474999,0.194791,0.430894,0.263812,0.435579,0.526253,0.733681,0.704806,0.613245,0.655083,0.684903,0.677771,0.741499,0.668592,0.742042,0.518248,0.637013,0.755020,0.810906,0.567678,0.454089,0.441984,0.697451,0.674093,0.688940,0.585915,0.565256,0.711885,0.762597,0.247113,0.490138,0.563136,0.687757,0.167244,0.423187,0.403684,0.528949,0.164545,0.447644,0.186597,0.600232,0.445115,0.581428,0.424018,0.422710,0.189642,-0.008782,0.380663,0.608541,0.617059,0.670693,0.403313,0.379192,0.388302,0.393997,0.148292,0.385900,0.201535,0.286533,-0.271238,0.270817,0.553891,0.619336,0.666802,0.626851,0.236922,-0.071235
0.559300,0.350587,0.585089,0.577879,0.120073,0.117742,0.684835,0.634886,0.678964,0.670326,0.697493,0.551341,0.665739,0.528087,0.459368,0.638452,0.179487,0.124771,0.621850,0.545181,-0.183649,-0.011739,0.616660,0.655787,0.296841,0.351882,-0.247955,-0.175539,0.466066,0.263038,0.516958,0.659499,0.653444,0.670346,0.000000,0.872452,0.482582,0.269934,0.059896,0.242820,0.160760,-0.150596,0.208733,0.234274,0.188483,0.061043,0.332273,0.335193,-0.082934,0.146280,-0.020459,0.157447,0.065269,0.194900,0.402268,0.486113,0.360096,0.247236,0.619154,0.499186,0.731000,0.661103,0.548584,0.514100,0.707138,0.645005,0.721806,0.814468,0.225688,0.144697,0.476798,0.649719,0.482566,0.523839,0.551361,0.303743,0.751501,0.768154,-0.083303,0.252429,0.236001,0.387688,-0.019644,0.192233,0.394696,0.298438,0.112902,0.305744,0.148561,0.432353,0.584205,0.445254,0.535566,0.386621,0.168238,-0.146218,0.339841,0.527028,0.665191,0.656020,0.550946,0.470044,0.551519,0.555928,0.145416,0.270077,0.393104,0.486780,-0.264490,0.052427,0.600471,0.685029,0.666923,0.605353,0.134181,-0.223051
0.522387,0.361084,0.508653,0.537280,0.094826,0.078715,0.645205,0.652539,0.689552,0.642395,0.691850,0.590295,0.676109,0.598511,0.468663,0.677638,0.261221,0.239841,0.592995,0.522753,-0.137964,0.073691,0.585378,0.609594,0.316008,0.373266,-0.205865,-0.166208,0.478685,0.302194,0.526656,0.615821,0.655196,0.646468,0.872452,0.000000,0.575867,0.330863,0.151958,0.278759,0.272811,-0.100198,0.316058,0.345021,0.266685,0.134325,0.442614,0.457738,0.015890,0.235888,0.062726,0.232270,0.157165,0.307163,0.454954,0.574423,0.360024,0.272637,0.561647,0.474426,0.674297,0.679217,0.560934,0.563461,0.681551,0.682574,0.661176,0.831651,0.227759,0.162347,0.396926,0.616149,0.546272,0.567947,0.485752,0.355421,0.732958,0.749644,-0.068016,0.326428,0.288899,0.464438,0.066444,0.260665,0.433503,0.384852,0.115356,0.335339,0.198284,0.470550,0.698133,0.506603,0.620235,0.414479,0.198091,-0.082259,0.338438,0.568608,0.751283,0.745504,0.624607,0.454843,0.601480,0.618940,0.203436,0.399392,0.454568,0.481138,-0.201077,0.045383,0.657851,0.729853,0.721995,0.658881,0.244851,-0.093935
0.334312,0.318003,0.300717,0.340498,0.056321,0.212038,0.382202,0.408463,0.500617,0.488212,0.483728,0.456546,0.472252,0.439969,0.521081,0.623432,0.573677,0.418882,0.303061,0.269819,0.353199,0.511903,0.373635,0.362669,0.281919,0.436212,0.062490,0.015410,0.550463,0.537266,0.439821,0.355677,0.470855,0.462897,0.482582,0.575867,0.000000,0.786601,0.526399,0.404871,0.618353,0.436168,0.489135,0.539436,0.526632,0.444386,0.640900,0.536487,0.195364,0.429920,0.235213,0.336508,0.247750,0.289037,0.518661,0.545381,0.349707,0.264357,0.485656,0.407794,0.459516,0.492843,0.692923,0.539236,0.466967,0.551833,0.573640,0.619632,0.235090,0.172771,0.285467,0.462238,0.544943,0.508045,0.419101,0.398876,0.563805,0.600628,0.323549,0.346370,0.461840,0.568495,0.526551,0.545983,0.488078,0.428860,0.203876,0.516183,0.191194,0.457668,0.568979,0.449590,0.484783,0.293563,0.518883,0.346003,0.502581,0.680982,0.664849,0.639167,0.502909,0.229015,0.461093,0.425136,0.182061,0.487572,0.439758,0.323453,0.265319,0.246772,0.667728,0.634914,0.621192,0.545502,0.226523,0.108269
0.292385,0.298237,0.277093,0.254950,0.210562,0.275787,0.307430,0.328626,0.397908,0.428535,0.383741,0.452920,0.382062,0.440558,0.554212,0.571248,0.599720,0.527923,0.181184,0.203459,0.537651,0.636400,0.319762,0.318161,0.379145,0.517129,0.342373,0.233642,0.421285,0.704332,0.361327,0.229395,0.393269,0.394439,0.269934,0.330863,0.786601,0.000000,0.587152,0.405621,0.651416,0.629161,0.449344,0.557139,0.548684,0.483566,0.614934,0.489204,0.202224,0.414076,0.268540,0.286521,0.288047,0.167178,0.522499,0.492641,0.387692,0.351356,0.409757,0.406190,0.380566,0.415709,0.672936,0.574543,0.352514,0.502385,0.508217,0.502588,0.211386,0.245633,0.315925,0.345067,0.513675,0.528670,0.394688,0.442881,0.445064,0.451820,0.564945,0.350136,0.591004,0.610225,0.673999,0.572844,0.527090,0.359785,0.277653,0.497210,0.240162,0.337785,0.395910,0.308122,0.357933,0.107607,0.557437,0.466005,0.564891,0.709590,0.529772,0.556224,0.368028,-0.002003,0.335142,0.197358,0.125438,0.330491,0.313579,0.177370,0.356475,0.520166,0.608112,0.548910,0.515393,0.373434,0.061950,0.229151
