0.000000,0.618252,0.455625,0.329353,0.059792,0.045029,0.714237,0.420390,0.217541,0.232659,0.676995,0.545844,0.599717,0.376223,0.432042,0.303606,0.404481,0.394454,0.650198,0.605788,0.073247,0.149561,0.628734,0.288343,0.222097,0.083790,0.099685,0.088769,0.423922,0.632162,0.508581,0.523201,0.684666,0.633382,0.458328,0.424067,0.305665,0.387748,0.210540,0.355902,0.227907,0.448550,0.379766,0.522889,0.284051,0.396980,0.502319,0.443973,0.227838,0.335502,0.295479,0.257808,0.308430,0.143789,0.645411,0.309336,0.764524,0.611199,0.634134,0.555543,0.695825,0.374481,0.519511,0.592580,0.309996,0.372740,0.513515,0.465109,0.683385,0.584098,0.703354,0.333904,0.466671,0.618918,0.454062,0.355167,0.576320,0.408297,0.602969,0.257346,0.588921,0.496851,0.466223,0.212675,0.528264,0.226321,0.470456,0.132829,0.446318,0.167614,0.190005,0.208717,0.170065,0.183889,0.322765,0.433237,0.517731,0.423503,0.640439,0.432553,0.050499,0.133093,0.188031,0.150872,0.342308,0.288639,0.012911,-0.062173,0.357493,0.563198,0.642176,0.641574,0.414913,0.485975,0.461427,0.423790
0.618252,0.000000,0.180509,0.428232,0.002537,0.113248,0.544166,0.573569,0.235735,0.296153,0.730972,0.611468,0.665890,0.624894,0.218613,0.517642,0.538917,0.241536,0.500461,0.418089,0.101886,0.160040,0.553901,0.214072,0.229949,0.201971,-0.009576,0.023754,0.593130,0.382850,0.436537,0.619110,0.682326,0.726523,0.553472,0.529803,0.372606,0.530937,0.300167,0.627952,0.473297,0.578631,0.541208,0.657393,0.447337,0.541545,0.582359,0.651813,0.428873,0.526902,0.403782,0.538700,0.283993,0.491270,0.520270,0.526410,0.606658,0.820152,0.574673,0.665809,0.591767,0.568848,0.617795,0.527567,0.427444,0.650676,0.575462,0.585306,0.586130,0.568556,0.543072,0.531598,0.607414,0.565594,0.564425,0.515991,0.548447,0.506652,0.457890,0.520410,0.343530,0.514693,0.501714,0.462834,0.163241,0.626759,0.313136,0.314500,0.110963,0.613387,0.257568,0.541178,0.317975,0.571944,0.344641,0.457686,0.469233,0.513556,0.573626,0.524674,0.002309,0.211419,0.065842,0.241605,0.276798,0.450713,-0.151634,-0.062975,0.359270,0.557948,0.659963,0.561375,0.364743,0.548997,0.634135,0.494116
0.455625,0.180509,0.000000,0.600656,0.545751,0.486471,0.698197,0.518741,0.585093,0.427104,0.274239,0.492334,0.338911,-0.144896,0.641548,0.234398,0.324186,0.412396,0.548863,0.699270,0.420884,0.511380,0.609183,0.723433,0.414953,0.387430,0.495994,0.513817,0.322503,0.418067,0.551879,0.436012,0.379748,0.341354,0.134582,-0.065775,0.528304,0.432476,0.418909,0.244336,0.081755,0.150783,-0.317329,-0.025525,-0.262320,-0.112025,-0.094483,-0.173611,-0.417681,-0.289356,-0.389524,-0.421203,-0.333794,-0.520641,0.502316,0.415458,0.557309,0.148747,0.553517,0.187875,0.174531,-0.133942,0.326248,0.499931,0.315724,-0.208901,0.463747,0.458279,0.422681,0.511503,0.540722,0.428787,0.218300,0.377011,0.210220,0.153165,0.525998,0.393330,0.138600,0.050387,0.489427,0.586883,0.420419,0.299291,0.379501,-0.086833,0.684095,0.452837,0.075462,-0.177835,-0.349917,-0.435468,-0.260978,-0.153510,0.569442,0.458380,0.573953,0.375869,0.530243,0.477564,0.476022,0.212457,0.616990,0.443622,0.495386,0.293050,0.656095,0.534604,0.494914,0.509493,0.125360,0.425785,0.519606,0.368517,-0.164922,0.397659
0.329353,0.428232,0.600656,0.000000,0.623981,0.694860,0.629828,0.823017,0.727151,0.638271,0.480487,0.680609,0.565090,0.045278,0.534128,0.509135,0.576918,0.247778,0.577604,0.480698,0.521198,0.477694,0.739906,0.775608,0.554613,0.624842,0.597341,0.635869,0.636045,0.223086,0.670205,0.622587,0.544341,0.542460,0.398860,0.215673,0.603476,0.668260,0.438027,0.626960,0.290001,0.365736,-0.103262,0.204336,-0.191193,-0.045675,-0.044248,0.078907,-0.282598,-0.097863,-0.331410,-0.106625,-0.445145,-0.167162,0.323501,0.723990,0.417429,0.382133,0.608526,0.354202,0.200688,0.112682,0.560005,0.506115,0.477369,0.075140,0.670790,0.615337,0.346351,0.499835,0.509366,0.733013,0.492712,0.367662,0.287695,0.470767,0.633105,0.687307,-0.091698,0.387339,0.207572,0.623122,0.392993,0.585635,-0.019321,0.369216,0.517999,0.755617,-0.222708,0.306548,-0.291568,-0.022404,-0.078095,0.352228,0.680354,0.558112,0.563792,0.592126,0.562909,0.676471,0.510445,0.366704,0.552226,0.624587,0.442693,0.588383,0.508926,0.592118,0.600726,0.559748,0.221492,0.472405,0.575292,0.532007,0.063177,0.573888
0.059792,0.002537,0.545751,0.623981,0.000000,0.788440,0.357744,0.516352,0.792448,0.637555,0.210333,0.447294,0.317839,-0.394364,0.364254,0.127749,0.425426,0.409647,0.427101,0.380232,0.462019,0.410684,0.482808,0.725355,0.664214,0.758542,0.731832,0.732053,0.476185,0.079649,0.621513,0.414983,0.284776,0.242285,0.165241,-0.041586,0.504594,0.426164,0.182877,0.283718,0.023178,0.183397,-0.481912,-0.165809,-0.574961,-0.394838,-0.369328,-0.280591,-0.645621,-0.510984,-0.685014,-0.525110,-0.711693,-0.536382,0.128886,0.470037,0.217961,0.041089,0.418058,0.020339,-0.066595,-0.275867,0.315049,0.351338,0.396188,-0.311232,0.504908,0.419295,0.137391,0.395487,0.332768,0.579037,0.349011,0.238222,-0.002391,0.363009,0.447837,0.516871,-0.300087,0.246825,0.126349,0.509132,0.167668,0.233188,-0.050441,0.038756,0.417650,0.642981,-0.256317,-0.021825,-0.631113,-0.394737,-0.398365,0.139450,0.659157,0.461793,0.513457,0.483217,0.453996,0.552172,0.684177,0.525286,0.743402,0.726062,0.512859,0.497736,0.744571,0.742533,0.498811,0.467913,-0.049174,0.363593,0.625229,0.453496,-0.237060,0.467436
0.045029,0.113248,0.486471,0.694860,0.788440,0.000000,0.379879,0.636656,0.779808,0.756544,0.256308,0.492727,0.354876,-0.241549,0.322847,0.324940,0.509196,0.255100,0.343732,0.344829,0.478299,0.357391,0.506150,0.759036,0.644008,0.769575,0.731754,0.798357,0.522706,-0.021144,0.609261,0.488022,0.288902,0.263909,0.247943,0.058741,0.548160,0.542331,0.202139,0.430219,0.045466,0.282813,-0.364007,-0.047576,-0.462776,-0.295692,-0.301466,-0.154367,-0.514736,-0.367308,-0.590822,-0.362234,-0.688898,-0.372047,0.080082,0.594714,0.158196,0.133614,0.428134,0.061999,-0.115206,-0.164418,0.395175,0.344245,0.396618,-0.198212,0.530984,0.419515,0.090452,0.404125,0.281951,0.685277,0.456526,0.253496,0.035819,0.433942,0.456013,0.602175,-0.334812,0.390192,-0.028089,0.496764,0.130281,0.356471,-0.224952,0.238947,0.393299,0.731904,-0.371301,0.186129,-0.572407,-0.249823,-0.334096,0.283353,0.653051,0.459916,0.487139,0.543393,0.462428,0.590404,0.604045,0.539959,0.667279,0.740310,0.505169,0.573247,0.633688,0.698820,0.504087,0.450684,-0.023412,0.384279,0.624068,0.517284,-0.127450,0.499855
0.714237,0.544166,0.698197,0.629828,0.357744,0.379879,0.000000,0.667336,0.518744,0.444904,0.614816,0.664250,0.618774,0.265707,0.607739,0.464530,0.484243,0.408192,0.636904,0.648671,0.338696,0.409707,0.752831,0.596164,0.372114,0.336416,0.363990,0.379086,0.531821,0.517250,0.616109,0.660155,0.660282,0.631913,0.446097,0.301514,0.579137,0.600765,0.420227,0.515724,0.282448,0.442048,0.119649,0.374682,0.052185,0.203907,0.269362,0.225946,-0.030074,0.107670,-0.012773,0.033415,-0.034776,-0.093029,0.689768,0.569726,0.670766,0.469761,0.664557,0.433228,0.447794,0.188326,0.596320,0.609894,0.368545,0.207754,0.615005,0.595597,0.553502,0.625180,0.711682,0.552209,0.493819,0.588073,0.501760,0.436350,0.668879,0.572736,0.384730,0.253504,0.530817,0.664661,0.515671,0.413841,0.351428,0.231128,0.661941,0.444552,0.215618,0.184954,-0.057833,0.002220,0.043647,0.186484,0.547247,0.540150,0.657033,0.560022,0.720548,0.632178,0.321405,0.234386,0.473284,0.431355,0.560049,0.494105,0.363302,0.327452,0.537084,0.650198,0.475057,0.640125,0.574848,0.597025,0.257734,0.552489
0.420390,0.573569,0.518741,0.823017,0.516352,0.636656,0.667336,0.000000,0.672643,0.672444,0.600975,0.761380,0.656276,0.236489,0.471611,0.607577,0.642089,0.287082,0.560328,0.514629,0.477758,0.412712,0.744236,0.717635,0.550312,0.603440,0.508497,0.571412,0.675360,0.241335,0.680402,0.704940,0.614120,0.619975,0.449663,0.324921,0.607825,0.672137,0.388488,0.676542,0.344445,0.506198,0.068931,0.366482,-0.038232,0.108716,0.139498,0.256471,-0.115515,0.058291,-0.167176,0.067233,-0.304695,-0.003459,0.391307,0.739542,0.474965,0.537076,0.644331,0.441102,0.272939,0.265667,0.667598,0.581636,0.515103,0.247815,0.692874,0.650896,0.394661,0.572268,0.534938,0.768543,0.623627,0.483612,0.342487,0.552971,0.640472,0.728913,0.031629,0.528386,0.234662,0.674023,0.443847,0.595964,-0.033964,0.504916,0.488923,0.713266,-0.192673,0.435584,-0.185668,0.142323,-0.012268,0.459008,0.616208,0.545551,0.576210,0.639112,0.623123,0.695888,0.415557,0.420610,0.468794,0.601390,0.471133,0.627745,0.355239,0.454597,0.543455,0.586525,0.355146,0.561287,0.585204,0.605187,0.236721,0.574031
0.217541,0.235735,0.585093,0.727151,0.792448,0.779808,0.518744,0.672643,0.000000,0.681192,0.382633,0.593709,0.489653,-0.178708,0.464561,0.295716,0.528274,0.411402,0.525492,0.459164,0.453921,0.430972,0.617672,0.753761,0.642831,0.733777,0.672734,0.704904,0.599731,0.174133,0.685464,0.556841,0.446411,0.406793,0.317128,0.107481,0.580528,0.564127,0.268794,0.444389,0.151680,0.314000,-0.292620,0.032710,-0.400986,-0.227148,-0.173586,-0.078738,-0.465540,-0.311776,-0.517397,-0.332760,-0.589462,-0.370742,0.266052,0.601448,0.335336,0.227609,0.542507,0.192187,0.079132,-0.089506,0.480024,0.467573,0.468473,-0.130065,0.615840,0.525043,0.276602,0.506684,0.489009,0.704995,0.484464,0.368860,0.189765,0.470535,0.599124,0.649943,-0.150144,0.353016,0.214386,0.622709,0.279301,0.367377,-0.018623,0.198690,0.499262,0.693053,-0.218902,0.151684,-0.492693,-0.217661,-0.261140,0.258959,0.710597,0.548989,0.585194,0.592993,0.574818,0.658259,0.624309,0.496048,0.699145,0.729306,0.544057,0.586922,0.648002,0.680599,0.565370,0.570480,0.121099,0.462825,0.665219,0.571069,-0.050355,0.561843
0.232659,0.296153,0.427104,0.638271,0.637555,0.756544,0.444904,0.672444,0.681192,0.000000,0.417745,0.566195,0.456587,0.006074,0.254975,0.387795,0.530221,0.212215,0.410499,0.424300,0.382159,0.233171,0.580481,0.688489,0.591427,0.695454,0.638224,0.704885,0.552648,0.104087,0.647522,0.592077,0.419158,0.407697,0.362061,0.239715,0.487937,0.569805,0.197655,0.485076,0.005063,0.407012,-0.103610,0.145925,-0.238420,-0.071930,-0.098562,0.038495,-0.276173,-0.122604,-0.328504,-0.141700,-0.443582,-0.152288,0.177117,0.586367,0.258593,0.321322,0.496459,0.245955,0.092105,0.098167,0.469974,0.489369,0.408260,0.017631,0.535601,0.433276,0.202374,0.423289,0.387904,0.694366,0.551979,0.397016,0.101024,0.472619,0.498659,0.625240,-0.114975,0.478685,0.062676,0.492434,0.181137,0.362460,-0.116599,0.373089,0.399206,0.594185,-0.200734,0.313262,-0.370787,-0.082325,-0.200808,0.348985,0.569826,0.464510,0.472114,0.548469,0.503505,0.531709,0.382676,0.462155,0.488950,0.605033,0.475930,0.558022,0.438312,0.468016,0.400859,0.479900,0.122356,0.445313,0.579316,0.535759,0.097750,0.475440
0.676995,0.730972,0.274239,0.480487,0.210333,0.256308,0.614816,0.600975,0.382633,0.417745,0.000000,0.688144,0.820090,0.498469,0.379886,0.512868,0.646211,0.435757,0.631866,0.487242,0.206664,0.237129,0.670772,0.356071,0.411976,0.341078,0.188363,0.185416,0.696065,0.497461,0.611026,0.665988,0.734012,0.704863,0.575847,0.472711,0.481086,0.570532,0.245498,0.604823,0.471814,0.631049,0.402237,0.608764,0.252446,0.385423,0.479150,0.538474,0.262417,0.364481,0.225245,0.373172,0.113037,0.284763,0.547367,0.562532,0.633317,0.695087,0.608670,0.537141,0.579127,0.393660,0.722036,0.599440,0.505101,0.507901,0.645205,0.603583,0.570195,0.621495,0.637136,0.565164,0.666055,0.629362,0.512019,0.611416,0.632769,0.623567,0.404244,0.519798,0.383752,0.601379,0.510202,0.431284,0.199608,0.487822,0.423384,0.427208,0.126712,0.451676,0.115378,0.429586,0.237639,0.559752,0.456624,0.516807,0.579149,0.629342,0.695173,0.637591,0.230079,0.353011,0.292391,0.418613,0.444541,0.582541,0.034954,0.136500,0.457129,0.644994,0.648166,0.666987,0.524139,0.658687,0.554615,0.581358
0.545844,0.611468,0.492334,0.680609,0.447294,0.492727,0.664250,0.761380,0.593709,0.566195,0.688144,0.000000,0.712824,0.315036,0.463566,0.535463,0.621222,0.415672,0.623742,0.594228,0.485396,0.460949,0.711130,0.598593,0.562216,0.528762,0.393334,0.418409,0.692796,0.455397,0.671758,0.693983,0.667598,0.679534,0.456192,0.304884,0.577128,0.632281,0.386926,0.608787,0.381025,0.537395,0.145833,0.417893,0.024102,0.226766,0.239309,0.281512,-0.031590,0.132639,-0.061816,0.111478,-0.159278,0.023331,0.495178,0.659591,0.592197,0.581941,0.680284,0.527041,0.392172,0.323081,0.723949,0.706977,0.547950,0.279502,0.677060,0.684440,0.496384,0.628054,0.603436,0.690578,0.634422,0.597598,0.340837,0.543688,0.662023,0.692549,0.269963,0.564438,0.416016,0.743744,0.557780,0.573176,0.153910,0.483535,0.478555,0.571813,-0.060240,0.383627,-0.102407,0.142145,0.043077,0.398999,0.562424,0.513481,0.618160,0.660750,0.663812,0.675121,0.364787,0.374470,0.442998,0.529521,0.500618,0.578967,0.300779,0.376302,0.497603,0.641787,0.452127,0.616592,0.558050,0.588956,0.288225,0.564209
0.599717,0.665890,0.338911,0.565090,0.317839,0.354876,0.618774,0.656276,0.489653,0.456587,0.820090,0.712824,0.000000,0.423964,0.458098,0.528560,0.671072,0.456912,0.635269,0.491262,0.370711,0.371697,0.698024,0.453703,0.513992,0.451177,0.256350,0.267087,0.738630,0.469672,0.630350,0.684400,0.708706,0.682532,0.583778,0.429278,0.575983,0.616082,0.332004,0.648441,0.527093,0.650640,0.320769,0.564689,0.176711,0.311077,0.409266,0.464429,0.162603,0.280254,0.106883,0.290421,-0.021547,0.192471,0.526066,0.625024,0.596227,0.626489,0.598717,0.474761,0.477434,0.304132,0.734117,0.585525,0.576678,0.441475,0.692462,0.646407,0.532711,0.631088,0.618984,0.624155,0.684586,0.627670,0.432686,0.634710,0.664019,0.684859,0.311013,0.547672,0.372283,0.659145,0.567593,0.521137,0.162198,0.489372,0.440199,0.539044,0.014724,0.434266,0.042654,0.377298,0.217047,0.580346,0.519607,0.513186,0.575567,0.639631,0.679424,0.689243,0.359131,0.412043,0.390397,0.502061,0.441292,0.594613,0.129664,0.266038,0.471606,0.622765,0.577451,0.621445,0.544736,0.647381,0.441499,0.567624
0.376223,0.624894,-0.144896,0.045278,-0.394364,-0.241549,0.265707,0.236489,-0.178708,0.006074,0.498469,0.315036,0.423964,0.000000,0.081916,0.569892,0.269826,-0.065032,0.104984,0.111492,-0.047639,-0.028930,0.224964,-0.143128,-0.167557,-0.184195,-0.292583,-0.290203,0.275661,0.224924,0.019986,0.376874,0.391758,0.469834,0.424427,0.474122,0.101794,0.247628,0.196084,0.426926,0.358927,0.325748,0.703900,0.630167,0.675954,0.672298,0.627143,0.649516,0.721003,0.733879,0.689693,0.746125,0.563709,0.697894,0.369169,0.295954,0.281346,0.555591,0.195931,0.461215,0.405693,0.618134,0.397505,0.230903,0.208189,0.750757,0.199295,0.298758,0.280466,0.183056,0.178798,0.184057,0.323118,0.319869,0.493639,0.301476,0.133117,0.170323,0.448280,0.289298,0.107997,0.217361,0.268460,0.355907,0.074612,0.548085,0.074129,0.008832,0.147363,0.576691,0.615197,0.660483,0.601590,0.438528,-0.078349,0.140323,0.141531,0.233873,0.213748,0.181838,-0.291839,-0.147360,-0.294007,-0.135632,0.074260,0.238589,-0.453162,-0.346149,-0.053094,0.203823,0.523665,0.226229,-0.064023,0.243970,0.682717,0.195439
0.432042,0.218613,0.641548,0.534128,0.364254,0.322847,0.607739,0.471611,0.464561,0.254975,0.379886,0.463566,0.458098,0.081916,0.000000,0.447219,0.319902,0.272540,0.512121,0.504968,0.464087,0.494583,0.607821,0.552701,0.318432,0.247265,0.427625,0.384256,0.311402,0.446924,0.455917,0.435248,0.428591,0.349094,0.293134,0.065177,0.482664,0.456728,0.460147,0.373013,0.271236,0.171979,-0.046548,0.189830,-0.008060,0.077738,0.101567,0.019815,-0.126035,-0.004349,-0.133633,-0.118162,-0.132439,-0.248865,0.524909,0.470513,0.466462,0.128856,0.437341,0.187789,0.252188,0.013739,0.376154,0.359532,0.348679,0.027612,0.441819,0.417014,0.405014,0.397007,0.501548,0.344869,0.182250,0.303580,0.332580,0.170642,0.465645,0.405899,0.161388,0.085385,0.463997,0.550843,0.444062,0.453769,0.376580,0.021040,0.598525,0.449630,0.142149,-0.042245,-0.057732,-0.125453,0.051881,-0.036342,0.404327,0.305692,0.423561,0.356200,0.437010,0.443725,0.376549,0.035904,0.426738,0.296930,0.390875,0.322120,0.424285,0.429288,0.370932,0.372226,0.224635,0.358632,0.334551,0.299062,-0.019873,0.313291
0.303606,0.517642,0.234398,0.509135,0.127749,0.324940,0.464530,0.607577,0.295716,0.387795,0.512868,0.535463,0.528560,0.569892,0.447219,0.000000,0.515985,0.029121,0.255742,0.279084,0.385900,0.278146,0.510166,0.403203,0.227787,0.250094,0.283051,0.293655,0.461196,0.153538,0.310895,0.542888,0.432554,0.469501,0.469645,0.372944,0.449958,0.556419,0.399738,0.659709,0.402771,0.410253,0.370105,0.563856,0.322524,0.408054,0.381538,0.462209,0.277117,0.393406,0.200120,0.389253,0.031355,0.304864,0.366968,0.670298,0.299361,0.465197,0.356209,0.313514,0.192066,0.363661,0.506300,0.292540,0.382233,0.468573,0.457758,0.455927,0.274329,0.369954,0.286376,0.538855,0.458037,0.346552,0.417390,0.462510,0.371499,0.501271,0.132023,0.476750,0.087901,0.496006,0.362084,0.642039,-0.062152,0.576166,0.380202,0.547815,-0.120222,0.533869,0.193758,0.386026,0.289125,0.444303,0.304992,0.336908,0.367228,0.501725,0.420381,0.493330,0.129914,0.144594,0.142161,0.288380,0.299577,0.492984,0.012872,0.166028,0.312126,0.384224,0.419934,0.422495,0.303273,0.455880,0.405552,0.395561
0.404481,0.538917,0.324186,0.576918,0.425426,0.509196,0.484243,0.642089,0.528274,0.530221,0.646211,0.621222,0.671072,0.269826,0.319902,0.515985,0.000000,0.440121,0.545799,0.501889,0.310073,0.305284,0.577789,0.522167,0.570600,0.557796,0.302035,0.383294,0.760438,0.365954,0.631739,0.638944,0.557817,0.507627,0.508421,0.323647,0.614858,0.574848,0.148714,0.568863,0.416898,0.586312,0.138815,0.443647,0.070192,0.175888,0.240381,0.406829,0.005645,0.148794,-0.070622,0.156360,-0.220882,0.075607,0.308004,0.616114,0.520533,0.564814,0.616209,0.361878,0.233995,0.209033,0.717496,0.515661,0.590081,0.293925,0.707933,0.590832,0.442069,0.645038,0.398229,0.667355,0.647495,0.523252,0.288051,0.592994,0.546913,0.676397,0.030833,0.539829,0.062130,0.636651,0.356957,0.443690,-0.052684,0.440724,0.298877,0.641291,-0.254027,0.383228,-0.114745,0.262657,0.063906,0.562509,0.614303,0.605301,0.591398,0.703467,0.642809,0.675005,0.482551,0.465854,0.478988,0.598547,0.449859,0.627015,0.215679,0.365311,0.539546,0.619111,0.460992,0.576341,0.623514,0.671296,0.332816,0.644414
0.394454,0.241536,0.412396,0.247778,0.409647,0.255100,0.408192,0.287082,0.411402,0.212215,0.435757,0.415672,0.456912,-0.065032,0.272540,0.029121,0.440121,0.000000,0.527489,0.523055,0.144436,0.288616,0.378093,0.364540,0.458869,0.372527,0.152784,0.152523,0.427153,0.412414,0.494892,0.356267,0.355972,0.281057,0.075930,-0.047788,0.407414,0.160776,0.031486,0.085752,0.307103,0.353480,-0.180820,0.126479,-0.181065,-0.051472,0.177694,0.105487,-0.221819,-0.213679,-0.244599,-0.213903,-0.209465,-0.328115,0.420484,0.193946,0.528184,0.271667,0.421788,0.094528,0.188876,-0.209247,0.441469,0.420434,0.420562,-0.011107,0.434529,0.467524,0.424390,0.604508,0.428208,0.268929,0.416555,0.489123,0.218739,0.352279,0.435907,0.340079,0.224821,0.174139,0.426482,0.563933,0.372817,0.002591,0.215745,-0.088429,0.370083,0.291391,-0.012746,-0.128160,-0.321196,-0.114999,-0.247663,0.105869,0.429720,0.390678,0.545994,0.400881,0.542979,0.515414,0.526135,0.522590,0.569485,0.518301,0.485435,0.337481,0.357055,0.347258,0.380117,0.539277,0.336648,0.496391,0.556521,0.484835,0.042526,0.364958
0.650198,0.500461,0.548863,0.577604,0.427101,0.343732,0.636904,0.560328,0.525492,0.410499,0.631866,0.623742,0.635269,0.104984,0.512121,0.255742,0.545799,0.527489,0.000000,0.692959,0.185948,0.321917,0.747531,0.528493,0.474532,0.395607,0.315266,0.325568,0.637522,0.617961,0.709399,0.592333,0.697842,0.611657,0.444645,0.292047,0.432329,0.419634,0.221252,0.395305,0.292975,0.377570,0.090375,0.359005,-0.034210,0.082366,0.259213,0.277355,-0.094172,0.037190,-0.075903,-0.022691,-0.098651,-0.110623,0.531704,0.457266,0.666239,0.467968,0.678984,0.447939,0.513340,0.180557,0.597395,0.659180,0.473807,0.146078,0.641442,0.576859,0.651895,0.635953,0.677228,0.507153,0.467853,0.572853,0.379770,0.410154,0.705349,0.592305,0.269136,0.245859,0.503519,0.616596,0.429382,0.278339,0.373803,0.142560,0.457250,0.395365,0.155475,0.104960,-0.088994,0.053393,0.044567,0.226968,0.597400,0.618409,0.616697,0.546108,0.644728,0.584881,0.399178,0.262119,0.464266,0.427923,0.376136,0.383087,0.345146,0.331766,0.482492,0.648833,0.483743,0.559918,0.519507,0.509562,0.229315,0.514892
0.605788,0.418089,0.699270,0.480698,0.380232,0.344829,0.648671,0.514629,0.459164,0.424300,0.487242,0.594228,0.491262,0.111492,0.504968,0.279084,0.501889,0.523055,0.692959,0.000000,0.270856,0.391038,0.609280,0.595671,0.424181,0.338822,0.272234,0.339710,0.471936,0.593414,0.614932,0.541932,0.492801,0.448449,0.228124,0.078510,0.488150,0.373273,0.284897,0.278441,0.216055,0.316377,-0.049326,0.225547,-0.029908,0.108072,0.187245,0.137440,-0.157647,-0.038105,-0.128781,-0.157755,-0.102120,-0.261182,0.548712,0.389019,0.698837,0.407793,0.641958,0.358570,0.319792,0.101560,0.510889,0.659842,0.411857,0.011021,0.517827,0.505086,0.601735,0.661236,0.550837,0.440753,0.379345,0.550443,0.267980,0.245631,0.547066,0.440791,0.293096,0.223477,0.497959,0.640312,0.477125,0.279220,0.408966,0.058155,0.552574,0.353309,0.093529,-0.029627,-0.150354,-0.163483,-0.091474,0.009956,0.520287,0.497520,0.570246,0.440513,0.580940,0.480369,0.385292,0.224516,0.485183,0.374840,0.425121,0.269572,0.405129,0.330365,0.404742,0.563038,0.351157,0.494336,0.488157,0.424531,0.075894,0.389823
0.073247,0.101886,0.420884,0.521198,0.462019,0.478299,0.338696,0.477758,0.453921,0.382159,0.206664,0.485396,0.370711,-0.047639,0.464087,0.385900,0.310073,0.144436,0.185948,0.270856,0.000000,0.640897,0.364227,0.531486,0.550241,0.504780,0.455895,0.472884,0.295859,0.141552,0.340848,0.328196,0.193509,0.183670,0.149631,-0.061223,0.572989,0.536383,0.537656,0.433995,0.270512,0.336042,-0.147727,0.059620,-0.129823,0.038376,-0.129328,-0.168259,-0.247098,-0.111790,-0.304797,-0.168947,-0.364648,-0.226756,0.192661,0.498078,0.219242,0.078095,0.262964,0.100812,-0.067670,-0.058394,0.288280,0.273035,0.347114,-0.060492,0.375700,0.370481,0.097812,0.238367,0.243439,0.424356,0.263540,0.234343,-0.059718,0.242134,0.305004,0.430314,-0.070284,0.391094,0.216963,0.499190,0.511611,0.655174,0.049667,0.255525,0.405006,0.570681,-0.229181,0.099489,-0.223309,-0.135571,-0.085108,0.119558,0.331922,0.095937,0.236669,0.332990,0.265035,0.395331,0.398438,0.205047,0.402394,0.380942,0.299900,0.347773,0.388905,0.497357,0.362473,0.188535,-0.052376,0.202356,0.324265,0.206337,-0.215119,0.222746
0.149561,0.160040,0.511380,0.477694,0.410684,0.357391,0.409707,0.412712,0.430972,0.233171,0.237129,0.460949,0.371697,-0.028930,0.494583,0.278146,0.305284,0.288616,0.321917,0.391038,0.640897,0.000000,0.367814,0.457660,0.424593,0.367599,0.259038,0.305555,0.340514,0.302119,0.340663,0.341015,0.245372,0.232139,0.102356,-0.195862,0.565659,0.459600,0.528081,0.341347,0.331656,0.190871,-0.206685,0.022145,-0.096382,0.043239,-0.063602,-0.138235,-0.207312,-0.124935,-0.266594,-0.203802,-0.305755,-0.291374,0.356349,0.470839,0.354195,0.100053,0.334466,0.107103,-0.003464,-0.132968,0.308518,0.334317,0.374899,-0.079131,0.386959,0.449114,0.245353,0.368235,0.333773,0.365750,0.165960,0.238221,0.113581,0.174208,0.380276,0.365371,0.055275,0.165592,0.335165,0.551835,0.515209,0.522752,0.181133,0.101724,0.468987,0.503226,-0.201639,0.000275,-0.217028,-0.198680,-0.028541,0.049514,0.437168,0.263327,0.422117,0.378485,0.340452,0.456022,0.474914,0.148307,0.482239,0.402980,0.365474,0.319949,0.471976,0.556371,0.451377,0.369336,0.048501,0.226767,0.338302,0.237192,-0.174023,0.311700
0.628734,0.553901,0.609183,0.739906,0.482808,0.506150,0.752831,0.744236,0.617672,0.580481,0.670772,0.711130,0.698024,0.224964,0.607821,0.510166,0.577789,0.378093,0.747531,0.609280,0.364227,0.367814,0.000000,0.682867,0.530661,0.512690,0.490426,0.501085,0.671760,0.471142,0.757830,0.741311,0.757136,0.698207,0.563611,0.397019,0.543517,0.617740,0.344000,0.582353,0.292698,0.465548,0.131026,0.408498,-0.032889,0.119696,0.229881,0.274381,-0.077857,0.091037,-0.086513,0.046984,-0.159327,-0.035604,0.545212,0.643193,0.611278,0.509774,0.682988,0.463231,0.470700,0.233483,0.654500,0.623102,0.527300,0.244014,0.713344,0.649927,0.519333,0.598922,0.688441,0.665460,0.586726,0.575638,0.442359,0.511338,0.718945,0.685288,0.233538,0.372520,0.429362,0.660389,0.453914,0.462888,0.237020,0.334062,0.578105,0.558471,0.093133,0.289527,-0.109652,0.103700,0.047346,0.344987,0.611378,0.607836,0.664178,0.639854,0.698159,0.680480,0.370274,0.325090,0.480359,0.517682,0.522540,0.583003,0.369810,0.381803,0.530384,0.657690,0.459551,0.630404,0.580869,0.633000,0.317698,0.612886
0.288343,0.214072,0.723433,0.775608,0.725355,0.759036,0.596164,0.717635,0.753761,0.688489,0.356071,0.598593,0.453703,-0.143128,0.552701,0.403203,0.522167,0.364540,0.528493,0.595671,0.531486,0.457660,0.682867,0.000000,0.633318,0.679745,0.688361,0.744715,0.522631,0.217464,0.693072,0.576510,0.413023,0.368524,0.258572,0.052963,0.606450,0.559631,0.342655,0.438671,0.153176,0.313483,-0.310005,0.048779,-0.373678,-0.216332,-0.166930,-0.106885,-0.474573,-0.314316,-0.515431,-0.368294,-0.564887,-0.437243,0.299698,0.603355,0.389678,0.203877,0.540482,0.144045,0.034902,-0.114315,0.453736,0.471389,0.435414,-0.167550,0.588047,0.500078,0.277496,0.496852,0.447735,0.649783,0.435204,0.373987,0.142807,0.380720,0.563024,0.615308,-0.147246,0.308827,0.214880,0.612670,0.329537,0.427845,0.023118,0.140914,0.588054,0.712678,-0.207261,0.052963,-0.474934,-0.288539,-0.289681,0.138669,0.663646,0.500425,0.567728,0.535505,0.544028,0.612411,0.604442,0.437680,0.685285,0.662311,0.519652,0.507961,0.663089,0.669882,0.545205,0.517409,0.081471,0.456327,0.627359,0.506572,-0.115613,0.482511
0.222097,0.229949,0.414953,0.554613,0.664214,0.644008,0.372114,0.550312,0.642831,0.591427,0.411976,0.562216,0.513992,-0.167557,0.318432,0.227787,0.570600,0.458869,0.474532,0.424181,0.550241,0.424593,0.530661,0.633318,0.000000,0.797474,0.532314,0.579150,0.593088,0.279262,0.689895,0.552438,0.457310,0.366781,0.371192,0.136724,0.590610,0.520869,0.184159,0.404213,0.237357,0.538798,-0.147945,0.152502,-0.264279,-0.092087,-0.034019,-0.003788,-0.328988,-0.188729,-0.384159,-0.218412,-0.450250,-0.266985,0.222009,0.495398,0.354540,0.256367,0.481434,0.191552,0.087741,-0.060019,0.500604,0.457996,0.570614,-0.035819,0.642558,0.517327,0.254057,0.494883,0.392927,0.578414,0.552576,0.450197,0.001842,0.442168,0.540963,0.656623,-0.061233,0.514481,0.222062,0.569997,0.384176,0.390844,0.049829,0.237899,0.310932,0.588096,-0.216171,0.142961,-0.398004,-0.064773,-0.186307,0.349437,0.538045,0.358287,0.490135,0.608314,0.546747,0.615449,0.590614,0.548899,0.624564,0.646358,0.474832,0.506772,0.463195,0.561126,0.456782,0.459641,0.166426,0.487409,0.603747,0.520631,-0.031349,0.436980
0.083790,0.201971,0.387430,0.624842,0.758542,0.769575,0.336416,0.603440,0.733777,0.695454,0.341078,0.528762,0.451177,-0.184195,0.247265,0.250094,0.557796,0.372527,0.395607,0.338822,0.504780,0.367599,0.512690,0.679745,0.797474,0.000000,0.624143,0.683671,0.600086,0.088990,0.665954,0.575765,0.417409,0.369762,0.375741,0.178120,0.564246,0.528824,0.171572,0.439769,0.161488,0.450013,-0.231838,0.050081,-0.372219,-0.202314,-0.168205,-0.063078,-0.415440,-0.263583,-0.479314,-0.254838,-0.572586,-0.268476,0.133413,0.549609,0.225990,0.230621,0.464807,0.175220,0.009656,-0.057693,0.456638,0.405703,0.537341,-0.043963,0.634573,0.529347,0.120651,0.425184,0.325756,0.673828,0.554650,0.369756,0.038591,0.488955,0.492517,0.651787,-0.226272,0.485621,0.059190,0.538241,0.246084,0.361776,-0.128880,0.290856,0.300136,0.657249,-0.309525,0.236496,-0.468148,-0.100259,-0.221530,0.401331,0.598339,0.421357,0.498210,0.592244,0.504595,0.619652,0.609394,0.578371,0.640784,0.719813,0.509371,0.590100,0.539427,0.627985,0.459715,0.464920,0.081478,0.426060,0.613413,0.550276,-0.032502,0.505256
0.099685,-0.009576,0.495994,0.597341,0.731832,0.731754,0.363990,0.508497,0.672734,0.638224,0.188363,0.393334,0.256350,-0.292583,0.427625,0.283051,0.302035,0.152784,0.315266,0.272234,0.455895,0.259038,0.490426,0.688361,0.532314,0.624143,0.000000,0.803213,0.322760,0.014016,0.537457,0.367466,0.279544,0.239410,0.221985,0.108419,0.379261,0.456843,0.203567,0.336329,-0.075166,0.170362,-0.332125,-0.081294,-0.464962,-0.310487,-0.334810,-0.246941,-0.527944,-0.371486,-0.548837,-0.410735,-0.569682,-0.421316,0.089109,0.465347,0.126968,0.017467,0.328591,0.021004,-0.005968,-0.139829,0.205568,0.251612,0.220060,-0.233446,0.399689,0.271609,0.055904,0.236792,0.355499,0.519913,0.289113,0.158303,0.027070,0.328572,0.395556,0.482952,-0.262992,0.292143,0.096144,0.373477,0.089141,0.286094,-0.064435,0.077797,0.435629,0.570391,-0.086796,0.002146,-0.462092,-0.314249,-0.318115,0.070287,0.495165,0.325134,0.370893,0.393716,0.367787,0.414600,0.470482,0.370797,0.549620,0.535887,0.406887,0.428539,0.611079,0.574202,0.435279,0.325965,-0.038191,0.353677,0.511265,0.371772,-0.167295,0.367613
0.088769,0.023754,0.513817,0.635869,0.732053,0.798357,0.379086,0.571412,0.704904,0.704885,0.185416,0.418409,0.267087,-0.290203,0.384256,0.293655,0.383294,0.152523,0.325568,0.339710,0.472884,0.305555,0.501085,0.744715,0.579150,0.683671,0.803213,0.000000,0.376093,0.028678,0.583097,0.422048,0.262861,0.207285,0.237680,0.103892,0.456390,0.485144,0.212260,0.362448,-0.059373,0.220534,-0.334383,-0.062653,-0.466577,-0.317116,-0.314915,-0.206384,-0.527007,-0.365338,-0.558450,-0.402080,-0.607752,-0.415507,0.086897,0.510469,0.123919,0.047648,0.371378,0.041716,-0.065367,-0.141407,0.262519,0.321075,0.244366,-0.267423,0.445858,0.287140,0.073343,0.294262,0.316668,0.564782,0.333243,0.213349,0.026416,0.338640,0.411561,0.531529,-0.312841,0.298261,0.023029,0.413860,0.106572,0.315279,-0.112497,0.114383,0.426449,0.618737,-0.165986,0.041685,-0.495262,-0.318327,-0.315042,0.108090,0.573922,0.380054,0.376260,0.412683,0.384339,0.449161,0.511551,0.379917,0.578277,0.581227,0.385113,0.416851,0.612472,0.614957,0.488866,0.348383,-0.071225,0.326641,0.541497,0.391469,-0.195290,0.383884
0.423922,0.593130,0.322503,0.636045,0.476185,0.522706,0.531821,0.675360,0.599731,0.552648,0.696065,0.692796,0.738630,0.275661,0.311402,0.461196,0.760438,0.427153,0.637522,0.471936,0.295859,0.340514,0.671760,0.522631,0.593088,0.600086,0.322760,0.376093,0.000000,0.410288,0.697726,0.736139,0.673790,0.654730,0.590719,0.390812,0.600081,0.616715,0.229967,0.639994,0.454205,0.599155,0.165160,0.433981,-0.016959,0.129062,0.230483,0.381372,-0.001057,0.133607,-0.070215,0.168367,-0.227617,0.111357,0.396448,0.666208,0.474556,0.557130,0.615683,0.426615,0.315728,0.228617,0.762802,0.596246,0.595562,0.304410,0.728544,0.658864,0.432042,0.624735,0.489878,0.724356,0.700831,0.569723,0.403767,0.664236,0.672688,0.737269,0.119615,0.523867,0.190499,0.644995,0.414598,0.465769,-0.020196,0.483449,0.341566,0.620118,-0.170997,0.477237,-0.135322,0.272256,0.119515,0.622118,0.683268,0.672629,0.658867,0.742731,0.680398,0.737005,0.459480,0.466679,0.499561,0.639083,0.479912,0.661878,0.272079,0.409493,0.545525,0.706542,0.472215,0.576628,0.610820,0.711460,0.384817,0.688213
0.632162,0.382850,0.418067,0.223086,0.079649,-0.021144,0.517250,0.241335,0.174133,0.104087,0.497461,0.455397,0.469672,0.224924,0.446924,0.153538,0.365954,0.412414,0.617961,0.593414,0.141552,0.302119,0.471142,0.217464,0.279262,0.088990,0.014016,0.028678,0.410288,0.000000,0.460255,0.424654,0.541413,0.449981,0.379959,0.226374,0.385349,0.328555,0.272964,0.237749,0.265877,0.382449,0.246244,0.365018,0.223007,0.306105,0.368911,0.245538,0.156219,0.258851,0.216216,0.113327,0.248692,-0.031368,0.618730,0.228485,0.602115,0.317846,0.514588,0.443473,0.518015,0.257599,0.477942,0.639874,0.298978,0.170004,0.431530,0.407747,0.571165,0.476533,0.575836,0.163841,0.237580,0.552630,0.353459,0.184979,0.517567,0.351693,0.541317,0.085917,0.592730,0.470247,0.500765,0.229640,0.619073,-0.018843,0.365416,0.059368,0.418363,-0.059022,0.193924,0.051885,0.254825,0.008288,0.340750,0.367417,0.427247,0.356709,0.505119,0.317270,0.176685,-0.081777,0.260468,0.081607,0.242075,0.118051,0.157864,0.108213,0.317980,0.464779,0.456439,0.409064,0.285317,0.276825,0.178565,0.315380
0.508581,0.436537,0.551879,0.670205,0.621513,0.609261,0.616109,0.680402,0.685464,0.647522,0.611026,0.671758,0.630350,0.019986,0.455917,0.310895,0.631739,0.494892,0.709399,0.614932,0.340848,0.340663,0.757830,0.693072,0.689895,0.665954,0.537457,0.583097,0.697726,0.460255,0.000000,0.718376,0.679127,0.582526,0.471385,0.290303,0.567493,0.562483,0.186851,0.466022,0.238908,0.490977,-0.054760,0.242499,-0.213979,-0.054712,0.054951,0.129826,-0.241481,-0.081563,-0.261275,-0.119244,-0.324663,-0.196208,0.411165,0.551443,0.549050,0.440577,0.680843,0.388067,0.355736,0.111323,0.653103,0.659067,0.537546,0.075626,0.713220,0.589037,0.430818,0.589343,0.614914,0.645249,0.601745,0.566935,0.309292,0.532066,0.686102,0.693900,0.072575,0.391601,0.320999,0.638942,0.365692,0.322230,0.145292,0.227156,0.481339,0.563704,-0.020994,0.174511,-0.291586,-0.017894,-0.096011,0.339165,0.645880,0.581315,0.655985,0.659007,0.690885,0.673250,0.526262,0.463842,0.618124,0.635001,0.576227,0.600045,0.480169,0.490517,0.536167,0.631978,0.344940,0.611184,0.668109,0.655908,0.195197,0.621173
0.523201,0.619110,0.436012,0.622587,0.414983,0.488022,0.660155,0.704940,0.556841,0.592077,0.665988,0.693983,0.684400,0.376874,0.435248,0.542888,0.638944,0.356267,0.592333,0.541932,0.328196,0.341015,0.741311,0.576510,0.552438,0.575765,0.367466,0.422048,0.736139,0.424654,0.718376,0.000000,0.745076,0.716148,0.632630,0.465257,0.601594,0.641844,0.309455,0.633999,0.351942,0.577921,0.233663,0.458220,0.083838,0.238231,0.296226,0.341892,0.079521,0.233387,0.035731,0.198228,-0.084178,0.117609,0.553601,0.669854,0.523804,0.551423,0.631504,0.477624,0.386299,0.313722,0.706237,0.602637,0.557586,0.379112,0.723056,0.677806,0.429967,0.575030,0.567591,0.694484,0.685769,0.621706,0.508930,0.588622,0.657467,0.711463,0.231061,0.458503,0.304935,0.670324,0.424794,0.474448,0.114636,0.453881,0.448834,0.520446,0.013361,0.458344,-0.031233,0.229189,0.181683,0.495830,0.548944,0.548165,0.657001,0.710199,0.706721,0.712321,0.352078,0.335224,0.451536,0.536665,0.608222,0.676553,0.292530,0.360553,0.429256,0.640858,0.475375,0.613511,0.563771,0.708853,0.427792,0.615570
0.684666,0.682326,0.379748,0.544341,0.284776,0.288902,0.660282,0.614120,0.446411,0.419158,0.734012,0.667598,0.708706,0.391758,0.428591,0.432554,0.557817,0.355972,0.697842,0.492801,0.193509,0.245372,0.757136,0.413023,0.457310,0.417409,0.279544,0.262861,0.673790,0.541413,0.679127,0.745076,0.000000,0.820060,0.714366,0.596271,0.437679,0.560989,0.225432,0.558513,0.312122,0.546770,0.376300,0.530519,0.199716,0.332542,0.411414,0.438105,0.183052,0.342643,0.197253,0.294878,0.120428,0.220412,0.587255,0.543116,0.647279,0.650363,0.693981,0.653222,0.681648,0.474940,0.669857,0.648191,0.544670,0.495588,0.743036,0.693610,0.551461,0.571764,0.700371,0.599347,0.618699,0.622618,0.521118,0.540482,0.697637,0.659643,0.405169,0.422762,0.457339,0.596323,0.426503,0.371119,0.328317,0.430242,0.385275,0.356034,0.242732,0.418472,0.142397,0.348435,0.277371,0.478892,0.467750,0.558588,0.651912,0.660568,0.720353,0.640381,0.223280,0.244008,0.316899,0.371442,0.487742,0.571187,0.147377,0.162526,0.418478,0.658952,0.649787,0.687511,0.494808,0.644626,0.554651,0.620953
0.633382,0.726523,0.341354,0.542460,0.242285,0.263909,0.631913,0.619975,0.406793,0.407697,0.704863,0.679534,0.682532,0.469834,0.349094,0.469501,0.507627,0.281057,0.611657,0.448449,0.183670,0.232139,0.698207,0.368524,0.366781,0.369762,0.239410,0.207285,0.654730,0.449981,0.582526,0.716148,0.820060,0.000000,0.653097,0.592274,0.391839,0.566480,0.315415,0.613974,0.346702,0.523135,0.403809,0.535149,0.216022,0.361682,0.414224,0.466113,0.205971,0.360312,0.222488,0.349846,0.132944,0.297177,0.571142,0.571062,0.605908,0.700602,0.660820,0.684900,0.649540,0.533783,0.631948,0.630699,0.482869,0.544731,0.679510,0.699149,0.530668,0.530956,0.656216,0.637366,0.622558,0.604813,0.523502,0.553273,0.674717,0.622551,0.416186,0.469864,0.438648,0.569438,0.461919,0.429047,0.267560,0.547458,0.384444,0.356403,0.207638,0.537624,0.162174,0.374838,0.285036,0.530476,0.446828,0.542214,0.614584,0.602346,0.671539,0.612812,0.151636,0.260368,0.250084,0.355521,0.423842,0.535899,0.098377,0.120218,0.405899,0.646212,0.650021,0.651040,0.437080,0.611994,0.581195,0.597338
0.458328,0.553472,0.134582,0.398860,0.165241,0.247943,0.446097,0.449663,0.317128,0.362061,0.575847,0.456192,0.583778,0.424427,0.293134,0.469645,0.508421,0.075930,0.444645,0.228124,0.149631,0.102356,0.563611,0.258572,0.371192,0.375741,0.221985,0.237680,0.590719,0.379959,0.471385,0.632630,0.714366,0.653097,0.000000,0.726044,0.391684,0.567549,0.163563,0.594154,0.254320,0.548394,0.502829,0.567040,0.295403,0.373695,0.401405,0.472221,0.308978,0.471644,0.301335,0.424819,0.172815,0.373523,0.432693,0.520694,0.351266,0.500934,0.492634,0.526445,0.513779,0.481913,0.527976,0.423680,0.448876,0.528288,0.646466,0.517962,0.339150,0.381200,0.479528,0.525864,0.544216,0.494660,0.435321,0.521342,0.540537,0.612603,0.270865,0.400381,0.169473,0.388309,0.241496,0.365897,0.165494,0.483501,0.201426,0.302729,0.207730,0.524365,0.256833,0.460291,0.433021,0.573078,0.381460,0.456790,0.463798,0.589312,0.573697,0.515553,0.123455,0.131075,0.185855,0.269578,0.345258,0.516340,0.010294,0.084422,0.320714,0.495891,0.562471,0.529155,0.388481,0.571944,0.563030,0.542543
0.424067,0.529803,-0.065775,0.215673,-0.041586,0.058741,0.301514,0.324921,0.107481,0.239715,0.472711,0.304884,0.429278,0.474122,0.065177,0.372944,0.323647,-0.047788,0.292047,0.078510,-0.061223,-0.195862,0.397019,0.052963,0.136724,0.178120,0.108419,0.103892,0.390812,0.226374,0.290303,0.465257,0.596271,0.592274,0.726044,0.000000,0.133564,0.364630,0.015785,0.470533,0.142748,0.491427,0.623477,0.592557,0.355779,0.394802,0.481156,0.569373,0.406247,0.543235,0.444855,0.543911,0.341252,0.520892,0.307720,0.309159,0.226529,0.536704,0.367188,0.555577,0.541498,0.593883,0.348040,0.316022,0.219318,0.594227,0.462448,0.361943,0.264965,0.221540,0.378322,0.370949,0.489142,0.419076,0.412228,0.445905,0.384258,0.428436,0.284727,0.353546,0.064938,0.157459,0.098059,0.175646,0.113361,0.500825,0.028601,0.077371,0.353775,0.539174,0.398134,0.555471,0.422484,0.520100,0.163548,0.319952,0.253966,0.376107,0.400680,0.275032,-0.132594,0.069507,-0.075114,0.057240,0.115577,0.309384,-0.225076,-0.220121,0.122882,0.307518,0.578973,0.415635,0.229002,0.429523,0.628844,0.370145
0.305665,0.372606,0.528304,0.603476,0.504594,0.548160,0.579137,0.607825,0.580528,0.487937,0.481086,0.577128,0.575983,0.101794,0.482664,0.449958,0.614858,0.407414,0.432329,0.488150,0.572989,0.565659,0.543517,0.606450,0.590610,0.564246,0.379261,0.456390,0.600081,0.385349,0.567493,0.601594,0.437679,0.391839,0.391684,0.133564,0.000000,0.725703,0.508048,0.615090,0.452576,0.555215,-0.042049,0.262957,-0.061200,0.091826,0.099687,0.093668,-0.141531,-0.007788,-0.218077,-0.059700,-0.315999,-0.170849,0.527442,0.675640,0.416433,0.290016,0.511379,0.239595,0.068501,-0.045593,0.583991,0.490436,0.472960,0.071613,0.631230,0.579426,0.338948,0.588375,0.454918,0.589785,0.482799,0.494179,0.301348,0.480678,0.594453,0.646904,0.088425,0.359984,0.255413,0.651371,0.568736,0.567343,0.101416,0.270316,0.561465,0.669264,-0.120857,0.227515,-0.249840,-0.025609,-0.021544,0.339570,0.657875,0.491260,0.573111,0.601997,0.647554,0.682969,0.550851,0.374278,0.641620,0.632867,0.551407,0.566471,0.497549,0.594292,0.577161,0.547764,0.282698,0.500352,0.653354,0.588725,0.015449,0.529033
