0.000000 0.679828 0.533512 0.652471 -0.059346 0.542228 0.815505 0.483080 0.360168 0.388372 0.780169 0.446890 0.791067 0.322240 0.449065 0.513877 0.437459 0.625676 0.731944 0.858649 0.131143 0.023294 0.717036 0.548270 0.462749 0.404227 -0.289453 0.110522 0.625271 0.192239 0.290671 0.595237 0.784639 0.752825 0.589981 0.585177 0.530150 0.480923 0.492169 0.339953 0.356164 0.323713 0.665219 0.713633 0.607539 0.671765 0.726186 0.655398 0.572318 0.390615 0.449655 0.503249 0.677918 0.539885 0.685074 0.593123 0.788307 0.545069 0.627729 0.410365 0.703604 0.592096 0.751455 0.576917 0.572534 0.376173 0.690588 0.605159 0.796311 0.625408 0.056739 -0.040060 0.562763 0.356370 0.737804 0.554729 0.606654 0.570234 0.459760 0.050396 0.702505 0.518534 0.576439 0.051398 0.588866 0.265024 0.594763 -0.311829 0.775998 0.268591 0.560835 0.642672 0.720130 0.622088 0.490750 0.526248 0.623295 0.674425 0.764626 0.714237 0.529327 0.445865 0.537337 0.426032 0.700433 0.596179 0.502235 0.010246 0.341409 0.407501 0.626349 0.634475 0.727528 0.710707 0.630018 0.336221
0.679828 0.000000 0.639878 0.482157 0.368404 0.478078 0.570801 0.613235 0.504577 0.512980 0.389000 0.615901 0.515572 0.513770 0.165595 0.425927 0.052767 0.673085 0.717602 0.625839 0.065965 0.331068 0.411031 0.505948 0.633802 0.457910 0.192462 0.343912 0.350122 0.563613 0.546700 0.554058 0.705879 0.729658 0.481960 0.507751 0.142387 0.187931 0.080178 -0.064725 0.095932 0.080444 0.339279 0.469752 0.340675 0.456611 0.459810 0.389675 0.417187 0.617713 0.524220 0.335289 0.450987 0.286856 0.404892 0.299170 0.734783 0.860851 0.691914 0.670943 0.688084 0.411101 0.540518 0.552111 0.433713 0.446734 0.577021 0.539874 0.795916 0.754692 0.404232 0.306507 0.487836 0.578745 0.421806 0.142014 0.511083 0.482857 0.631635 0.364902 0.558019 0.375122 0.144417 0.089252 0.494021 0.147309 0.139288 0.047749 0.484971 0.051969 0.514700 0.277008 0.449272 0.215465 0.208729 0.224973 0.384911 0.396659 0.456159 0.436512 0.501081 0.156772 0.518750 0.245343 0.343121 0.182155 0.428581 0.099246 0.194247 0.129264 0.461309 0.425791 0.285618 0.318073 0.265694 0.053333
0.533512 0.639878 0.000000 0.379848 0.601951 0.432274 0.717454 0.706097 0.308189 0.485190 0.330337 0.453128 0.377820 0.436196 -0.213453 0.087479 -0.121497 0.360372 0.418427 0.401628 0.163446 0.443290 0.322645 0.607230 0.612888 0.476462 0.314353 0.389023 0.283088 0.641967 0.668383 0.636555 0.542993 0.682694 0.701110 0.640835 0.196940 0.269698 0.054046 -0.236798 0.068099 0.049742 0.228025 0.315274 0.077317 0.215687 0.354260 0.161514 0.158696 0.481278 0.511113 0.218662 0.451015 0.183016 0.325300 0.114438 0.304213 0.526049 0.481190 0.508275 0.673902 0.346147 0.604606 0.590676 0.609060 0.621831 0.574294 0.490816 0.471928 0.350714 0.635593 0.545203 0.580735 0.688872 0.462396 0.048079 0.770499 0.708886 0.527820 0.141977 0.443709 0.070671 -0.102375 -0.165296 0.385525 -0.146784 0.001331 -0.152627 0.469736 -0.170693 0.750852 0.342731 0.582875 0.299886 0.361780 0.228831 0.437139 0.328053 0.491894 0.613012 0.825268 0.338383 0.812765 0.458116 0.296121 0.065377 0.680072 0.428582 0.230283 0.125847 0.514162 0.581518 0.370151 0.310228 0.163851 0.079345
0.652471 0.482157 0.379848 0.000000 -0.075227 0.730687 0.713150 0.627776 0.555747 0.461347 0.772819 0.595897 0.761560 0.380001 0.460631 0.521699 0.542974 0.487312 0.665985 0.752289 0.138578 -0.008276 0.863851 0.790259 0.599456 0.620019 -0.430486 0.074379 0.727481 0.096836 0.355730 0.707345 0.776325 0.736597 0.574926 0.576647 0.480035 0.365804 0.393989 0.443519 0.295698 0.202678 0.755327 0.747224 0.679344 0.723463 0.682662 0.728608 0.629706 0.304838 0.472295 0.634215 0.542147 0.695744 0.589401 0.687750 0.585098 0.349483 0.532291 0.372407 0.502092 0.768630 0.692659 0.689774 0.560906 0.493914 0.718573 0.687376 0.585987 0.480772 -0.123302 0.185378 0.597197 0.210383 0.545044 0.654610 0.513277 0.620482 0.325186 0.374819 0.471203 0.657517 0.599524 0.223158 0.369316 0.643132 0.532818 -0.137911 0.607417 0.660373 0.395679 0.756790 0.634680 0.660099 0.565396 0.626211 0.607955 0.707031 0.723393 0.669321 0.200250 0.440004 0.226855 0.364170 0.707377 0.705049 0.407308 -0.082049 0.387327 0.494142 0.626717 0.592913 0.658118 0.703040 0.715434 0.459837
-0.059346 0.368404 0.601951 -0.075227 0.000000 0.199291 0.145527 0.440454 0.202483 0.305712 -0.236237 0.236415 -0.167599 0.222527 -0.556714 -0.309828 -0.468543 0.006164 0.061554 -0.177356 0.033775 0.629615 -0.229627 0.230618 0.515190 0.403366 0.737256 0.537043 -0.119643 0.665466 0.681400 0.312078 0.073454 0.211943 0.224673 0.133611 -0.349285 -0.232694 -0.422684 -0.554553 -0.349116 -0.316362 -0.355970 -0.241397 -0.417566 -0.329701 -0.241514 -0.356537 -0.273865 0.233524 0.161479 -0.248823 -0.169928 -0.296178 -0.273127 -0.382842 -0.082291 0.387323 0.093054 0.315531 0.242635 -0.072087 0.103230 0.206619 0.156526 0.320211 0.018278 -0.017142 0.037857 0.130400 0.719251 0.674603 0.179671 0.466525 -0.144351 -0.458454 0.279579 0.268312 0.376028 0.312923 -0.009789 -0.278025 -0.588101 -0.242765 -0.096822 -0.380414 -0.497620 0.206516 -0.206628 -0.396385 0.300320 -0.223736 -0.012141 -0.187351 -0.106720 -0.211326 -0.112433 -0.181769 -0.140734 0.034289 0.428642 0.050301 0.421150 0.201701 -0.356949 -0.463186 0.225643 0.530950 -0.047551 -0.328753 -0.002001 0.053347 -0.284747 -0.310099 -0.402560 -0.321473
0.542228 0.478078 0.432274 0.730687 0.199291 0.000000 0.651915 0.616745 0.648235 0.511003 0.646768 0.611292 0.622086 0.381609 0.305465 0.406843 0.436190 0.502379 0.575021 0.591785 0.100434 0.225087 0.692820 0.769373 0.709331 0.791964 -0.213924 0.393651 0.690773 0.296369 0.551045 0.751981 0.678126 0.711291 0.521132 0.494323 0.274480 0.217036 0.226183 0.224159 0.074517 0.030819 0.555325 0.564786 0.493015 0.528122 0.516306 0.519685 0.474823 0.236017 0.383952 0.400818 0.409850 0.511132 0.414100 0.445480 0.485902 0.377979 0.389295 0.328832 0.470243 0.639785 0.686566 0.684909 0.486141 0.452255 0.567502 0.504739 0.489950 0.438873 0.030162 0.313076 0.576936 0.231971 0.432021 0.486330 0.464551 0.583660 0.441617 0.420389 0.445709 0.533919 0.409337 0.099148 0.275375 0.455481 0.376180 -0.098987 0.456319 0.458382 0.413742 0.590601 0.590403 0.549458 0.416908 0.513454 0.490613 0.574918 0.594239 0.582768 0.250907 0.424083 0.265069 0.385311 0.517415 0.540396 0.428657 0.089487 0.358648 0.344180 0.496720 0.532029 0.518529 0.576629 0.565471 0.293741
0.815505 0.570801 0.717454 0.713150 0.145527 0.651915 0.000000 0.647368 0.398240 0.456947 0.778755 0.471781 0.763954 0.340046 0.239870 0.350844 0.385907 0.504300 0.621827 0.744746 0.192090 0.128285 0.751758 0.732901 0.586880 0.547685 -0.231380 0.203767 0.669684 0.285871 0.486284 0.747182 0.766480 0.805429 0.756711 0.707717 0.547184 0.501481 0.430808 0.252680 0.298756 0.241817 0.660968 0.680376 0.511401 0.604917 0.696400 0.583182 0.508576 0.363368 0.529131 0.516349 0.678237 0.573498 0.653959 0.552759 0.556006 0.399118 0.538373 0.386249 0.688193 0.646631 0.836796 0.711395 0.725172 0.576964 0.764114 0.656429 0.616833 0.440082 0.191933 0.208774 0.692301 0.433055 0.743887 0.537216 0.767065 0.764787 0.444044 0.100754 0.644340 0.458010 0.443545 -0.045463 0.509434 0.251318 0.495788 -0.343010 0.753918 0.283046 0.700597 0.737136 0.824082 0.721175 0.601666 0.583484 0.663692 0.686704 0.816857 0.843527 0.665596 0.594812 0.669896 0.588249 0.695325 0.589983 0.659777 0.224959 0.384986 0.408962 0.690401 0.760808 0.762500 0.727320 0.621209 0.392349
0.483080 0.613235 0.706097 0.627776 0.440454 0.616745 0.647368 0.000000 0.559690 0.747942 0.441103 0.774565 0.571086 0.729995 -0.062269 0.307140 -0.028488 0.374041 0.472685 0.466353 -0.000007 0.274255 0.519837 0.759369 0.691430 0.580514 0.109064 0.237446 0.398289 0.566110 0.586246 0.735405 0.587747 0.741131 0.661882 0.643961 0.103500 0.107977 0.000053 -0.149595 0.023715 0.047390 0.364041 0.406274 0.241134 0.347183 0.399130 0.282015 0.234801 0.420043 0.529327 0.366392 0.438070 0.355462 0.306374 0.190858 0.307743 0.505307 0.514069 0.510936 0.696397 0.664699 0.653260 0.791240 0.694180 0.740306 0.604676 0.546836 0.444135 0.298272 0.364360 0.579270 0.567660 0.541127 0.405559 0.198505 0.672488 0.713943 0.473320 0.380477 0.293553 0.211505 0.018766 -0.067708 0.252353 0.160990 0.002190 -0.161616 0.445768 0.145504 0.617161 0.458200 0.558514 0.260341 0.332978 0.277700 0.391573 0.320710 0.506608 0.547923 0.505367 0.146597 0.473321 0.191244 0.393038 0.206725 0.577801 0.112748 0.274123 0.161708 0.495550 0.520447 0.351715 0.377248 0.346288 0.160055
0.360168 0.504577 0.308189 0.555747 0.202483 0.648235 0.398240 0.559690 0.000000 0.651108 0.342850 0.682772 0.569974 0.572531 0.379244 0.488199 0.123903 0.444451 0.509374 0.355536 0.021988 0.180573 0.460012 0.470523 0.554174 0.492243 0.012575 0.246716 0.307940 0.351890 0.378956 0.425584 0.487916 0.467061 0.380063 0.328264 0.047235 0.105107 0.022967 0.078991 0.058662 -0.022296 0.347970 0.417552 0.328178 0.395289 0.330670 0.360898 0.306186 0.378734 0.390031 0.363266 0.318201 0.468076 0.231503 0.293980 0.417888 0.524454 0.396934 0.451606 0.486410 0.489190 0.408461 0.501932 0.459800 0.414636 0.445184 0.378458 0.422227 0.410807 0.175257 0.355672 0.331713 0.317498 0.247311 0.248993 0.269885 0.336001 0.358497 0.403231 0.266272 0.399299 0.188381 0.260598 0.331149 0.433391 0.143851 0.134521 0.317197 0.369512 0.304204 0.370045 0.325660 0.208965 0.231568 0.297310 0.321747 0.328098 0.353940 0.367096 0.060491 0.021226 0.065897 -0.004108 0.369968 0.332815 0.238691 -0.228546 0.147932 0.223282 0.338511 0.306157 0.225119 0.325342 0.339427 0.154235
0.388372 0.512980 0.485190 0.461347 0.305712 0.511003 0.456947 0.747942 0.651108 0.000000 0.319939 0.725184 0.541211 0.724564 0.169102 0.480963 -0.060916 0.290467 0.422682 0.346166 -0.059621 0.195468 0.365750 0.494470 0.469015 0.399237 0.184515 0.300088 0.217425 0.361516 0.336938 0.452773 0.399700 0.501457 0.429531 0.420586 -0.000552 0.033745 0.059188 -0.043732 0.092455 0.121075 0.209352 0.266443 0.203334 0.271620 0.247588 0.155147 0.160798 0.364112 0.413524 0.278546 0.323832 0.333188 0.206700 0.124117 0.286073 0.514215 0.383226 0.417111 0.545458 0.486882 0.437363 0.551331 0.539166 0.527850 0.416287 0.345163 0.373864 0.289898 0.288951 0.426234 0.330781 0.369736 0.329610 0.139595 0.390124 0.419888 0.263817 0.240109 0.191721 0.180746 0.049610 0.082209 0.287558 0.198724 0.075610 0.036677 0.329837 0.164769 0.392343 0.292944 0.378377 0.166129 0.172517 0.184480 0.261006 0.178513 0.336798 0.369539 0.302321 0.025291 0.275083 0.035974 0.303363 0.176573 0.341306 -0.047977 0.128853 0.095159 0.245477 0.305761 0.206455 0.260744 0.232765 0.092394
0.780169 0.389000 0.330337 0.772819 -0.236237 0.646768 0.778755 0.441103 0.342850 0.319939 0.000000 0.438267 0.835782 0.261388 0.492269 0.522554 0.713228 0.534669 0.597117 0.816308 0.180657 -0.057523 0.846702 0.648414 0.419529 0.496102 -0.590209 -0.030581 0.830730 0.033892 0.223912 0.651022 0.708778 0.698103 0.556629 0.548413 0.666046 0.529798 0.574374 0.517833 0.374590 0.368678 0.779333 0.732041 0.714818 0.716554 0.725889 0.723823 0.602944 0.167276 0.361630 0.568931 0.625459 0.663368 0.668032 0.686273 0.610716 0.233210 0.450049 0.212076 0.519083 0.720178 0.787898 0.646878 0.553708 0.361507 0.661101 0.576535 0.568915 0.395002 -0.219053 -0.051316 0.620504 0.150734 0.694097 0.762571 0.541090 0.608357 0.280793 0.102407 0.603561 0.624685 0.744616 0.120518 0.423068 0.495003 0.706654 -0.367366 0.725513 0.546935 0.433881 0.804440 0.758047 0.781894 0.560027 0.660925 0.651721 0.748248 0.811652 0.745440 0.312236 0.540186 0.330833 0.444607 0.797614 0.812890 0.477919 -0.029098 0.396818 0.509147 0.611809 0.633963 0.826786 0.839933 0.791515 0.541531
0.446890 0.615901 0.453128 0.595897 0.236415 0.611292 0.471781 0.774565 0.682772 0.725184 0.438267 0.000000 0.618397 0.815238 0.201020 0.561146 0.093156 0.531382 0.492244 0.475685 0.031645 0.244651 0.520133 0.637344 0.581150 0.509077 -0.031853 0.161092 0.416959 0.529207 0.420158 0.581229 0.537953 0.642176 0.478739 0.512771 0.085883 0.104698 0.044219 -0.054859 0.064903 0.100503 0.394410 0.428887 0.340180 0.429995 0.414463 0.346060 0.332371 0.468257 0.554382 0.461331 0.479662 0.459120 0.335822 0.263198 0.406897 0.567765 0.564618 0.574495 0.657759 0.632276 0.567392 0.735355 0.560647 0.559427 0.541502 0.477774 0.484956 0.376561 0.170166 0.405635 0.446255 0.416891 0.296938 0.270361 0.468599 0.533909 0.418884 0.389310 0.299469 0.335403 0.168115 0.149813 0.328177 0.367609 0.075639 -0.032761 0.466344 0.305699 0.455029 0.423367 0.465839 0.171244 0.225341 0.287281 0.377628 0.300712 0.456539 0.420459 0.261132 -0.023051 0.238140 -0.018031 0.429381 0.296706 0.462039 -0.152385 0.233009 0.210993 0.408916 0.399707 0.303886 0.390562 0.402420 0.230549
0.791067 0.515572 0.377820 0.761560 -0.167599 0.622086 0.763954 0.571086 0.569974 0.541211 0.835782 0.618397 0.000000 0.513373 0.535524 0.632599 0.490088 0.559166 0.631907 0.773111 0.065836 -0.084900 0.819932 0.599182 0.461776 0.423906 -0.447962 -0.040871 0.669849 0.144495 0.202528 0.596477 0.701627 0.688794 0.582222 0.581328 0.491710 0.430553 0.442817 0.390679 0.349089 0.309431 0.721552 0.710280 0.663694 0.707284 0.702037 0.666488 0.545142 0.298688 0.449435 0.611500 0.685605 0.698929 0.626758 0.618070 0.626176 0.393194 0.544225 0.360666 0.685284 0.767982 0.757651 0.690926 0.677491 0.467940 0.692200 0.594443 0.604587 0.411397 -0.099426 0.007145 0.542801 0.255565 0.675539 0.654435 0.540898 0.573739 0.347879 0.112659 0.563330 0.567128 0.623100 0.139482 0.516379 0.489169 0.577360 -0.322628 0.760454 0.501049 0.499522 0.762518 0.722730 0.628773 0.491167 0.593095 0.616338 0.643553 0.767695 0.712857 0.316243 0.326778 0.309616 0.242830 0.779622 0.727306 0.477581 -0.207475 0.316786 0.443628 0.605173 0.608988 0.725734 0.773450 0.746147 0.445474
0.322240 0.513770 0.436196 0.380001 0.222527 0.381609 0.340046 0.729995 0.572531 0.724564 0.261388 0.815238 0.513373 0.000000 0.033083 0.503044 -0.151806 0.373659 0.260233 0.303603 -0.085805 0.169352 0.339757 0.464556 0.450312 0.308007 0.084761 0.011069 0.188771 0.568432 0.255331 0.422746 0.358173 0.506102 0.454917 0.492051 -0.058979 0.013796 -0.110918 -0.263338 -0.004596 0.092657 0.240440 0.269818 0.187653 0.278278 0.304427 0.180037 0.108446 0.400126 0.419083 0.301062 0.456800 0.275476 0.195595 0.046758 0.228413 0.482879 0.469118 0.490848 0.652746 0.544886 0.429947 0.636465 0.562711 0.585851 0.444959 0.398907 0.344251 0.169782 0.246637 0.400616 0.334278 0.461977 0.250716 0.074518 0.435043 0.426899 0.400055 0.238576 0.194623 0.097350 -0.022410 0.026942 0.304763 0.146076 -0.107735 -0.165412 0.409964 0.052970 0.507822 0.294675 0.400648 -0.052730 0.097510 0.098273 0.241258 0.074376 0.329023 0.307268 0.292648 -0.282291 0.228942 -0.260242 0.344357 0.118157 0.432665 -0.286627 0.143336 0.085009 0.333837 0.290123 0.174451 0.274577 0.283450 0.108326
0.449065 0.165595 -0.213453 0.460631 -0.556714 0.305465 0.239870 -0.062269 0.379244 0.169102 0.492269 0.201020 0.535524 0.033083 0.000000 0.735032 0.605041 0.374618 0.465769 0.516759 0.143208 -0.212573 0.492758 0.125886 -0.017646 0.102401 -0.487935 -0.020770 0.384644 -0.335274 -0.232577 0.063833 0.365235 0.175019 -0.007141 0.025404 0.421438 0.328371 0.613646 0.757925 0.430497 0.341453 0.514211 0.506629 0.637520 0.593369 0.426550 0.563615 0.580108 0.151996 0.190058 0.470645 0.368093 0.584758 0.498747 0.638811 0.548580 0.203698 0.268040 0.123074 0.087519 0.262395 0.192589 0.068906 0.042022 -0.154821 0.282914 0.273974 0.431517 0.412526 -0.414150 -0.421155 0.066850 -0.182499 0.388998 0.582327 -0.074129 -0.036918 -0.056319 -0.019744 0.350941 0.613989 0.788594 0.515606 0.445603 0.628775 0.749448 0.161175 0.407401 0.603103 -0.117029 0.394492 0.213766 0.430900 0.308415 0.471273 0.389448 0.504083 0.386529 0.246964 -0.233335 0.187222 -0.199649 0.052415 0.545572 0.650650 -0.099588 -0.445461 0.102594 0.472529 0.206581 0.173102 0.449075 0.493126 0.508855 0.339703
0.513877 0.425927 0.087479 0.521699 -0.309828 0.406843 0.350844 0.307140 0.488199 0.480963 0.522554 0.561146 0.632599 0.503044 0.735032 0.000000 0.430384 0.566912 0.476436 0.577749 0.163453 0.030041 0.517065 0.339121 0.197122 0.230294 -0.311149 0.027765 0.406635 0.070723 -0.058021 0.269110 0.473847 0.422444 0.239290 0.313192 0.381281 0.343285 0.485257 0.479941 0.408589 0.395575 0.525636 0.527745 0.636603 0.638406 0.517018 0.551700 0.567129 0.385192 0.402685 0.524480 0.563635 0.566507 0.546784 0.533678 0.571118 0.446219 0.482282 0.371019 0.373093 0.427853 0.358387 0.370646 0.260881 0.185561 0.476767 0.464799 0.567204 0.453395 -0.151623 -0.116867 0.275181 0.164979 0.462347 0.488513 0.183997 0.191608 0.180244 0.085717 0.442154 0.573870 0.627798 0.502447 0.580999 0.573389 0.567905 0.115963 0.554747 0.461494 0.188730 0.423593 0.391052 0.294411 0.312909 0.409601 0.467693 0.449360 0.485374 0.338342 0.031064 0.001826 0.029923 -0.065997 0.624384 0.557107 0.172063 -0.452954 0.152561 0.457207 0.360661 0.299618 0.455244 0.522060 0.517501 0.314951
0.437459 0.052767 -0.121497 0.542974 -0.468543 0.436190 0.385907 -0.028488 0.123903 -0.060916 0.713228 0.093156 0.490088 -0.151806 0.605041 0.430384 0.000000 0.447345 0.377688 0.590104 0.324688 -0.087242 0.619208 0.360809 0.105236 0.331104 -0.699724 -0.045208 0.759293 -0.257911 -0.024915 0.313743 0.434693 0.336287 0.166981 0.194142 0.685657 0.502765 0.675318 0.724249 0.412201 0.420915 0.642318 0.553301 0.700297 0.611679 0.505330 0.643307 0.582806 -0.079684 0.063443 0.383237 0.317035 0.505334 0.512118 0.657218 0.482967 -0.020237 0.147367 -0.064725 0.023667 0.399937 0.433540 0.272031 0.111879 -0.020123 0.362571 0.344821 0.335569 0.316865 -0.494243 -0.325509 0.376719 -0.180486 0.409345 0.730189 0.122426 0.224931 -0.017183 0.061112 0.450805 0.689363 0.830312 0.326586 0.265324 0.606963 0.757159 -0.125649 0.417717 0.636283 -0.009962 0.550086 0.431189 0.679661 0.407224 0.575427 0.471974 0.645319 0.530036 0.405812 -0.096272 0.525366 -0.036824 0.377451 0.568936 0.756477 0.071350 -0.062700 0.245665 0.493694 0.318000 0.307153 0.596730 0.611982 0.589780 0.535559
0.625676 0.673085 0.360372 0.487312 0.006164 0.502379 0.504300 0.374041 0.444451 0.290467 0.534669 0.531382 0.559166 0.373659 0.374618 0.566912 0.447345 0.000000 0.600536 0.648644 0.388823 0.287856 0.509495 0.446173 0.441327 0.373599 -0.221178 0.141357 0.543944 0.412173 0.279295 0.442460 0.653222 0.628892 0.449336 0.537716 0.436598 0.446936 0.369684 0.176077 0.355796 0.365320 0.563692 0.593608 0.583338 0.629793 0.599429 0.586795 0.574132 0.429459 0.406059 0.385898 0.559185 0.387833 0.543331 0.449347 0.732460 0.614781 0.587377 0.459148 0.560181 0.429868 0.586131 0.541330 0.378247 0.370217 0.626884 0.595371 0.728504 0.664081 0.093607 0.027903 0.543708 0.443632 0.450667 0.413361 0.445270 0.450240 0.528706 0.256350 0.703255 0.648695 0.445024 0.320444 0.588972 0.385071 0.360923 -0.082639 0.601343 0.235199 0.446032 0.393469 0.532785 0.315038 0.280044 0.342234 0.502963 0.511026 0.551343 0.440901 0.330085 0.185503 0.350010 0.189978 0.489706 0.404457 0.373696 -0.063936 0.173607 0.326126 0.499262 0.410658 0.424822 0.453362 0.388581 0.295943
0.731944 0.717602 0.418427 0.665985 0.061554 0.575021 0.621827 0.472685 0.509374 0.422682 0.597117 0.492244 0.631907 0.260233 0.465769 0.476436 0.377688 0.600536 0.000000 0.755157 0.157949 0.176096 0.640604 0.558585 0.528692 0.479057 -0.144262 0.270670 0.536543 0.184227 0.434909 0.563808 0.770632 0.669670 0.404159 0.388468 0.358498 0.303119 0.326339 0.308539 0.297322 0.216859 0.516601 0.603157 0.555211 0.604367 0.481687 0.522126 0.604760 0.464999 0.436961 0.448847 0.399201 0.488507 0.458384 0.496876 0.766027 0.616382 0.554944 0.434758 0.496858 0.456251 0.568138 0.455219 0.370692 0.240602 0.528617 0.457494 0.754651 0.720285 0.077648 0.135703 0.512669 0.321514 0.508994 0.495302 0.413261 0.461657 0.386739 0.335585 0.519597 0.580466 0.448768 0.247225 0.437092 0.392823 0.435573 0.043732 0.461410 0.375811 0.286050 0.421959 0.413453 0.447064 0.340026 0.420624 0.468976 0.580658 0.519857 0.461396 0.240003 0.348791 0.280976 0.334412 0.454455 0.446516 0.281600 0.049144 0.253893 0.307522 0.425975 0.411845 0.432737 0.446637 0.451691 0.252275
0.858649 0.625839 0.401628 0.752289 -0.177356 0.591785 0.744746 0.466353 0.355536 0.346166 0.816308 0.475685 0.773111 0.303603 0.516759 0.577749 0.590104 0.648644 0.755157 0.000000 0.119029 -0.021892 0.790511 0.619091 0.467393 0.472048 -0.426623 0.079223 0.722572 0.110164 0.251787 0.619671 0.795548 0.781306 0.519390 0.545778 0.561128 0.460420 0.510571 0.435596 0.362458 0.336552 0.728432 0.737353 0.735748 0.760432 0.734743 0.723948 0.674069 0.324071 0.393649 0.513778 0.616990 0.557104 0.682234 0.652695 0.796282 0.477105 0.579366 0.324107 0.561313 0.621150 0.712264 0.577546 0.459223 0.324313 0.679563 0.629445 0.783545 0.644076 -0.119762 -0.085963 0.559257 0.250604 0.681063 0.636720 0.509479 0.521011 0.389829 0.133483 0.653437 0.647786 0.676687 0.162741 0.516360 0.433022 0.640597 -0.266122 0.716606 0.411185 0.416943 0.646542 0.663528 0.616837 0.501406 0.568818 0.605519 0.686111 0.733784 0.626915 0.355469 0.407608 0.374411 0.363526 0.722119 0.670491 0.382591 -0.087163 0.358861 0.441818 0.581163 0.563544 0.703852 0.717669 0.679724 0.379789
0.131143 0.065965 0.163446 0.138578 0.033775 0.100434 0.192090 -0.000007 0.021988 -0.059621 0.180657 0.031645 0.065836 -0.085805 0.143208 0.163453 0.324688 0.388823 0.157949 0.119029 0.000000 0.468029 0.159290 0.158297 0.041518 0.086055 -0.145263 0.076432 0.304425 0.155775 0.055185 0.102745 0.208550 0.090196 0.219517 0.225931 0.488849 0.491789 0.441898 0.233881 0.482223 0.437079 0.267775 0.250300 0.210904 0.217808 0.185495 0.208001 0.249097 0.147262 0.176655 0.187761 0.183983 0.194304 0.221051 0.196869 0.144979 0.046913 0.131700 0.106730 0.064832 0.040849 0.227645 0.127868 0.155696 0.110086 0.242139 0.211153 0.186897 0.203103 0.029163 0.072243 0.308585 0.171756 0.142986 0.195244 0.291034 0.296012 -0.026904 0.026744 0.291865 0.317883 0.228887 0.359307 0.259036 0.183593 0.219401 0.037016 0.205372 0.154008 0.211740 0.184436 0.222289 0.211921 0.316256 0.227716 0.369066 0.278658 0.231704 0.224977 0.145815 0.274428 0.179901 0.264471 0.129683 0.106990 0.126185 0.202261 0.116402 0.284038 0.266796 0.213989 0.215186 0.092242 0.002337 0.249027
0.023294 0.331068 0.443290 -0.008276 0.629615 0.225087 0.128285 0.274255 0.180573 0.195468 -0.057523 0.244651 -0.084900 0.169352 -0.212573 0.030041 -0.087242 0.287856 0.176096 -0.021892 0.468029 0.000000 -0.120554 0.235939 0.364513 0.387791 0.475659 0.513022 0.115799 0.627213 0.558476 0.292376 0.152170 0.219477 0.151992 0.124810 -0.041476 0.035130 -0.038227 -0.222718 -0.029969 0.066553 -0.177960 -0.089071 -0.134912 -0.118332 -0.153202 -0.195822 -0.033888 0.278802 0.196151 -0.105777 -0.053044 -0.132819 -0.125850 -0.212047 0.079709 0.370706 0.142085 0.295656 0.162294 -0.093593 0.127976 0.183954 0.036756 0.168283 0.042888 0.021363 0.152681 0.237594 0.507544 0.513601 0.275794 0.440651 -0.043269 -0.197528 0.246738 0.268014 0.310855 0.287592 0.191355 -0.002614 -0.225441 0.125914 0.058060 -0.132162 -0.181140 0.317202 -0.097135 -0.198428 0.197399 -0.150308 0.018576 -0.105737 -0.087314 -0.117101 0.004095 -0.044276 -0.047050 0.041661 0.291320 0.068403 0.295051 0.163575 -0.177856 -0.237810 0.187074 0.401400 -0.037786 -0.151514 0.008206 0.038862 -0.132319 -0.171610 -0.288045 -0.038317
0.717036 0.411031 0.322645 0.863851 -0.229627 0.692820 0.751758 0.519837 0.460012 0.365750 0.846702 0.520133 0.819932 0.339757 0.492758 0.517065 0.619208 0.509495 0.640604 0.790511 0.159290 -0.120554 0.000000 0.749284 0.520317 0.540398 -0.597584 -0.023656 0.796800 0.025305 0.256140 0.684216 0.770395 0.720176 0.614310 0.613138 0.577213 0.468333 0.463402 0.455096 0.345428 0.275967 0.834773 0.796321 0.718809 0.756902 0.758894 0.773515 0.637872 0.221572 0.416536 0.642151 0.640958 0.725672 0.655711 0.710992 0.584307 0.228041 0.481475 0.256350 0.506508 0.777633 0.754801 0.675906 0.620877 0.441887 0.723919 0.648128 0.572932 0.404984 -0.246493 0.033139 0.624629 0.149046 0.638469 0.737424 0.555522 0.639391 0.304143 0.228748 0.531447 0.655223 0.683292 0.143691 0.420055 0.605184 0.609248 -0.353668 0.723095 0.645110 0.460360 0.834450 0.738448 0.725767 0.593188 0.678283 0.649611 0.736273 0.799796 0.724035 0.234797 0.473576 0.254266 0.369717 0.787981 0.789173 0.463717 -0.111984 0.437836 0.524865 0.665592 0.660953 0.760990 0.798065 0.822131 0.532043
0.548270 0.505948 0.607230 0.790259 0.230618 0.769373 0.732901 0.759369 0.470523 0.494470 0.648414 0.637344 0.599182 0.464556 0.125886 0.339121 0.360809 0.446173 0.558585 0.619091 0.158297 0.235939 0.749284 0.000000 0.729986 0.758365 -0.207335 0.265506 0.706023 0.374496 0.608868 0.856650 0.721771 0.811399 0.685425 0.662985 0.364805 0.297605 0.207130 0.120477 0.118835 0.092010 0.591549 0.594444 0.468440 0.540412 0.549508 0.506882 0.458500 0.291461 0.464140 0.448093 0.492336 0.497787 0.449421 0.437635 0.411921 0.330236 0.432911 0.349524 0.514392 0.685733 0.736036 0.771710 0.618227 0.604590 0.673448 0.613943 0.476357 0.352308 0.101191 0.448368 0.704121 0.356681 0.500875 0.477170 0.661941 0.762726 0.436598 0.410433 0.431204 0.462127 0.334750 0.013264 0.297686 0.406627 0.300873 -0.186876 0.530134 0.413698 0.548030 0.654144 0.674519 0.557986 0.491984 0.518888 0.541655 0.587059 0.658568 0.663809 0.407956 0.452516 0.426064 0.436041 0.560328 0.501583 0.576929 0.197298 0.413458 0.353811 0.607013 0.619966 0.561412 0.595007 0.585155 0.389958
0.462749 0.633802 0.612888 0.599456 0.515190 0.709331 0.586880 0.691430 0.554174 0.469015 0.419529 0.581150 0.461776 0.450312 -0.017646 0.197122 0.105236 0.441327 0.528692 0.467393 0.041518 0.364513 0.520317 0.729986 0.000000 0.821476 0.127839 0.370133 0.492255 0.535125 0.745092 0.764285 0.666929 0.723545 0.599928 0.549590 0.066160 0.069626 -0.097063 -0.120880 -0.099886 -0.114999 0.359830 0.417311 0.263782 0.337040 0.369516 0.327933 0.295969 0.337106 0.381001 0.267438 0.317781 0.280916 0.227651 0.226193 0.455998 0.505672 0.440522 0.431231 0.524628 0.543477 0.579909 0.649911 0.522036 0.586062 0.548099 0.507676 0.513647 0.477180 0.319165 0.517689 0.580541 0.435564 0.301291 0.164316 0.532976 0.603796 0.608195 0.546855 0.403044 0.325866 0.078537 -0.091349 0.206064 0.208139 0.024991 -0.092741 0.331909 0.192795 0.501550 0.409215 0.477116 0.316764 0.251449 0.258415 0.289200 0.366207 0.420005 0.469651 0.380738 0.274765 0.382200 0.305390 0.300641 0.235981 0.427254 0.193947 0.213244 0.098547 0.442399 0.436612 0.279894 0.341001 0.312220 0.078443
0.404227 0.457910 0.476462 0.620019 0.403366 0.791964 0.547685 0.580514 0.492243 0.399237 0.496102 0.509077 0.423906 0.308007 0.102401 0.230294 0.331104 0.373599 0.479057 0.472048 0.086055 0.387791 0.540398 0.758365 0.821476 0.000000 -0.006579 0.481158 0.639261 0.393605 0.694156 0.783613 0.602949 0.671394 0.474072 0.419879 0.139477 0.079772 0.078320 0.098538 -0.102341 -0.057765 0.365082 0.395520 0.318974 0.336884 0.322462 0.334281 0.320394 0.192379 0.286088 0.245746 0.216993 0.309369 0.230273 0.296788 0.402826 0.364750 0.306021 0.308704 0.342764 0.513384 0.542008 0.584719 0.366436 0.407066 0.445922 0.410625 0.409194 0.404620 0.117545 0.442752 0.550858 0.231254 0.296934 0.300878 0.404467 0.536064 0.450174 0.502665 0.343605 0.358513 0.249589 -0.004924 0.098133 0.299901 0.211323 -0.012314 0.251763 0.333776 0.319134 0.430326 0.442771 0.439936 0.288486 0.376778 0.321368 0.439914 0.412199 0.450215 0.241805 0.417085 0.263194 0.397913 0.318684 0.362562 0.337039 0.249846 0.274806 0.180985 0.358896 0.387163 0.336481 0.393795 0.369604 0.199840
-0.289453 0.192462 0.314353 -0.430486 0.737256 -0.213924 -0.231380 0.109064 0.012575 0.184515 -0.590209 -0.031853 -0.447962 0.084761 -0.487935 -0.311149 -0.699724 -0.221178 -0.144262 -0.426623 -0.145263 0.475659 -0.597584 -0.207335 0.127839 -0.006579 0.000000 0.478617 -0.548248 0.431068 0.345369 -0.131342 -0.246479 -0.154817 -0.130909 -0.186199 -0.562168 -0.418649 -0.490248 -0.555833 -0.358719 -0.320073 -0.644430 -0.512000 -0.596924 -0.541426 -0.510120 -0.606647 -0.426735 0.215607 0.020755 -0.399637 -0.350940 -0.492134 -0.441894 -0.558067 -0.223669 0.314535 -0.055816 0.208020 -0.018687 -0.431109 -0.336319 -0.208844 -0.181108 0.018019 -0.292139 -0.272271 -0.117765 0.019320 0.693813 0.453407 -0.201625 0.314409 -0.324158 -0.688481 -0.095623 -0.161523 0.168629 0.133670 -0.195565 -0.474806 -0.705567 -0.179862 -0.140242 -0.525022 -0.582796 0.418570 -0.437969 -0.576351 -0.008366 -0.579451 -0.379734 -0.502988 -0.385868 -0.501512 -0.399318 -0.480547 -0.476798 -0.325876 0.214539 -0.250054 0.192459 -0.080479 -0.578062 -0.689495 -0.073268 0.340576 -0.311840 -0.488718 -0.333131 -0.288395 -0.570732 -0.597380 -0.666815 -0.504096
0.110522 0.343912 0.389023 0.074379 0.537043 0.393651 0.203767 0.237446 0.246716 0.300088 -0.030581 0.161092 -0.040871 0.011069 -0.020770 0.027765 -0.045208 0.141357 0.270670 0.079223 0.076432 0.513022 -0.023656 0.265506 0.370133 0.481158 0.478617 0.000000 0.129519 0.301497 0.537292 0.306070 0.204504 0.258727 0.083518 0.040443 -0.140011 -0.108304 -0.027018 -0.036173 -0.177233 -0.194998 -0.115761 -0.004495 -0.089714 -0.033061 -0.059028 -0.090528 0.092643 0.276729 0.244837 -0.004409 -0.056716 0.017518 0.017318 0.001873 0.181944 0.400782 0.134222 0.295111 0.071855 -0.053767 0.105841 0.126693 -0.016718 0.089720 0.039132 0.024127 0.184936 0.343220 0.383442 0.369681 0.179502 0.165054 0.058864 -0.101456 0.094752 0.145792 0.248110 0.282918 0.139962 0.043728 -0.111637 -0.019379 0.056188 -0.037340 0.011650 0.378856 -0.066370 -0.022276 0.097316 -0.071356 0.055177 0.126710 0.050844 0.104661 0.077626 0.128314 0.021336 0.114916 0.253543 0.323420 0.289659 0.403190 -0.111221 -0.073443 0.138024 0.485958 0.104191 -0.060198 0.011336 0.143634 -0.034151 -0.055402 -0.111061 -0.099028
0.625271 0.350122 0.283088 0.727481 -0.119643 0.690773 0.669684 0.398289 0.307940 0.217425 0.830730 0.416959 0.669849 0.188771 0.384644 0.406635 0.759293 0.543944 0.536543 0.722572 0.304425 0.115799 0.796800 0.706023 0.492255 0.639261 -0.548248 0.129519 0.000000 0.140497 0.357911 0.705248 0.680037 0.684955 0.480323 0.485358 0.587582 0.451595 0.485574 0.447142 0.255665 0.294791 0.723618 0.680289 0.658751 0.657609 0.628853 0.664411 0.583862 0.130225 0.300162 0.494362 0.475581 0.572789 0.544007 0.609849 0.559268 0.190948 0.386778 0.194823 0.383209 0.658702 0.739850 0.649725 0.437355 0.294831 0.565215 0.505247 0.489173 0.393651 -0.257399 0.042654 0.648503 0.088532 0.540521 0.684908 0.478509 0.591500 0.324923 0.270723 0.539473 0.605402 0.677976 0.106097 0.253969 0.508869 0.585342 -0.307384 0.573346 0.572962 0.355630 0.725416 0.680335 0.732213 0.513974 0.651337 0.592835 0.718644 0.711093 0.642360 0.216747 0.581285 0.261499 0.483618 0.651290 0.734303 0.418382 0.115226 0.414893 0.457820 0.553578 0.569473 0.711597 0.728305 0.707085 0.546495
0.192239 0.563613 0.641967 0.096836 0.665466 0.296369 0.285871 0.566110 0.351890 0.361516 0.033892 0.529207 0.144495 0.568432 -0.335274 0.070723 -0.257911 0.412173 0.184227 0.110164 0.155775 0.627213 0.025305 0.374496 0.535125 0.393605 0.431068 0.301497 0.140497 0.000000 0.608113 0.438475 0.273320 0.464540 0.382147 0.372085 -0.127899 -0.017340 -0.254121 -0.499576 -0.180889 -0.080669 -0.057490 0.039821 -0.109839 -0.013892 0.041419 -0.091937 -0.077449 0.387894 0.299609 -0.027656 0.185536 -0.103752 -0.035613 -0.233384 0.159427 0.529987 0.350976 0.481063 0.555907 0.186692 0.367535 0.502060 0.341193 0.462701 0.258548 0.221479 0.286263 0.226791 0.582688 0.512990 0.354370 0.663176 0.116905 -0.216455 0.486669 0.441040 0.619045 0.288511 0.272361 -0.079250 -0.306827 -0.091542 0.150099 -0.241542 -0.356104 -0.050652 0.150185 -0.346898 0.507786 -0.012656 0.244332 -0.167771 0.000196 -0.043566 0.140300 -0.025285 0.118676 0.190313 0.499452 -0.144309 0.466958 -0.019596 -0.009057 -0.216948 0.457554 0.202141 0.020585 -0.115140 0.241403 0.201265 -0.017543 0.005469 -0.102034 -0.058648
0.290671 0.546700 0.668383 0.355730 0.681400 0.551045 0.486284 0.586246 0.378956 0.336938 0.223912 0.420158 0.202528 0.255331 -0.232577 -0.058021 -0.024915 0.279295 0.434909 0.251787 0.055185 0.558476 0.256140 0.608868 0.745092 0.694156 0.345369 0.537292 0.357911 0.608113 0.000000 0.719681 0.509225 0.610599 0.443922 0.377629 0.004453 0.051184 -0.159931 -0.234287 -0.200037 -0.144183 0.104328 0.190475 0.027334 0.105632 0.117282 0.060590 0.167794 0.382007 0.390476 0.133044 0.115155 0.102102 0.053815 0.027875 0.259955 0.445524 0.310945 0.408672 0.377090 0.262936 0.451289 0.510527 0.313445 0.421687 0.319324 0.279583 0.328582 0.364760 0.536124 0.649925 0.528597 0.483663 0.213253 0.017999 0.502977 0.563854 0.531401 0.517772 0.280982 0.123617 -0.143109 -0.150956 0.043250 -0.004140 -0.128657 0.093992 0.104189 0.006920 0.400972 0.188160 0.298328 0.224681 0.153815 0.147136 0.194974 0.267131 0.253888 0.360054 0.450243 0.342405 0.481403 0.436847 0.074517 0.025310 0.462082 0.517885 0.118438 0.007938 0.288610 0.363043 0.150797 0.151703 0.090137 0.059950
0.595237 0.554058 0.636555 0.707345 0.312078 0.751981 0.747182 0.735405 0.425584 0.452773 0.651022 0.581229 0.596477 0.422746 0.063833 0.269110 0.313743 0.442460 0.563808 0.619671 0.102745 0.292376 0.684216 0.856650 0.764285 0.783613 -0.131342 0.306070 0.705248 0.438475 0.719681 0.000000 0.720792 0.838277 0.646545 0.617618 0.308716 0.266530 0.157613 0.063637 0.037162 0.060762 0.518717 0.540073 0.398801 0.469627 0.506033 0.444100 0.399969 0.298618 0.442921 0.402809 0.442646 0.417471 0.388632 0.361891 0.442637 0.366966 0.443133 0.358910 0.543038 0.636898 0.739780 0.750862 0.559395 0.543560 0.593798 0.539996 0.506877 0.387703 0.159914 0.452341 0.704351 0.385243 0.519928 0.425067 0.668666 0.753402 0.506871 0.405764 0.419666 0.368945 0.280389 -0.075753 0.206041 0.260334 0.254652 -0.227840 0.481828 0.297579 0.542103 0.601842 0.637353 0.533729 0.469484 0.503290 0.509511 0.557866 0.621358 0.643528 0.464061 0.457532 0.480670 0.459513 0.501720 0.434653 0.578503 0.284374 0.392114 0.287792 0.570850 0.635449 0.560737 0.567917 0.535434 0.320199
0.784639 0.705879 0.542993 0.776325 0.073454 0.678126 0.766480 0.587747 0.487916 0.399700 0.708778 0.537953 0.701627 0.358173 0.365235 0.473847 0.434693 0.653222 0.770632 0.795548 0.208550 0.152170 0.770395 0.721771 0.666929 0.602949 -0.246479 0.204504 0.680037 0.273320 0.509225 0.720792 0.000000 0.841623 0.674491 0.671293 0.483188 0.427639 0.355872 0.285715 0.283188 0.255735 0.724134 0.760555 0.647640 0.712428 0.716890 0.700931 0.692253 0.495129 0.568655 0.592449 0.639499 0.600271 0.624376 0.617527 0.759438 0.573029 0.660173 0.506977 0.623421 0.661877 0.754557 0.676382 0.570265 0.497150 0.786848 0.739455 0.792538 0.689596 0.139047 0.242082 0.699212 0.408648 0.625663 0.529390 0.625692 0.670140 0.560573 0.409797 0.685412 0.651502 0.493704 0.153862 0.539784 0.477721 0.455046 -0.151642 0.669414 0.443596 0.557773 0.668017 0.672362 0.586816 0.507952 0.507451 0.600387 0.703432 0.737427 0.690120 0.429404 0.454503 0.457549 0.448896 0.649708 0.569087 0.512917 0.071297 0.323565 0.442549 0.669105 0.648267 0.634324 0.637099 0.617439 0.330826
0.752825 0.729658 0.682694 0.736597 0.211943 0.711291 0.805429 0.741131 0.467061 0.501457 0.698103 0.642176 0.688794 0.506102 0.175019 0.422444 0.336287 0.628892 0.669670 0.781306 0.090196 0.219477 0.720176 0.811399 0.723545 0.671394 -0.154817 0.258727 0.684955 0.464540 0.610599 0.838277 0.841623 0.000000 0.716123 0.728680 0.399804 0.366094 0.243279 0.099237 0.144035 0.158316 0.629135 0.668607 0.537340 0.631794 0.667792 0.581910 0.544004 0.458422 0.559107 0.492295 0.617691 0.485340 0.572940 0.477871 0.644871 0.558255 0.627996 0.496517 0.689505 0.676761 0.800184 0.789587 0.608083 0.610402 0.759852 0.714994 0.717806 0.573100 0.210510 0.327803 0.711212 0.491325 0.640232 0.451004 0.717975 0.743999 0.608479 0.340577 0.607068 0.484992 0.363067 -0.013055 0.431356 0.302629 0.329728 -0.253876 0.658136 0.264371 0.641753 0.628628 0.729312 0.527615 0.484340 0.496329 0.577870 0.618156 0.722444 0.699082 0.566944 0.395315 0.579512 0.422281 0.631105 0.498893 0.629065 0.153601 0.367266 0.356416 0.650622 0.670241 0.622674 0.644493 0.592086 0.328712
0.589981 0.481960 0.701110 0.574926 0.224673 0.521132 0.756711 0.661882 0.380063 0.429531 0.556629 0.478739 0.582222 0.454917 -0.007141 0.239290 0.166981 0.449336 0.404159 0.519390 0.219517 0.151992 0.614310 0.685425 0.599928 0.474072 -0.130909 0.083518 0.480323 0.382147 0.443922 0.646545 0.674491 0.716123 0.000000 0.865427 0.440839 0.464725 0.185784 -0.028944 0.236695 0.188524 0.569552 0.558250 0.338248 0.447009 0.616515 0.481513 0.312626 0.336843 0.480350 0.428715 0.635534 0.446530 0.509596 0.389932 0.354443 0.324333 0.456107 0.380316 0.668155 0.657130 0.725590 0.713017 0.823244 0.763500 0.795052 0.696203 0.459870 0.271087 0.316056 0.414454 0.672119 0.498020 0.572159 0.337222 0.792067 0.787043 0.463348 0.188499 0.525253 0.337363 0.195510 -0.062144 0.488120 0.195067 0.218611 -0.375939 0.672273 0.182799 0.787720 0.662582 0.773640 0.503645 0.521349 0.404851 0.560127 0.518549 0.700877 0.761036 0.647035 0.395623 0.631207 0.418120 0.583327 0.396981 0.687630 0.174847 0.333603 0.335369 0.701337 0.707257 0.579549 0.547747 0.480532 0.275210
0.585177 0.507751 0.640835 0.576647 0.133611 0.494323 0.707717 0.643961 0.328264 0.420586 0.548413 0.512771 0.581328 0.492051 0.025404 0.313192 0.194142 0.537716 0.388468 0.545778 0.225931 0.124810 0.613138 0.662985 0.549590 0.419879 -0.186199 0.040443 0.485358 0.372085 0.377629 0.617618 0.671293 0.728680 0.865427 0.000000 0.472071 0.492307 0.246089 0.002966 0.325276 0.298570 0.610532 0.599001 0.408876 0.533490 0.648793 0.522672 0.377846 0.374897 0.511116 0.478282 0.673565 0.454248 0.560080 0.422319 0.398584 0.336492 0.505686 0.404886 0.647884 0.648459 0.700967 0.716627 0.760256 0.775843 0.819914 0.787023 0.509161 0.322789 0.260461 0.331936 0.654563 0.484749 0.556094 0.348110 0.785178 0.767646 0.488765 0.177153 0.558579 0.395383 0.242977 0.032070 0.509238 0.260064 0.222581 -0.364062 0.699958 0.201799 0.766767 0.636609 0.771293 0.454119 0.500908 0.413568 0.583146 0.521000 0.699220 0.710287 0.619961 0.321438 0.607764 0.353269 0.614513 0.403228 0.680930 0.120571 0.275498 0.395660 0.699830 0.687200 0.570991 0.551970 0.486238 0.347338
0.530150 0.142387 0.196940 0.480035 -0.349285 0.274480 0.547184 0.103500 0.047235 -0.000552 0.666046 0.085883 0.491710 -0.058979 0.421438 0.381281 0.685657 0.436598 0.358498 0.561128 0.488849 -0.041476 0.577213 0.364805 0.066160 0.139477 -0.562168 -0.140011 0.587582 -0.127899 0.004453 0.308716 0.483188 0.399804 0.440839 0.472071 0.000000 0.849130 0.746997 0.603190 0.669276 0.613315 0.690220 0.611783 0.616464 0.624570 0.617862 0.644930 0.579952 0.146476 0.307268 0.483551 0.539130 0.538428 0.680344 0.664000 0.408251 0.024025 0.267568 0.063894 0.214573 0.355730 0.508574 0.310480 0.338894 0.221326 0.558295 0.535838 0.390350 0.282519 -0.150752 -0.144815 0.500844 0.146064 0.588831 0.644309 0.486169 0.463559 -0.026612 -0.157288 0.533426 0.608016 0.666705 0.370540 0.528266 0.460376 0.688895 -0.187261 0.616561 0.437178 0.334756 0.606353 0.604082 0.669394 0.628012 0.594273 0.687392 0.696204 0.676020 0.607689 0.289656 0.543741 0.333544 0.477468 0.658464 0.646657 0.353354 0.066424 0.236776 0.665584 0.544248 0.539894 0.693687 0.622043 0.539396 0.554186
