0.000000 0.733434 0.657523 0.632754 0.327678 0.463907 0.706381 0.673592 0.417253 0.447908 0.398554 0.694355 0.687934 0.665047 0.218483 0.681374 0.669008 0.646573 0.569646 0.716648 0.327654 0.414739 0.716296 0.700441 0.402827 0.438643 0.074768 0.412042 0.672082 0.638523 0.661239 0.671006 0.648241 0.557881 0.230453 0.295212 0.664983 0.655245 0.051221 -0.197323 0.623742 0.627153 -0.273416 -0.256358 0.346339 -0.071336 -0.156366 -0.144326 -0.179281 -0.320718 -0.364807 -0.428251 -0.390907 -0.450411 -0.325593 0.402382 0.516000 0.723854 0.231295 0.690300 -0.106634 0.625446 0.263046 0.660078 0.284748 0.482019 0.656661 0.673653 0.634306 0.661593 0.578647 0.666317 0.462993 0.482453 0.033705 0.444397 0.284423 0.660014 -0.082312 0.202423 -0.022850 0.709691 0.634645 0.659408 -0.303307 -0.159332 0.674313 0.635864 -0.381327 0.034450 -0.355673 -0.337425 -0.250711 -0.453838 0.581173 0.446660 0.615070 0.680713 0.664246 0.726078 0.099055 -0.488352 0.619780 0.615134 0.373508 0.649243 0.425657 0.561183 0.289945 0.194277 -0.051161 -0.105712 -0.252270 -0.177566 -0.332763 0.197030
0.733434 0.000000 0.567488 0.519991 0.301467 0.441124 0.634589 0.568538 0.417556 0.519519 0.409380 0.575620 0.660092 0.639185 0.364396 0.642704 0.594268 0.576278 0.642087 0.655858 0.329988 0.355517 0.639520 0.639892 0.415409 0.379895 0.119086 0.330577 0.630955 0.587309 0.596605 0.600872 0.660110 0.629429 0.323359 0.347726 0.608580 0.613267 0.160284 -0.050455 0.563766 0.576204 -0.146924 -0.119775 0.448227 0.080206 -0.019856 -0.013941 -0.008022 -0.163670 -0.220010 -0.289542 -0.259283 -0.315293 -0.180171 0.473735 0.641793 0.783180 0.334149 0.684837 0.014230 0.605224 0.395218 0.629550 0.342528 0.481259 0.618977 0.655839 0.646927 0.656780 0.552650 0.615848 0.416891 0.545956 0.206316 0.470577 0.426605 0.700197 0.021255 0.207820 0.111531 0.665864 0.618638 0.574078 -0.160512 -0.022126 0.655608 0.535331 -0.248133 0.117224 -0.211904 -0.220262 -0.109879 -0.355231 0.532926 0.482983 0.658860 0.700579 0.703731 0.697477 0.296380 -0.363537 0.598407 0.514085 0.448212 0.600708 0.447028 0.439707 0.285059 0.246961 0.083362 0.010683 -0.122404 -0.042953 -0.187259 0.169531
0.657523 0.567488 0.000000 0.799361 0.383533 0.555433 0.772393 0.792821 0.333224 0.285456 0.068921 0.655014 0.543743 0.534207 0.001530 0.738862 0.684004 0.628909 0.279595 0.749308 0.531459 0.545501 0.738564 0.765198 0.444672 0.584169 0.064697 0.540570 0.693028 0.587906 0.747968 0.747442 0.438462 0.285211 -0.071206 0.019281 0.707320 0.617770 -0.179774 -0.509981 0.753522 0.714446 -0.608079 -0.576903 0.022699 -0.427604 -0.515141 -0.512781 -0.515051 -0.632916 -0.667888 -0.712447 -0.689031 -0.727465 -0.622936 0.053811 0.204344 0.567690 -0.173688 0.493340 -0.478591 0.362054 -0.082701 0.591808 0.105278 0.244987 0.542892 0.527236 0.488068 0.555388 0.480127 0.677407 0.375413 0.269094 -0.230135 0.407102 0.010683 0.540587 -0.378173 -0.108610 -0.333087 0.608056 0.646131 0.768027 -0.621188 -0.523712 0.639537 0.781386 -0.663482 -0.373074 -0.657079 -0.653374 -0.570165 -0.683437 0.684164 0.326735 0.495514 0.486664 0.535914 0.626256 -0.116244 -0.729210 0.673530 0.783071 0.176432 0.676175 0.458738 0.749051 0.387887 -0.051138 -0.389427 -0.470841 -0.570266 -0.510061 -0.622180 0.228376
0.632754 0.519991 0.799361 0.000000 0.322881 0.498345 0.752369 0.803196 0.311870 0.234104 0.044977 0.667813 0.532631 0.530712 -0.048227 0.736149 0.708754 0.646016 0.209695 0.742010 0.511399 0.528896 0.718666 0.739143 0.401950 0.534991 0.035779 0.532262 0.693056 0.579082 0.740817 0.729185 0.410231 0.231644 -0.156596 -0.051565 0.711194 0.623624 -0.255711 -0.562100 0.762277 0.711341 -0.649029 -0.626564 -0.048315 -0.476294 -0.575273 -0.569992 -0.574578 -0.681663 -0.713192 -0.747728 -0.731755 -0.758168 -0.679842 -0.000952 0.141182 0.523605 -0.241172 0.459820 -0.536656 0.350068 -0.125194 0.600305 0.024326 0.187609 0.483781 0.481435 0.428235 0.525579 0.441425 0.637882 0.322733 0.204870 -0.283161 0.369660 -0.071546 0.492975 -0.437213 -0.120206 -0.402853 0.580875 0.640115 0.777419 -0.678565 -0.566396 0.633338 0.796275 -0.715288 -0.404357 -0.708391 -0.691523 -0.615513 -0.711350 0.684992 0.286130 0.438695 0.431282 0.482080 0.581555 -0.186686 -0.748541 0.622119 0.789747 0.094621 0.662033 0.416232 0.775753 0.377772 -0.085327 -0.448398 -0.530274 -0.625112 -0.574266 -0.667802 0.233820
0.327678 0.301467 0.383533 0.322881 0.000000 0.643099 0.336218 0.328346 0.476470 0.284337 -0.035855 0.266862 0.144643 0.189328 0.265916 0.383820 0.187993 0.261465 0.253604 0.367209 0.352893 0.285285 0.371969 0.371768 0.392604 0.665013 -0.104659 0.282706 0.249198 0.302174 0.331300 0.394417 0.181018 0.218888 0.072880 -0.009414 0.271793 0.212172 0.080452 -0.115985 0.265909 0.250434 -0.232722 -0.213445 0.087138 -0.155562 -0.152970 -0.185528 -0.126799 -0.202210 -0.236973 -0.273421 -0.247710 -0.308697 -0.145424 0.102281 0.161839 0.319369 0.060368 0.303506 -0.114221 0.227807 0.144179 0.287481 0.038755 0.095026 0.299432 0.307675 0.299076 0.226630 0.254009 0.399739 0.133566 0.233380 0.061162 0.403051 0.036510 0.413466 -0.030232 -0.007812 -0.071444 0.285145 0.223417 0.301459 -0.218317 -0.206536 0.148794 0.318094 -0.220870 -0.174447 -0.210773 -0.267978 -0.182185 -0.265973 0.316298 0.255424 0.227078 0.332895 0.263230 0.367167 0.102766 -0.314328 0.470193 0.399762 0.222370 0.355958 0.431952 0.338290 0.124477 0.042899 -0.087919 -0.088292 -0.143225 -0.109732 -0.208718 0.018778
0.463907 0.441124 0.555433 0.498345 0.643099 0.000000 0.513795 0.512564 0.531159 0.496823 -0.001764 0.401895 0.282641 0.348297 0.227566 0.550992 0.371733 0.414663 0.344816 0.530733 0.387408 0.309296 0.517481 0.549564 0.550607 0.730055 0.044472 0.356515 0.421256 0.427900 0.537819 0.550606 0.304052 0.311595 0.013404 0.023820 0.431114 0.320374 -0.043676 -0.304066 0.460961 0.416066 -0.356861 -0.343835 0.155203 -0.204025 -0.242959 -0.287597 -0.203805 -0.338642 -0.371761 -0.429128 -0.395845 -0.467220 -0.315533 0.075883 0.212807 0.429817 0.007522 0.403699 -0.247207 0.292229 0.070513 0.421473 0.125767 0.201776 0.457140 0.444809 0.440356 0.397223 0.341293 0.508251 0.268364 0.344904 -0.004437 0.299458 0.046312 0.435673 -0.161611 -0.038977 -0.122627 0.438363 0.386129 0.483054 -0.341525 -0.323529 0.307950 0.463669 -0.368693 -0.241549 -0.351046 -0.393349 -0.322367 -0.406647 0.472004 0.283682 0.363892 0.437663 0.423548 0.500803 0.063212 -0.455948 0.636544 0.554905 0.237771 0.491910 0.438076 0.458458 0.155853 -0.015897 -0.186220 -0.210211 -0.286787 -0.222924 -0.335499 0.168447
0.706381 0.634589 0.772393 0.752369 0.336218 0.513795 0.000000 0.775170 0.347889 0.366695 0.267199 0.702953 0.669813 0.637359 0.069846 0.735411 0.703283 0.640644 0.368474 0.734966 0.508943 0.521527 0.749977 0.765471 0.457845 0.525929 0.174198 0.550963 0.731781 0.652311 0.756039 0.744950 0.578116 0.430863 0.055360 0.153285 0.723631 0.686946 -0.053098 -0.356515 0.715579 0.731442 -0.463111 -0.421526 0.160126 -0.271416 -0.371888 -0.355388 -0.382105 -0.504555 -0.538670 -0.596521 -0.570704 -0.620407 -0.499953 0.187047 0.318276 0.639056 -0.011671 0.591093 -0.304032 0.504745 0.070878 0.661960 0.182004 0.344682 0.596188 0.613102 0.495962 0.577661 0.595093 0.702574 0.445670 0.373358 -0.124890 0.419977 0.178787 0.599840 -0.235798 0.009100 -0.163499 0.674084 0.692976 0.750359 -0.486228 -0.365927 0.697332 0.739297 -0.544999 -0.215291 -0.535145 -0.543542 -0.432248 -0.622513 0.654908 0.401112 0.593463 0.584194 0.623907 0.689910 0.021284 -0.650617 0.665280 0.717564 0.311099 0.692051 0.443880 0.666189 0.383264 0.059420 -0.219417 -0.337898 -0.434259 -0.363356 -0.501100 0.234824
0.673592 0.568538 0.792821 0.803196 0.328346 0.512564 0.775170 0.000000 0.358883 0.304468 0.145395 0.716759 0.599755 0.608298 0.012634 0.744648 0.728153 0.670181 0.263953 0.747243 0.494093 0.512942 0.747642 0.766763 0.446146 0.532718 0.071011 0.538490 0.722944 0.626437 0.771084 0.762680 0.488367 0.323770 -0.087495 0.023344 0.731648 0.661016 -0.195599 -0.498766 0.749458 0.718821 -0.577023 -0.553693 0.053544 -0.380882 -0.500692 -0.493018 -0.500340 -0.617941 -0.652741 -0.698160 -0.677296 -0.713843 -0.624883 0.082329 0.209847 0.572550 -0.157026 0.525169 -0.458880 0.430781 -0.036772 0.651475 0.095395 0.250589 0.529345 0.546649 0.450562 0.553686 0.513396 0.677452 0.364133 0.266975 -0.231091 0.378723 0.006903 0.536426 -0.367882 -0.043059 -0.313029 0.630268 0.675622 0.776413 -0.615742 -0.491711 0.663540 0.777831 -0.663130 -0.320593 -0.652309 -0.640900 -0.557202 -0.685100 0.687480 0.332236 0.495880 0.498471 0.547657 0.632532 -0.113291 -0.718803 0.643463 0.777707 0.168716 0.691464 0.420361 0.746882 0.371747 -0.021706 -0.360570 -0.459474 -0.562648 -0.497085 -0.601677 0.242355
0.417253 0.417556 0.333224 0.311870 0.476470 0.531159 0.347889 0.358883 0.000000 0.604812 0.197589 0.344166 0.318889 0.396525 0.475377 0.422319 0.348404 0.365366 0.312488 0.340039 0.122223 0.129024 0.439387 0.433317 0.539112 0.476491 0.008807 0.153937 0.359486 0.374806 0.432934 0.454089 0.362259 0.386733 0.143040 0.123914 0.352110 0.338379 0.028386 -0.114662 0.287791 0.283688 -0.097957 -0.117173 0.259918 0.032414 -0.039365 -0.068698 0.022989 -0.129487 -0.144210 -0.200200 -0.176271 -0.229122 -0.179686 0.210226 0.283578 0.390000 0.147610 0.367095 -0.058128 0.370768 0.249919 0.354244 0.272922 0.257448 0.365490 0.383823 0.287012 0.307492 0.298807 0.425757 0.142389 0.267688 0.090031 0.121527 0.016628 0.340977 -0.064280 0.173729 -0.015319 0.343668 0.345703 0.325252 -0.143014 -0.047521 0.289622 0.306890 -0.213165 0.112118 -0.149280 -0.185522 -0.065287 -0.297697 0.338619 0.235964 0.270599 0.435187 0.320232 0.440295 0.158615 -0.279214 0.368026 0.372246 0.200680 0.469328 0.216413 0.271815 0.028197 0.133714 0.042748 -0.002182 -0.100709 0.013384 -0.053662 0.071275
0.447908 0.519519 0.285456 0.234104 0.284337 0.496823 0.366695 0.304468 0.604812 0.000000 0.378626 0.359963 0.426282 0.481241 0.473413 0.400918 0.352547 0.387437 0.440938 0.313011 0.060734 0.104895 0.418053 0.420808 0.492368 0.319946 0.091547 0.146114 0.378577 0.421901 0.414788 0.415095 0.483123 0.538287 0.278458 0.284510 0.355460 0.351955 0.154475 0.030061 0.264967 0.287570 0.058793 0.047990 0.472133 0.238815 0.138523 0.121799 0.213793 0.055203 0.021407 -0.047446 -0.028500 -0.088663 -0.007547 0.355067 0.494572 0.487388 0.325760 0.476476 0.128075 0.464732 0.410349 0.401587 0.396632 0.437991 0.458078 0.489740 0.392823 0.417407 0.413213 0.402241 0.296227 0.496133 0.224799 0.153288 0.290975 0.359242 0.122684 0.233417 0.229472 0.423593 0.394833 0.284922 0.047771 0.111741 0.353076 0.229008 -0.042906 0.223297 -0.002558 -0.016609 0.055575 -0.125280 0.288647 0.313042 0.416824 0.513294 0.494970 0.496096 0.310895 -0.119697 0.427836 0.269047 0.396086 0.412109 0.255641 0.143686 0.038408 0.262485 0.223514 0.156278 0.077166 0.178506 0.075053 0.115808
0.398554 0.409380 0.068921 0.044977 -0.035855 -0.001764 0.267199 0.145395 0.197589 0.378626 0.000000 0.423279 0.610096 0.549156 0.243890 0.133294 0.326134 0.299533 0.368816 0.121163 -0.045368 -0.006209 0.296938 0.243083 0.134820 -0.066883 0.138153 0.079256 0.345492 0.445399 0.252174 0.270152 0.557897 0.570662 0.437596 0.477810 0.293684 0.447313 0.383112 0.395407 0.058409 0.214299 0.367325 0.387602 0.524731 0.504298 0.374248 0.440644 0.350285 0.308530 0.289598 0.227637 0.250434 0.208492 0.252528 0.535554 0.526065 0.452424 0.536080 0.498148 0.485419 0.616226 0.578638 0.398236 0.458944 0.524648 0.327198 0.413019 0.174830 0.229974 0.603486 0.373281 0.413668 0.494028 0.257235 0.187218 0.511962 0.338047 0.457910 0.544264 0.557988 0.468573 0.364417 0.137237 0.331575 0.463888 0.394356 0.049452 0.242923 0.536974 0.234825 0.256023 0.277678 0.098362 0.147812 0.397903 0.459859 0.489612 0.464310 0.396061 0.349475 0.112414 0.136574 -0.005675 0.503726 0.286278 0.045697 -0.091577 0.040252 0.500417 0.545165 0.362261 0.317707 0.401550 0.323339 0.104296
0.694355 0.575620 0.655014 0.667813 0.266862 0.401895 0.702953 0.716759 0.344166 0.359963 0.423279 0.000000 0.699398 0.730049 0.041416 0.632666 0.732841 0.705976 0.334876 0.654469 0.350024 0.378689 0.713030 0.687439 0.385583 0.385046 -0.002196 0.432749 0.725267 0.728118 0.713413 0.719908 0.594639 0.472567 0.037008 0.156900 0.718766 0.704865 -0.012558 -0.262810 0.621987 0.640795 -0.337704 -0.311126 0.224148 -0.110994 -0.276916 -0.243233 -0.283987 -0.385321 -0.426633 -0.484172 -0.455183 -0.505800 -0.403250 0.286156 0.356015 0.616692 0.073533 0.639455 -0.192023 0.606736 0.213222 0.719778 0.200088 0.392492 0.538150 0.607739 0.428162 0.533539 0.663532 0.676804 0.485740 0.405375 -0.146026 0.407680 0.165360 0.549011 -0.080083 0.192344 -0.028615 0.713869 0.688046 0.683577 -0.379036 -0.231686 0.669867 0.636373 -0.440643 -0.071578 -0.451537 -0.426262 -0.358372 -0.494980 0.637194 0.452439 0.573353 0.570494 0.616155 0.649983 0.018366 -0.529868 0.569682 0.622541 0.319628 0.640152 0.391924 0.586702 0.307344 0.196116 -0.096191 -0.241772 -0.329176 -0.258834 -0.368319 0.244473
0.687934 0.660092 0.543743 0.532631 0.144643 0.282641 0.669813 0.599755 0.318889 0.426282 0.610096 0.699398 0.000000 0.745674 0.206833 0.581830 0.676811 0.629395 0.416789 0.555607 0.308087 0.343798 0.652565 0.637602 0.335481 0.251851 0.166696 0.374954 0.694357 0.681998 0.638811 0.638648 0.669073 0.569417 0.226115 0.296357 0.665343 0.733799 0.146796 -0.035237 0.525828 0.618349 -0.128141 -0.086306 0.363652 0.089655 -0.063915 -0.018801 -0.073479 -0.178964 -0.217105 -0.282301 -0.256555 -0.301928 -0.225256 0.410832 0.500642 0.684632 0.263698 0.654823 0.033664 0.661777 0.372510 0.677708 0.331450 0.480546 0.510413 0.582484 0.397839 0.493610 0.706597 0.661422 0.472391 0.495714 0.068310 0.379264 0.366042 0.581498 0.063892 0.325645 0.164891 0.702766 0.686196 0.589397 -0.164981 0.009804 0.709731 0.538881 -0.260125 0.154459 -0.255936 -0.234689 -0.156707 -0.366464 0.532313 0.491093 0.626405 0.634251 0.650284 0.653583 0.188867 -0.366095 0.482280 0.485430 0.436949 0.621906 0.298379 0.414813 0.298100 0.297947 0.134836 -0.059915 -0.145214 -0.050619 -0.175302 0.249889
0.665047 0.639185 0.534207 0.530712 0.189328 0.348297 0.637359 0.608298 0.396525 0.481241 0.549156 0.730049 0.745674 0.000000 0.280217 0.601296 0.680857 0.675131 0.416343 0.557275 0.336218 0.297328 0.644833 0.634707 0.437588 0.282249 0.158928 0.354780 0.699484 0.699952 0.662744 0.654065 0.661642 0.575640 0.160881 0.244869 0.673310 0.713447 0.116855 -0.059148 0.523125 0.583534 -0.134498 -0.102674 0.390798 0.109865 -0.078872 -0.034490 -0.058075 -0.168433 -0.219341 -0.283686 -0.263576 -0.311480 -0.227641 0.394678 0.521231 0.674765 0.235448 0.655740 -0.011585 0.625852 0.403620 0.717372 0.318126 0.438115 0.500492 0.598694 0.415645 0.512938 0.683648 0.636753 0.435027 0.478417 0.086360 0.358732 0.337124 0.566959 0.057363 0.335668 0.183798 0.694934 0.710268 0.595605 -0.177745 -0.009026 0.687078 0.518038 -0.273434 0.116548 -0.255501 -0.232625 -0.154102 -0.337523 0.564233 0.507913 0.604624 0.619635 0.662976 0.645932 0.221588 -0.343760 0.497924 0.492148 0.388868 0.599561 0.296948 0.416192 0.285738 0.278758 0.107112 -0.062138 -0.153120 -0.064478 -0.172540 0.246047
0.218483 0.364396 0.001530 -0.048227 0.265916 0.227566 0.069846 0.012634 0.475377 0.473413 0.243890 0.041416 0.206833 0.280217 0.000000 0.216752 0.052570 0.148798 0.317520 0.050550 0.068555 0.025491 0.145063 0.151607 0.293926 0.128077 0.097736 -0.025431 0.116829 0.122880 0.119121 0.141582 0.265654 0.354620 0.309103 0.150518 0.109269 0.179596 0.275993 0.293575 -0.017750 0.010682 0.246192 0.240669 0.360553 0.316732 0.293561 0.272714 0.364441 0.265703 0.236528 0.205435 0.206484 0.182082 0.211929 0.321954 0.468254 0.328411 0.344004 0.210919 0.268948 0.221587 0.464704 0.151416 0.334216 0.181251 0.133127 0.173843 0.176212 0.150419 0.179500 0.187354 -0.092486 0.234863 0.511661 0.134576 0.283640 0.314402 0.217951 0.313206 0.283995 0.103995 0.183801 0.018729 0.232849 0.303246 0.141567 0.000834 0.144721 0.316549 0.240979 0.207348 0.308570 0.115638 0.085535 0.274927 0.204833 0.335955 0.233575 0.238765 0.450877 0.170690 0.121627 0.018706 0.237893 0.181764 0.098193 -0.066225 0.052772 0.244166 0.338382 0.303861 0.218467 0.307517 0.254902 0.001020
0.681374 0.642704 0.738862 0.736149 0.383820 0.550992 0.735411 0.744648 0.422319 0.400918 0.133294 0.632666 0.581830 0.601296 0.216752 0.000000 0.687778 0.662942 0.376164 0.744138 0.542908 0.493506 0.694269 0.718204 0.465575 0.538566 0.095070 0.495596 0.694570 0.601478 0.716589 0.692962 0.492477 0.365779 -0.043495 -0.001098 0.713113 0.656168 -0.129123 -0.394080 0.737163 0.706340 -0.518636 -0.486590 0.093597 -0.325387 -0.417011 -0.421674 -0.388758 -0.524187 -0.573747 -0.613855 -0.602488 -0.636450 -0.532160 0.138637 0.327317 0.631288 -0.067829 0.550498 -0.383102 0.445636 0.071026 0.658327 0.067841 0.217327 0.494469 0.514951 0.504906 0.565454 0.457620 0.627353 0.294198 0.324948 -0.040791 0.422122 0.086763 0.590502 -0.324138 -0.024992 -0.258671 0.615586 0.681947 0.754942 -0.536475 -0.406453 0.668131 0.751715 -0.595685 -0.259410 -0.559330 -0.555552 -0.432102 -0.612978 0.679022 0.368164 0.508364 0.549211 0.568133 0.652516 0.027480 -0.626715 0.649621 0.734528 0.200398 0.665078 0.445942 0.697235 0.365672 -0.007746 -0.297738 -0.378746 -0.486083 -0.421818 -0.538460 0.238110
0.669008 0.594268 0.684004 0.708754 0.187993 0.371733 0.703283 0.728153 0.348404 0.352547 0.326134 0.732841 0.676811 0.680857 0.052570 0.687778 0.000000 0.739017 0.289154 0.674996 0.401030 0.369210 0.712819 0.691905 0.396485 0.357563 0.021213 0.395618 0.773878 0.683725 0.734174 0.709523 0.529471 0.372156 -0.063259 0.073867 0.757673 0.734656 -0.140464 -0.338779 0.696221 0.674493 -0.422900 -0.410586 0.094198 -0.214166 -0.385272 -0.341472 -0.361534 -0.465180 -0.513339 -0.554751 -0.547571 -0.566010 -0.516401 0.181862 0.339141 0.628266 -0.050138 0.565537 -0.327395 0.500535 0.145465 0.700272 0.149350 0.322258 0.481190 0.520689 0.411812 0.553891 0.578838 0.647177 0.388028 0.339514 -0.149047 0.369447 0.066707 0.507579 -0.192291 0.119015 -0.146547 0.676465 0.706643 0.730467 -0.474502 -0.301711 0.736142 0.711587 -0.548950 -0.133892 -0.543553 -0.493816 -0.417696 -0.560647 0.691248 0.451390 0.535667 0.525411 0.568105 0.623976 -0.033636 -0.575755 0.540432 0.669158 0.218482 0.652855 0.308920 0.643918 0.362514 0.149776 -0.196831 -0.340017 -0.427442 -0.361204 -0.460335 0.250148
0.646573 0.576278 0.628909 0.646016 0.261465 0.414663 0.640644 0.670181 0.365366 0.387437 0.299533 0.705976 0.629395 0.675131 0.148798 0.662942 0.739017 0.000000 0.288106 0.627075 0.359053 0.354969 0.684812 0.637277 0.409445 0.362742 -0.044790 0.364365 0.698508 0.705762 0.685507 0.674068 0.501530 0.355974 -0.071675 -0.028071 0.721283 0.713696 -0.084001 -0.299411 0.607475 0.605018 -0.395820 -0.384590 0.106836 -0.187144 -0.342242 -0.317718 -0.328465 -0.413766 -0.467808 -0.499527 -0.489655 -0.516862 -0.458070 0.172736 0.365702 0.614662 -0.039224 0.532966 -0.298291 0.485428 0.211837 0.705789 0.113054 0.299854 0.414373 0.468417 0.383065 0.487544 0.538116 0.580548 0.271559 0.318947 -0.039394 0.376349 0.042428 0.486561 -0.165880 0.235988 -0.100440 0.653488 0.695740 0.688678 -0.421631 -0.269569 0.680710 0.649948 -0.512293 -0.137884 -0.497103 -0.428418 -0.391902 -0.440780 0.672296 0.467938 0.460547 0.465227 0.519519 0.573915 -0.027506 -0.473186 0.498674 0.621159 0.184827 0.585798 0.336882 0.599225 0.326712 0.139294 -0.178902 -0.313359 -0.388925 -0.328982 -0.428526 0.277137
0.569646 0.642087 0.279595 0.209695 0.253604 0.344816 0.368474 0.263953 0.312488 0.440938 0.368816 0.334876 0.416789 0.416343 0.317520 0.376164 0.289154 0.288106 0.000000 0.481573 0.128354 0.125888 0.349790 0.341388 0.289436 0.265359 0.165775 0.145419 0.341236 0.360996 0.295717 0.296321 0.549560 0.632333 0.446345 0.458138 0.298599 0.294845 0.289857 0.181956 0.301977 0.316476 0.113868 0.140313 0.560354 0.283821 0.265181 0.244563 0.259985 0.120908 0.072375 -0.001745 0.045553 -0.034409 0.147017 0.573727 0.650296 0.610967 0.549058 0.613285 0.283515 0.536722 0.467172 0.446188 0.278749 0.430225 0.549802 0.578919 0.691761 0.559978 0.344537 0.349580 0.431616 0.591898 0.310757 0.369673 0.548484 0.575835 0.220303 0.187769 0.299772 0.512362 0.334711 0.297301 0.131404 0.193095 0.390074 0.219139 0.082570 0.280565 0.113935 0.055040 0.174386 -0.091586 0.252594 0.388416 0.534395 0.598386 0.595095 0.544107 0.428498 -0.104529 0.470347 0.212101 0.482580 0.332409 0.387058 0.151037 0.103352 0.213927 0.234162 0.270023 0.173958 0.205556 0.054277 0.039524
0.716648 0.655858 0.749308 0.742010 0.367209 0.530733 0.734966 0.747243 0.340039 0.313011 0.121163 0.654469 0.555607 0.557275 0.050550 0.744138 0.674996 0.627075 0.481573 0.000000 0.469559 0.480226 0.684445 0.700451 0.410608 0.534010 0.082513 0.485917 0.681731 0.588458 0.692285 0.676884 0.508849 0.403936 -0.004897 0.087583 0.675509 0.590025 -0.123429 -0.411215 0.743279 0.688548 -0.516096 -0.486318 0.132941 -0.311218 -0.388870 -0.402404 -0.392816 -0.530937 -0.578968 -0.630179 -0.597487 -0.649428 -0.507298 0.204102 0.328339 0.640436 0.001958 0.605117 -0.354381 0.475978 0.054864 0.667476 0.040931 0.258840 0.573832 0.591255 0.616389 0.644085 0.440799 0.614282 0.399073 0.365081 -0.122663 0.455777 0.121992 0.614794 -0.292779 -0.065526 -0.251978 0.649896 0.625217 0.748043 -0.528187 -0.423532 0.641345 0.732964 -0.563714 -0.257471 -0.543767 -0.560805 -0.455586 -0.628783 0.657084 0.381372 0.547140 0.549558 0.593244 0.653461 0.004348 -0.663343 0.692010 0.727104 0.230832 0.635457 0.500504 0.709128 0.358340 -0.017552 -0.319869 -0.355103 -0.462877 -0.429280 -0.557981 0.207477
0.327654 0.329988 0.531459 0.511399 0.352893 0.387408 0.508943 0.494093 0.122223 0.060734 -0.045368 0.350024 0.308087 0.336218 0.068555 0.542908 0.401030 0.359053 0.128354 0.469559 0.000000 0.367615 0.410595 0.465047 0.329321 0.439012 0.220304 0.448277 0.463583 0.352594 0.507004 0.468165 0.202766 0.098042 -0.163446 -0.103793 0.468833 0.420446 -0.134265 -0.259314 0.527503 0.503353 -0.441671 -0.382940 -0.093378 -0.320701 -0.397378 -0.380805 -0.362393 -0.405019 -0.443810 -0.460326 -0.467825 -0.475841 -0.387712 -0.081000 0.135854 0.354031 -0.191895 0.240521 -0.336500 0.119452 -0.074299 0.386462 -0.033496 -0.046745 0.207686 0.215625 0.229400 0.265188 0.333915 0.435645 0.168392 0.155146 -0.017874 0.323660 0.101424 0.398507 -0.255515 -0.162548 -0.179328 0.345575 0.485626 0.517032 -0.420313 -0.374500 0.438240 0.521921 -0.440824 -0.381589 -0.431835 -0.452633 -0.374748 -0.445804 0.518592 0.237590 0.308855 0.281697 0.326429 0.358062 0.047177 -0.454295 0.445631 0.493349 0.071723 0.393182 0.279312 0.463589 0.318379 -0.067084 -0.282976 -0.385306 -0.415107 -0.407494 -0.425417 0.215585
0.414739 0.355517 0.545501 0.528896 0.285285 0.309296 0.521527 0.512942 0.129024 0.104895 -0.006209 0.378689 0.343798 0.297328 0.025491 0.493506 0.369210 0.354969 0.125888 0.480226 0.367615 0.000000 0.444873 0.482839 0.263695 0.428956 0.158047 0.593545 0.415759 0.361027 0.432168 0.443265 0.331163 0.176562 0.001997 -0.063062 0.422878 0.423839 0.012121 -0.340310 0.460274 0.535740 -0.451163 -0.411132 -0.022698 -0.369423 -0.366976 -0.350954 -0.413230 -0.441821 -0.473387 -0.493394 -0.483767 -0.495866 -0.415879 0.042112 0.106635 0.360851 -0.101419 0.334651 -0.304860 0.218374 -0.077667 0.360386 -0.047770 0.059405 0.270505 0.302235 0.245125 0.333882 0.263186 0.419911 0.143797 0.099130 -0.130646 0.327616 0.060462 0.378973 -0.307534 -0.102327 -0.252862 0.356964 0.447554 0.529787 -0.449264 -0.406848 0.403673 0.542361 -0.452128 -0.319682 -0.424957 -0.429850 -0.403777 -0.447913 0.357284 0.185625 0.345610 0.274298 0.362328 0.377721 -0.039472 -0.482240 0.473936 0.534068 0.224602 0.488838 0.398583 0.505706 0.436376 0.018889 -0.268583 -0.338287 -0.401916 -0.364862 -0.449238 -0.017887
0.716296 0.639520 0.738564 0.718666 0.371969 0.517481 0.749977 0.747642 0.439387 0.418053 0.296938 0.713030 0.652565 0.644833 0.145063 0.694269 0.712819 0.684812 0.349790 0.684445 0.410595 0.444873 0.000000 0.780656 0.480321 0.518707 0.007623 0.473013 0.709815 0.667154 0.760503 0.777759 0.579701 0.451313 0.137031 0.199074 0.732216 0.702377 -0.023137 -0.305429 0.662505 0.655339 -0.395819 -0.379976 0.202185 -0.213934 -0.315455 -0.302653 -0.332041 -0.459035 -0.491029 -0.543694 -0.520006 -0.564165 -0.462927 0.250507 0.359864 0.651004 -0.009898 0.560309 -0.291419 0.503486 0.133318 0.620526 0.293542 0.424096 0.626396 0.619959 0.490713 0.567526 0.623079 0.725958 0.398652 0.379083 -0.069330 0.428905 0.133808 0.607547 -0.180324 0.147133 -0.141117 0.670309 0.667661 0.698376 -0.441473 -0.291891 0.692963 0.701682 -0.518523 -0.118121 -0.504710 -0.470038 -0.380844 -0.547668 0.659198 0.418524 0.555475 0.605362 0.598144 0.697605 -0.009875 -0.584057 0.611849 0.698567 0.301113 0.693793 0.416128 0.641870 0.323128 0.133999 -0.155382 -0.260502 -0.387564 -0.297217 -0.429050 0.219971
0.700441 0.639892 0.765198 0.739143 0.371768 0.549564 0.765471 0.766763 0.433317 0.420808 0.243083 0.687439 0.637602 0.634707 0.151607 0.718204 0.691905 0.637277 0.341388 0.700451 0.465047 0.482839 0.780656 0.000000 0.504372 0.554445 0.095595 0.493699 0.717416 0.630822 0.766175 0.783687 0.548791 0.430061 0.101977 0.178553 0.712570 0.666873 -0.059108 -0.358205 0.693235 0.689604 -0.434799 -0.409631 0.201444 -0.237501 -0.352139 -0.341866 -0.345556 -0.484182 -0.518233 -0.577190 -0.551432 -0.598771 -0.501112 0.195859 0.332411 0.637913 -0.028382 0.560966 -0.327366 0.468768 0.075200 0.610058 0.297199 0.395460 0.607894 0.605023 0.487151 0.556491 0.591347 0.738928 0.423847 0.386643 -0.099190 0.402042 0.131702 0.592675 -0.231401 0.054177 -0.168244 0.654632 0.672553 0.710286 -0.474384 -0.343324 0.672443 0.719255 -0.543697 -0.177746 -0.532888 -0.524926 -0.436030 -0.604107 0.650889 0.378902 0.565292 0.604012 0.605759 0.680737 -0.011304 -0.633972 0.656430 0.727508 0.292574 0.707768 0.415086 0.656270 0.347365 0.083827 -0.195594 -0.306502 -0.432737 -0.332930 -0.451120 0.234356
0.402827 0.415409 0.444672 0.401950 0.392604 0.550607 0.457845 0.446146 0.539112 0.492368 0.134820 0.385583 0.335481 0.437588 0.293926 0.465575 0.396485 0.409445 0.289436 0.410608 0.329321 0.263695 0.480321 0.504372 0.000000 0.578992 0.290894 0.341864 0.467690 0.421863 0.562634 0.519452 0.402685 0.360671 0.065066 0.126354 0.397930 0.369787 -0.018413 -0.192433 0.335205 0.352614 -0.178580 -0.185769 0.233212 -0.042180 -0.155498 -0.139151 -0.138075 -0.217933 -0.243866 -0.301701 -0.276421 -0.328205 -0.257828 0.082423 0.297261 0.412156 0.027463 0.359097 -0.163615 0.269106 0.107716 0.416829 0.252888 0.173666 0.365222 0.399044 0.316928 0.376004 0.384595 0.442508 0.233883 0.260310 0.021942 0.108941 0.122308 0.335969 -0.098193 0.123513 0.043470 0.406461 0.434575 0.405216 -0.205936 -0.176042 0.371437 0.365449 -0.274778 -0.098864 -0.242146 -0.269941 -0.200731 -0.325124 0.389702 0.296763 0.410517 0.430163 0.431900 0.442989 0.179152 -0.335091 0.485357 0.436362 0.228714 0.437693 0.174962 0.304418 0.221321 0.136885 -0.039002 -0.134140 -0.223466 -0.106972 -0.176312 0.071297
0.438643 0.379895 0.584169 0.534991 0.665013 0.730055 0.525929 0.532718 0.476491 0.319946 -0.066883 0.385046 0.251851 0.282249 0.128077 0.538566 0.357563 0.362742 0.265359 0.534010 0.439012 0.428956 0.518707 0.554445 0.578992 0.000000 0.086798 0.456644 0.418116 0.384869 0.536983 0.547098 0.286795 0.249097 0.009782 0.000597 0.402206 0.320885 -0.083891 -0.350454 0.457150 0.426829 -0.419330 -0.410827 0.052769 -0.315758 -0.337859 -0.353968 -0.346178 -0.436177 -0.453460 -0.500250 -0.464980 -0.524584 -0.390304 -0.006122 0.120988 0.386696 -0.073168 0.360130 -0.311167 0.253468 -0.053227 0.377174 0.068567 0.131723 0.413343 0.397123 0.374285 0.350476 0.311862 0.519375 0.261885 0.236325 -0.086177 0.318429 0.005617 0.443701 -0.239597 -0.058394 -0.216809 0.409186 0.354226 0.498621 -0.422460 -0.402339 0.299348 0.505454 -0.432767 -0.319851 -0.421620 -0.461823 -0.402113 -0.474702 0.443727 0.238037 0.345469 0.398999 0.366136 0.455902 -0.018999 -0.522569 0.611236 0.586701 0.194866 0.501752 0.380434 0.498235 0.225163 -0.014354 -0.252191 -0.293503 -0.374128 -0.311314 -0.405265 0.060800
0.074768 0.119086 0.064697 0.035779 -0.104659 0.044472 0.174198 0.071011 0.008807 0.091547 0.138153 -0.002196 0.166696 0.158928 0.097736 0.095070 0.021213 -0.044790 0.165775 0.082513 0.220304 0.158047 0.007623 0.095595 0.290894 0.086798 0.000000 0.301714 0.110789 -0.005405 0.123093 0.046498 0.221598 0.190043 0.122905 0.161770 -0.001849 0.081173 0.041300 0.068841 0.029264 0.139511 0.083559 0.101427 0.185425 0.120485 0.096204 0.120968 0.050403 0.055431 0.062855 0.029224 0.045019 0.024121 0.031968 0.034203 0.129232 0.099154 0.151799 0.115481 0.103195 0.082562 0.014819 0.104345 0.118563 0.052386 0.071808 0.111899 0.040216 0.100554 0.112626 0.061246 0.103037 0.096839 0.146530 -0.118119 0.307243 0.069505 -0.004213 0.047321 0.180908 0.064446 0.150060 0.086420 0.086365 0.058524 0.148555 0.031098 0.055764 0.045175 0.098710 0.051263 0.025445 -0.045258 -0.014119 0.079584 0.205364 0.110563 0.186767 0.075362 0.251249 -0.002425 0.125768 0.005265 0.150420 0.099433 -0.106000 -0.091923 0.129546 0.044867 0.111395 0.022574 0.014832 0.028971 0.032906 0.020395
0.412042 0.330577 0.540570 0.532262 0.282706 0.356515 0.550963 0.538490 0.153937 0.146114 0.079256 0.432749 0.374954 0.354780 -0.025431 0.495596 0.395618 0.364365 0.145419 0.485917 0.448277 0.593545 0.473013 0.493699 0.341864 0.456644 0.301714 0.000000 0.410624 0.340679 0.508645 0.485357 0.392461 0.254909 -0.013358 0.027737 0.386364 0.404593 -0.192509 -0.336680 0.462793 0.529842 -0.377551 -0.395727 0.034627 -0.298345 -0.347585 -0.339289 -0.422615 -0.438614 -0.452823 -0.489456 -0.469349 -0.498553 -0.411955 0.018347 0.090244 0.336476 -0.112635 0.330370 -0.293781 0.280307 -0.100541 0.406737 0.033936 0.095928 0.330868 0.349642 0.241974 0.365671 0.331377 0.425575 0.216794 0.124445 -0.137777 0.220628 0.088831 0.335870 -0.332970 -0.059764 -0.208520 0.378094 0.424351 0.525250 -0.415310 -0.396967 0.418311 0.521352 -0.435513 -0.321283 -0.413916 -0.415362 -0.420698 -0.468926 0.355704 0.121849 0.306435 0.274739 0.380081 0.398374 -0.014537 -0.481324 0.493060 0.506297 0.187749 0.458331 0.264380 0.458157 0.316068 0.092245 -0.256566 -0.346928 -0.415139 -0.385459 -0.439802 -0.057821
0.672082 0.630955 0.693028 0.693056 0.249198 0.421256 0.731781 0.722944 0.359486 0.378577 0.345492 0.725267 0.694357 0.699484 0.116829 0.694570 0.773878 0.698508 0.341236 0.681731 0.463583 0.415759 0.709815 0.717416 0.467690 0.418116 0.110789 0.410624 0.000000 0.719340 0.744691 0.724112 0.552476 0.425151 -0.002698 0.118120 0.762319 0.734182 -0.022741 -0.270423 0.687314 0.685383 -0.376961 -0.332188 0.146743 -0.155569 -0.322697 -0.279795 -0.299386 -0.412787 -0.458583 -0.512624 -0.494349 -0.529966 -0.448509 0.232406 0.385254 0.668267 0.032480 0.609463 -0.244226 0.516888 0.195232 0.707518 0.186537 0.328428 0.503850 0.554435 0.440997 0.550215 0.639814 0.700541 0.454212 0.406071 -0.086505 0.425276 0.168617 0.567155 -0.089684 0.108118 -0.049184 0.703690 0.728713 0.712129 -0.412860 -0.251452 0.732348 0.688790 -0.482193 -0.110749 -0.486413 -0.474433 -0.368899 -0.561763 0.688010 0.512210 0.634622 0.601138 0.621901 0.655579 0.073677 -0.568489 0.600303 0.660420 0.308772 0.650861 0.339925 0.610056 0.388718 0.194177 -0.123009 -0.281696 -0.375244 -0.291661 -0.401387 0.258888
0.638523 0.587309 0.587906 0.579082 0.302174 0.427900 0.652311 0.626437 0.374806 0.421901 0.445399 0.728118 0.681998 0.699952 0.122880 0.601478 0.683725 0.705762 0.360996 0.588458 0.352594 0.361027 0.667154 0.630822 0.421863 0.384869 -0.005405 0.340679 0.719340 0.000000 0.658068 0.667384 0.571899 0.482215 0.082418 0.138783 0.725542 0.724072 0.175753 -0.124312 0.564929 0.630720 -0.260467 -0.192186 0.253694 -0.023589 -0.172575 -0.145888 -0.165872 -0.270821 -0.318251 -0.374264 -0.345947 -0.400172 -0.289531 0.336495 0.413989 0.646439 0.153759 0.641149 -0.088169 0.603858 0.324332 0.707273 0.205765 0.392950 0.482971 0.560812 0.392775 0.450896 0.671777 0.654318 0.443451 0.451638 -0.024746 0.442735 0.211940 0.548227 0.052521 0.275822 0.106256 0.729877 0.719330 0.633195 -0.269160 -0.110565 0.661333 0.563487 -0.334870 0.013696 -0.350618 -0.328660 -0.253003 -0.405619 0.630905 0.510177 0.609034 0.600404 0.608708 0.634554 0.094504 -0.437008 0.533472 0.539465 0.375946 0.585053 0.398019 0.491380 0.276962 0.259562 0.019158 -0.156759 -0.230529 -0.148155 -0.250206 0.303936
0.661239 0.596605 0.747968 0.740817 0.331300 0.537819 0.756039 0.771084 0.432934 0.414788 0.252174 0.713413 0.638811 0.662744 0.119121 0.716589 0.734174 0.685507 0.295717 0.692285 0.507004 0.432168 0.760503 0.766175 0.562634 0.536983 0.123093 0.508645 0.744691 0.658068 0.000000 0.788740 0.537835 0.404195 -0.022001 0.098491 0.732081 0.686093 -0.138497 -0.390762 0.693424 0.679036 -0.456421 -0.440062 0.136912 -0.241032 -0.396463 -0.378626 -0.386681 -0.503650 -0.540761 -0.598519 -0.575522 -0.616927 -0.534697 0.139975 0.301178 0.610947 -0.084020 0.537932 -0.359155 0.457617 0.072213 0.664657 0.219097 0.298717 0.532183 0.556554 0.430382 0.548898 0.608030 0.712580 0.402061 0.346758 -0.130798 0.333793 0.097101 0.546036 -0.250902 0.072510 -0.162634 0.658961 0.697670 0.733149 -0.496600 -0.372768 0.685541 0.712071 -0.570533 -0.217426 -0.555220 -0.543973 -0.459374 -0.608030 0.695566 0.409772 0.549132 0.548525 0.591761 0.654193 0.005777 -0.631767 0.631902 0.719116 0.240947 0.694898 0.360452 0.649262 0.349707 0.101107 -0.219481 -0.365819 -0.468753 -0.375878 -0.474837 0.247874
0.671006 0.600872 0.747442 0.729185 0.394417 0.550606 0.744950 0.762680 0.454089 0.415095 0.270152 0.719908 0.638648 0.654065 0.141582 0.692962 0.709523 0.674068 0.296321 0.676884 0.468165 0.443265 0.777759 0.783687 0.519452 0.547098 0.046498 0.485357 0.724112 0.667384 0.788740 0.000000 0.533394 0.420650 0.038278 0.118884 0.725925 0.685734 -0.075247 -0.357102 0.669309 0.662408 -0.437939 -0.417300 0.175246 -0.219760 -0.371534 -0.357244 -0.351090 -0.480353 -0.516589 -0.576695 -0.550022 -0.596322 -0.506731 0.175785 0.311777 0.617967 -0.052664 0.550232 -0.324178 0.478225 0.110337 0.644919 0.278657 0.352759 0.554307 0.573724 0.430714 0.523847 0.622125 0.750850 0.410763 0.360493 -0.121447 0.393999 0.089446 0.565701 -0.217944 0.098814 -0.142941 0.659454 0.687642 0.712537 -0.472518 -0.344246 0.663831 0.702796 -0.546674 -0.180853 -0.537586 -0.526578 -0.451809 -0.594245 0.682249 0.412124 0.534840 0.560169 0.586042 0.656604 -0.008144 -0.625811 0.630705 0.714902 0.270006 0.709448 0.408457 0.649553 0.334350 0.106030 -0.188764 -0.337129 -0.442458 -0.340097 -0.441572 0.242468
0.648241 0.660110 0.438462 0.410231 0.181018 0.304052 0.578116 0.488367 0.362259 0.483123 0.557897 0.594639 0.669073 0.661642 0.265654 0.492477 0.529471 0.501530 0.549560 0.508849 0.202766 0.331163 0.579701 0.548791 0.402685 0.286795 0.221598 0.392461 0.552476 0.571899 0.537835 0.533394 0.000000 0.741924 0.411785 0.454468 0.499255 0.586211 0.192540 0.060294 0.394894 0.488697 0.022701 0.019774 0.535713 0.219646 0.083825 0.130971 0.060233 -0.046148 -0.087280 -0.159067 -0.133095 -0.185083 -0.077266 0.504413 0.591211 0.666575 0.402266 0.672042 0.157464 0.684636 0.438022 0.615015 0.374871 0.532343 0.592633 0.688412 0.472131 0.571729 0.599956 0.547831 0.438790 0.518196 0.174187 0.361560 0.490391 0.600818 0.107874 0.360326 0.244555 0.630241 0.557226 0.472376 -0.037503 0.100976 0.596595 0.407545 -0.122355 0.233785 -0.087220 -0.071074 -0.006822 -0.237465 0.370146 0.399047 0.603615 0.641022 0.672493 0.617058 0.315847 -0.241728 0.470284 0.370271 0.505321 0.535621 0.312967 0.288312 0.212009 0.372220 0.218078 0.097135 -0.016001 0.083179 -0.046830 0.057592
0.557881 0.629429 0.285211 0.231644 0.218888 0.311595 0.430863 0.323770 0.386733 0.538287 0.570662 0.472567 0.569417 0.575640 0.354620 0.365779 0.372156 0.355974 0.632333 0.403936 0.098042 0.176562 0.451313 0.430061 0.360671 0.249097 0.190043 0.254909 0.425151 0.482215 0.404195 0.420650 0.741924 0.000000 0.524889 0.539692 0.363382 0.437262 0.320302 0.233690 0.264842 0.344357 0.201061 0.198488 0.644592 0.406873 0.289782 0.306810 0.280094 0.150510 0.114750 0.029580 0.073536 -0.000065 0.140883 0.614513 0.639093 0.624552 0.571958 0.672657 0.346933 0.689955 0.568497 0.529609 0.448391 0.565690 0.573870 0.669934 0.485049 0.506905 0.549619 0.471052 0.462580 0.600827 0.304534 0.351106 0.582198 0.584625 0.278543 0.381859 0.398748 0.571018 0.429751 0.307764 0.168214 0.270169 0.469916 0.222826 0.094659 0.374521 0.124215 0.101861 0.172734 -0.091420 0.263617 0.401749 0.594407 0.647260 0.656263 0.561853 0.476643 -0.083640 0.446104 0.211483 0.585293 0.424470 0.319812 0.118846 0.093930 0.422703 0.380362 0.277338 0.179537 0.275150 0.155930 0.041926
0.230453 0.323359 -0.071206 -0.156596 0.072880 0.013404 0.055360 -0.087495 0.143040 0.278458 0.437596 0.037008 0.226115 0.160881 0.309103 -0.043495 -0.063259 -0.071675 0.446345 -0.004897 -0.163446 0.001997 0.137031 0.101977 0.065066 0.009782 0.122905 -0.013358 -0.002698 0.082418 -0.022001 0.038278 0.411785 0.524889 0.000000 0.695402 -0.009861 0.107678 0.532865 0.507724 -0.137786 -0.042066 0.486251 0.494516 0.608049 0.502006 0.570717 0.578045 0.471345 0.413487 0.422341 0.373639 0.410080 0.361510 0.453091 0.589299 0.452051 0.317517 0.600497 0.312301 0.533356 0.388440 0.442538 0.016557 0.557940 0.577634 0.432355 0.417837 0.266779 0.173333 0.282159 0.178222 0.240907 0.396083 0.425637 0.195380 0.575067 0.365461 0.447862 0.407811 0.457923 0.179538 0.015803 -0.128356 0.459987 0.522363 0.125173 -0.142276 0.417515 0.579109 0.445177 0.439755 0.469027 0.255474 -0.102899 0.257722 0.343661 0.432680 0.333343 0.276917 0.403704 0.258060 0.092051 -0.153063 0.499299 0.112755 0.123853 -0.230843 -0.022726 0.370596 0.565053 0.574644 0.482481 0.530764 0.443150 -0.120788
0.295212 0.347726 0.019281 -0.051565 -0.009414 0.023820 0.153285 0.023344 0.123914 0.284510 0.477810 0.156900 0.296357 0.244869 0.150518 -0.001098 0.073867 -0.028071 0.458138 0.087583 -0.103793 -0.063062 0.199074 0.178553 0.126354 0.000597 0.161770 0.027737 0.118120 0.138783 0.098491 0.118884 0.454468 0.539692 0.695402 0.000000 0.070348 0.145157 0.390165 0.388457 -0.015848 0.054874 0.423544 0.422215 0.612789 0.480824 0.484422 0.512649 0.403432 0.329073 0.335417 0.267603 0.309457 0.254481 0.347107 0.568740 0.427465 0.334787 0.554166 0.365967 0.456900 0.414580 0.352147 0.096069 0.572421 0.602261 0.523531 0.514830 0.337064 0.296078 0.365400 0.236001 0.397520 0.429173 0.246347 0.122464 0.574938 0.342873 0.397789 0.298865 0.432856 0.267149 0.078237 -0.036923 0.374742 0.436736 0.211109 -0.063014 0.338444 0.529504 0.348217 0.331337 0.389073 0.123670 -0.027554 0.247827 0.430778 0.488365 0.417991 0.357405 0.369979 0.125056 0.171069 -0.068730 0.493234 0.160640 0.070067 -0.153666 -0.004751 0.369716 0.490144 0.501770 0.396584 0.454173 0.358071 -0.075568
0.664983 0.608580 0.707320 0.711194 0.271793 0.431114 0.723631 0.731648 0.352110 0.355460 0.293684 0.718766 0.665343 0.673310 0.109269 0.713113 0.757673 0.721283 0.298599 0.675509 0.468833 0.422878 0.732216 0.712570 0.397930 0.402206 -0.001849 0.386364 0.762319 0.725542 0.732081 0.725925 0.499255 0.363382 -0.009861 0.070348 0.000000 0.758794 0.026287 -0.292095 0.719342 0.704473 -0.450818 -0.385442 0.119544 -0.228785 -0.346589 -0.328420 -0.330982 -0.459654 -0.500898 -0.543482 -0.528238 -0.560902 -0.471608 0.225567 0.332663 0.637855 -0.033561 0.562102 -0.303612 0.487527 0.151666 0.670932 0.166695 0.326832 0.510133 0.537112 0.432958 0.510867 0.597430 0.684811 0.367372 0.353046 -0.085706 0.443589 0.105879 0.573903 -0.158998 0.096312 -0.127221 0.681787 0.754763 0.734165 -0.461367 -0.288957 0.742126 0.712569 -0.525051 -0.140625 -0.520266 -0.489005 -0.381768 -0.551265 0.729194 0.489572 0.574806 0.574550 0.593488 0.667484 0.012893 -0.576419 0.576247 0.679002 0.252768 0.657426 0.407713 0.652047 0.386474 0.093359 -0.174293 -0.308787 -0.399827 -0.339237 -0.448205 0.323511
