0.000000 0.742417 0.640094 0.666313 0.474989 0.537811 0.735593 0.738936 0.248784 0.486154 0.439470 0.653118 0.430245 0.689960 0.483339 0.596528 0.499475 0.671700 0.752898 0.796664 0.499724 0.536970 0.785331 0.606895 0.435440 0.488129 0.278940 0.452218 0.623224 0.561450 0.667341 0.677164 0.790468 0.722573 0.728312 0.652628 0.571272 0.662807 0.456245 0.388429 0.503640 0.707407 0.132068 0.566368 0.577179 0.382212 0.287778 0.412739 -0.182652 -0.089828 -0.223398 -0.155930 -0.270760 -0.100110 0.235477 0.622232 0.335311 0.809541 0.714630 0.831947 0.146050 0.716075 0.554316 0.665878 0.668504 0.676879 0.780811 0.740402 0.775130 0.622914 0.642413 0.646332 0.676624 0.708961 0.471544 0.451932 0.720215 0.654973 -0.093435 0.540980 0.102079 0.748690 0.227300 0.651808 -0.047369 0.594534 0.047645 0.556949 -0.231070 0.342858 -0.143655 0.124524 -0.240728 0.394823 0.470602 0.394348 0.507819 0.733166 0.761168 0.741087 0.616300 0.461891 0.507518 0.527576 0.311469 0.522873 0.462622 0.465908 0.277453 0.300378 0.280237 0.491270 0.672576 0.370455 -0.198426 0.272334
0.742417 0.000000 0.809065 0.825913 0.333221 0.530553 0.750768 0.827040 -0.065589 0.511132 0.016061 0.848753 0.019632 0.581245 0.204116 0.630617 0.466956 0.628772 0.855412 0.809887 0.757628 0.764676 0.726387 0.813786 0.279382 0.464639 0.163539 0.423152 0.645045 0.632057 0.784545 0.745191 0.679930 0.528399 0.734826 0.815506 0.770709 0.763990 0.476294 0.373183 0.505469 0.780684 -0.247525 0.341748 0.379110 0.099251 -0.027133 0.137977 -0.567359 -0.471550 -0.606372 -0.504558 -0.644283 -0.378162 -0.155593 0.563456 -0.112688 0.838700 0.443885 0.735200 -0.299019 0.838513 0.274250 0.804514 0.653742 0.660703 0.709760 0.806453 0.687810 0.355778 0.600012 0.795531 0.704701 0.721698 0.461829 0.572379 0.688400 0.775677 -0.502165 0.689661 -0.320869 0.832929 0.027500 0.783492 -0.454753 0.695960 -0.269954 0.765718 -0.614213 0.401057 -0.548562 -0.138011 -0.623496 0.361430 0.675574 0.430614 0.218163 0.786839 0.799158 0.823792 0.538699 0.518380 0.752784 0.795874 0.199620 0.500638 0.739893 0.763363 0.393635 0.172257 0.069517 0.251158 0.831410 0.063753 -0.553397 0.138178
0.640094 0.809065 0.000000 0.777511 0.322771 0.468078 0.825080 0.788164 -0.149205 0.435539 -0.082934 0.850239 -0.028474 0.540961 0.046809 0.647793 0.279845 0.634447 0.773119 0.731449 0.753451 0.743127 0.643255 0.831820 0.232988 0.417385 0.156562 0.340746 0.471822 0.747263 0.778452 0.703450 0.544802 0.438007 0.677926 0.800515 0.737074 0.794559 0.317387 0.165908 0.321270 0.716567 -0.366348 0.205630 0.238619 -0.065751 -0.162074 -0.042638 -0.628704 -0.588505 -0.652889 -0.665824 -0.676469 -0.611120 -0.263183 0.344758 -0.226347 0.706639 0.382461 0.588859 -0.338546 0.818601 0.086043 0.837850 0.628427 0.549914 0.625223 0.779823 0.540738 0.253232 0.680617 0.708627 0.557682 0.742190 0.397572 0.410890 0.624376 0.674526 -0.505671 0.523716 -0.373186 0.756969 -0.099222 0.684307 -0.463624 0.500414 -0.461805 0.649086 -0.653331 0.129212 -0.590407 -0.393506 -0.646774 0.097992 0.681803 0.387419 0.124569 0.658752 0.704300 0.807681 0.613928 0.280755 0.819602 0.812904 0.338799 0.273341 0.782749 0.770666 0.394850 0.074697 -0.084011 0.043035 0.807916 -0.050050 -0.665306 0.160258
0.666313 0.825913 0.777511 0.000000 0.268952 0.475406 0.725698 0.830914 -0.104382 0.427409 -0.034055 0.800370 -0.039970 0.450076 0.206392 0.595143 0.512250 0.456390 0.799543 0.716811 0.786125 0.781110 0.734936 0.841915 0.207420 0.412775 0.120952 0.376266 0.688782 0.541799 0.796510 0.766218 0.631531 0.498751 0.661492 0.791004 0.815662 0.733386 0.500635 0.396455 0.494616 0.725456 -0.280565 0.292318 0.306926 0.030530 -0.103340 0.068596 -0.603828 -0.517066 -0.646105 -0.485209 -0.694233 -0.326618 -0.261339 0.535778 -0.203249 0.766801 0.328178 0.680692 -0.385487 0.825210 0.253540 0.746797 0.659274 0.664325 0.665762 0.781363 0.567203 0.210289 0.534473 0.829915 0.718515 0.630337 0.431626 0.608218 0.633222 0.787694 -0.561941 0.752160 -0.388546 0.778675 0.021356 0.757944 -0.552337 0.729560 -0.278002 0.784237 -0.674518 0.479647 -0.590712 -0.082249 -0.667100 0.463933 0.711038 0.433639 0.134257 0.751363 0.766697 0.759329 0.490387 0.601362 0.752595 0.810489 0.185260 0.567181 0.743691 0.786047 0.415054 0.167383 0.028468 0.209710 0.821277 -0.008934 -0.565753 0.175629
0.474989 0.333221 0.322771 0.268952 0.000000 0.703314 0.440282 0.394524 0.658033 0.626547 0.330011 0.268672 0.412110 0.460499 0.347443 0.626253 0.204829 0.515504 0.282718 0.421934 0.224929 0.293193 0.475132 0.305442 0.805408 0.758800 0.649077 0.752078 0.251557 0.448587 0.527667 0.522940 0.434573 0.477278 0.345512 0.259843 0.181817 0.359212 0.039567 -0.060966 0.136606 0.378291 0.230532 0.349959 0.314664 0.296653 0.268597 0.283348 0.082773 0.103922 0.085860 0.016178 0.035840 -0.058781 0.283370 0.210825 0.414732 0.440738 0.495000 0.427502 0.286532 0.301186 0.307468 0.271652 0.382458 0.199499 0.401857 0.354671 0.488088 0.590091 0.488081 0.248291 0.291116 0.395428 0.104879 -0.056170 0.340107 0.214958 0.171859 0.158647 0.257652 0.363882 0.105753 0.291861 0.136398 0.126935 0.023469 0.095059 0.037426 -0.051997 0.132741 -0.045180 0.071838 0.041562 0.160646 0.176106 0.302943 0.292361 0.344721 0.328812 0.537088 0.068658 0.253410 0.196786 0.344337 0.084165 0.152741 0.106252 0.145509 0.193712 0.169609 0.272020 0.294469 0.206725 -0.045178 0.165638
0.537811 0.530553 0.468078 0.475406 0.703314 0.000000 0.509584 0.532040 0.510609 0.798986 0.187276 0.460562 0.238273 0.425852 0.274215 0.728268 0.317010 0.495821 0.489864 0.554452 0.469793 0.485050 0.573370 0.513019 0.727364 0.827372 0.653357 0.801393 0.436026 0.488143 0.686172 0.696643 0.483289 0.419970 0.471548 0.433937 0.418421 0.499667 0.139047 0.023929 0.240861 0.528842 0.004789 0.271963 0.264933 0.137416 0.122478 0.203118 -0.185568 -0.126012 -0.188408 -0.166736 -0.236809 -0.138625 0.072162 0.359140 0.181137 0.586800 0.391903 0.499438 0.013041 0.466706 0.257751 0.417377 0.475343 0.298307 0.456936 0.465299 0.536391 0.465004 0.474960 0.462771 0.470528 0.487209 0.079018 0.127964 0.417373 0.418030 -0.127087 0.384364 -0.006636 0.522926 0.043696 0.475790 -0.137046 0.351336 -0.095656 0.347752 -0.244052 0.153665 -0.159385 -0.086965 -0.221257 0.193761 0.374819 0.277699 0.193716 0.467254 0.496394 0.469931 0.500934 0.308470 0.458011 0.445681 0.219561 0.235784 0.392744 0.375713 0.255577 0.195074 0.147621 0.229490 0.451802 0.073566 -0.253210 0.033671
0.735593 0.750768 0.825080 0.725698 0.440282 0.509584 0.000000 0.793240 0.070994 0.445324 0.166029 0.763965 0.245796 0.620922 0.211206 0.669577 0.291880 0.668598 0.730991 0.748716 0.626611 0.629016 0.717146 0.747190 0.363551 0.466118 0.268602 0.387404 0.472426 0.741108 0.756962 0.713252 0.644175 0.595761 0.713495 0.750117 0.650707 0.777923 0.298458 0.157853 0.305372 0.694359 -0.119754 0.374933 0.389208 0.109798 0.049671 0.141102 -0.409164 -0.376290 -0.438674 -0.479596 -0.467031 -0.463773 -0.025911 0.389632 0.019482 0.704669 0.559052 0.673037 -0.075366 0.789082 0.224934 0.775172 0.692301 0.603817 0.721562 0.791406 0.606440 0.429940 0.764052 0.650973 0.566992 0.762782 0.418662 0.332118 0.688228 0.644674 -0.273156 0.454538 -0.125129 0.726282 -0.006857 0.621434 -0.236894 0.444979 -0.295706 0.533108 -0.446321 0.089730 -0.354827 -0.244017 -0.426271 0.130857 0.582332 0.370204 0.291747 0.639838 0.716327 0.787554 0.724486 0.268286 0.720103 0.690351 0.456855 0.298767 0.661012 0.628561 0.348084 0.150575 0.049162 0.195296 0.742776 0.147940 -0.464109 0.265687
0.738936 0.827040 0.788164 0.830914 0.394524 0.532040 0.793240 0.000000 0.042292 0.492283 0.079252 0.808497 0.117075 0.608028 0.265340 0.650493 0.436496 0.578186 0.806805 0.794709 0.707246 0.731356 0.746499 0.785781 0.336236 0.491565 0.222759 0.442028 0.625802 0.595439 0.781679 0.769032 0.712743 0.621533 0.722010 0.798905 0.740276 0.755732 0.493847 0.378944 0.499243 0.748872 -0.127079 0.434348 0.426356 0.169750 0.047942 0.194132 -0.489537 -0.409268 -0.528479 -0.433358 -0.572286 -0.321252 -0.070686 0.569984 -0.059208 0.791952 0.487186 0.750440 -0.214939 0.834149 0.280855 0.761759 0.721029 0.723470 0.764747 0.841653 0.670160 0.403108 0.635860 0.793764 0.715549 0.715110 0.486867 0.546002 0.719874 0.771505 -0.426548 0.658474 -0.245667 0.784628 0.072296 0.747443 -0.394531 0.663616 -0.223759 0.716932 -0.536640 0.392217 -0.439182 -0.072677 -0.528049 0.385612 0.637756 0.418241 0.243308 0.752993 0.790435 0.795794 0.609720 0.525409 0.714591 0.748139 0.274383 0.514324 0.695721 0.706796 0.369539 0.161752 0.120313 0.301189 0.795737 0.128971 -0.471576 0.201362
0.248784 -0.065589 -0.149205 -0.104382 0.658033 0.510609 0.070994 0.042292 0.000000 0.434893 0.571605 -0.175700 0.631992 0.261150 0.491060 0.324834 0.144357 0.171759 -0.068828 0.114422 -0.204499 -0.131389 0.222367 -0.138252 0.693256 0.551060 0.607020 0.590428 0.119194 0.011175 0.115933 0.214049 0.259398 0.366591 0.069530 -0.155189 -0.183757 -0.035750 -0.029417 -0.045772 0.067374 0.047947 0.562552 0.380888 0.315277 0.434761 0.485021 0.452945 0.507188 0.522902 0.513496 0.482940 0.470668 0.393119 0.586269 0.192980 0.650163 0.115772 0.406286 0.230853 0.579072 -0.099278 0.398394 -0.181186 0.175766 0.024898 0.188966 0.005276 0.271277 0.563155 0.150586 -0.075608 0.116845 0.058231 -0.059562 -0.190269 0.119123 -0.058850 0.523384 -0.064778 0.579488 0.002897 0.278213 -0.034507 0.489540 -0.056223 0.438750 -0.206692 0.474068 -0.011543 0.535925 0.317794 0.492209 0.104224 -0.220074 -0.016612 0.355730 0.000109 0.039411 -0.072620 0.247851 0.031590 -0.221124 -0.264631 0.198704 0.085356 -0.297975 -0.333777 -0.108078 0.200612 0.362116 0.387387 -0.146644 0.391040 0.445176 0.138584
0.486154 0.511132 0.435539 0.427409 0.626547 0.798986 0.445324 0.492283 0.434893 0.000000 0.119526 0.454566 0.181871 0.422686 0.231112 0.710962 0.283985 0.482105 0.474690 0.540390 0.441255 0.464137 0.499613 0.473554 0.657225 0.753211 0.582519 0.743991 0.394671 0.441788 0.622437 0.642278 0.447736 0.373014 0.448347 0.426480 0.383633 0.460887 0.148415 0.029693 0.242819 0.510024 -0.008789 0.270606 0.232917 0.111200 0.104451 0.187959 -0.203236 -0.141806 -0.200640 -0.175293 -0.252175 -0.163918 0.075245 0.347010 0.125324 0.553070 0.348281 0.453325 -0.039334 0.418192 0.218184 0.387373 0.433089 0.263234 0.431302 0.449480 0.509894 0.439990 0.418098 0.438884 0.464962 0.479201 0.072735 0.152245 0.412319 0.403612 -0.157556 0.365520 -0.050333 0.493475 0.029255 0.461373 -0.145482 0.349600 -0.113509 0.352451 -0.240458 0.159295 -0.181522 -0.119213 -0.233656 0.156687 0.325010 0.228252 0.145105 0.435162 0.462612 0.444832 0.453973 0.277870 0.442125 0.426649 0.198337 0.216853 0.355004 0.355471 0.256300 0.144103 0.154923 0.210592 0.431955 0.083372 -0.246776 0.019060
0.439470 0.016061 -0.082934 -0.034055 0.330011 0.187276 0.166029 0.079252 0.571605 0.119526 0.000000 -0.079977 0.823951 0.422381 0.689217 0.136285 0.354709 0.273035 0.047705 0.188805 -0.188744 -0.127714 0.350896 -0.119793 0.388729 0.200480 0.251799 0.210970 0.270748 0.044622 0.038023 0.134644 0.425715 0.542266 0.215323 -0.073057 -0.067278 0.060512 0.205106 0.266442 0.277510 0.093004 0.617629 0.516764 0.470806 0.561304 0.546645 0.553188 0.537320 0.577678 0.521904 0.530611 0.475830 0.454154 0.677496 0.357628 0.761946 0.204423 0.570093 0.398009 0.709369 0.040771 0.688593 0.000863 0.302580 0.247976 0.331353 0.121666 0.283047 0.510675 0.216148 0.001712 0.207977 0.176087 0.233732 0.060703 0.250987 0.054888 0.587889 0.006050 0.698254 0.123739 0.478672 0.057810 0.605669 0.102316 0.591432 -0.081175 0.515827 0.101391 0.543586 0.466724 0.484580 0.229359 -0.109846 0.134905 0.645497 0.160128 0.170922 0.058687 0.228845 0.093881 -0.246125 -0.259497 0.201267 0.262741 -0.300214 -0.305182 -0.119053 0.391743 0.374059 0.518524 -0.055071 0.519306 0.497150 0.260518
0.653118 0.848753 0.850239 0.800370 0.268672 0.460562 0.763965 0.808497 -0.175700 0.454566 -0.079977 0.000000 -0.059025 0.576021 0.093319 0.621062 0.359555 0.618562 0.814554 0.754090 0.784783 0.780641 0.648591 0.830577 0.198948 0.405916 0.114698 0.357552 0.551865 0.671114 0.766971 0.709336 0.580576 0.446699 0.679493 0.807254 0.763692 0.769584 0.421477 0.299198 0.438327 0.739871 -0.371076 0.232876 0.265366 -0.029139 -0.161451 -0.009070 -0.657560 -0.583235 -0.685135 -0.629015 -0.716634 -0.532442 -0.262941 0.451375 -0.250209 0.757145 0.352635 0.630796 -0.384628 0.837292 0.157006 0.847495 0.646221 0.608051 0.633758 0.791011 0.565374 0.237502 0.604078 0.767085 0.624750 0.722751 0.456365 0.536416 0.627279 0.725504 -0.571625 0.626610 -0.414854 0.794892 -0.044679 0.751324 -0.513391 0.619457 -0.400010 0.745202 -0.677775 0.283346 -0.631357 -0.308022 -0.692759 0.212110 0.698577 0.414167 0.124155 0.726358 0.733927 0.809789 0.522940 0.394888 0.793482 0.823574 0.197999 0.373214 0.775957 0.793261 0.391658 0.111928 -0.062640 0.100990 0.819947 -0.059358 -0.658389 0.102334
0.430245 0.019632 -0.028474 -0.039970 0.412110 0.238273 0.245796 0.117075 0.631992 0.181871 0.823951 -0.059025 0.000000 0.479623 0.669496 0.221601 0.256010 0.331144 0.053383 0.227059 -0.188446 -0.121903 0.344095 -0.097093 0.464972 0.260152 0.329727 0.264928 0.212971 0.132191 0.065339 0.155148 0.426606 0.568236 0.254282 -0.035147 -0.076055 0.114893 0.146179 0.162327 0.222820 0.135848 0.628475 0.532302 0.468670 0.548661 0.575902 0.560595 0.536436 0.552951 0.525561 0.471337 0.487215 0.357771 0.706339 0.316357 0.736151 0.178394 0.589744 0.382126 0.724364 0.051504 0.579298 0.006670 0.333820 0.246100 0.366215 0.156688 0.300756 0.572480 0.300881 -0.015839 0.196422 0.240133 0.223284 -0.024291 0.303732 0.054293 0.616316 -0.058540 0.719499 0.126737 0.447818 0.053794 0.640487 0.025396 0.528220 -0.128143 0.528530 -0.006497 0.563731 0.368156 0.510650 0.121178 -0.109761 0.138384 0.631827 0.124991 0.168225 0.084350 0.314897 0.013960 -0.191640 -0.240277 0.333250 0.178043 -0.253860 -0.293979 -0.089141 0.320819 0.401172 0.493659 -0.047306 0.542811 0.488310 0.251144
0.689960 0.581245 0.540961 0.450076 0.460499 0.425852 0.620922 0.608028 0.261150 0.422686 0.422381 0.576021 0.479623 0.000000 0.479865 0.561648 0.324253 0.710564 0.584430 0.692497 0.363576 0.436608 0.630603 0.471483 0.443982 0.450395 0.258024 0.415220 0.430887 0.508872 0.510446 0.538357 0.660807 0.674268 0.589780 0.490925 0.385017 0.546147 0.409763 0.337667 0.500279 0.578122 0.149711 0.499205 0.507945 0.415407 0.243502 0.359029 -0.068351 0.004042 -0.091862 -0.108924 -0.148931 -0.152046 0.321223 0.513702 0.328299 0.629418 0.639423 0.649776 0.198406 0.565334 0.480540 0.597562 0.614203 0.544874 0.650854 0.630426 0.633890 0.609760 0.533265 0.478279 0.515304 0.634558 0.513629 0.348122 0.577997 0.468185 0.017493 0.330674 0.196851 0.628640 0.312117 0.568167 0.109119 0.422870 0.097106 0.424330 -0.069828 0.152591 -0.028408 -0.006517 -0.114045 0.129070 0.342015 0.343352 0.475832 0.558594 0.559168 0.590560 0.500745 0.192079 0.345770 0.349671 0.293113 0.321222 0.314702 0.288327 0.130981 0.230626 0.219721 0.398349 0.481020 0.288659 -0.121572 0.181576
0.483339 0.204116 0.046809 0.206392 0.347443 0.274215 0.211206 0.265340 0.491060 0.231112 0.689217 0.093319 0.669496 0.479865 0.000000 0.283858 0.575916 0.262217 0.245116 0.333003 0.081563 0.164731 0.500881 0.101897 0.370343 0.261672 0.217640 0.327973 0.534912 0.068299 0.215162 0.311832 0.540207 0.596644 0.322813 0.119497 0.188160 0.192594 0.478033 0.530114 0.561122 0.274753 0.499069 0.565828 0.501527 0.547218 0.486305 0.568656 0.326685 0.408376 0.292065 0.433635 0.225419 0.449685 0.550795 0.587527 0.554140 0.351104 0.455418 0.483929 0.406665 0.179241 0.692240 0.100800 0.433941 0.414606 0.437035 0.280717 0.365788 0.427835 0.211517 0.275015 0.466355 0.256272 0.446534 0.376697 0.372079 0.292790 0.347020 0.312871 0.503011 0.319580 0.610954 0.345582 0.360342 0.418561 0.571196 0.248472 0.286277 0.422098 0.307706 0.513426 0.230627 0.463425 0.143550 0.362085 0.623300 0.360292 0.338778 0.179506 0.161328 0.361848 -0.089026 -0.049206 0.130204 0.521856 -0.106953 -0.075152 0.030444 0.463534 0.407447 0.593584 0.140331 0.428359 0.351643 0.202966
0.596528 0.630617 0.647793 0.595143 0.626253 0.728268 0.669577 0.650493 0.324834 0.710962 0.136285 0.621062 0.221601 0.561648 0.283858 0.000000 0.335797 0.580742 0.603969 0.653483 0.600353 0.629221 0.650029 0.659133 0.587832 0.703107 0.532178 0.681685 0.448968 0.621601 0.748040 0.744696 0.521850 0.473582 0.545825 0.572786 0.549379 0.645469 0.204241 0.054775 0.278354 0.613032 -0.098016 0.280124 0.249058 0.070288 0.021769 0.132903 -0.328475 -0.291318 -0.334635 -0.336524 -0.392592 -0.335385 -0.014819 0.354104 0.048741 0.638724 0.404872 0.521754 -0.122750 0.594286 0.241507 0.575709 0.591329 0.383476 0.537112 0.593869 0.541569 0.423768 0.559589 0.582872 0.543151 0.612262 0.244100 0.249915 0.511874 0.516487 -0.228853 0.452307 -0.103989 0.640992 0.049074 0.603973 -0.212484 0.422269 -0.237393 0.462607 -0.369594 0.137007 -0.286519 -0.223142 -0.360312 0.144540 0.521622 0.364377 0.194736 0.542031 0.583301 0.603056 0.573529 0.274749 0.609268 0.585366 0.380448 0.244494 0.528771 0.505324 0.341078 0.180020 0.111957 0.192216 0.588820 0.025172 -0.390471 0.101448
0.499475 0.466956 0.279845 0.512250 0.204829 0.317010 0.291880 0.436496 0.144357 0.283985 0.354709 0.359555 0.256010 0.324253 0.575916 0.335797 0.000000 0.319737 0.436769 0.406488 0.453225 0.489531 0.556583 0.401432 0.228371 0.283623 0.084900 0.298064 0.725267 0.201387 0.437519 0.479716 0.523264 0.438379 0.400381 0.360005 0.561003 0.421986 0.621537 0.644815 0.670636 0.428333 0.114130 0.409346 0.327485 0.299053 0.204494 0.380558 -0.113671 -0.008163 -0.159668 0.098096 -0.224421 0.244013 0.116184 0.656609 0.181722 0.556250 0.276949 0.565187 -0.062853 0.427122 0.581225 0.327876 0.522280 0.503454 0.465998 0.444876 0.381883 0.187973 0.151037 0.532659 0.584418 0.259323 0.398449 0.596937 0.369986 0.527951 -0.093184 0.663862 0.105606 0.584410 0.515673 0.630351 -0.112094 0.692208 0.289970 0.580165 -0.182502 0.644004 -0.143708 0.380363 -0.226983 0.658169 0.496347 0.553236 0.416578 0.577267 0.554846 0.404905 0.175215 0.642496 0.248360 0.337216 0.103432 0.695417 0.240991 0.321459 0.302541 0.404770 0.339976 0.537105 0.452220 0.184892 -0.036615 0.101025
0.671700 0.628772 0.634447 0.456390 0.515504 0.495821 0.668598 0.578186 0.171759 0.482105 0.273035 0.618562 0.331144 0.710564 0.262217 0.580742 0.319737 0.000000 0.601539 0.684283 0.451365 0.484773 0.583011 0.517734 0.483235 0.510503 0.273276 0.402562 0.341540 0.717355 0.583110 0.523638 0.596270 0.538459 0.652338 0.577273 0.456638 0.674670 0.245578 0.163506 0.351002 0.603808 0.015711 0.398716 0.409078 0.260913 0.180096 0.267051 -0.196329 -0.157578 -0.219046 -0.315870 -0.236783 -0.366367 0.188915 0.369319 0.241450 0.648514 0.598492 0.594587 0.110239 0.584805 0.331727 0.670353 0.570096 0.452630 0.627426 0.644767 0.652098 0.576875 0.650986 0.425389 0.430081 0.685511 0.381548 0.223210 0.571663 0.451126 -0.033544 0.254188 0.121658 0.680520 0.160314 0.575385 0.039143 0.325078 -0.129693 0.378971 -0.187283 -0.029925 -0.136536 -0.207525 -0.203484 -0.009668 0.432654 0.384199 0.445990 0.547432 0.609338 0.694004 0.626239 0.084115 0.506069 0.461103 0.430179 0.162414 0.442968 0.390326 0.226384 0.188505 0.187458 0.299120 0.569400 0.217872 -0.285882 0.113107
0.752898 0.855412 0.773119 0.799543 0.282718 0.489864 0.730991 0.806805 -0.068828 0.474690 0.047705 0.814554 0.053383 0.584430 0.245116 0.603969 0.436769 0.601539 0.000000 0.837082 0.707841 0.708906 0.741190 0.775949 0.230029 0.402611 0.131502 0.367909 0.642166 0.594358 0.739011 0.708501 0.705600 0.552813 0.770879 0.816068 0.745088 0.745583 0.471563 0.389278 0.501599 0.781561 -0.190623 0.385007 0.422342 0.129413 0.028626 0.186463 -0.527790 -0.429922 -0.572026 -0.466492 -0.602192 -0.337030 -0.100655 0.584752 -0.088098 0.809498 0.455909 0.725110 -0.272232 0.802692 0.284327 0.768262 0.631179 0.670377 0.728302 0.787936 0.708833 0.379165 0.604804 0.790950 0.741164 0.739049 0.493115 0.590032 0.729118 0.788113 -0.463481 0.671683 -0.291536 0.809927 0.043752 0.765348 -0.404510 0.691034 -0.224637 0.751731 -0.570331 0.413502 -0.503300 -0.075219 -0.578436 0.383778 0.639929 0.423188 0.257059 0.785952 0.804615 0.819750 0.523175 0.527443 0.718274 0.761602 0.198926 0.517558 0.714883 0.731649 0.352775 0.171972 0.126564 0.296554 0.804321 0.127458 -0.492696 0.127756
0.796664 0.809887 0.731449 0.716811 0.421934 0.554452 0.748716 0.794709 0.114422 0.540390 0.188805 0.754090 0.227059 0.692497 0.333003 0.653483 0.406488 0.684283 0.837082 0.000000 0.608146 0.632597 0.749671 0.698125 0.378083 0.482807 0.264490 0.458687 0.592383 0.617353 0.712316 0.705172 0.760252 0.654587 0.775007 0.755131 0.653450 0.734220 0.444061 0.352410 0.495815 0.776781 -0.030822 0.487224 0.507388 0.259670 0.171318 0.307143 -0.365130 -0.276867 -0.405027 -0.351618 -0.438894 -0.279708 0.085927 0.595339 0.098074 0.807625 0.585887 0.759574 -0.087303 0.749351 0.338652 0.716888 0.645326 0.649718 0.774200 0.783887 0.780530 0.561110 0.651819 0.714005 0.720877 0.773736 0.485404 0.496092 0.757920 0.739763 -0.283806 0.577506 -0.100989 0.788476 0.141095 0.725229 -0.215295 0.610568 -0.118480 0.646583 -0.397299 0.325326 -0.326840 -0.051387 -0.406145 0.312014 0.560576 0.416893 0.369899 0.739001 0.783305 0.791669 0.597118 0.446665 0.638617 0.652778 0.306187 0.471676 0.606418 0.601242 0.332667 0.204252 0.243316 0.377054 0.742990 0.260508 -0.356673 0.151549
0.499724 0.757628 0.753451 0.786125 0.224929 0.469793 0.626611 0.707246 -0.204499 0.441255 -0.188744 0.784783 -0.188446 0.363576 0.081563 0.600353 0.453225 0.451365 0.707841 0.608146 0.000000 0.844957 0.575755 0.815213 0.171130 0.403573 0.127014 0.384694 0.558481 0.552990 0.752122 0.679718 0.459599 0.303858 0.553802 0.736100 0.826755 0.739262 0.418261 0.319415 0.454357 0.644631 -0.447785 0.120670 0.116151 -0.130539 -0.246607 -0.066923 -0.705523 -0.630861 -0.726661 -0.605210 -0.767174 -0.462956 -0.406981 0.418847 -0.384843 0.652541 0.139311 0.495691 -0.541772 0.731713 0.084102 0.721272 0.588160 0.495250 0.490881 0.677255 0.409545 0.016337 0.458890 0.768443 0.599476 0.565958 0.372319 0.559295 0.498763 0.706613 -0.659611 0.687382 -0.495783 0.734216 0.004426 0.757779 -0.622108 0.652479 -0.431726 0.755838 -0.747516 0.375966 -0.705100 -0.284056 -0.759256 0.294773 0.799514 0.490063 0.040604 0.684693 0.673848 0.704807 0.371731 0.468708 0.773744 0.820522 0.135339 0.390154 0.764333 0.806848 0.453620 0.185766 -0.079243 0.047427 0.772058 -0.237057 -0.694573 -0.026562
0.536970 0.764676 0.743127 0.781110 0.293193 0.485050 0.629016 0.731356 -0.131389 0.464137 -0.127714 0.780641 -0.121903 0.436608 0.164731 0.629221 0.489531 0.484773 0.708906 0.632597 0.844957 0.000000 0.598740 0.801797 0.221582 0.444354 0.149370 0.438024 0.584297 0.533860 0.755019 0.712008 0.496520 0.360945 0.552202 0.719541 0.798046 0.718187 0.505576 0.387232 0.541695 0.671136 -0.386666 0.168723 0.142086 -0.083235 -0.212760 -0.027243 -0.652855 -0.576881 -0.672610 -0.545312 -0.722100 -0.410025 -0.318074 0.473657 -0.306087 0.686510 0.198551 0.543058 -0.484656 0.736396 0.163262 0.717025 0.627084 0.524066 0.527516 0.700117 0.448300 0.090069 0.441018 0.777818 0.622797 0.568012 0.441068 0.581827 0.517865 0.706158 -0.599110 0.693913 -0.426207 0.751325 0.084664 0.790033 -0.567922 0.676234 -0.337259 0.777460 -0.682057 0.415183 -0.640479 -0.229783 -0.707971 0.319658 0.749304 0.463742 0.074189 0.692409 0.673331 0.701165 0.379048 0.484315 0.723843 0.780629 0.141765 0.436338 0.718440 0.763670 0.423092 0.169789 -0.032030 0.114157 0.751551 -0.195367 -0.640552 0.025419
0.785331 0.726387 0.643255 0.734936 0.475132 0.573370 0.717146 0.746499 0.222367 0.499613 0.350896 0.648591 0.344095 0.630603 0.500881 0.650029 0.556583 0.583011 0.741190 0.749671 0.575755 0.598740 0.000000 0.697402 0.457658 0.527326 0.283146 0.477753 0.684204 0.548824 0.755431 0.763412 0.767906 0.702138 0.711784 0.662558 0.645781 0.679116 0.453400 0.394926 0.506121 0.697506 0.066702 0.502188 0.501488 0.293430 0.195488 0.338788 -0.241662 -0.155098 -0.287025 -0.173261 -0.345638 -0.094095 0.128553 0.608916 0.220752 0.774597 0.559301 0.746717 -0.001836 0.712504 0.519655 0.641992 0.675088 0.648634 0.741709 0.721879 0.680907 0.490921 0.603378 0.693389 0.713431 0.661992 0.445072 0.473828 0.659446 0.689654 -0.167637 0.615365 0.022604 0.752563 0.219673 0.689430 -0.144962 0.652962 0.036200 0.613032 -0.321667 0.396358 -0.226072 0.118025 -0.319629 0.466817 0.540977 0.430357 0.414505 0.711717 0.740819 0.696590 0.566896 0.516068 0.546049 0.575755 0.301034 0.566799 0.506445 0.519989 0.308410 0.315989 0.225373 0.429250 0.679276 0.265872 -0.245526 0.253542
0.606895 0.813786 0.831820 0.841915 0.305442 0.513019 0.747190 0.785781 -0.138252 0.473554 -0.119793 0.830577 -0.097093 0.471483 0.101897 0.659133 0.401432 0.517734 0.775949 0.698125 0.815213 0.801797 0.697402 0.000000 0.227098 0.452081 0.160913 0.402907 0.587457 0.628336 0.825004 0.773270 0.537327 0.415525 0.628147 0.778920 0.793720 0.751904 0.387885 0.246608 0.402368 0.722976 -0.418596 0.147876 0.179441 -0.112704 -0.236396 -0.077533 -0.675194 -0.610692 -0.701366 -0.612574 -0.743497 -0.502676 -0.351245 0.401527 -0.282131 0.723338 0.263456 0.578089 -0.449197 0.810810 0.157416 0.788161 0.628134 0.551070 0.574888 0.742919 0.502922 0.165142 0.554314 0.784141 0.634085 0.658268 0.369888 0.505842 0.564974 0.717604 -0.596658 0.665879 -0.448358 0.767992 -0.069953 0.734965 -0.574919 0.631372 -0.402525 0.739931 -0.725775 0.310551 -0.661908 -0.297260 -0.723988 0.268158 0.719731 0.398435 0.046862 0.688549 0.701562 0.753405 0.499099 0.434214 0.802225 0.835748 0.205957 0.397518 0.782029 0.806221 0.402951 0.106002 -0.095670 0.051305 0.803088 -0.138436 -0.674852 0.126664
0.435440 0.279382 0.232988 0.207420 0.805408 0.727364 0.363551 0.336236 0.693256 0.657225 0.388729 0.198948 0.464972 0.443982 0.370343 0.587832 0.228371 0.483235 0.230029 0.378083 0.171130 0.221582 0.457658 0.227098 0.000000 0.804005 0.698513 0.748079 0.249912 0.394936 0.469492 0.485852 0.435042 0.469482 0.339570 0.203893 0.158244 0.347602 0.025078 -0.051638 0.152781 0.351338 0.317287 0.397848 0.328568 0.354408 0.372237 0.402063 0.170551 0.189732 0.173147 0.119978 0.125917 0.054494 0.368575 0.246169 0.469181 0.398233 0.472287 0.401070 0.340323 0.236247 0.322033 0.197591 0.359474 0.180223 0.392669 0.307358 0.468737 0.582157 0.405865 0.186323 0.274632 0.341258 0.011909 -0.094967 0.307176 0.185447 0.228126 0.117914 0.331914 0.320269 0.177682 0.259500 0.217659 0.116808 0.107046 0.042588 0.126239 -0.018515 0.223851 0.059656 0.162649 0.092372 0.150305 0.229230 0.377588 0.289909 0.322050 0.269134 0.481546 0.108309 0.175436 0.124333 0.318869 0.104930 0.084782 0.043294 0.177014 0.296704 0.278108 0.335591 0.217185 0.244225 0.051632 0.106915
0.488129 0.464639 0.417385 0.412775 0.758800 0.827372 0.466118 0.491565 0.551060 0.753211 0.200480 0.405916 0.260152 0.450395 0.261672 0.703107 0.283623 0.510503 0.402611 0.482807 0.403573 0.444354 0.527326 0.452081 0.804005 0.000000 0.657353 0.808596 0.376861 0.461890 0.647960 0.653864 0.455961 0.428254 0.407952 0.372544 0.351270 0.462658 0.109416 -0.003883 0.227677 0.479530 0.058433 0.286202 0.247423 0.191565 0.135905 0.218707 -0.117747 -0.073164 -0.116526 -0.112256 -0.170747 -0.117003 0.113960 0.300328 0.236899 0.532867 0.397384 0.459871 0.071853 0.414083 0.276101 0.380521 0.451640 0.246341 0.429022 0.434688 0.512516 0.488016 0.436766 0.394986 0.398166 0.426786 0.052442 0.060573 0.357369 0.332475 -0.065469 0.300558 0.054232 0.468139 0.047162 0.418464 -0.083920 0.284402 -0.080299 0.266346 -0.168845 0.095628 -0.072059 -0.071004 -0.139216 0.152210 0.312068 0.239663 0.212506 0.417066 0.438164 0.411047 0.501017 0.235559 0.389692 0.370584 0.234761 0.187884 0.317051 0.297353 0.219476 0.212671 0.142145 0.220600 0.394343 0.058120 -0.213238 0.082342
0.278940 0.163539 0.156562 0.120952 0.649077 0.653357 0.268602 0.222759 0.607020 0.582519 0.251799 0.114698 0.329727 0.258024 0.217640 0.532178 0.084900 0.273276 0.131502 0.264490 0.127014 0.149370 0.283146 0.160913 0.698513 0.657353 0.000000 0.674475 0.117137 0.318751 0.361969 0.401139 0.244136 0.255686 0.193809 0.112333 0.091424 0.249992 -0.154676 -0.251183 -0.053001 0.247199 0.216901 0.239933 0.177476 0.200445 0.274549 0.280944 0.118457 0.126417 0.135744 0.073798 0.101065 0.009292 0.224450 0.118254 0.295500 0.249366 0.328865 0.240232 0.223842 0.105052 0.100964 0.082536 0.212180 0.013828 0.219976 0.167317 0.317250 0.410621 0.313189 0.117747 0.169347 0.223691 -0.170961 -0.196957 0.193908 0.108043 0.165518 0.094199 0.228557 0.194714 0.074102 0.144370 0.153491 0.007791 -0.040794 -0.053111 0.070502 -0.089637 0.154018 -0.040102 0.124729 -0.002053 0.154587 0.254942 0.230135 0.144000 0.221580 0.170442 0.398632 0.077223 0.185812 0.114025 0.326062 -0.018537 0.086695 0.040642 0.242792 0.228797 0.279027 0.223119 0.130685 0.152825 0.047398 0.008676
0.452218 0.423152 0.340746 0.376266 0.752078 0.801393 0.387404 0.442028 0.590428 0.743991 0.210970 0.357552 0.264928 0.415220 0.327973 0.681685 0.298064 0.402562 0.367909 0.458687 0.384694 0.438024 0.477753 0.402907 0.748079 0.808596 0.674475 0.000000 0.401618 0.357726 0.590045 0.617022 0.420419 0.395558 0.321114 0.299761 0.315914 0.377250 0.146393 0.038864 0.256429 0.437980 0.070557 0.273866 0.222288 0.188691 0.140001 0.223523 -0.092738 -0.031500 -0.087014 -0.042061 -0.149761 -0.030531 0.119413 0.334440 0.222889 0.505465 0.349479 0.437443 0.055469 0.350322 0.286359 0.289042 0.401269 0.215583 0.362349 0.361942 0.469559 0.454739 0.356490 0.404869 0.414403 0.363983 0.068409 0.114963 0.319918 0.334500 -0.063534 0.368501 0.049394 0.427307 0.102908 0.408420 -0.084045 0.318206 -0.013911 0.281365 -0.142696 0.187021 -0.076194 -0.026427 -0.131657 0.197163 0.285349 0.225450 0.178947 0.385725 0.388883 0.337449 0.388016 0.292634 0.324964 0.320997 0.152341 0.225026 0.250863 0.253440 0.214817 0.220418 0.164807 0.242162 0.357152 0.065689 -0.161420 0.023893
0.623224 0.645045 0.471822 0.688782 0.251557 0.436026 0.472426 0.625802 0.119194 0.394671 0.270748 0.551865 0.212971 0.430887 0.534912 0.448968 0.725267 0.341540 0.642166 0.592383 0.558481 0.584297 0.684204 0.587457 0.249912 0.376861 0.117137 0.401618 0.000000 0.328069 0.617845 0.657848 0.670886 0.575495 0.560492 0.559268 0.669161 0.526718 0.597218 0.562636 0.622075 0.629248 0.017942 0.433660 0.413234 0.264169 0.121612 0.289276 -0.277116 -0.147537 -0.326514 -0.067272 -0.399032 0.086691 0.012952 0.665084 0.075086 0.678403 0.359580 0.680026 -0.132711 0.613967 0.526080 0.490894 0.565308 0.599061 0.605494 0.598668 0.514213 0.266276 0.357358 0.714027 0.754282 0.459481 0.449239 0.668684 0.584404 0.708908 -0.263247 0.753473 -0.082752 0.653107 0.258465 0.657935 -0.305335 0.758685 0.135859 0.684265 -0.374682 0.650434 -0.321554 0.267148 -0.392442 0.668504 0.542482 0.458111 0.334110 0.681401 0.654187 0.529962 0.302883 0.693997 0.453053 0.530293 0.080369 0.735399 0.460721 0.527360 0.311642 0.331391 0.184092 0.407102 0.620142 0.190910 -0.214088 0.221482
0.561450 0.632057 0.747263 0.541799 0.448587 0.488143 0.741108 0.595439 0.011175 0.441788 0.044622 0.671114 0.132191 0.508872 0.068299 0.621601 0.201387 0.717355 0.594358 0.617353 0.552990 0.533860 0.548824 0.628336 0.394936 0.461890 0.318751 0.357726 0.328069 0.000000 0.673680 0.576370 0.468176 0.385855 0.623652 0.641120 0.544706 0.731837 0.091976 -0.053147 0.121451 0.625155 -0.192513 0.226662 0.252718 0.024329 0.003521 0.052502 -0.389048 -0.387472 -0.404675 -0.537051 -0.410692 -0.585662 -0.085437 0.181061 -0.028717 0.573882 0.439046 0.475435 -0.094436 0.635895 0.037956 0.705735 0.478419 0.353490 0.537081 0.621174 0.487938 0.348260 0.747507 0.435023 0.356556 0.694512 0.245744 0.126940 0.534957 0.462576 -0.188867 0.285351 -0.097570 0.638981 -0.070919 0.509326 -0.175617 0.231382 -0.400577 0.364000 -0.402855 -0.156233 -0.347310 -0.434665 -0.375485 -0.106542 0.570896 0.436682 0.256321 0.467334 0.569972 0.689223 0.671332 0.036674 0.705424 0.619403 0.546261 0.062782 0.623460 0.556400 0.447826 0.136128 0.010522 0.060202 0.660029 0.101187 -0.483392 0.130242
0.667341 0.784545 0.778452 0.796510 0.527667 0.686172 0.756962 0.781679 0.115933 0.622437 0.038023 0.766971 0.065339 0.510446 0.215162 0.748040 0.437519 0.583110 0.739011 0.712316 0.752122 0.755019 0.755431 0.825004 0.469492 0.647960 0.361969 0.590045 0.617845 0.673680 0.000000 0.845870 0.615526 0.509265 0.648293 0.734808 0.736402 0.750354 0.330967 0.189240 0.373109 0.733328 -0.238154 0.269074 0.283433 0.029603 -0.077263 0.057285 -0.516726 -0.448087 -0.542769 -0.472264 -0.595488 -0.393765 -0.187307 0.419682 -0.079182 0.757168 0.393040 0.634617 -0.261186 0.772638 0.253712 0.733780 0.644539 0.515070 0.629053 0.733992 0.580896 0.320612 0.641235 0.738415 0.642760 0.672115 0.332134 0.412481 0.593952 0.682444 -0.427609 0.626732 -0.272999 0.755792 -0.042708 0.698044 -0.438007 0.581614 -0.313008 0.642391 -0.589270 0.267596 -0.495756 -0.212012 -0.565631 0.294307 0.656706 0.396476 0.163400 0.680437 0.717177 0.733265 0.607480 0.431934 0.758613 0.764214 0.283103 0.393988 0.701662 0.714121 0.406942 0.189214 0.002586 0.157269 0.774641 -0.007682 -0.559736 0.182080
0.677164 0.745191 0.703450 0.766218 0.522940 0.696643 0.713252 0.769032 0.214049 0.642278 0.134644 0.709336 0.155148 0.538357 0.311832 0.744696 0.479716 0.523638 0.708501 0.705172 0.679718 0.712008 0.763412 0.773270 0.485852 0.653864 0.401139 0.617022 0.657848 0.576370 0.845870 0.000000 0.632367 0.548956 0.620788 0.677304 0.686513 0.683801 0.410838 0.256645 0.437035 0.710192 -0.154338 0.305076 0.315763 0.072013 -0.018425 0.121723 -0.425999 -0.349758 -0.453367 -0.350970 -0.512168 -0.264727 -0.087157 0.483630 0.006677 0.752152 0.410015 0.654389 -0.198879 0.730216 0.334608 0.658959 0.648382 0.530491 0.632072 0.705750 0.592240 0.360403 0.575826 0.735840 0.675355 0.623701 0.354240 0.431732 0.599736 0.685678 -0.362070 0.651082 -0.185586 0.727789 0.046581 0.685389 -0.365454 0.608279 -0.164084 0.644395 -0.494123 0.352037 -0.407472 -0.091878 -0.481302 0.372042 0.585381 0.360458 0.190418 0.664691 0.690020 0.669273 0.570041 0.498585 0.668645 0.689855 0.249269 0.479307 0.614772 0.634431 0.382517 0.211980 0.085772 0.233800 0.710688 0.073362 -0.442526 0.231930
0.790468 0.679930 0.544802 0.631531 0.434573 0.483289 0.644175 0.712743 0.259398 0.447736 0.425715 0.580576 0.426606 0.660807 0.540207 0.521850 0.523264 0.596270 0.705600 0.760252 0.459599 0.496520 0.767906 0.537327 0.435042 0.455961 0.244136 0.420419 0.670886 0.468176 0.615526 0.632367 0.000000 0.816046 0.742573 0.633941 0.562701 0.624266 0.490288 0.473094 0.551776 0.674163 0.244788 0.653988 0.629872 0.463160 0.353123 0.480992 -0.123161 -0.021342 -0.170709 -0.058053 -0.228867 0.004213 0.281761 0.648074 0.323486 0.740344 0.660948 0.794047 0.154601 0.650706 0.543516 0.572115 0.662148 0.689143 0.821613 0.732168 0.754367 0.611130 0.606728 0.640189 0.727156 0.666027 0.550024 0.511957 0.750828 0.682056 -0.062374 0.541807 0.127849 0.681022 0.261090 0.614525 -0.045659 0.608661 0.114743 0.538575 -0.183747 0.408241 -0.101524 0.213892 -0.187866 0.470464 0.441690 0.401927 0.519811 0.696304 0.724256 0.654238 0.552122 0.498912 0.439758 0.460976 0.273259 0.579754 0.404816 0.415809 0.261799 0.345305 0.316751 0.515507 0.623107 0.396073 -0.108730 0.252428
0.722573 0.528399 0.438007 0.498751 0.477278 0.419970 0.595761 0.621533 0.366591 0.373014 0.542266 0.446699 0.568236 0.674268 0.596644 0.473582 0.438379 0.538459 0.552813 0.654587 0.303858 0.360945 0.702138 0.415525 0.469482 0.428254 0.255686 0.395558 0.575495 0.385855 0.509265 0.548956 0.816046 0.000000 0.634751 0.496533 0.404654 0.507891 0.411479 0.400905 0.478292 0.534692 0.351062 0.643030 0.590788 0.485554 0.388948 0.474712 0.034231 0.105575 -0.000777 0.061482 -0.059465 0.070745 0.381081 0.539491 0.452031 0.611278 0.667779 0.716720 0.319422 0.552240 0.578235 0.456510 0.629987 0.652955 0.745362 0.639158 0.643176 0.640103 0.566235 0.515851 0.633754 0.611962 0.522684 0.389198 0.666465 0.537441 0.120687 0.383921 0.275257 0.539750 0.293069 0.478969 0.111933 0.465866 0.213729 0.376933 -0.013543 0.290109 0.072298 0.230667 -0.015302 0.376435 0.294719 0.316507 0.552190 0.564536 0.586290 0.514324 0.524142 0.353713 0.283844 0.289228 0.286711 0.472325 0.244548 0.241056 0.126071 0.343471 0.268860 0.488873 0.467848 0.420075 0.026106 0.288949
0.728312 0.734826 0.677926 0.661492 0.345512 0.471548 0.713495 0.722010 0.069530 0.448347 0.215323 0.679493 0.254282 0.589780 0.322813 0.545825 0.400381 0.652338 0.770879 0.775007 0.553802 0.552202 0.711784 0.628147 0.339570 0.407952 0.193809 0.321114 0.560492 0.623652 0.648293 0.620788 0.742573 0.634751 0.000000 0.780571 0.638408 0.735066 0.362340 0.318715 0.426382 0.704767 0.032923 0.494826 0.558059 0.272477 0.230196 0.344090 -0.312867 -0.245040 -0.359724 -0.339512 -0.377450 -0.264843 0.104897 0.525404 0.095214 0.714777 0.551875 0.699245 -0.037445 0.700433 0.295370 0.670108 0.666413 0.665067 0.792364 0.767762 0.696550 0.479294 0.712447 0.644514 0.679139 0.769168 0.481611 0.457533 0.777233 0.707323 -0.213186 0.482859 -0.055455 0.710210 0.072057 0.638658 -0.168838 0.521598 -0.131186 0.558317 -0.355234 0.253710 -0.269982 -0.011588 -0.337840 0.308728 0.548342 0.427689 0.436170 0.698506 0.767364 0.756922 0.624482 0.391419 0.621457 0.609240 0.345229 0.426370 0.602562 0.578179 0.305787 0.245465 0.235492 0.378249 0.695076 0.282698 -0.303817 0.140752
0.652628 0.815506 0.800515 0.791004 0.259843 0.433937 0.750117 0.798905 -0.155189 0.426480 -0.073057 0.807254 -0.035147 0.490925 0.119497 0.572786 0.360005 0.577273 0.816068 0.755131 0.736100 0.719541 0.662558 0.778920 0.203893 0.372544 0.112333 0.299761 0.559268 0.641120 0.734808 0.677304 0.633941 0.496533 0.780571 0.000000 0.768722 0.791201 0.383860 0.286222 0.392667 0.729553 -0.234405 0.342011 0.376594 0.062381 -0.005122 0.133139 -0.583078 -0.518596 -0.625617 -0.566551 -0.640734 -0.441343 -0.188571 0.465308 -0.203409 0.726623 0.382417 0.645915 -0.343604 0.791731 0.125177 0.766050 0.631540 0.649745 0.716128 0.810244 0.618528 0.278215 0.665386 0.767436 0.682084 0.730521 0.454042 0.525773 0.735134 0.779380 -0.507044 0.610351 -0.355200 0.757124 -0.074812 0.711303 -0.468462 0.604974 -0.377368 0.693377 -0.629060 0.315115 -0.538462 -0.168298 -0.602478 0.313526 0.687745 0.425752 0.205595 0.735334 0.790080 0.815575 0.597449 0.457479 0.793235 0.802599 0.294492 0.426694 0.782931 0.777796 0.398434 0.151563 0.074809 0.212376 0.817174 0.068712 -0.566277 0.122966
0.571272 0.770709 0.737074 0.815662 0.181817 0.418421 0.650707 0.740276 -0.183757 0.383633 -0.067278 0.763692 -0.076055 0.385017 0.188160 0.549379 0.561003 0.456638 0.745088 0.653450 0.826755 0.798046 0.645781 0.793720 0.158244 0.351270 0.091424 0.315914 0.669161 0.544706 0.736402 0.686513 0.562701 0.404654 0.638408 0.768722 0.000000 0.791025 0.507999 0.410829 0.523272 0.701818 -0.310400 0.271354 0.231326 -0.010418 -0.096969 0.088850 -0.619560 -0.535424 -0.658112 -0.502747 -0.697393 -0.345655 -0.285527 0.515820 -0.284213 0.685043 0.241156 0.589237 -0.450538 0.751713 0.176256 0.701148 0.617101 0.572843 0.597792 0.721477 0.478015 0.088460 0.482745 0.791228 0.687066 0.575893 0.415762 0.626007 0.613957 0.792483 -0.574848 0.737996 -0.390842 0.761615 0.100896 0.778901 -0.542446 0.705519 -0.299573 0.771108 -0.676538 0.464217 -0.614339 -0.114123 -0.676275 0.436232 0.811977 0.554498 0.196640 0.743806 0.756125 0.734598 0.429790 0.576730 0.758503 0.800412 0.246984 0.534396 0.759715 0.799884 0.469984 0.236639 0.092866 0.201430 0.797978 -0.052986 -0.573308 0.071257
