1.000000 0.475662 0.149858 0.829180 0.248257 0.542944 0.127315 0.748641 0.815562 0.137922 0.719647 0.948883 0.805599 0.283874 0.836624 0.329443 0.337074 0.642897 0.851588 0.748727 0.743288 0.200040 0.849002 0.154279 0.039300 0.116993 0.478586 -0.285987 0.051593 0.807053 0.775116 0.798485 0.545864 0.353449 0.553616 0.441228 0.606873 0.815720 0.781741 0.553484 0.772221 0.779418 0.877714 0.656108 0.491658 0.841815 0.330976 0.745029 0.796251 -0.336618 0.266376 0.554270 0.565363 0.728653 0.806781 0.776640 0.719834 0.649282 0.659308 -0.128869 -0.459123
0.475662 1.000000 0.614039 0.637193 0.641214 0.596572 0.547447 0.168488 0.677893 0.455285 0.577377 0.584842 0.653208 0.532380 0.532630 0.465864 0.545810 0.482691 0.490930 0.634217 0.353174 0.595710 0.353405 0.750636 0.624196 0.600241 0.371461 0.449596 0.687870 0.610366 0.713898 0.600104 0.710402 0.752015 0.764929 0.670136 0.594976 0.472134 0.537775 0.592068 0.528509 0.678240 0.524526 0.680082 0.709740 0.385975 0.507121 0.573666 0.467843 0.525747 0.494918 0.655707 0.590145 0.186839 0.281725 0.537370 0.424750 0.411424 0.624539 0.568303 0.402591
0.149858 0.614039 1.000000 0.309198 0.879956 0.684852 0.603039 -0.193637 0.359977 0.417944 0.463851 0.254087 0.289221 0.801340 0.202576 0.725422 0.716369 0.199920 0.137089 0.357542 -0.071426 0.417401 0.016442 0.504922 0.616728 0.459473 0.075700 0.436890 0.524020 0.489241 0.393037 0.228590 0.370113 0.500987 0.449380 0.434028 0.326275 0.117643 0.188162 0.321482 0.465617 0.423175 0.156407 0.372661 0.367322 0.113053 0.355517 0.274785 0.109871 0.527978 0.241658 0.403718 0.216960 -0.038899 -0.025794 0.107832 0.079794 0.243219 0.310551 0.574931 0.582833
0.829180 0.637193 0.309198 1.000000 0.424188 0.604892 0.259714 0.549293 0.824144 0.343155 0.722549 0.826924 0.827573 0.461291 0.915335 0.487612 0.478850 0.726358 0.746389 0.814078 0.660734 0.453798 0.680056 0.315544 0.329011 0.357418 0.355609 0.030932 0.286863 0.764562 0.816239 0.791482 0.624128 0.467496 0.622411 0.621652 0.695426 0.731170 0.816112 0.542984 0.806676 0.876956 0.783455 0.724873 0.643785 0.773912 0.520052 0.817482 0.749507 -0.062670 0.413982 0.675574 0.610134 0.724274 0.782931 0.790642 0.796643 0.746166 0.748305 0.092504 -0.190573
0.248257 0.641214 0.879956 0.424188 1.000000 0.797829 0.669218 -0.053587 0.422029 0.285688 0.500717 0.324907 0.333601 0.723835 0.317590 0.807633 0.740141 0.309702 0.212345 0.433484 -0.063425 0.497607 0.083968 0.497493 0.515704 0.352477 -0.046277 0.460239 0.495319 0.519075 0.427137 0.288924 0.367831 0.451677 0.421645 0.376684 0.265163 0.090665 0.283644 0.312130 0.495949 0.430234 0.171200 0.363852 0.335945 0.168905 0.264768 0.300495 0.114115 0.406840 0.253564 0.437361 0.197512 0.043497 0.039845 0.175149 0.175346 0.271745 0.367006 0.451652 0.457927
0.542944 0.596572 0.684852 0.604892 0.797829 1.000000 0.589766 0.239611 0.599725 0.202724 0.637949 0.564307 0.512816 0.668031 0.532934 0.713220 0.814704 0.543040 0.456429 0.585993 0.191000 0.413405 0.391565 0.462653 0.379574 0.217845 0.038230 0.173265 0.356895 0.637237 0.506404 0.443507 0.411317 0.426242 0.457104 0.411569 0.385361 0.334939 0.412062 0.380091 0.647114 0.574148 0.421901 0.468681 0.327655 0.417548 0.346192 0.469437 0.356167 0.131399 0.313978 0.517111 0.329665 0.324927 0.305933 0.318727 0.348701 0.372437 0.431472 0.200012 0.095841
0.127315 0.547447 0.603039 0.259714 0.669218 0.589766 1.000000 -0.079383 0.307841 0.357955 0.379795 0.187446 0.168286 0.500953 0.176564 0.423540 0.483346 0.221015 0.078754 0.211003 -0.096205 0.347880 0.065207 0.479753 0.374576 0.342921 0.028234 0.430186 0.448525 0.303146 0.160827 0.114526 0.215033 0.310254 0.207573 0.188895 0.200511 0.106201 0.128100 0.226872 0.244806 0.218663 0.057769 0.207237 0.168685 0.060140 0.184569 0.204611 0.093724 0.415776 0.154895 0.217971 0.099616 -0.086039 -0.050757 0.061754 0.104273 0.195897 0.285900 0.393674 0.425829
0.748641 0.168488 -0.193637 0.549293 -0.053587 0.239611 -0.079383 1.000000 0.530705 -0.158928 0.445326 0.647772 0.590208 -0.037794 0.646670 0.089365 0.025227 0.492557 0.697850 0.498020 0.674150 -0.083135 0.738288 -0.114309 -0.278747 -0.192740 0.327971 -0.531526 -0.271665 0.532009 0.479598 0.608996 0.281442 0.014609 0.281193 0.128009 0.366890 0.653623 0.623853 0.421293 0.527511 0.459076 0.647121 0.343334 0.188650 0.712959 0.045946 0.495999 0.641338 -0.580111 0.074902 0.291057 0.337805 0.607219 0.670241 0.593233 0.582373 0.431389 0.414826 -0.388874 -0.682039
0.815562 0.677893 0.359977 0.824144 0.422029 0.599725 0.307841 0.530705 1.000000 0.302296 0.721398 0.822802 0.833135 0.484327 0.834608 0.446368 0.473483 0.695977 0.894125 0.898674 0.668182 0.426365 0.704009 0.367376 0.327177 0.339775 0.383364 0.045329 0.375285 0.874432 0.837828 0.791612 0.634391 0.527634 0.682159 0.601389 0.685884 0.729962 0.793893 0.588543 0.756711 0.824408 0.797680 0.750257 0.677701 0.739659 0.480243 0.790833 0.734773 -0.054374 0.356245 0.642820 0.604191 0.613467 0.716295 0.790551 0.723156 0.675609 0.765275 0.160438 -0.156479
0.137922 0.455285 0.417944 0.343155 0.285688 0.202724 0.357955 -0.158928 0.302296 1.000000 0.209893 0.182640 0.418297 0.517373 0.289869 0.279893 0.333564 0.404920 0.162762 0.312050 0.354721 0.400000 0.186613 0.368455 0.610765 0.528367 0.304105 0.333824 0.487070 0.324337 0.336441 0.323026 0.416710 0.349220 0.414441 0.535924 0.446055 0.323347 0.248420 0.370772 0.320745 0.361492 0.221502 0.369098 0.442227 0.294179 0.704243 0.461703 0.307628 0.356933 0.456422 0.310616 0.315076 0.131042 0.174923 0.251701 0.338479 0.421847 0.357407 0.458364 0.326960
0.719647 0.577377 0.463851 0.722549 0.500717 0.637949 0.379795 0.445326 0.721398 0.209893 1.000000 0.730753 0.622466 0.483821 0.672140 0.527312 0.520941 0.456231 0.618786 0.620151 0.413312 0.272215 0.517592 0.212580 0.240684 0.212092 0.272867 -0.012901 0.276983 0.714721 0.623456 0.544073 0.403069 0.364830 0.487704 0.364241 0.520045 0.569819 0.553163 0.541641 0.736221 0.726922 0.606290 0.550536 0.416729 0.645637 0.301703 0.615794 0.545873 -0.017328 0.176886 0.487626 0.406213 0.475169 0.529272 0.542599 0.533008 0.515367 0.563961 0.118073 -0.068133
0.948883 0.584842 0.254087 0.826924 0.324907 0.564307 0.187446 0.647772 0.822802 0.182640 0.730753 1.000000 0.832692 0.381003 0.828138 0.412092 0.413561 0.636046 0.835324 0.787378 0.688291 0.315056 0.800762 0.261029 0.180532 0.290797 0.478797 -0.157963 0.211772 0.829234 0.815870 0.785687 0.624238 0.505671 0.643634 0.552456 0.677970 0.806796 0.778148 0.618000 0.758260 0.809666 0.874687 0.731001 0.588371 0.798145 0.413713 0.774837 0.807471 -0.172408 0.365618 0.640063 0.624912 0.685683 0.758555 0.778289 0.711809 0.666251 0.719240 0.054430 -0.296718
0.805599 0.653208 0.289221 0.827573 0.333601 0.512816 0.168286 0.590208 0.833135 0.418297 0.622466 0.832692 1.000000 0.558744 0.880913 0.493404 0.528062 0.831082 0.844934 0.900316 0.833439 0.495806 0.810583 0.356967 0.410566 0.456134 0.404054 -0.082494 0.370041 0.827262 0.876723 0.843541 0.716203 0.580492 0.786087 0.718921 0.768884 0.791548 0.809351 0.653616 0.813428 0.848144 0.833599 0.780306 0.733984 0.862898 0.613469 0.863531 0.820561 -0.083567 0.516279 0.713398 0.716506 0.733757 0.787055 0.840958 0.823001 0.728097 0.785008 0.145023 -0.218543
0.283874 0.532380 0.801340 0.461291 0.723835 0.668031 0.500953 -0.037794 0.484327 0.517373 0.483821 0.381003 0.558744 1.000000 0.466446 0.798644 0.829263 0.560334 0.372692 0.602859 0.203871 0.581585 0.273010 0.414295 0.702510 0.543454 0.008571 0.285601 0.537748 0.593713 0.492161 0.417925 0.479146 0.529677 0.509601 0.592034 0.549432 0.337290 0.344138 0.369805 0.658345 0.586004 0.310468 0.509422 0.505392 0.395059 0.544956 0.558843 0.377012 0.367208 0.320913 0.554427 0.409014 0.302057 0.256360 0.289402 0.389351 0.492658 0.503256 0.515423 0.365162
0.836624 0.532630 0.202576 0.915335 0.317590 0.532934 0.176564 0.646670 0.834608 0.289869 0.672140 0.828138 0.880913 0.466446 1.000000 0.448941 0.430141 0.814891 0.830711 0.874969 0.768204 0.476555 0.804532 0.242563 0.271029 0.337191 0.310902 -0.114292 0.230723 0.786937 0.782322 0.806146 0.599784 0.420626 0.607844 0.585738 0.700453 0.763873 0.848648 0.511393 0.805381 0.832592 0.808115 0.695458 0.624281 0.860116 0.493371 0.849569 0.806520 -0.203214 0.358097 0.668392 0.637133 0.825104 0.852550 0.836273 0.877875 0.769848 0.777454 0.030491 -0.321413
0.329443 0.465864 0.725422 0.487612 0.807633 0.713220 0.423540 0.089365 0.446368 0.279893 0.527312 0.412092 0.493404 0.798644 0.448941 1.000000 0.824082 0.434502 0.332749 0.576245 0.135358 0.531948 0.216753 0.228140 0.503062 0.328184 -0.123714 0.244939 0.354581 0.556702 0.481726 0.318144 0.303456 0.381635 0.392582 0.473854 0.333626 0.164196 0.384328 0.314339 0.641255 0.526752 0.248903 0.359874 0.330267 0.389094 0.341020 0.438735 0.215935 0.177864 0.272427 0.462783 0.242375 0.288683 0.198053 0.252277 0.352869 0.344350 0.393241 0.267821 0.228394
0.337074 0.545810 0.716369 0.478850 0.740141 0.814704 0.483346 0.025227 0.473483 0.333564 0.520941 0.413561 0.528062 0.829263 0.430141 0.824082 1.000000 0.552845 0.334199 0.562444 0.133893 0.555473 0.277654 0.465247 0.609594 0.368046 -0.085144 0.279283 0.469112 0.546148 0.464777 0.374163 0.451304 0.539235 0.504706 0.532838 0.406242 0.231636 0.266613 0.356373 0.629284 0.542816 0.310691 0.488535 0.406357 0.338036 0.442985 0.447416 0.285240 0.293460 0.403638 0.542510 0.353431 0.244909 0.190874 0.231032 0.293061 0.309053 0.400203 0.368832 0.272634
0.642897 0.482691 0.199920 0.726358 0.309702 0.543040 0.221015 0.492557 0.695977 0.404920 0.456231 0.636046 0.831082 0.560334 0.814891 0.434502 0.552845 1.000000 0.733620 0.807314 0.673952 0.555764 0.734400 0.366872 0.416331 0.365684 0.194139 -0.030473 0.355765 0.663413 0.655106 0.749265 0.613935 0.435678 0.590518 0.607722 0.675996 0.658636 0.648878 0.490583 0.722120 0.703469 0.645166 0.635852 0.586221 0.748651 0.556489 0.776662 0.724655 -0.127644 0.472494 0.659684 0.637062 0.710880 0.681240 0.653763 0.748561 0.655888 0.673282 0.126974 -0.224232
0.851588 0.490930 0.137089 0.746389 0.212345 0.456429 0.078754 0.697850 0.894125 0.162762 0.618786 0.835324 0.844934 0.372692 0.830711 0.332749 0.334199 0.733620 1.000000 0.873486 0.770905 0.312138 0.794186 0.166443 0.141738 0.212053 0.382465 -0.195156 0.198667 0.851421 0.779292 0.808431 0.568007 0.400219 0.597720 0.516932 0.674677 0.785974 0.794612 0.531238 0.735257 0.755740 0.816875 0.679865 0.592770 0.805498 0.404252 0.787401 0.810689 -0.267982 0.286714 0.596012 0.603184 0.718703 0.790419 0.797117 0.748306 0.678404 0.722690 0.018259 -0.370488
0.748727 0.634217 0.357542 0.814078 0.433484 0.585993 0.211003 0.498020 0.898674 0.312050 0.620151 0.787378 0.900316 0.602859 0.874969 0.576245 0.562444 0.807314 0.873486 1.000000 0.698055 0.589259 0.706357 0.364237 0.427766 0.424197 0.219196 0.031771 0.414414 0.838747 0.862791 0.787411 0.643418 0.567630 0.730821 0.718708 0.716759 0.672031 0.817408 0.521111 0.796798 0.834537 0.750821 0.731390 0.713926 0.766610 0.512142 0.821899 0.741632 -0.046315 0.402093 0.751015 0.680568 0.696184 0.721238 0.801178 0.773571 0.670474 0.775484 0.191560 -0.135971
0.743288 0.353174 -0.071426 0.660734 -0.063425 0.191000 -0.096205 0.674150 0.668182 0.354721 0.413312 0.688291 0.833439 0.203871 0.768204 0.135358 0.133893 0.673952 0.770905 0.698055 1.000000 0.262901 0.825706 0.092229 0.086080 0.187805 0.441453 -0.370439 0.037070 0.620765 0.686241 0.716462 0.471862 0.283601 0.574322 0.480469 0.566867 0.729068 0.747863 0.475816 0.623016 0.643683 0.760875 0.527449 0.518807 0.863417 0.453602 0.701792 0.731747 -0.380955 0.326831 0.476216 0.555997 0.713043 0.771859 0.764262 0.765403 0.603565 0.572634 -0.145398 -0.499896
0.200040 0.595710 0.417401 0.453798 0.497607 0.413405 0.347880 -0.083135 0.426365 0.400000 0.272215 0.315056 0.495806 0.581585 0.476555 0.531948 0.555473 0.555764 0.312138 0.589259 0.262901 1.000000 0.319707 0.580193 0.684367 0.590920 -0.046004 0.492370 0.622019 0.336268 0.467337 0.390622 0.512852 0.619300 0.540317 0.618465 0.421713 0.173687 0.412084 0.222603 0.374795 0.477012 0.280248 0.470635 0.575707 0.262073 0.428447 0.446797 0.285906 0.389781 0.410471 0.593374 0.495109 0.226911 0.172810 0.365619 0.411751 0.314305 0.517980 0.500835 0.371480
0.849002 0.353405 0.016442 0.680056 0.083968 0.391565 0.065207 0.738288 0.704009 0.186613 0.517592 0.800762 0.810583 0.273010 0.804532 0.216753 0.277654 0.734400 0.794186 0.706357 0.825706 0.319707 1.000000 0.213597 0.083855 0.164209 0.424024 -0.338862 0.040461 0.691361 0.662374 0.750601 0.549272 0.357360 0.549732 0.415927 0.580824 0.780203 0.715768 0.481772 0.648597 0.632061 0.828256 0.616866 0.464860 0.825615 0.354335 0.698410 0.792329 -0.414165 0.301038 0.511811 0.564802 0.719259 0.774604 0.740502 0.742801 0.621289 0.635177 -0.141872 -0.531233
0.154279 0.750636 0.504922 0.315544 0.497493 0.462653 0.479753 -0.114309 0.367376 0.368455 0.212580 0.261029 0.356967 0.414295 0.242563 0.228140 0.465247 0.366872 0.166443 0.364237 0.092229 0.580193 0.213597 1.000000 0.694201 0.590183 0.247573 0.554369 0.703653 0.290848 0.446131 0.419030 0.697115 0.774903 0.683755 0.596191 0.431281 0.227806 0.218123 0.378211 0.215807 0.349999 0.323986 0.592774 0.599679 0.018068 0.393565 0.271053 0.271382 0.605382 0.534862 0.577124 0.496023 -0.115222 -0.021837 0.254425 0.101482 0.129200 0.380021 0.648658 0.506626
0.039300 0.624196 0.616728 0.329011 0.515704 0.379574 0.374576 -0.278747 0.327177 0.610765 0.240684 0.180532 0.410566 0.702510 0.271029 0.503062 0.609594 0.416331 0.141738 0.427766 0.086080 0.684367 0.083855 0.694201 1.000000 0.721699 0.104514 0.586250 0.760289 0.292859 0.414317 0.334598 0.554835 0.650652 0.600931 0.753615 0.524090 0.205119 0.212702 0.373052 0.353531 0.471482 0.201439 0.496453 0.608942 0.112196 0.624406 0.399594 0.258056 0.658720 0.530822 0.612840 0.511032 0.024828 0.027341 0.190004 0.224309 0.279694 0.419042 0.725510 0.604120
0.116993 0.600241 0.459473 0.357418 0.352477 0.217845 0.342921 -0.192740 0.339775 0.528367 0.212092 0.290797 0.456134 0.543454 0.337191 0.328184 0.368046 0.365684 0.212053 0.424197 0.187805 0.590920 0.164209 0.590183 0.721699 1.000000 0.269717 0.470401 0.757429 0.360835 0.455334 0.400726 0.650066 0.685391 0.518431 0.662357 0.670346 0.379462 0.325667 0.387340 0.276567 0.457627 0.326134 0.614393 0.706159 0.172984 0.581894 0.488956 0.433520 0.587317 0.493496 0.531552 0.510445 0.129063 0.202573 0.408150 0.336458 0.428971 0.556841 0.691870 0.495677
0.478586 0.371461 0.075700 0.355609 -0.046277 0.038230 0.028234 0.327971 0.383364 0.304105 0.272867 0.478797 0.404054 0.008571 0.310902 -0.123714 -0.085144 0.194139 0.382465 0.219196 0.441453 -0.046004 0.424024 0.247573 0.104514 0.269717 1.000000 0.018975 0.169585 0.410133 0.439230 0.565689 0.549618 0.335544 0.363180 0.301319 0.450544 0.609364 0.397233 0.558748 0.296894 0.368978 0.627963 0.516972 0.431441 0.350900 0.319054 0.362631 0.473324 0.008620 0.279471 0.220476 0.344166 0.150743 0.305383 0.472695 0.215509 0.299657 0.370906 0.115893 -0.082611
-0.285987 0.449596 0.436890 0.030932 0.460239 0.173265 0.430186 -0.531526 0.045329 0.333824 -0.012901 -0.157963 -0.082494 0.285601 -0.114292 0.244939 0.279283 -0.030473 -0.195156 0.031771 -0.370439 0.492370 -0.338862 0.554369 0.586250 0.470401 0.018975 1.000000 0.627810 -0.061765 0.060447 0.005819 0.267598 0.395496 0.157088 0.288163 0.064949 -0.209781 -0.024140 0.049079 -0.145755 0.024481 -0.173849 0.173059 0.310047 -0.389539 0.254846 -0.007521 -0.190556 0.724920 0.307926 0.134176 0.052954 -0.367698 -0.320151 -0.065621 -0.152652 -0.052704 0.179861 0.633103 0.733248
0.051593 0.687870 0.524020 0.286863 0.495319 0.356895 0.448525 -0.271665 0.375285 0.487070 0.276983 0.211772 0.370041 0.537748 0.230723 0.354581 0.469112 0.355765 0.198667 0.414414 0.037070 0.622019 0.040461 0.703653 0.760289 0.757429 0.169585 0.627810 1.000000 0.342698 0.395023 0.324173 0.580826 0.660696 0.562103 0.618895 0.500732 0.196633 0.183318 0.454133 0.229866 0.395134 0.210855 0.541061 0.619503 0.049633 0.545437 0.372281 0.242669 0.699329 0.537761 0.537060 0.450445 -0.063028 0.002572 0.261694 0.169703 0.226576 0.493341 0.729645 0.650106
0.807053 0.610366 0.489241 0.764562 0.519075 0.637237 0.303146 0.532009 0.874432 0.324337 0.714721 0.829234 0.827262 0.593713 0.786937 0.556702 0.546148 0.663413 0.851421 0.838747 0.620765 0.336268 0.691361 0.290848 0.292859 0.360835 0.410133 -0.061765 0.342698 1.000000 0.841910 0.788081 0.658251 0.521738 0.652175 0.563229 0.715457 0.756803 0.741866 0.594909 0.832270 0.794926 0.790441 0.752595 0.645395 0.744719 0.470775 0.771630 0.755849 -0.071294 0.352855 0.627926 0.530736 0.596685 0.684358 0.755913 0.670831 0.705394 0.750509 0.205215 -0.137648
0.775116 0.713898 0.393037 0.816239 0.427137 0.506404 0.160827 0.479598 0.837828 0.336441 0.623456 0.815870 0.876723 0.492161 0.782322 0.481726 0.464777 0.655106 0.779292 0.862791 0.686241 0.467337 0.662374 0.446131 0.414317 0.455334 0.439230 0.060447 0.395023 0.841910 1.000000 0.850923 0.760751 0.665770 0.821111 0.742405 0.734913 0.714131 0.799035 0.621494 0.773654 0.865572 0.821082 0.814220 0.796243 0.716206 0.497138 0.777415 0.740772 0.027333 0.466383 0.745344 0.692127 0.563907 0.673239 0.823768 0.682289 0.628418 0.762872 0.270012 -0.072470
0.798485 0.600104 0.228590 0.791482 0.288924 0.443507 0.114526 0.608996 0.791612 0.323026 0.544073 0.785687 0.843541 0.417925 0.806146 0.318144 0.374163 0.749265 0.808431 0.787411 0.716462 0.390622 0.750601 0.419030 0.334598 0.400726 0.565689 0.005819 0.324173 0.788081 0.850923 1.000000 0.851523 0.581331 0.685811 0.639255 0.780415 0.830917 0.751413 0.650160 0.735359 0.802202 0.894637 0.851151 0.771181 0.715719 0.510633 0.814147 0.841912 -0.064360 0.475472 0.695361 0.695875 0.596517 0.719628 0.825751 0.682303 0.667042 0.792137 0.209970 -0.199799
0.545864 0.710402 0.370113 0.624128 0.367831 0.411317 0.215033 0.281442 0.634391 0.416710 0.403069 0.624238 0.716203 0.479146 0.599784 0.303456 0.451304 0.613935 0.568007 0.643418 0.471862 0.512852 0.549272 0.697115 0.554835 0.650066 0.549618 0.267598 0.580826 0.658251 0.760751 0.851523 1.000000 0.797500 0.759678 0.707950 0.784108 0.679755 0.541126 0.645653 0.540009 0.650698 0.745370 0.930648 0.850427 0.425290 0.588735 0.675179 0.704625 0.303106 0.627086 0.711106 0.648332 0.301489 0.452308 0.678628 0.482484 0.544822 0.723997 0.526143 0.154802
0.353449 0.752015 0.500987 0.467496 0.451677 0.426242 0.310254 0.014609 0.527634 0.349220 0.364830 0.505671 0.580492 0.529677 0.420626 0.381635 0.539235 0.435678 0.400219 0.567630 0.283601 0.619300 0.357360 0.774903 0.650652 0.685391 0.335544 0.395496 0.660696 0.521738 0.665770 0.581331 0.797500 1.000000 0.795046 0.683321 0.601559 0.417762 0.383623 0.466253 0.422585 0.557529 0.552198 0.767130 0.757572 0.260096 0.433872 0.461042 0.486513 0.486224 0.504101 0.676112 0.641889 0.114180 0.206104 0.462779 0.272196 0.315850 0.542651 0.622136 0.386355
0.553616 0.764929 0.449380 0.622411 0.421645 0.457104 0.207573 0.281193 0.682159 0.414441 0.487704 0.643634 0.786087 0.509601 0.607844 0.392582 0.504706 0.590518 0.597720 0.730821 0.574322 0.540317 0.549732 0.683755 0.600931 0.518431 0.363180 0.157088 0.562103 0.652175 0.821111 0.685811 0.759678 0.795046 1.000000 0.797422 0.660631 0.555582 0.576839 0.635550 0.604402 0.697384 0.666488 0.762629 0.771161 0.536867 0.538402 0.599602 0.607518 0.257932 0.587757 0.788399 0.732677 0.330714 0.427119 0.609362 0.498331 0.430729 0.592525 0.449141 0.165542
0.441228 0.670136 0.434028 0.621652 0.376684 0.411569 0.188895 0.128009 0.601389 0.535924 0.364241 0.552456 0.718921 0.592034 0.585738 0.473854 0.532838 0.607722 0.516932 0.718708 0.480469 0.618465 0.415927 0.596191 0.753615 0.662357 0.301319 0.288163 0.618895 0.563229 0.742405 0.639255 0.707950 0.683321 0.797422 1.000000 0.753466 0.533446 0.558755 0.538937 0.582843 0.711796 0.565220 0.696897 0.767072 0.451053 0.698830 0.662057 0.610494 0.331392 0.654918 0.823603 0.741219 0.353349 0.409534 0.546988 0.525964 0.479284 0.619672 0.523076 0.234941
0.606873 0.594976 0.326275 0.695426 0.265163 0.385361 0.200511 0.366890 0.685884 0.446055 0.520045 0.677970 0.768884 0.549432 0.700453 0.333626 0.406242 0.675996 0.674677 0.716759 0.566867 0.421713 0.580824 0.431281 0.524090 0.670346 0.450544 0.064949 0.500732 0.715457 0.734913 0.780415 0.784108 0.601559 0.660631 0.753466 1.000000 0.853816 0.607257 0.632422 0.665627 0.758538 0.716652 0.824247 0.801599 0.603874 0.672002 0.834345 0.888349 0.162641 0.559017 0.725674 0.692171 0.535627 0.624077 0.684862 0.663975 0.725511 0.752794 0.453089 0.020300
0.815720 0.472134 0.117643 0.731170 0.090665 0.334939 0.106201 0.653623 0.729962 0.323347 0.569819 0.806796 0.791548 0.337290 0.763873 0.164196 0.231636 0.658636 0.785974 0.672031 0.729068 0.173687 0.780203 0.227806 0.205119 0.379462 0.609364 -0.209781 0.196633 0.756803 0.714131 0.830917 0.679755 0.417762 0.555582 0.533446 0.853816 1.000000 0.703960 0.625378 0.705670 0.755874 0.852147 0.744376 0.630616 0.753378 0.536760 0.826880 0.947466 -0.149532 0.386683 0.567859 0.646158 0.667732 0.786532 0.769650 0.725486 0.745902 0.718060 0.112772 -0.320621
0.781741 0.537775 0.188162 0.816112 0.283644 0.412062 0.128100 0.623853 0.793893 0.248420 0.553163 0.778148 0.809351 0.344138 0.848648 0.384328 0.266613 0.648878 0.794612 0.817408 0.747863 0.412084 0.715768 0.218123 0.212702 0.325667 0.397233 -0.024140 0.183318 0.741866 0.799035 0.751413 0.541126 0.383623 0.576839 0.558755 0.607257 0.703960 1.000000 0.481121 0.701711 0.761998 0.749961 0.611647 0.607080 0.762886 0.399915 0.763757 0.715948 -0.180453 0.273927 0.581246 0.570649 0.720520 0.781143 0.814285 0.796117 0.707803 0.713341 0.015889 -0.293120
0.553484 0.592068 0.321482 0.542984 0.312130 0.380091 0.226872 0.421293 0.588543 0.370772 0.541641 0.618000 0.653616 0.369805 0.511393 0.314339 0.356373 0.490583 0.531238 0.521111 0.475816 0.222603 0.481772 0.378211 0.373052 0.387340 0.558748 0.049079 0.454133 0.594909 0.621494 0.650160 0.645653 0.466253 0.635550 0.538937 0.632422 0.625378 0.481121 1.000000 0.563726 0.587410 0.617364 0.693847 0.598817 0.543188 0.551353 0.610752 0.591862 0.101572 0.612639 0.575751 0.477818 0.305336 0.406157 0.539113 0.435146 0.483180 0.575846 0.289902 0.031718
0.772221 0.528509 0.465617 0.806676 0.495949 0.647114 0.244806 0.527511 0.756711 0.320745 0.736221 0.758260 0.813428 0.658345 0.805381 0.641255 0.629284 0.722120 0.735257 0.796798 0.623016 0.374795 0.648597 0.215807 0.353531 0.276567 0.296894 -0.145755 0.229866 0.832270 0.773654 0.735359 0.540009 0.422585 0.604402 0.582843 0.665627 0.705670 0.701711 0.563726 1.000000 0.875407 0.721063 0.633912 0.551769 0.817226 0.415744 0.759908 0.710518 -0.127388 0.287106 0.697087 0.585688 0.679751 0.663202 0.643566 0.675071 0.629324 0.620437 0.096230 -0.176620
0.779418 0.678240 0.423175 0.876956 0.430234 0.574148 0.218663 0.459076 0.824408 0.361492 0.726922 0.809666 0.848144 0.586004 0.832592 0.526752 0.542816 0.703469 0.755740 0.834537 0.643683 0.477012 0.632061 0.349999 0.471482 0.457627 0.368978 0.024481 0.395134 0.794926 0.865572 0.802202 0.650698 0.557529 0.697384 0.711796 0.758538 0.755874 0.761998 0.587410 0.875407 1.000000 0.795441 0.739328 0.717597 0.761821 0.550116 0.832390 0.758954 0.060886 0.382471 0.737430 0.737878 0.659385 0.713061 0.752953 0.723521 0.676393 0.759494 0.241856 -0.048280
0.877714 0.524526 0.156407 0.783455 0.171200 0.421901 0.057769 0.647121 0.797680 0.221502 0.606290 0.874687 0.833599 0.310468 0.808115 0.248903 0.310691 0.645166 0.816875 0.750821 0.760875 0.280248 0.828256 0.323986 0.201439 0.326134 0.627963 -0.173849 0.210855 0.790441 0.821082 0.894637 0.745370 0.552198 0.666488 0.565220 0.716652 0.852147 0.749961 0.617364 0.721063 0.795441 1.000000 0.828039 0.679518 0.763521 0.452065 0.766130 0.841785 -0.190100 0.391580 0.629745 0.674910 0.636540 0.755551 0.827068 0.670151 0.631751 0.730872 0.062602 -0.327456
0.656108 0.680082 0.372661 0.724873 0.363852 0.468681 0.207237 0.343334 0.750257 0.369098 0.550536 0.731001 0.780306 0.509422 0.695458 0.359874 0.488535 0.635852 0.679865 0.731390 0.527449 0.470635 0.616866 0.592774 0.496453 0.614393 0.516972 0.173059 0.541061 0.752595 0.814220 0.851151 0.930648 0.767130 0.762629 0.696897 0.824247 0.744376 0.611647 0.693847 0.633912 0.739328 0.828039 1.000000 0.868969 0.540013 0.620453 0.765325 0.770189 0.199967 0.593501 0.714559 0.654425 0.436038 0.583680 0.755524 0.572289 0.649963 0.786511 0.445782 0.062893
0.491658 0.709740 0.367322 0.643785 0.335945 0.327655 0.168685 0.188650 0.677701 0.442227 0.416729 0.588371 0.733984 0.505392 0.624281 0.330267 0.406357 0.586221 0.592770 0.713926 0.518807 0.575707 0.464860 0.599679 0.608942 0.706159 0.431441 0.310047 0.619503 0.645395 0.796243 0.771181 0.850427 0.757572 0.771161 0.767072 0.801599 0.630616 0.607080 0.598817 0.551769 0.717597 0.679518 0.868969 1.000000 0.467870 0.652155 0.747309 0.679567 0.332128 0.588673 0.705562 0.665995 0.386938 0.495448 0.716128 0.545882 0.588255 0.761065 0.554309 0.212570
0.841815 0.385975 0.113053 0.773912 0.168905 0.417548 0.060140 0.712959 0.739659 0.294179 0.645637 0.798145 0.862898 0.395059 0.860116 0.389094 0.338036 0.748651 0.805498 0.766610 0.863417 0.262073 0.825615 0.018068 0.112196 0.172984 0.350900 -0.389539 0.049633 0.744719 0.716206 0.715719 0.425290 0.260096 0.536867 0.451053 0.603874 0.753378 0.762886 0.543188 0.817226 0.761821 0.763521 0.540013 0.467870 1.000000 0.400106 0.773987 0.755454 -0.391778 0.243684 0.533707 0.566534 0.834168 0.817038 0.735290 0.808232 0.675748 0.600036 -0.156132 -0.475152
0.330976 0.507121 0.355517 0.520052 0.264768 0.346192 0.184569 0.045946 0.480243 0.704243 0.301703 0.413713 0.613469 0.544956 0.493371 0.341020 0.442985 0.556489 0.404252 0.512142 0.453602 0.428447 0.354335 0.393565 0.624406 0.581894 0.319054 0.254846 0.545437 0.470775 0.497138 0.510633 0.588735 0.433872 0.538402 0.698830 0.672002 0.536760 0.399915 0.551353 0.415744 0.550116 0.452065 0.620453 0.652155 0.400106 1.000000 0.694911 0.518919 0.313363 0.701311 0.475399 0.445920 0.382160 0.433912 0.477802 0.519430 0.630273 0.610602 0.425975 0.189049
0.745029 0.573666 0.274785 0.817482 0.300495 0.469437 0.204611 0.495999 0.790833 0.461703 0.615794 0.774837 0.863531 0.558843 0.849569 0.438735 0.447416 0.776662 0.787401 0.821899 0.701792 0.446797 0.698410 0.271053 0.399594 0.488956 0.362631 -0.007521 0.372281 0.771630 0.777415 0.814147 0.675179 0.461042 0.599602 0.662057 0.834345 0.826880 0.763757 0.610752 0.759908 0.832390 0.766130 0.765325 0.747309 0.773987 0.694911 1.000000 0.854180 -0.020209 0.481652 0.645249 0.634698 0.747429 0.797335 0.791741 0.840002 0.839253 0.832109 0.223635 -0.153330
0.796251 0.467843 0.109871 0.749507 0.114115 0.356167 0.093724 0.641338 0.734773 0.307628 0.545873 0.807471 0.820561 0.377012 0.806520 0.215935 0.285240 0.724655 0.810689 0.741632 0.731747 0.285906 0.792329 0.271382 0.258056 0.433520 0.473324 -0.190556 0.242669 0.755849 0.740772 0.841912 0.704625 0.486513 0.607518 0.610494 0.888349 0.947466 0.715948 0.591862 0.710518 0.758954 0.841785 0.770189 0.679567 0.755454 0.518919 0.854180 1.000000 -0.148880 0.437303 0.679065 0.721785 0.701034 0.798381 0.769676 0.761051 0.747693 0.736723 0.168179 -0.309206
-0.336618 0.525747 0.527978 -0.062670 0.406840 0.131399 0.415776 -0.580111 -0.054374 0.356933 -0.017328 -0.172408 -0.083567 0.367208 -0.203214 0.177864 0.293460 -0.127644 -0.267982 -0.046315 -0.380955 0.389781 -0.414165 0.605382 0.658720 0.587317 0.008620 0.724920 0.699329 -0.071294 0.027333 -0.064360 0.303106 0.486224 0.257932 0.331392 0.162641 -0.149532 -0.180453 0.101572 -0.127388 0.060886 -0.190100 0.199967 0.332128 -0.391778 0.313363 -0.020209 -0.148880 1.000000 0.264801 0.184203 0.160911 -0.438334 -0.398472 -0.155293 -0.231950 -0.084271 0.117906 0.794291 0.928460
0.266376 0.494918 0.241658 0.413982 0.253564 0.313978 0.154895 0.074902 0.356245 0.456422 0.176886 0.365618 0.516279 0.320913 0.358097 0.272427 0.403638 0.472494 0.286714 0.402093 0.326831 0.410471 0.301038 0.534862 0.530822 0.493496 0.279471 0.307926 0.537761 0.352855 0.466383 0.475472 0.627086 0.504101 0.587757 0.654918 0.559017 0.386683 0.273927 0.612639 0.287106 0.382471 0.391580 0.593501 0.588673 0.243684 0.701311 0.481652 0.437303 0.264801 1.000000 0.568528 0.380111 0.183395 0.256649 0.387932 0.339025 0.395169 0.497688 0.392016 0.151071
0.554270 0.655707 0.403718 0.675574 0.437361 0.517111 0.217971 0.291057 0.642820 0.310616 0.487626 0.640063 0.713398 0.554427 0.668392 0.462783 0.542510 0.659684 0.596012 0.751015 0.476216 0.593374 0.511811 0.577124 0.612840 0.531552 0.220476 0.134176 0.537060 0.627926 0.745344 0.695361 0.711106 0.676112 0.788399 0.823603 0.725674 0.567859 0.581246 0.575751 0.697087 0.737430 0.629745 0.714559 0.705562 0.533707 0.475399 0.645249 0.679065 0.184203 0.568528 1.000000 0.752086 0.425799 0.469114 0.557438 0.565601 0.482355 0.617451 0.428646 0.087952
0.565363 0.590145 0.216960 0.610134 0.197512 0.329665 0.099616 0.337805 0.604191 0.315076 0.406213 0.624912 0.716506 0.409014 0.637133 0.242375 0.353431 0.637062 0.603184 0.680568 0.555997 0.495109 0.564802 0.496023 0.511032 0.510445 0.344166 0.052954 0.450445 0.530736 0.692127 0.695875 0.648332 0.641889 0.732677 0.741219 0.692171 0.646158 0.570649 0.477818 0.585688 0.737878 0.674910 0.654425 0.665995 0.566534 0.445920 0.634698 0.721785 0.160911 0.380111 0.752086 1.000000 0.487472 0.518155 0.579172 0.543870 0.429052 0.578156 0.341060 0.040909
0.728653 0.186839 -0.038899 0.724274 0.043497 0.324927 -0.086039 0.607219 0.613467 0.131042 0.475169 0.685683 0.733757 0.302057 0.825104 0.288683 0.244909 0.710880 0.718703 0.696184 0.713043 0.226911 0.719259 -0.115222 0.024828 0.129063 0.150743 -0.367698 -0.063028 0.596685 0.563907 0.596517 0.301489 0.114180 0.330714 0.353349 0.535627 0.667732 0.720520 0.305336 0.679751 0.659385 0.636540 0.436038 0.386938 0.834168 0.382160 0.747429 0.701034 -0.438334 0.183395 0.425799 0.487472 1.000000 0.899465 0.690938 0.818272 0.723057 0.578001 -0.260186 -0.548544
0.806781 0.281725 -0.025794 0.782931 0.039845 0.305933 -0.050757 0.670241 0.716295 0.174923 0.529272 0.758555 0.787055 0.256360 0.852550 0.198053 0.190874 0.681240 0.790419 0.721238 0.771859 0.172810 0.774604 -0.021837 0.027341 0.202573 0.305383 -0.320151 0.002572 0.684358 0.673239 0.719628 0.452308 0.206104 0.427119 0.409534 0.624077 0.786532 0.781143 0.406157 0.663202 0.713061 0.755551 0.583680 0.495448 0.817038 0.433912 0.797335 0.798381 -0.398472 0.256649 0.469114 0.518155 0.899465 1.000000 0.818097 0.872560 0.827595 0.707173 -0.171535 -0.541909
0.776640 0.537370 0.107832 0.790642 0.175149 0.318727 0.061754 0.593233 0.790551 0.251701 0.542599 0.778289 0.840958 0.289402 0.836273 0.252277 0.231032 0.653763 0.797117 0.801178 0.764262 0.365619 0.740502 0.254425 0.190004 0.408150 0.472695 -0.065621 0.261694 0.755913 0.823768 0.825751 0.678628 0.462779 0.609362 0.546988 0.684862 0.769650 0.814285 0.539113 0.643566 0.752953 0.827068 0.755524 0.716128 0.735290 0.477802 0.791741 0.769676 -0.155293 0.387932 0.557438 0.579172 0.690938 0.818097 1.000000 0.776721 0.718969 0.833540 0.058619 -0.284879
0.719834 0.424750 0.079794 0.796643 0.175346 0.348701 0.104273 0.582373 0.723156 0.338479 0.533008 0.711809 0.823001 0.389351 0.877875 0.352869 0.293061 0.748561 0.748306 0.773571 0.765403 0.411751 0.742801 0.101482 0.224309 0.336458 0.215509 -0.152652 0.169703 0.670831 0.682289 0.682303 0.482484 0.272196 0.498331 0.525964 0.663975 0.725486 0.796117 0.435146 0.675071 0.723521 0.670151 0.572289 0.545882 0.808232 0.519430 0.840002 0.761051 -0.231950 0.339025 0.565601 0.543870 0.818272 0.872560 0.776721 1.000000 0.851310 0.746242 -0.017033 -0.356585
0.649282 0.411424 0.243219 0.746166 0.271745 0.372437 0.195897 0.431389 0.675609 0.421847 0.515367 0.666251 0.728097 0.492658 0.769848 0.344350 0.309053 0.655888 0.678404 0.670474 0.603565 0.314305 0.621289 0.129200 0.279694 0.428971 0.299657 -0.052704 0.226576 0.705394 0.628418 0.667042 0.544822 0.315850 0.430729 0.479284 0.725511 0.745902 0.707803 0.483180 0.629324 0.676393 0.631751 0.649963 0.588255 0.675748 0.630273 0.839253 0.747693 -0.084271 0.395169 0.482355 0.429052 0.723057 0.827595 0.718969 0.851310 1.000000 0.795028 0.157322 -0.200761
0.659308 0.624539 0.310551 0.748305 0.367006 0.431472 0.285900 0.414826 0.765275 0.357407 0.563961 0.719240 0.785008 0.503256 0.777454 0.393241 0.400203 0.673282 0.722690 0.775484 0.572634 0.517980 0.635177 0.380021 0.419042 0.556841 0.370906 0.179861 0.493341 0.750509 0.762872 0.792137 0.723997 0.542651 0.592525 0.619672 0.752794 0.718060 0.713341 0.575846 0.620437 0.759494 0.730872 0.786511 0.761065 0.600036 0.610602 0.832109 0.736723 0.117906 0.497688 0.617451 0.578156 0.578001 0.707173 0.833540 0.746242 0.795028 1.000000 0.350368 0.002403
-0.128869 0.568303 0.574931 0.092504 0.451652 0.200012 0.393674 -0.388874 0.160438 0.458364 0.118073 0.054430 0.145023 0.515423 0.030491 0.267821 0.368832 0.126974 0.018259 0.191560 -0.145398 0.500835 -0.141872 0.648658 0.725510 0.691870 0.115893 0.633103 0.729645 0.205215 0.270012 0.209970 0.526143 0.622136 0.449141 0.523076 0.453089 0.112772 0.015889 0.289902 0.096230 0.241856 0.062602 0.445782 0.554309 -0.156132 0.425975 0.223635 0.168179 0.794291 0.392016 0.428646 0.341060 -0.260186 -0.171535 0.058619 -0.017033 0.157322 0.350368 1.000000 0.797182
-0.459123 0.402591 0.582833 -0.190573 0.457927 0.095841 0.425829 -0.682039 -0.156479 0.326960 -0.068133 -0.296718 -0.218543 0.365162 -0.321413 0.228394 0.272634 -0.224232 -0.370488 -0.135971 -0.499896 0.371480 -0.531233 0.506626 0.604120 0.495677 -0.082611 0.733248 0.650106 -0.137648 -0.072470 -0.199799 0.154802 0.386355 0.165542 0.234941 0.020300 -0.320621 -0.293120 0.031718 -0.176620 -0.048280 -0.327456 0.062893 0.212570 -0.475152 0.189049 -0.153330 -0.309206 0.928460 0.151071 0.087952 0.040909 -0.548544 -0.541909 -0.284879 -0.356585 -0.200761 0.002403 0.797182 1.000000
