1.000000 0.706007 0.821118 0.873615 0.834732 0.791584 0.787555 0.597958 0.733760 0.647514 0.681128 0.978539 0.640982 0.838470 0.792400 0.745602 0.719000 0.717853 0.713317 0.647121 0.688456 0.721716 0.630996 0.534117 0.650725 0.536428 0.719143 0.793758 0.707470 0.714208 0.767615 0.760720 0.648747 0.694565 0.624188 0.495189 0.713974 0.679667 0.662525 0.665831 0.817716 0.806582 0.816564 0.765850 0.649435 0.670571 0.592514 0.749289 0.554548 0.431812 0.678375 0.502685 0.406892 0.549612 0.679985 0.612618 0.502030 0.541418 0.470683 0.686037 0.477608
0.706007 1.000000 0.824566 0.757382 0.892358 0.863346 0.788031 0.688390 0.790569 0.882981 0.842462 0.736259 0.897977 0.802774 0.790194 0.782903 0.766503 0.894958 0.841894 0.706320 0.861235 0.674269 0.718366 0.801149 0.740831 0.629054 0.648582 0.865073 0.908430 0.763796 0.834417 0.795199 0.794916 0.760148 0.784264 0.655377 0.774228 0.763601 0.842440 0.554328 0.811222 0.860482 0.819208 0.876584 0.759989 0.688236 0.834005 0.822463 0.730706 0.481524 0.661491 0.568046 0.661515 0.601673 0.746966 0.729324 0.763236 0.777111 0.707222 0.644280 0.602994
0.821118 0.824566 1.000000 0.763471 0.874443 0.890717 0.910917 0.676853 0.720422 0.830889 0.790391 0.804190 0.672185 0.939439 0.700844 0.737608 0.690213 0.788486 0.703992 0.584010 0.734726 0.736021 0.701110 0.589762 0.552235 0.383024 0.776718 0.815392 0.725793 0.689543 0.683720 0.749704 0.665221 0.635907 0.522783 0.377122 0.626211 0.594531 0.762333 0.657944 0.762511 0.712200 0.829531 0.772457 0.559354 0.750474 0.779598 0.761913 0.449093 0.243043 0.612331 0.328427 0.309081 0.575536 0.712694 0.571974 0.620148 0.675348 0.556993 0.495591 0.336841
0.873615 0.757382 0.763471 1.000000 0.854221 0.817598 0.684364 0.514443 0.830973 0.660039 0.716202 0.890121 0.784776 0.827527 0.940182 0.825593 0.860211 0.764306 0.811980 0.758880 0.781576 0.767337 0.728281 0.686877 0.763958 0.670233 0.568708 0.811467 0.711142 0.809632 0.870081 0.831384 0.770157 0.809046 0.706638 0.639508 0.706702 0.662264 0.686689 0.519333 0.883841 0.864309 0.849473 0.838194 0.725196 0.567283 0.599562 0.768631 0.600249 0.602605 0.736388 0.630282 0.522099 0.664604 0.770114 0.720938 0.667151 0.699235 0.650354 0.748428 0.660017
0.834732 0.892358 0.874443 0.854221 1.000000 0.936746 0.800349 0.607578 0.908331 0.802375 0.837360 0.847051 0.856675 0.891890 0.849669 0.903466 0.848753 0.879921 0.900585 0.823767 0.865315 0.841137 0.815873 0.763268 0.772012 0.649256 0.661299 0.922198 0.815235 0.877125 0.883063 0.876893 0.846413 0.821798 0.760771 0.643573 0.729357 0.739776 0.863496 0.596946 0.869373 0.867835 0.872935 0.886539 0.745311 0.667657 0.711619 0.824478 0.637754 0.488744 0.763319 0.605797 0.562110 0.609057 0.811103 0.751793 0.768581 0.784821 0.731134 0.657116 0.570925
0.791584 0.863346 0.890717 0.817598 0.936746 1.000000 0.864341 0.576174 0.841274 0.800577 0.802800 0.794758 0.772754 0.871091 0.779115 0.809228 0.822431 0.858292 0.821951 0.748150 0.807545 0.867626 0.835147 0.766602 0.684294 0.562435 0.696944 0.882603 0.765177 0.814940 0.787084 0.852098 0.835090 0.791009 0.666275 0.525319 0.667113 0.683558 0.829577 0.598539 0.809145 0.780444 0.871288 0.865739 0.661813 0.661565 0.734652 0.759155 0.564702 0.401969 0.702314 0.521494 0.467102 0.578041 0.790071 0.695784 0.712661 0.767076 0.681228 0.598737 0.470600
0.787555 0.788031 0.910917 0.684364 0.800349 0.864341 1.000000 0.704520 0.639809 0.810811 0.790354 0.776458 0.584193 0.838285 0.614103 0.634755 0.597003 0.771730 0.635454 0.511869 0.669634 0.685127 0.655861 0.489763 0.487486 0.347878 0.825217 0.782400 0.716877 0.609637 0.581276 0.694214 0.599448 0.586479 0.485439 0.295543 0.637733 0.614545 0.758713 0.716643 0.684397 0.652317 0.805844 0.746970 0.547882 0.785158 0.801100 0.738744 0.451669 0.126178 0.526281 0.272259 0.292210 0.504800 0.700350 0.571695 0.557094 0.643285 0.515934 0.467332 0.212765
0.597958 0.688390 0.676853 0.514443 0.607578 0.576174 0.704520 1.000000 0.405996 0.671960 0.616136 0.582705 0.445498 0.619483 0.447129 0.422457 0.339460 0.675888 0.472795 0.280419 0.524972 0.366807 0.251262 0.259591 0.252055 0.161487 0.719800 0.614546 0.641415 0.314480 0.435398 0.464439 0.329772 0.294073 0.372239 0.192208 0.674325 0.592340 0.638545 0.741248 0.450157 0.544951 0.548717 0.541213 0.401125 0.770214 0.744143 0.689568 0.440098 0.029280 0.375377 0.149661 0.313793 0.292782 0.430987 0.427563 0.372656 0.394442 0.267876 0.355439 0.245280
0.733760 0.790569 0.720422 0.830973 0.908331 0.841274 0.639809 0.405996 1.000000 0.738372 0.799492 0.777805 0.882802 0.810340 0.879243 0.909646 0.894955 0.834490 0.969346 0.947727 0.891632 0.863622 0.895294 0.776428 0.863946 0.768189 0.510213 0.901987 0.730328 0.960469 0.898234 0.896716 0.873047 0.863260 0.775308 0.751761 0.654722 0.700305 0.851667 0.451189 0.862126 0.849878 0.832151 0.863697 0.788423 0.545941 0.624456 0.810941 0.638194 0.570010 0.775553 0.706964 0.612360 0.673618 0.896083 0.825296 0.864047 0.876742 0.866606 0.673093 0.607820
0.647514 0.882981 0.830889 0.660039 0.802375 0.800577 0.810811 0.671960 0.738372 1.000000 0.872421 0.677469 0.767427 0.801728 0.684754 0.695554 0.642457 0.853255 0.760482 0.635158 0.831852 0.628230 0.678040 0.606105 0.631445 0.513874 0.749966 0.842839 0.798120 0.688084 0.666364 0.676046 0.647558 0.624854 0.626109 0.525057 0.729445 0.736806 0.851063 0.648266 0.745365 0.742711 0.751409 0.770702 0.664368 0.786720 0.915057 0.852175 0.632988 0.258054 0.618300 0.442426 0.525221 0.607152 0.773623 0.675763 0.778648 0.807293 0.691795 0.523534 0.378277
0.681128 0.842462 0.790391 0.716202 0.837360 0.802800 0.790354 0.616136 0.799492 0.872421 1.000000 0.724183 0.778666 0.828554 0.737923 0.748868 0.697195 0.849514 0.809034 0.716189 0.809237 0.693819 0.756116 0.600002 0.696873 0.601524 0.742934 0.886233 0.802149 0.744072 0.711625 0.747223 0.699702 0.720048 0.677935 0.567274 0.744417 0.767087 0.890956 0.657945 0.759781 0.757161 0.799441 0.819773 0.725442 0.816433 0.847559 0.879904 0.631515 0.301413 0.611271 0.486319 0.527194 0.635011 0.832259 0.738090 0.798314 0.838077 0.765267 0.564478 0.391453
0.978539 0.736259 0.804190 0.890121 0.847051 0.794758 0.776458 0.582705 0.777805 0.677469 0.724183 1.000000 0.715761 0.857746 0.852954 0.810262 0.782287 0.762296 0.765333 0.718266 0.754731 0.747380 0.676170 0.564425 0.732465 0.631922 0.704338 0.817628 0.746810 0.771742 0.821557 0.786508 0.678508 0.760712 0.698494 0.583879 0.743015 0.719699 0.708635 0.633951 0.875872 0.861509 0.832032 0.794086 0.733857 0.686605 0.613836 0.779127 0.621721 0.501158 0.688681 0.582103 0.496187 0.646253 0.748540 0.696529 0.588995 0.613714 0.565455 0.749494 0.535207
0.640982 0.897977 0.672185 0.784776 0.856675 0.772754 0.584193 0.445498 0.882802 0.767427 0.778666 0.715761 1.000000 0.761947 0.894594 0.896833 0.901780 0.835463 0.924224 0.870065 0.920857 0.722112 0.808723 0.862165 0.901280 0.827648 0.425811 0.825954 0.818530 0.890132 0.937668 0.839721 0.871777 0.896283 0.877962 0.849449 0.704620 0.732030 0.788849 0.339539 0.877089 0.906550 0.787671 0.868034 0.853707 0.503372 0.653979 0.774656 0.769925 0.704968 0.721725 0.761453 0.778633 0.708183 0.808960 0.820082 0.867564 0.835437 0.847660 0.741379 0.770554
0.838470 0.802774 0.939439 0.827527 0.891890 0.871091 0.838285 0.619483 0.810340 0.801728 0.828554 0.857746 0.761947 1.000000 0.811704 0.849788 0.814714 0.819118 0.794181 0.706748 0.820661 0.818506 0.770272 0.602170 0.677888 0.504600 0.739549 0.861629 0.721944 0.783265 0.783687 0.829116 0.719958 0.751553 0.590784 0.491625 0.639170 0.631180 0.794039 0.636443 0.846545 0.786925 0.871980 0.813066 0.639052 0.761523 0.744225 0.807350 0.488593 0.367930 0.683307 0.437188 0.386321 0.696016 0.799142 0.667135 0.706627 0.738228 0.660992 0.582078 0.450503
0.792400 0.790194 0.700844 0.940182 0.849669 0.779115 0.614103 0.447129 0.879243 0.684754 0.737923 0.852954 0.894594 0.811704 1.000000 0.903091 0.922331 0.799119 0.880047 0.854635 0.879445 0.773509 0.777570 0.741046 0.882694 0.806593 0.483616 0.815972 0.738618 0.876624 0.933014 0.847389 0.804846 0.873014 0.802740 0.777730 0.707983 0.688467 0.727359 0.426062 0.917446 0.909849 0.820296 0.839852 0.828972 0.536899 0.586312 0.792163 0.683472 0.707781 0.759290 0.745962 0.659013 0.751272 0.834696 0.830467 0.796623 0.782762 0.778472 0.804620 0.751393
0.745602 0.782903 0.737608 0.825593 0.903466 0.809228 0.634755 0.422457 0.909646 0.695554 0.748868 0.810262 0.896833 0.849788 0.903091 1.000000 0.925059 0.788439 0.898160 0.887789 0.873117 0.806252 0.815426 0.722481 0.859753 0.758378 0.478961 0.831038 0.713161 0.927525 0.908563 0.846112 0.820916 0.869941 0.773580 0.745736 0.615483 0.640648 0.801140 0.379097 0.913245 0.873701 0.811508 0.818344 0.790284 0.527553 0.564045 0.738356 0.624614 0.634555 0.758286 0.697685 0.617868 0.738899 0.839761 0.815439 0.823169 0.796665 0.809686 0.696323 0.649745
0.719000 0.766503 0.690213 0.860211 0.848753 0.822431 0.597003 0.339460 0.894955 0.642457 0.697195 0.782287 0.901780 0.814714 0.922331 0.925059 1.000000 0.772284 0.889151 0.883590 0.859705 0.833969 0.851088 0.804900 0.882048 0.775840 0.429524 0.805531 0.684601 0.914030 0.914852 0.880628 0.869515 0.929792 0.769440 0.759163 0.598152 0.617608 0.718763 0.344692 0.889168 0.848287 0.822263 0.839304 0.773867 0.444514 0.536920 0.702901 0.617092 0.694941 0.757077 0.735121 0.620278 0.714285 0.818357 0.791805 0.791689 0.790996 0.804104 0.734826 0.704313
0.717853 0.894958 0.788486 0.764306 0.879921 0.858292 0.771730 0.675888 0.834490 0.853255 0.849514 0.762296 0.835463 0.819118 0.799119 0.788439 0.772284 1.000000 0.877310 0.788911 0.883662 0.763548 0.736688 0.682327 0.731508 0.648191 0.671803 0.894703 0.839608 0.790425 0.805659 0.775836 0.720094 0.735509 0.771881 0.638444 0.761172 0.795951 0.891442 0.620881 0.804408 0.833271 0.777546 0.814867 0.775386 0.772039 0.819087 0.845964 0.700305 0.405166 0.659401 0.583622 0.643794 0.696884 0.832903 0.794835 0.788354 0.821593 0.753780 0.625609 0.514569
0.713317 0.841894 0.703992 0.811980 0.900585 0.821951 0.635454 0.472795 0.969346 0.760482 0.809034 0.765333 0.924224 0.794181 0.880047 0.898160 0.889151 0.877310 1.000000 0.940812 0.916983 0.817544 0.848863 0.781608 0.865136 0.777763 0.499248 0.903273 0.787489 0.946390 0.924754 0.883571 0.855501 0.857490 0.813687 0.780192 0.701552 0.740256 0.865445 0.449210 0.860013 0.881022 0.809319 0.864981 0.828241 0.569388 0.663492 0.837345 0.696015 0.575013 0.742433 0.714000 0.682269 0.688520 0.897224 0.852897 0.870396 0.874608 0.872838 0.684097 0.652744
0.647121 0.706320 0.584010 0.758880 0.823767 0.748150 0.511869 0.280419 0.947727 0.635158 0.716189 0.718266 0.870065 0.706748 0.854635 0.887789 0.883590 0.788911 0.940812 1.000000 0.878050 0.819401 0.850493 0.748637 0.898948 0.861398 0.399970 0.825005 0.685201 0.962151 0.884697 0.827861 0.814702 0.865445 0.831471 0.834612 0.636525 0.716410 0.789497 0.354460 0.843641 0.837912 0.718558 0.774412 0.840360 0.464952 0.510179 0.729939 0.688682 0.639279 0.742086 0.807822 0.707344 0.673895 0.866978 0.872329 0.846941 0.836119 0.867235 0.719053 0.636337
0.688456 0.861235 0.734726 0.781576 0.865315 0.807545 0.669634 0.524972 0.891632 0.831852 0.809237 0.754731 0.920857 0.820661 0.879445 0.873117 0.859705 0.883662 0.916983 0.878050 1.000000 0.807138 0.802932 0.740697 0.853940 0.771259 0.575694 0.874938 0.808241 0.874843 0.877243 0.825813 0.782181 0.830403 0.808655 0.765922 0.727888 0.765126 0.837861 0.518832 0.860583 0.866951 0.772971 0.813195 0.832758 0.663936 0.731878 0.846484 0.713428 0.556376 0.738050 0.706494 0.687992 0.731255 0.857650 0.849841 0.870445 0.842679 0.826824 0.699176 0.641869
0.721716 0.674269 0.736021 0.767337 0.841137 0.867626 0.685127 0.366807 0.863622 0.628230 0.693819 0.747380 0.722112 0.818506 0.773509 0.806252 0.833969 0.763548 0.817544 0.819401 0.807138 1.000000 0.898336 0.697702 0.730074 0.602756 0.557812 0.825633 0.611210 0.853550 0.777447 0.857270 0.796147 0.817248 0.628568 0.538546 0.500039 0.570928 0.741503 0.477210 0.760459 0.705249 0.799753 0.764428 0.626141 0.551383 0.531883 0.671442 0.440443 0.420930 0.654646 0.538542 0.401723 0.604224 0.775001 0.697012 0.703739 0.742955 0.719741 0.547109 0.446404
0.630996 0.718366 0.701110 0.728281 0.815873 0.835147 0.655861 0.251262 0.895294 0.678040 0.756116 0.676170 0.808723 0.770272 0.777570 0.815426 0.851088 0.736688 0.848863 0.850493 0.802932 0.898336 1.000000 0.809238 0.817570 0.705025 0.459834 0.803257 0.621595 0.891330 0.783964 0.853942 0.889335 0.885967 0.694572 0.659445 0.495680 0.581563 0.766908 0.332381 0.767617 0.716671 0.813719 0.827846 0.693837 0.459411 0.565217 0.680497 0.527401 0.513539 0.670241 0.622667 0.512442 0.630634 0.831998 0.720252 0.814349 0.861232 0.857327 0.581422 0.503558
0.534117 0.801149 0.589762 0.686877 0.763268 0.766602 0.489763 0.259591 0.776428 0.606105 0.600002 0.564425 0.862165 0.602170 0.741046 0.722481 0.804900 0.682327 0.781608 0.748637 0.740697 0.697702 0.809238 1.000000 0.790176 0.734978 0.274509 0.686119 0.692943 0.774880 0.824972 0.773391 0.910694 0.840649 0.814556 0.751576 0.568168 0.611485 0.623862 0.181365 0.717453 0.754184 0.711140 0.815583 0.699074 0.263588 0.504849 0.584680 0.688335 0.702612 0.649617 0.705552 0.670340 0.488818 0.620782 0.622500 0.700242 0.701701 0.700228 0.645142 0.711758
0.650725 0.740831 0.552235 0.763958 0.772012 0.684294 0.487486 0.252055 0.863946 0.631445 0.696873 0.732465 0.901280 0.677888 0.882694 0.859753 0.882048 0.731508 0.865136 0.898948 0.853940 0.730074 0.817570 0.790176 1.000000 0.911065 0.358188 0.763085 0.709682 0.888330 0.883270 0.770409 0.803012 0.894014 0.868759 0.911854 0.651298 0.697149 0.696888 0.288465 0.862395 0.857358 0.700300 0.773832 0.842392 0.421852 0.500606 0.708120 0.746384 0.751707 0.728139 0.847470 0.767270 0.708004 0.788486 0.823148 0.797797 0.778150 0.827147 0.776372 0.717458
0.536428 0.629054 0.383024 0.670233 0.649256 0.562435 0.347878 0.161487 0.768189 0.513874 0.601524 0.631922 0.827648 0.504600 0.806593 0.758378 0.775840 0.648191 0.777763 0.861398 0.771259 0.602756 0.705025 0.734978 0.911065 1.000000 0.233722 0.635277 0.639497 0.805165 0.808208 0.655517 0.726825 0.839798 0.914522 0.933241 0.697813 0.757022 0.607966 0.205551 0.782699 0.817399 0.575788 0.702388 0.903522 0.332020 0.382957 0.634281 0.851343 0.793801 0.639928 0.917384 0.842008 0.634077 0.713782 0.820377 0.743024 0.695685 0.771794 0.839278 0.728435
0.719143 0.648582 0.776718 0.568708 0.661299 0.696944 0.825217 0.719800 0.510213 0.749966 0.742934 0.704338 0.425811 0.739549 0.483616 0.478961 0.429524 0.671803 0.499248 0.399970 0.575694 0.557812 0.459834 0.274509 0.358188 0.233722 1.000000 0.752304 0.665753 0.450889 0.432089 0.542627 0.394405 0.419397 0.361774 0.189965 0.642909 0.647870 0.694975 0.904646 0.560231 0.535845 0.650129 0.582157 0.417478 0.898778 0.791600 0.720199 0.366637 -0.016788 0.492493 0.190047 0.201487 0.365573 0.579059 0.474809 0.421682 0.508361 0.363234 0.386411 0.104966
0.793758 0.865073 0.815392 0.811467 0.922198 0.882603 0.782400 0.614546 0.901987 0.842839 0.886233 0.817628 0.825954 0.861629 0.815972 0.831038 0.805531 0.894703 0.903273 0.825005 0.874938 0.825633 0.803257 0.686119 0.763085 0.635277 0.752304 1.000000 0.836415 0.848744 0.830066 0.850614 0.776039 0.783376 0.725690 0.616536 0.735100 0.769959 0.909441 0.682479 0.827908 0.832677 0.843069 0.845919 0.734645 0.776608 0.780333 0.873758 0.623496 0.392895 0.729638 0.567305 0.553979 0.623162 0.856671 0.790459 0.786702 0.821967 0.758628 0.608076 0.498187
0.707470 0.908430 0.725793 0.711142 0.815235 0.765177 0.716877 0.641415 0.730328 0.798120 0.802149 0.746810 0.818530 0.721944 0.738618 0.713161 0.684601 0.839608 0.787489 0.685201 0.808241 0.611210 0.621595 0.692943 0.709682 0.639497 0.665753 0.836415 1.000000 0.719750 0.796029 0.696399 0.669271 0.691511 0.791085 0.623266 0.777529 0.783628 0.784351 0.585418 0.782392 0.821067 0.718076 0.776162 0.744821 0.714482 0.759359 0.769277 0.729004 0.405997 0.554671 0.545569 0.633355 0.590197 0.707802 0.702010 0.667300 0.676745 0.619619 0.625117 0.512254
0.714208 0.763796 0.689543 0.809632 0.877125 0.814940 0.609637 0.314480 0.960469 0.688084 0.744072 0.771742 0.890132 0.783265 0.876624 0.927525 0.914030 0.790425 0.946390 0.962151 0.874843 0.853550 0.891330 0.774880 0.888330 0.805165 0.450889 0.848744 0.719750 1.000000 0.911022 0.874644 0.858473 0.885374 0.792728 0.778463 0.608547 0.670858 0.809018 0.350384 0.896700 0.859523 0.804636 0.831634 0.809643 0.476413 0.558684 0.730011 0.641790 0.618900 0.733703 0.731858 0.637032 0.698634 0.879937 0.840584 0.849292 0.860084 0.869886 0.702666 0.617323
0.767615 0.834417 0.683720 0.870081 0.883063 0.787084 0.581276 0.435398 0.898234 0.666364 0.711625 0.821557 0.937668 0.783687 0.933014 0.908563 0.914852 0.805659 0.924754 0.884697 0.877243 0.777447 0.783964 0.824972 0.883270 0.808208 0.432089 0.830066 0.796029 0.911022 1.000000 0.890127 0.863266 0.892985 0.862329 0.808366 0.701703 0.706605 0.746661 0.373094 0.910612 0.942049 0.826084 0.867354 0.838432 0.481446 0.551646 0.753956 0.721861 0.722975 0.746176 0.755140 0.703529 0.673475 0.786897 0.808738 0.784189 0.745077 0.773034 0.777312 0.787937
0.760720 0.795199 0.749704 0.831384 0.876893 0.852098 0.694214 0.464439 0.896716 0.676046 0.747223 0.786508 0.839721 0.829116 0.847389 0.846112 0.880628 0.775836 0.883571 0.827861 0.825813 0.857270 0.853942 0.773391 0.770409 0.655517 0.542627 0.850614 0.696399 0.874644 0.890127 1.000000 0.918576 0.876005 0.696301 0.631749 0.640469 0.640337 0.770949 0.499869 0.811692 0.838777 0.936057 0.916332 0.733269 0.523943 0.593875 0.751348 0.569974 0.555649 0.752096 0.619192 0.529383 0.520016 0.785782 0.759245 0.759228 0.767635 0.749389 0.678829 0.638618
0.648747 0.794916 0.665221 0.770157 0.846413 0.835090 0.599448 0.329772 0.873047 0.647558 0.699702 0.678508 0.871777 0.719958 0.804846 0.820916 0.869515 0.720094 0.855501 0.814702 0.782181 0.796147 0.889335 0.910694 0.803012 0.726825 0.394405 0.776039 0.669271 0.858473 0.863266 0.918576 1.000000 0.913960 0.763409 0.711660 0.606623 0.640478 0.722721 0.327839 0.772066 0.800765 0.859388 0.923876 0.724616 0.360752 0.535951 0.674708 0.641536 0.665265 0.746054 0.694870 0.612426 0.482749 0.729178 0.695459 0.766569 0.777072 0.765937 0.679283 0.693490
0.694565 0.760148 0.635907 0.809046 0.821798 0.791009 0.586479 0.294073 0.863260 0.624854 0.720048 0.760712 0.896283 0.751553 0.873014 0.869941 0.929792 0.735509 0.857490 0.865445 0.830403 0.817248 0.885967 0.840649 0.894014 0.839798 0.419397 0.783376 0.691511 0.885374 0.892985 0.876005 0.913960 1.000000 0.841171 0.803086 0.657486 0.697940 0.712593 0.337823 0.858687 0.855427 0.833020 0.880129 0.832921 0.438205 0.514382 0.693926 0.713775 0.721919 0.725542 0.793118 0.701414 0.645411 0.778710 0.779803 0.779973 0.777799 0.805671 0.784810 0.715788
0.624188 0.784264 0.522783 0.706638 0.760771 0.666275 0.485439 0.372239 0.775308 0.626109 0.677935 0.698494 0.877962 0.590784 0.802740 0.773580 0.769440 0.771881 0.813687 0.831471 0.808655 0.628568 0.694572 0.814556 0.868759 0.914522 0.361774 0.725690 0.791085 0.792728 0.862329 0.696301 0.763409 0.841171 1.000000 0.889231 0.780972 0.832339 0.696824 0.326834 0.805127 0.873058 0.645929 0.774987 0.914189 0.469641 0.520095 0.702620 0.896896 0.721834 0.632140 0.847534 0.855694 0.617701 0.691058 0.803075 0.727708 0.694600 0.735672 0.805225 0.715229
0.495189 0.655377 0.377122 0.639508 0.643573 0.525319 0.295543 0.192208 0.751761 0.525057 0.567274 0.583879 0.849449 0.491625 0.777730 0.745736 0.759163 0.638444 0.780192 0.834612 0.765922 0.538546 0.659445 0.751576 0.911854 0.933241 0.189965 0.616536 0.623266 0.778463 0.808366 0.631749 0.711660 0.803086 0.889231 1.000000 0.679437 0.718181 0.588232 0.166943 0.752523 0.812490 0.532781 0.670991 0.847151 0.281375 0.399655 0.618889 0.828551 0.827262 0.678012 0.920549 0.885844 0.610930 0.663723 0.765909 0.717413 0.673681 0.748459 0.807923 0.784535
0.713974 0.774228 0.626211 0.706702 0.729357 0.667113 0.637733 0.674325 0.654722 0.729445 0.744417 0.743015 0.704620 0.639170 0.707983 0.615483 0.598152 0.761172 0.701552 0.636525 0.727888 0.500039 0.495680 0.568168 0.651298 0.697813 0.642909 0.735100 0.777529 0.608547 0.701703 0.640469 0.606623 0.657486 0.780972 0.679437 1.000000 0.940826 0.703550 0.695857 0.721935 0.833625 0.669603 0.764372 0.818145 0.699349 0.707499 0.846840 0.881591 0.501793 0.640017 0.682387 0.730511 0.461734 0.648441 0.699391 0.610533 0.602246 0.533402 0.818812 0.592463
0.679667 0.763601 0.594531 0.662264 0.739776 0.683558 0.614545 0.592340 0.700305 0.736806 0.767087 0.719699 0.732030 0.631180 0.688467 0.640648 0.617608 0.795951 0.740256 0.716410 0.765126 0.570928 0.581563 0.611485 0.697149 0.757022 0.647870 0.769959 0.783628 0.670858 0.706605 0.640337 0.640478 0.697940 0.832339 0.718181 0.940826 1.000000 0.758818 0.668743 0.729687 0.826632 0.643070 0.754014 0.832574 0.707980 0.702783 0.824591 0.901566 0.506198 0.650161 0.721194 0.766565 0.496298 0.691363 0.728859 0.652956 0.655597 0.606149 0.791382 0.559996
0.662525 0.842440 0.762333 0.686689 0.863496 0.829577 0.758713 0.638545 0.851667 0.851063 0.890956 0.708635 0.788849 0.794039 0.727359 0.801140 0.718763 0.891442 0.865445 0.789497 0.837861 0.741503 0.766908 0.623862 0.696888 0.607966 0.694975 0.909441 0.784351 0.809018 0.746661 0.770949 0.722721 0.712593 0.696824 0.588232 0.703550 0.758818 1.000000 0.609670 0.768843 0.778273 0.778886 0.806011 0.738708 0.771599 0.813675 0.834838 0.638069 0.329533 0.630476 0.520346 0.584549 0.626679 0.861294 0.799490 0.837880 0.867056 0.806100 0.556497 0.419350
0.665831 0.554328 0.657944 0.519333 0.596946 0.598539 0.716643 0.741248 0.451189 0.648266 0.657945 0.633951 0.339539 0.636443 0.426062 0.379097 0.344692 0.620881 0.449210 0.354460 0.518832 0.477210 0.332381 0.181365 0.288465 0.205551 0.904646 0.682479 0.585418 0.350384 0.373094 0.499869 0.327839 0.337823 0.326834 0.166943 0.695857 0.668743 0.609670 1.000000 0.447432 0.492677 0.577995 0.534423 0.395064 0.852283 0.706638 0.725388 0.374545 -0.036886 0.516280 0.213972 0.204751 0.204340 0.497742 0.450051 0.353972 0.405186 0.265060 0.386958 0.122414
0.817716 0.811222 0.762511 0.883841 0.869373 0.809145 0.684397 0.450157 0.862126 0.745365 0.759781 0.875872 0.877089 0.846545 0.917446 0.913245 0.889168 0.804408 0.860013 0.843641 0.860583 0.760459 0.767617 0.717453 0.862395 0.782699 0.560231 0.827908 0.782392 0.896700 0.910612 0.811692 0.772066 0.858687 0.805127 0.752523 0.721935 0.729687 0.768843 0.447432 1.000000 0.939588 0.831274 0.837645 0.833635 0.599800 0.633878 0.763700 0.713057 0.638598 0.706866 0.714944 0.662067 0.784497 0.838379 0.801057 0.771248 0.759465 0.744649 0.788341 0.660752
0.806582 0.860482 0.712200 0.864309 0.867835 0.780444 0.652317 0.544951 0.849878 0.742711 0.757161 0.861509 0.906550 0.786925 0.909849 0.873701 0.848287 0.833271 0.881022 0.837912 0.866951 0.705249 0.716671 0.754184 0.857358 0.817399 0.535845 0.832677 0.821067 0.859523 0.942049 0.838777 0.800765 0.855427 0.873058 0.812490 0.833625 0.826632 0.778273 0.492677 0.939588 1.000000 0.829736 0.873593 0.895078 0.593882 0.642467 0.810759 0.827091 0.709966 0.746181 0.783422 0.783463 0.674599 0.796910 0.827492 0.766942 0.732805 0.726954 0.859984 0.778397
0.816564 0.819208 0.829531 0.849473 0.872935 0.871288 0.805844 0.548717 0.832151 0.751409 0.799441 0.832032 0.787671 0.871980 0.820296 0.811508 0.822263 0.777546 0.809319 0.718558 0.772971 0.799753 0.813719 0.711140 0.700300 0.575788 0.650129 0.843069 0.718076 0.804636 0.826084 0.936057 0.859388 0.833020 0.645929 0.532781 0.669603 0.643070 0.778886 0.577995 0.831274 0.829736 1.000000 0.947174 0.699509 0.624993 0.702861 0.776947 0.562268 0.454941 0.720477 0.527810 0.460413 0.550969 0.769393 0.689119 0.715901 0.752337 0.684590 0.656136 0.533750
0.765850 0.876584 0.772457 0.838194 0.886539 0.865739 0.746970 0.541213 0.863697 0.770702 0.819773 0.794086 0.868034 0.813066 0.839852 0.818344 0.839304 0.814867 0.864981 0.774412 0.813195 0.764428 0.827846 0.815583 0.773832 0.702388 0.582157 0.845919 0.776162 0.831634 0.867354 0.916332 0.923876 0.880129 0.774987 0.670991 0.764372 0.754014 0.806011 0.534423 0.837645 0.873593 0.947174 1.000000 0.794265 0.586287 0.720809 0.820764 0.716647 0.560675 0.744004 0.646729 0.616829 0.550742 0.785589 0.743776 0.782578 0.806802 0.751160 0.728627 0.630052
0.649435 0.759989 0.559354 0.725196 0.745311 0.661813 0.547882 0.401125 0.788423 0.664368 0.725442 0.733857 0.853707 0.639052 0.828972 0.790284 0.773867 0.775386 0.828241 0.840360 0.832758 0.626141 0.693837 0.699074 0.842392 0.903522 0.417478 0.734645 0.744821 0.809643 0.838432 0.733269 0.724616 0.832921 0.914189 0.847151 0.818145 0.832574 0.738708 0.395064 0.833635 0.895078 0.699509 0.794265 1.000000 0.532276 0.576151 0.771561 0.884733 0.673284 0.647488 0.843606 0.833091 0.667020 0.791865 0.891796 0.797084 0.754941 0.788346 0.841808 0.684039
0.670571 0.688236 0.750474 0.567283 0.667657 0.661565 0.785158 0.770214 0.545941 0.786720 0.816433 0.686605 0.503372 0.761523 0.536899 0.527553 0.444514 0.772039 0.569388 0.464952 0.663936 0.551383 0.459411 0.263588 0.421852 0.332020 0.898778 0.776608 0.714482 0.476413 0.481446 0.523943 0.360752 0.438205 0.469641 0.281375 0.699349 0.707980 0.771599 0.852283 0.599800 0.593882 0.624993 0.586287 0.532276 1.000000 0.826573 0.789936 0.469766 0.005144 0.436786 0.234302 0.324022 0.532792 0.649090 0.579190 0.529415 0.577626 0.465512 0.403685 0.148995
0.592514 0.834005 0.779598 0.599562 0.711619 0.734652 0.801100 0.744143 0.624456 0.915057 0.847559 0.613836 0.653979 0.744225 0.586312 0.564045 0.536920 0.819087 0.663492 0.510179 0.731878 0.531883 0.565217 0.504849 0.500606 0.382957 0.791600 0.780333 0.759359 0.558684 0.551646 0.593875 0.535951 0.514382 0.520095 0.399655 0.707499 0.702783 0.813675 0.706638 0.633878 0.642467 0.702861 0.720809 0.576151 0.826573 1.000000 0.836733 0.568673 0.124626 0.536158 0.319552 0.436863 0.545117 0.705946 0.604634 0.679873 0.754521 0.607438 0.439955 0.260992
0.749289 0.822463 0.761913 0.768631 0.824478 0.759155 0.738744 0.689568 0.810941 0.852175 0.879904 0.779127 0.774656 0.807350 0.792163 0.738356 0.702901 0.845964 0.837345 0.729939 0.846484 0.671442 0.680497 0.584680 0.708120 0.634281 0.720199 0.873758 0.769277 0.730011 0.753956 0.751348 0.674708 0.693926 0.702620 0.618889 0.846840 0.824591 0.834838 0.725388 0.763700 0.810759 0.776947 0.820764 0.771561 0.789936 0.836733 1.000000 0.707760 0.362040 0.698047 0.571002 0.571530 0.600485 0.826956 0.781680 0.788405 0.804145 0.732722 0.647023 0.494919
0.554548 0.730706 0.449093 0.600249 0.637754 0.564702 0.451669 0.440098 0.638194 0.632988 0.631515 0.621721 0.769925 0.488593 0.683472 0.624614 0.617092 0.700305 0.696015 0.688682 0.713428 0.440443 0.527401 0.688335 0.746384 0.851343 0.366637 0.623496 0.729004 0.641790 0.721861 0.569974 0.641536 0.713775 0.896896 0.828551 0.881591 0.901566 0.638069 0.374545 0.713057 0.827091 0.562268 0.716647 0.884733 0.469766 0.568673 0.707760 1.000000 0.677482 0.584542 0.822532 0.889298 0.520434 0.610808 0.715341 0.656577 0.610893 0.609591 0.838231 0.673961
0.431812 0.481524 0.243043 0.602605 0.488744 0.401969 0.126178 0.029280 0.570010 0.258054 0.301413 0.501158 0.704968 0.367930 0.707781 0.634555 0.694941 0.405166 0.575013 0.639279 0.556376 0.420930 0.513539 0.702612 0.751707 0.793801 -0.016788 0.392895 0.405997 0.618900 0.722975 0.555649 0.665265 0.721919 0.721834 0.827262 0.501793 0.506198 0.329533 -0.036886 0.638598 0.709966 0.454941 0.560675 0.673284 0.005144 0.124626 0.362040 0.677482 1.000000 0.583590 0.824511 0.750166 0.453258 0.438496 0.530844 0.497488 0.429365 0.503510 0.812113 0.908028
0.678375 0.661491 0.612331 0.736388 0.763319 0.702314 0.526281 0.375377 0.775553 0.618300 0.611271 0.688681 0.721725 0.683307 0.759290 0.758286 0.757077 0.659401 0.742433 0.742086 0.738050 0.654646 0.670241 0.649617 0.728139 0.639928 0.492493 0.729638 0.554671 0.733703 0.746176 0.752096 0.746054 0.725542 0.632140 0.678012 0.640017 0.650161 0.630476 0.516280 0.706866 0.746181 0.720477 0.744004 0.647488 0.436786 0.536158 0.698047 0.584542 0.583590 1.000000 0.709892 0.555175 0.439141 0.670179 0.674309 0.651054 0.648808 0.611572 0.658204 0.598271
0.502685 0.568046 0.328427 0.630282 0.605797 0.521494 0.272259 0.149661 0.706964 0.442426 0.486319 0.582103 0.761453 0.437188 0.745962 0.697685 0.735121 0.583622 0.714000 0.807822 0.706494 0.538542 0.622667 0.705552 0.847470 0.917384 0.190047 0.567305 0.545569 0.731858 0.755140 0.619192 0.694870 0.793118 0.847534 0.920549 0.682387 0.721194 0.520346 0.213972 0.714944 0.783422 0.527810 0.646729 0.843606 0.234302 0.319552 0.571002 0.822532 0.824511 0.709892 1.000000 0.874987 0.520525 0.626538 0.754122 0.659203 0.602285 0.671110 0.827604 0.768559
0.406892 0.661515 0.309081 0.522099 0.562110 0.467102 0.292210 0.313793 0.612360 0.525221 0.527194 0.496187 0.778633 0.386321 0.659013 0.617868 0.620278 0.643794 0.682269 0.707344 0.687992 0.401723 0.512442 0.670340 0.767270 0.842008 0.201487 0.553979 0.633355 0.637032 0.703529 0.529383 0.612426 0.701414 0.855694 0.885844 0.730511 0.766565 0.584549 0.204751 0.662067 0.783463 0.460413 0.616829 0.833091 0.324022 0.436863 0.571530 0.889298 0.750166 0.555175 0.874987 1.000000 0.516760 0.579047 0.708542 0.646549 0.597116 0.637019 0.781838 0.764385
0.549612 0.601673 0.575536 0.664604 0.609057 0.578041 0.504800 0.292782 0.673618 0.607152 0.635011 0.646253 0.708183 0.696016 0.751272 0.738899 0.714285 0.696884 0.688520 0.673895 0.731255 0.604224 0.630634 0.488818 0.708004 0.634077 0.365573 0.623162 0.590197 0.698634 0.673475 0.520016 0.482749 0.645411 0.617701 0.610930 0.461734 0.496298 0.626679 0.204340 0.784497 0.674599 0.550969 0.550742 0.667020 0.532792 0.545117 0.600485 0.520434 0.453258 0.439141 0.520525 0.516760 1.000000 0.775740 0.661255 0.684431 0.690075 0.700243 0.535882 0.440785
0.679985 0.746966 0.712694 0.770114 0.811103 0.790071 0.700350 0.430987 0.896083 0.773623 0.832259 0.748540 0.808960 0.799142 0.834696 0.839761 0.818357 0.832903 0.897224 0.866978 0.857650 0.775001 0.831998 0.620782 0.788486 0.713782 0.579059 0.856671 0.707802 0.879937 0.786897 0.785782 0.729178 0.778710 0.691058 0.663723 0.648441 0.691363 0.861294 0.497742 0.838379 0.796910 0.769393 0.785589 0.791865 0.649090 0.705946 0.826956 0.610808 0.438496 0.670179 0.626538 0.579047 0.775740 1.000000 0.859141 0.879170 0.907090 0.888782 0.630386 0.492048
0.612618 0.729324 0.571974 0.720938 0.751793 0.695784 0.571695 0.427563 0.825296 0.675763 0.738090 0.696529 0.820082 0.667135 0.830467 0.815439 0.791805 0.794835 0.852897 0.872329 0.849841 0.697012 0.720252 0.622500 0.823148 0.820377 0.474809 0.790459 0.702010 0.840584 0.808738 0.759245 0.695459 0.779803 0.803075 0.765909 0.699391 0.728859 0.799490 0.450051 0.801057 0.827492 0.689119 0.743776 0.891796 0.579190 0.604634 0.781680 0.715341 0.530844 0.674309 0.754122 0.708542 0.661255 0.859141 1.000000 0.858605 0.818007 0.864069 0.695170 0.572476
0.502030 0.763236 0.620148 0.667151 0.768581 0.712661 0.557094 0.372656 0.864047 0.778648 0.798314 0.588995 0.867564 0.706627 0.796623 0.823169 0.791689 0.788354 0.870396 0.846941 0.870445 0.703739 0.814349 0.700242 0.797797 0.743024 0.421682 0.786702 0.667300 0.849292 0.784189 0.759228 0.766569 0.779973 0.727708 0.717413 0.610533 0.652956 0.837880 0.353972 0.771248 0.766942 0.715901 0.782578 0.797084 0.529415 0.679873 0.788405 0.656577 0.497488 0.651054 0.659203 0.646549 0.684431 0.879170 0.858605 1.000000 0.938470 0.931303 0.600575 0.553664
0.541418 0.777111 0.675348 0.699235 0.784821 0.767076 0.643285 0.394442 0.876742 0.807293 0.838077 0.613714 0.835437 0.738228 0.782762 0.796665 0.790996 0.821593 0.874608 0.836119 0.842679 0.742955 0.861232 0.701701 0.778150 0.695685 0.508361 0.821967 0.676745 0.860084 0.745077 0.767635 0.777072 0.777799 0.694600 0.673681 0.602246 0.655597 0.867056 0.405186 0.759465 0.732805 0.752337 0.806802 0.754941 0.577626 0.754521 0.804145 0.610893 0.429365 0.648808 0.602285 0.597116 0.690075 0.907090 0.818007 0.938470 1.000000 0.938216 0.575694 0.470685
0.470683 0.707222 0.556993 0.650354 0.731134 0.681228 0.515934 0.267876 0.866606 0.691795 0.765267 0.565455 0.847660 0.660992 0.778472 0.809686 0.804104 0.753780 0.872838 0.867235 0.826824 0.719741 0.857327 0.700228 0.827147 0.771794 0.363234 0.758628 0.619619 0.869886 0.773034 0.749389 0.765937 0.805671 0.735672 0.748459 0.533402 0.606149 0.806100 0.265060 0.744649 0.726954 0.684590 0.751160 0.788346 0.465512 0.607438 0.732722 0.609591 0.503510 0.611572 0.671110 0.637019 0.700243 0.888782 0.864069 0.931303 0.938216 1.000000 0.568482 0.520611
0.686037 0.644280 0.495591 0.748428 0.657116 0.598737 0.467332 0.355439 0.673093 0.523534 0.564478 0.749494 0.741379 0.582078 0.804620 0.696323 0.734826 0.625609 0.684097 0.719053 0.699176 0.547109 0.581422 0.645142 0.776372 0.839278 0.386411 0.608076 0.625117 0.702666 0.777312 0.678829 0.679283 0.784810 0.805225 0.807923 0.818812 0.791382 0.556497 0.386958 0.788341 0.859984 0.656136 0.728627 0.841808 0.403685 0.439955 0.647023 0.838231 0.812113 0.658204 0.827604 0.781838 0.535882 0.630386 0.695170 0.600575 0.575694 0.568482 1.000000 0.805971
0.477608 0.602994 0.336841 0.660017 0.570925 0.470600 0.212765 0.245280 0.607820 0.378277 0.391453 0.535207 0.770554 0.450503 0.751393 0.649745 0.704313 0.514569 0.652744 0.636337 0.641869 0.446404 0.503558 0.711758 0.717458 0.728435 0.104966 0.498187 0.512254 0.617323 0.787937 0.638618 0.693490 0.715788 0.715229 0.784535 0.592463 0.559996 0.419350 0.122414 0.660752 0.778397 0.533750 0.630052 0.684039 0.148995 0.260992 0.494919 0.673961 0.908028 0.598271 0.768559 0.764385 0.440785 0.492048 0.572476 0.553664 0.470685 0.520611 0.805971 1.000000
