0.000000,0.595115,0.691541,0.042493,0.399756,0.287569,0.551535,0.590523,0.333884,0.595337,0.744060,0.329409,0.261963,0.729750,0.342601,0.556623,0.531216,0.574439,0.583886,0.722404,0.225217,0.241441,0.295303,0.467808,0.189564,0.078343,0.087383,0.180632,0.375816,0.485058,0.399133,0.480968,0.690808,0.723749,0.453676,0.471596,0.614206,0.557025,0.501747,0.616160,0.510627,0.547989,0.556212,0.674743,0.638233,0.517591,0.693212,0.604403,0.682015,0.602422,0.696526,0.592464,0.703302,0.116797,0.705133,0.461514,0.717510,0.483760,0.721934,0.732006,0.765521,0.453595,0.627231,0.582166,0.438020,0.526818,0.634590,0.661217,0.674600,0.523849,0.718824,0.485371,0.557344,0.703363,0.587109,0.419952,0.702842,0.682177,0.662724,0.038389,0.699888,0.438331,0.660914,0.170184,0.718571,0.206385,0.553124,0.354180,0.631034,-0.120030,0.668900,0.251055,0.557806,-0.187239,0.590017,0.535108,0.699209,0.677338,0.666366,0.712719,0.651332,-0.151851,0.598914,0.362058,0.669735,0.489813,0.413353,-0.000654,0.278081,0.663510,0.661603,0.632769,0.593449,0.678340,0.529330,0.301700
0.595115,0.000000,0.522307,0.465615,0.316464,0.335934,0.528691,0.722290,0.405926,0.514774,0.571744,0.580697,0.393504,0.494062,0.433524,0.604312,0.528109,0.488006,0.610560,0.585945,0.222816,0.089750,0.614042,0.539630,0.267736,0.267511,0.191217,0.188597,0.483130,0.561070,0.574520,0.521613,0.635551,0.561254,0.489129,0.463312,0.291196,0.392653,0.171322,0.420593,0.218885,0.249117,0.544411,0.497976,0.529399,0.520254,0.583969,0.575530,0.457666,0.600667,0.348019,0.508024,0.410197,0.478393,0.410632,0.541713,0.715499,0.714280,0.642779,0.649407,0.584063,0.678999,0.640648,0.674788,0.601551,0.562059,0.536900,0.519382,0.663395,0.577467,0.570458,0.524056,0.422354,0.499987,0.302501,0.095613,0.367156,0.521999,0.342262,0.463266,0.369440,0.612738,0.319081,0.330338,0.468037,0.545088,0.258501,0.407115,0.234867,0.304719,0.496906,0.528041,0.580343,0.269498,0.424731,0.421325,0.422625,0.423590,0.564373,0.472643,0.336877,0.306111,0.327734,0.410014,0.370214,0.548430,0.233601,0.175793,0.103146,0.377826,0.574380,0.516606,0.525072,0.446539,0.417331,0.187503
0.691541,0.522307,0.000000,0.137988,0.505627,0.396105,0.625890,0.547393,0.492293,0.678613,0.634027,0.319075,0.420144,0.600540,0.469323,0.500724,0.435043,0.480435,0.479499,0.638771,0.283371,0.278287,0.378006,0.648876,0.306090,0.274385,0.310500,0.340809,0.415746,0.413738,0.433156,0.591621,0.641895,0.677047,0.563386,0.598386,0.675725,0.596611,0.584455,0.639385,0.496128,0.561497,0.493099,0.607491,0.563653,0.383821,0.644230,0.575904,0.574746,0.498324,0.611960,0.543893,0.628733,0.067560,0.690480,0.517633,0.643383,0.393897,0.667116,0.611130,0.664243,0.432145,0.495638,0.504613,0.513712,0.597304,0.678820,0.700927,0.589857,0.619047,0.676312,0.513252,0.641611,0.698093,0.545980,0.396922,0.681685,0.710436,0.569435,-0.023253,0.612399,0.358505,0.639543,0.175524,0.640727,0.142109,0.648267,0.414731,0.642454,-0.101271,0.652290,0.242489,0.522908,-0.187067,0.631790,0.554566,0.635472,0.631040,0.625331,0.660223,0.661150,-0.111666,0.655638,0.399117,0.671683,0.483962,0.501422,0.160337,0.258984,0.593805,0.639056,0.549398,0.562836,0.631266,0.489630,0.224033
0.042493,0.465615,0.137988,0.000000,0.194345,0.277186,0.378474,0.524128,0.389802,0.248683,0.072646,0.491241,0.421604,-0.071206,0.400159,0.296314,0.175659,-0.005294,0.307592,0.120959,0.229776,-0.005341,0.676629,0.423300,0.354399,0.500635,0.349838,0.264351,0.377299,0.257300,0.451061,0.383109,0.182535,0.065665,0.356567,0.324052,-0.126565,0.118219,-0.182901,0.069184,-0.152616,-0.108560,0.275763,0.079787,0.153204,0.263409,0.203059,0.311981,-0.066977,0.273751,-0.201491,0.205875,-0.121383,0.647112,-0.097553,0.511454,0.253825,0.527366,0.237353,0.208736,0.076489,0.522389,0.222624,0.322861,0.506340,0.386654,0.239516,0.197984,0.231249,0.392389,0.081775,0.387346,0.096513,-0.003565,-0.241990,-0.149005,-0.133722,0.132395,-0.260748,0.542673,-0.241568,0.460797,-0.209375,0.399436,-0.017689,0.623510,-0.191673,0.304077,-0.270891,0.649085,0.091781,0.606559,0.309845,0.640092,0.104802,0.177822,-0.071036,-0.003246,0.188457,0.022766,-0.151278,0.706662,-0.072153,0.368032,-0.158053,0.335230,-0.043340,0.413495,-0.166728,-0.092219,0.242624,0.183321,0.265637,0.039246,0.023955,-0.099893
0.399756,0.316464,0.505627,0.194345,0.000000,0.618982,0.558902,0.338249,0.622506,0.548405,0.351508,0.120835,0.360649,0.275930,0.446372,0.274650,0.322812,0.386597,0.255885,0.464113,0.473901,0.432740,0.369602,0.558947,0.554188,0.544613,0.550041,0.523031,0.440888,0.442283,0.452703,0.581541,0.441643,0.440358,0.365512,0.456607,0.494368,0.560732,0.443950,0.523903,0.538919,0.561032,0.223907,0.430520,0.307658,0.276312,0.357169,0.345797,0.273396,0.263590,0.346871,0.335518,0.319919,0.031335,0.396735,0.507655,0.349082,0.259054,0.443583,0.359309,0.382328,0.145616,0.332641,0.344597,0.340075,0.271520,0.452694,0.509228,0.278819,0.444888,0.434374,0.433667,0.394706,0.460248,0.260123,0.381011,0.483533,0.482944,0.261300,-0.118072,0.304869,0.302343,0.409286,0.191406,0.422955,0.089625,0.396319,0.273062,0.419652,-0.064406,0.313200,0.085931,0.162683,-0.169072,0.465522,0.427032,0.405647,0.483237,0.331621,0.474958,0.468660,-0.004716,0.544648,0.521226,0.338134,0.225578,0.437684,0.313155,0.143431,0.350409,0.404808,0.317930,0.345708,0.418725,0.131874,0.059404
0.287569,0.335934,0.396105,0.277186,0.618982,0.000000,0.531903,0.302556,0.657848,0.508306,0.260830,0.214844,0.449562,0.131718,0.414251,0.196890,0.262431,0.336289,0.214160,0.342347,0.281863,0.265324,0.379271,0.524346,0.524814,0.603214,0.555339,0.549186,0.534232,0.481877,0.515196,0.572896,0.411833,0.365207,0.381793,0.454269,0.295989,0.369837,0.251298,0.364298,0.375491,0.399760,0.138460,0.299759,0.180762,0.179455,0.217903,0.209353,0.148171,0.187806,0.162510,0.220098,0.142775,0.030691,0.245426,0.445235,0.286119,0.255981,0.410462,0.269925,0.307944,0.211589,0.326234,0.396828,0.319489,0.180556,0.374484,0.427825,0.165867,0.394600,0.333001,0.339770,0.365347,0.424737,0.134669,0.249683,0.309643,0.395506,0.097054,-0.014799,0.115932,0.250791,0.217361,0.092983,0.225012,0.071359,0.236813,0.076061,0.245369,-0.012233,0.144107,0.068172,0.037253,-0.081451,0.316953,0.224509,0.251722,0.315778,0.178321,0.339253,0.351357,0.131527,0.453754,0.535380,0.216032,0.169714,0.389498,0.402851,0.073440,0.152989,0.265669,0.178747,0.266164,0.264403,0.102991,0.078607
0.551535,0.528691,0.625890,0.378474,0.558902,0.531903,0.000000,0.600916,0.634889,0.561214,0.497019,0.415448,0.589397,0.427934,0.603102,0.437436,0.408030,0.295336,0.570882,0.600675,0.333336,0.266970,0.495657,0.608130,0.458228,0.469610,0.402968,0.470983,0.627054,0.420360,0.518280,0.613379,0.633744,0.591020,0.560364,0.505869,0.453883,0.505463,0.340482,0.527426,0.423235,0.512013,0.554679,0.546522,0.520048,0.475966,0.583980,0.583719,0.464917,0.502448,0.426666,0.590174,0.483523,0.342685,0.473481,0.603660,0.578676,0.537839,0.606701,0.565415,0.578401,0.439303,0.478577,0.581922,0.560973,0.493035,0.634433,0.625743,0.458628,0.609001,0.499944,0.652330,0.555570,0.518435,0.183030,0.463398,0.501506,0.607125,0.340654,0.114052,0.385634,0.452637,0.409910,0.287604,0.536762,0.337682,0.317395,0.384707,0.448875,0.199955,0.470297,0.403040,0.430454,0.095122,0.571960,0.542224,0.447482,0.519311,0.484365,0.539959,0.455931,0.213686,0.477784,0.524730,0.419148,0.494436,0.352244,0.338675,0.102095,0.442080,0.579131,0.552491,0.586305,0.504077,0.391456,0.162903
0.590523,0.722290,0.547393,0.524128,0.338249,0.302556,0.600916,0.000000,0.417089,0.555337,0.563905,0.575289,0.420213,0.518571,0.510095,0.659688,0.497456,0.390977,0.606675,0.607769,0.239157,0.106913,0.625268,0.568269,0.322940,0.300312,0.212899,0.255275,0.489232,0.500370,0.547432,0.559938,0.613808,0.584021,0.554635,0.519887,0.325343,0.429560,0.224400,0.483195,0.244430,0.281352,0.615772,0.534795,0.569024,0.569098,0.633150,0.628378,0.463544,0.604047,0.364301,0.559699,0.434805,0.522388,0.444371,0.611498,0.663073,0.664772,0.649042,0.683403,0.605813,0.680581,0.616462,0.644702,0.641900,0.638331,0.610818,0.596775,0.624501,0.581547,0.553172,0.592850,0.426397,0.479739,0.284939,0.196289,0.398680,0.547967,0.350942,0.408130,0.368933,0.621388,0.346399,0.395187,0.512982,0.589809,0.263334,0.503005,0.273610,0.377389,0.547019,0.585984,0.644275,0.299601,0.505389,0.520756,0.459323,0.480337,0.611143,0.516026,0.362306,0.352837,0.337936,0.450588,0.375348,0.580680,0.233646,0.222356,0.093258,0.425835,0.633046,0.600834,0.604664,0.496875,0.441381,0.174708
0.333884,0.405926,0.492293,0.389802,0.622506,0.657848,0.634889,0.417089,0.000000,0.586327,0.325616,0.273507,0.500246,0.214926,0.562933,0.295482,0.254497,0.298292,0.322479,0.394831,0.335508,0.256815,0.478266,0.602933,0.529488,0.614081,0.591882,0.567916,0.525533,0.429765,0.506437,0.598338,0.444758,0.395778,0.451414,0.495305,0.328444,0.435273,0.256659,0.407608,0.373473,0.383650,0.249526,0.358103,0.263469,0.277293,0.347589,0.361082,0.221067,0.327622,0.228215,0.379210,0.235122,0.211577,0.302439,0.547367,0.369445,0.401609,0.459393,0.358734,0.372539,0.348729,0.334112,0.426128,0.439686,0.364594,0.449424,0.474381,0.269597,0.518249,0.378239,0.497006,0.382481,0.402243,0.115568,0.280374,0.329514,0.455447,0.115701,0.077751,0.162912,0.356175,0.241952,0.213800,0.317361,0.234028,0.274790,0.271245,0.280718,0.130916,0.281814,0.261789,0.214769,0.060272,0.399159,0.344133,0.294839,0.367313,0.295247,0.393810,0.346614,0.217646,0.428881,0.552764,0.261759,0.333421,0.349128,0.417810,0.007102,0.242224,0.373870,0.287501,0.381582,0.333932,0.153417,0.039371
0.595337,0.514774,0.678613,0.248683,0.548405,0.508306,0.561214,0.555337,0.586327,0.000000,0.567619,0.343725,0.396111,0.530988,0.478598,0.551985,0.391206,0.529436,0.370961,0.531076,0.286131,0.244215,0.456117,0.656328,0.412378,0.412441,0.435681,0.420910,0.423919,0.506780,0.510848,0.634228,0.571449,0.601330,0.544428,0.620874,0.540150,0.539030,0.472687,0.591576,0.469124,0.450225,0.385511,0.545577,0.466299,0.382165,0.533207,0.476758,0.460223,0.469983,0.482869,0.471074,0.470598,0.094196,0.584230,0.558866,0.558600,0.389918,0.644768,0.569598,0.610659,0.495937,0.518435,0.518046,0.514696,0.570853,0.606921,0.656512,0.465735,0.544863,0.618616,0.469426,0.524165,0.641704,0.469232,0.307077,0.550178,0.629270,0.409927,0.040683,0.455399,0.401090,0.490364,0.147534,0.517068,0.209726,0.546261,0.378385,0.495860,-0.024873,0.555220,0.259908,0.459896,-0.100152,0.541718,0.460502,0.569723,0.582887,0.564277,0.605585,0.569602,0.010907,0.585903,0.481651,0.557188,0.466270,0.477576,0.221506,0.180956,0.473321,0.558535,0.466494,0.526148,0.555393,0.363814,0.199073
0.744060,0.571744,0.634027,0.072646,0.351508,0.260830,0.497019,0.563905,0.325616,0.567619,0.000000,0.359910,0.297662,0.681892,0.372209,0.551753,0.557936,0.576419,0.608660,0.661813,0.254336,0.247819,0.314800,0.441635,0.120824,0.033483,0.074551,0.134993,0.386438,0.495575,0.402973,0.432252,0.616039,0.626060,0.348549,0.362379,0.546330,0.506670,0.452540,0.583479,0.441774,0.459013,0.505432,0.638731,0.582421,0.460288,0.627511,0.557085,0.613811,0.567534,0.617292,0.531871,0.627532,0.133942,0.649546,0.433495,0.678400,0.458226,0.651445,0.668086,0.686018,0.448165,0.648393,0.559010,0.401953,0.462831,0.511908,0.546871,0.619619,0.461149,0.672909,0.447720,0.522831,0.650255,0.576635,0.337595,0.624198,0.611337,0.590041,0.084985,0.620818,0.438257,0.636556,0.218889,0.700649,0.219267,0.530214,0.377802,0.552855,-0.065226,0.634088,0.276237,0.523471,-0.142867,0.559184,0.523036,0.638622,0.618709,0.628869,0.668635,0.595537,-0.109581,0.554937,0.362528,0.607937,0.433997,0.382474,0.009750,0.246997,0.577101,0.612045,0.570394,0.508129,0.609844,0.511602,0.287439
0.329409,0.580697,0.319075,0.491241,0.120835,0.214844,0.415448,0.575289,0.273507,0.343725,0.359910,0.000000,0.613670,0.253291,0.470349,0.521840,0.411830,0.281894,0.458508,0.273328,0.222218,0.058033,0.552460,0.390150,0.238256,0.222839,0.242278,0.136759,0.499487,0.375973,0.559422,0.376422,0.482065,0.340384,0.352727,0.251523,0.077157,0.162084,-0.010181,0.229173,0.028742,0.049904,0.451008,0.274108,0.353124,0.330190,0.340846,0.364370,0.229092,0.309613,0.055609,0.313411,0.137915,0.483379,0.123347,0.371684,0.516832,0.479688,0.393739,0.376459,0.383711,0.649847,0.531533,0.601260,0.515408,0.389851,0.314891,0.258042,0.402408,0.423272,0.264545,0.356483,0.453801,0.326181,0.087558,-0.068292,0.103531,0.339594,0.116834,0.543510,0.134331,0.501803,0.104075,0.371071,0.229912,0.516344,0.050690,0.297705,0.028162,0.483942,0.220845,0.457641,0.406878,0.406018,0.274742,0.255505,0.090177,0.128779,0.313086,0.153753,0.077387,0.492853,0.067428,0.185669,0.152267,0.342745,0.029663,0.119658,-0.050496,0.078241,0.301033,0.261256,0.282987,0.117791,0.183517,0.126688
0.261963,0.393504,0.420144,0.421604,0.360649,0.449562,0.589397,0.420213,0.500246,0.396111,0.297662,0.613670,0.000000,0.140784,0.608975,0.324712,0.316356,0.183294,0.373690,0.257475,0.321243,0.224946,0.468962,0.471933,0.406013,0.434434,0.484699,0.394525,0.603725,0.298321,0.523147,0.449634,0.433552,0.302890,0.378686,0.303587,0.224497,0.249992,0.160690,0.286213,0.185069,0.239834,0.377680,0.288056,0.302754,0.243851,0.295257,0.327959,0.211503,0.214227,0.091832,0.343231,0.164245,0.306757,0.180828,0.433158,0.417533,0.329709,0.357277,0.254786,0.328962,0.424242,0.388067,0.497512,0.484428,0.299553,0.345283,0.318555,0.235552,0.478673,0.218554,0.387123,0.578921,0.363457,0.046435,0.145295,0.203460,0.398651,0.084265,0.213415,0.106797,0.320103,0.187314,0.291900,0.254830,0.285737,0.178866,0.274604,0.204114,0.318314,0.189789,0.309443,0.243933,0.219165,0.347603,0.304571,0.100797,0.182255,0.236840,0.201993,0.189513,0.373904,0.233446,0.279824,0.199129,0.270155,0.176113,0.259031,-0.027403,0.086397,0.272121,0.225520,0.297861,0.123663,0.139766,0.128121
0.729750,0.494062,0.600540,-0.071206,0.275930,0.131718,0.427934,0.518571,0.214926,0.530988,0.681892,0.253291,0.140784,0.000000,0.303250,0.595789,0.483657,0.551231,0.503183,0.665521,0.130761,0.184561,0.214987,0.392240,0.153760,-0.013653,-0.009126,0.112912,0.270822,0.423302,0.287725,0.393936,0.613723,0.689367,0.393848,0.401904,0.568131,0.483673,0.469000,0.569746,0.509344,0.493337,0.536951,0.635019,0.610014,0.526298,0.651270,0.560625,0.686693,0.582885,0.706285,0.579458,0.703645,0.088613,0.684027,0.365942,0.650263,0.416665,0.632192,0.683806,0.722213,0.374788,0.591104,0.537355,0.400260,0.529731,0.592168,0.605671,0.604137,0.405324,0.649556,0.451919,0.466390,0.632124,0.556318,0.448082,0.657433,0.622780,0.682600,-0.003140,0.709390,0.397988,0.640069,0.120770,0.696860,0.187922,0.532750,0.408639,0.622418,-0.147482,0.653626,0.219829,0.569692,-0.203006,0.565715,0.520855,0.691311,0.658653,0.633975,0.677425,0.607597,-0.227198,0.523037,0.265868,0.645667,0.486437,0.359366,-0.079790,0.287100,0.671693,0.618910,0.630697,0.570206,0.655755,0.553510,0.289923
0.342601,0.433524,0.469323,0.400159,0.446372,0.414251,0.603102,0.510095,0.562933,0.478598,0.372209,0.470349,0.608975,0.303250,0.000000,0.552941,0.342750,0.254783,0.458913,0.419877,0.270160,0.127829,0.528518,0.539068,0.519469,0.473667,0.513621,0.492884,0.509052,0.327881,0.473081,0.519135,0.484732,0.411461,0.470601,0.419227,0.261558,0.306198,0.201065,0.390987,0.283550,0.274319,0.457897,0.357992,0.346907,0.368821,0.416431,0.430655,0.279098,0.348474,0.224474,0.441245,0.305754,0.364550,0.286236,0.497748,0.465840,0.427409,0.384554,0.374979,0.386833,0.390683,0.425319,0.491636,0.547685,0.460318,0.461409,0.416206,0.387265,0.517553,0.331109,0.509608,0.450369,0.341781,0.115070,0.234189,0.316886,0.455676,0.212839,0.210243,0.254080,0.455411,0.285110,0.311611,0.388921,0.382855,0.294623,0.496072,0.281952,0.336632,0.342860,0.421507,0.400006,0.238447,0.458112,0.433857,0.257523,0.325871,0.360064,0.337178,0.257903,0.296946,0.265401,0.359224,0.239961,0.388843,0.199818,0.259987,-0.025758,0.262338,0.399083,0.385240,0.407205,0.257241,0.183589,0.040829
0.556623,0.604312,0.500724,0.296314,0.274650,0.196890,0.437436,0.659688,0.295482,0.551985,0.551753,0.521840,0.324712,0.595789,0.552941,0.000000,0.505544,0.475772,0.522155,0.535499,0.195474,0.067891,0.529921,0.504383,0.337801,0.205866,0.194648,0.220866,0.377126,0.471019,0.497422,0.511334,0.591633,0.585056,0.483908,0.462078,0.331324,0.374404,0.260014,0.497824,0.308737,0.273104,0.566055,0.510379,0.528666,0.519924,0.571713,0.535709,0.482989,0.527398,0.417062,0.493190,0.458236,0.380682,0.453190,0.478962,0.624881,0.518887,0.537150,0.594804,0.573288,0.567351,0.622446,0.592634,0.577893,0.601767,0.543533,0.508801,0.590601,0.451798,0.528796,0.485289,0.410047,0.480609,0.361481,0.171581,0.425131,0.527674,0.437377,0.330871,0.476628,0.598181,0.421209,0.333821,0.517947,0.496744,0.375812,0.560875,0.322119,0.261039,0.521015,0.456082,0.605969,0.187144,0.485420,0.474317,0.467494,0.464966,0.559698,0.469911,0.352685,0.183299,0.293051,0.289853,0.406000,0.506987,0.211171,0.058616,0.127197,0.455482,0.534676,0.531805,0.503764,0.461591,0.381603,0.150499
0.531216,0.528109,0.435043,0.175659,0.322812,0.262431,0.408030,0.497456,0.254497,0.391206,0.557936,0.411830,0.316356,0.483657,0.342750,0.505544,0.000000,0.599691,0.448127,0.517649,0.408041,0.411673,0.381005,0.383922,0.308072,0.166563,0.138759,0.184784,0.542267,0.600064,0.466773,0.469352,0.499948,0.505361,0.179231,0.206248,0.424781,0.515133,0.363814,0.511572,0.423034,0.450231,0.478691,0.558254,0.562095,0.537474,0.509854,0.485790,0.507080,0.459003,0.415560,0.484580,0.423988,0.281398,0.448156,0.417845,0.570392,0.427399,0.509824,0.522615,0.469719,0.350168,0.659121,0.552772,0.439691,0.329525,0.385308,0.403652,0.490338,0.410292,0.406450,0.386077,0.460549,0.519048,0.344543,0.226981,0.441964,0.506093,0.482590,0.267469,0.471925,0.619333,0.477797,0.452583,0.568568,0.386951,0.283685,0.360461,0.342183,0.129353,0.398171,0.297236,0.353320,0.014239,0.449567,0.467876,0.426684,0.473674,0.449282,0.477505,0.403044,0.101814,0.402710,0.380066,0.355959,0.336677,0.320473,0.089666,0.227075,0.393554,0.448073,0.441304,0.394002,0.442948,0.361499,0.220879
0.574439,0.488006,0.480435,-0.005294,0.386597,0.336289,0.295336,0.390977,0.298292,0.529436,0.576419,0.281894,0.183294,0.551231,0.254783,0.475772,0.599691,0.000000,0.294316,0.483685,0.269117,0.280728,0.298598,0.406938,0.307054,0.179785,0.196552,0.147183,0.354505,0.653041,0.491571,0.469830,0.525620,0.551029,0.231028,0.339335,0.459314,0.483786,0.406713,0.505844,0.500495,0.401912,0.264421,0.503985,0.420452,0.384512,0.409310,0.326494,0.492761,0.398965,0.479698,0.348814,0.418095,-0.018396,0.510535,0.338764,0.544187,0.297368,0.524546,0.490393,0.528495,0.328031,0.656492,0.532310,0.370083,0.352019,0.393878,0.449679,0.463440,0.312554,0.549121,0.244053,0.410461,0.602214,0.552099,0.156556,0.500972,0.527974,0.502336,0.107514,0.529174,0.459313,0.500919,0.130425,0.511328,0.139517,0.470627,0.236999,0.423238,-0.174642,0.413314,0.066625,0.297519,-0.236376,0.428326,0.336641,0.521343,0.521410,0.457086,0.537107,0.523125,-0.154264,0.525036,0.346784,0.509813,0.301412,0.392308,-0.011958,0.244139,0.433345,0.408291,0.359390,0.309827,0.474099,0.270981,0.252002
0.583886,0.610560,0.479499,0.307592,0.255885,0.214160,0.570882,0.606675,0.322479,0.370961,0.608660,0.458508,0.373690,0.503183,0.458913,0.522155,0.448127,0.294316,0.000000,0.630119,0.200569,0.078590,0.441134,0.389612,0.153951,0.113897,0.047911,0.143125,0.399155,0.305332,0.369505,0.380797,0.587634,0.516671,0.386514,0.298210,0.277423,0.289125,0.140043,0.344322,0.186338,0.276582,0.602187,0.478136,0.534381,0.462888,0.592019,0.577770,0.492716,0.578352,0.423472,0.542301,0.511532,0.438968,0.382521,0.416150,0.632170,0.636993,0.522242,0.589262,0.526338,0.459059,0.525132,0.548130,0.469344,0.459408,0.462650,0.419174,0.643084,0.520810,0.483081,0.526055,0.423201,0.419179,0.209587,0.275792,0.405712,0.458627,0.367641,0.319922,0.422207,0.514046,0.368584,0.334321,0.557835,0.435962,0.221148,0.399367,0.304668,0.250187,0.472100,0.485568,0.530632,0.218916,0.376288,0.413732,0.363525,0.365966,0.473594,0.425057,0.262456,0.167332,0.229068,0.241830,0.324213,0.434998,0.099081,0.022628,-0.026601,0.383762,0.486701,0.492578,0.471664,0.416854,0.395231,0.095070
0.722404,0.585945,0.638771,0.120959,0.464113,0.342347,0.600675,0.607769,0.394831,0.531076,0.661813,0.273328,0.257475,0.665521,0.419877,0.535499,0.517649,0.483685,0.630119,0.000000,0.220993,0.217127,0.348278,0.503619,0.281554,0.178156,0.129961,0.272098,0.430157,0.461336,0.372573,0.504477,0.662015,0.702072,0.482715,0.470035,0.539388,0.524858,0.420062,0.570933,0.493665,0.535795,0.563399,0.630485,0.590164,0.511108,0.670238,0.605983,0.608275,0.593840,0.630875,0.592996,0.663552,0.197368,0.640839,0.470354,0.656857,0.530512,0.664063,0.706132,0.674147,0.369225,0.581005,0.573631,0.444517,0.496804,0.630853,0.649772,0.657884,0.548644,0.644541,0.557078,0.487057,0.623282,0.460450,0.475928,0.665878,0.642759,0.605748,0.035621,0.627965,0.456963,0.595808,0.198630,0.697512,0.262979,0.477986,0.411970,0.579807,-0.022377,0.623520,0.304571,0.526061,-0.106845,0.589716,0.559638,0.639414,0.637122,0.613699,0.673401,0.595872,-0.076472,0.564194,0.444647,0.569002,0.498285,0.383110,0.118171,0.196276,0.612353,0.641834,0.627221,0.583149,0.655813,0.522171,0.195399
0.225217,0.222816,0.283371,0.229776,0.473901,0.281863,0.333336,0.239157,0.335508,0.286131,0.254336,0.222218,0.321243,0.130761,0.270160,0.195474,0.408041,0.269117,0.200569,0.220993,0.000000,0.677130,0.326222,0.320747,0.381335,0.316983,0.404502,0.226214,0.330971,0.289872,0.354863,0.413595,0.215791,0.194864,0.038982,0.157485,0.383526,0.511299,0.324770,0.391171,0.404782,0.421800,0.304250,0.405777,0.381832,0.314475,0.324376,0.379832,0.230426,0.248769,0.216452,0.299003,0.185941,0.222698,0.210266,0.455359,0.248643,0.202451,0.296886,0.210994,0.176633,0.118133,0.250878,0.178280,0.307364,0.153274,0.203345,0.232812,0.200801,0.329188,0.219493,0.272480,0.344083,0.295128,0.099654,0.187080,0.273179,0.305232,0.095743,0.072717,0.174802,0.419366,0.311235,0.547372,0.358137,0.266813,0.164057,0.321071,0.175507,0.116413,0.214452,0.197358,0.166564,0.059192,0.257262,0.305268,0.158204,0.269086,0.235491,0.242926,0.159592,0.139131,0.220759,0.229778,0.094150,0.073112,0.120336,0.059167,-0.040035,0.171101,0.248753,0.166424,0.235893,0.250323,-0.035512,0.032269
0.241441,0.089750,0.278287,-0.005341,0.432740,0.265324,0.266970,0.106913,0.256815,0.244215,0.247819,0.058033,0.224946,0.184561,0.127829,0.067891,0.411673,0.280728,0.078590,0.217127,0.677130,0.000000,0.104926,0.223458,0.300934,0.192239,0.309538,0.216216,0.303148,0.274899,0.201729,0.319476,0.164212,0.208101,-0.067463,0.073192,0.497567,0.557339,0.455017,0.413112,0.498171,0.547634,0.237248,0.450852,0.391808,0.318306,0.291977,0.314070,0.287667,0.183533,0.315401,0.286261,0.249084,0.011567,0.308546,0.357755,0.179703,0.055250,0.283309,0.195400,0.199250,-0.030702,0.208147,0.112761,0.161062,0.039469,0.176464,0.241952,0.105853,0.238503,0.207321,0.183354,0.355990,0.351359,0.192574,0.295904,0.364812,0.327596,0.232689,-0.133159,0.265666,0.271363,0.418005,0.437291,0.399737,0.066160,0.240046,0.186325,0.316876,-0.120465,0.208910,0.002289,0.068433,-0.179402,0.286669,0.315025,0.251513,0.339611,0.216631,0.312826,0.295500,-0.069394,0.347243,0.222656,0.182481,0.002622,0.226498,0.032721,0.161718,0.231964,0.236281,0.179697,0.230800,0.314219,0.055207,0.119189
0.295303,0.614042,0.378006,0.676629,0.369602,0.379271,0.495657,0.625268,0.478266,0.456117,0.314800,0.552460,0.468962,0.214987,0.528518,0.529921,0.381005,0.298598,0.441134,0.348278,0.326222,0.104926,0.000000,0.637382,0.483758,0.532878,0.398565,0.310012,0.477542,0.466462,0.630109,0.597406,0.444662,0.351376,0.490882,0.466927,0.123265,0.330291,0.039546,0.312341,0.119099,0.119690,0.381533,0.298505,0.338527,0.377804,0.369253,0.421221,0.175189,0.408694,0.060171,0.345659,0.118206,0.568078,0.149167,0.579989,0.481611,0.602948,0.410109,0.367780,0.302001,0.586143,0.464807,0.512381,0.655657,0.535296,0.443687,0.398056,0.419028,0.489789,0.344535,0.482569,0.293533,0.272988,0.024808,-0.022675,0.133237,0.370035,0.018151,0.491631,0.054505,0.593603,0.079937,0.425173,0.251903,0.614115,0.110139,0.491692,-0.013604,0.505637,0.283826,0.588403,0.454210,0.467621,0.294092,0.320780,0.178137,0.229373,0.353700,0.245905,0.093125,0.525195,0.151476,0.426188,0.123445,0.484359,0.137128,0.343201,-0.047657,0.139889,0.391210,0.318229,0.379022,0.250638,0.188434,0.038359
0.467808,0.539630,0.648876,0.423300,0.558947,0.524346,0.608130,0.568269,0.602933,0.656328,0.441635,0.390150,0.471933,0.392240,0.539068,0.504383,0.383922,0.406938,0.389612,0.503619,0.320747,0.223458,0.637382,0.000000,0.507510,0.561892,0.473074,0.452540,0.509751,0.482006,0.589890,0.726607,0.556942,0.553394,0.627510,0.644907,0.452276,0.527011,0.389873,0.549954,0.394666,0.412676,0.368781,0.458587,0.415021,0.327686,0.464745,0.455494,0.340402,0.412522,0.326713,0.425894,0.338213,0.241025,0.443507,0.596238,0.532442,0.454269,0.552516,0.449028,0.473761,0.471130,0.462811,0.508048,0.605516,0.579710,0.626930,0.627023,0.448523,0.587424,0.513121,0.532852,0.494454,0.529562,0.288105,0.246878,0.440430,0.600145,0.270295,0.154721,0.302239,0.455806,0.364987,0.259277,0.416292,0.321558,0.438436,0.468161,0.345001,0.158264,0.434002,0.347417,0.413321,0.061116,0.533167,0.452579,0.432578,0.476185,0.452880,0.474413,0.446512,0.192445,0.503931,0.523868,0.427365,0.487756,0.438744,0.379147,0.136760,0.380225,0.504897,0.400760,0.456491,0.469628,0.328601,0.100574
0.189564,0.267736,0.306090,0.354399,0.554188,0.524814,0.458228,0.322940,0.529488,0.412378,0.120824,0.238256,0.406013,0.153760,0.519469,0.337801,0.308072,0.307054,0.153951,0.281554,0.381335,0.300934,0.483758,0.507510,0.000000,0.694649,0.612116,0.576057,0.466384,0.399843,0.505262,0.589545,0.317587,0.313667,0.357941,0.425087,0.229577,0.385215,0.150809,0.315276,0.417940,0.340452,0.246128,0.291870,0.239891,0.342355,0.236033,0.281364,0.169857,0.238503,0.153984,0.329893,0.134367,0.232755,0.160342,0.482197,0.296914,0.284385,0.305843,0.221171,0.243339,0.171796,0.301818,0.334430,0.450710,0.326156,0.412262,0.415849,0.151843,0.361430,0.188055,0.397845,0.328813,0.284883,-0.030770,0.288303,0.264584,0.389540,0.070996,0.057084,0.112709,0.425526,0.131055,0.230735,0.223075,0.289406,0.130236,0.311473,0.168637,0.181750,0.142706,0.217549,0.162175,0.121135,0.312438,0.267458,0.182192,0.283171,0.195231,0.262981,0.186475,0.241750,0.257231,0.414858,0.123498,0.274080,0.203830,0.311219,-0.036377,0.194101,0.255105,0.245118,0.301213,0.231051,-0.018460,-0.015663
0.078343,0.267511,0.274385,0.500635,0.544613,0.603214,0.469610,0.300312,0.614081,0.412441,0.033483,0.222839,0.434434,-0.013653,0.473667,0.205866,0.166563,0.179785,0.113897,0.178156,0.316983,0.192239,0.532878,0.561892,0.694649,0.000000,0.637826,0.604537,0.456940,0.352262,0.504138,0.596276,0.239826,0.202763,0.414601,0.463733,0.124897,0.305726,0.078345,0.222874,0.254230,0.216429,0.124934,0.154073,0.099234,0.190846,0.136897,0.200484,0.001695,0.158152,-0.019355,0.212313,-0.023000,0.250000,0.050158,0.486233,0.193566,0.296093,0.263121,0.131640,0.126549,0.208337,0.171978,0.274672,0.426043,0.304068,0.364374,0.363933,0.083760,0.380432,0.126335,0.383828,0.243621,0.188373,-0.124185,0.151174,0.119175,0.297972,-0.113140,0.120105,-0.085664,0.329523,-0.035905,0.166604,0.063169,0.270732,0.045961,0.219524,0.034139,0.247981,0.052681,0.244120,0.082332,0.201281,0.237544,0.188069,0.065249,0.173992,0.102815,0.159248,0.113800,0.361187,0.226200,0.484289,0.014608,0.237057,0.200777,0.448741,-0.060152,0.060680,0.191209,0.130440,0.237994,0.135584,-0.048835,-0.073423
0.087383,0.191217,0.310500,0.349838,0.550041,0.555339,0.402968,0.212899,0.591882,0.435681,0.074551,0.242278,0.484699,-0.009126,0.513621,0.194648,0.138759,0.196552,0.047911,0.129961,0.404502,0.309538,0.398565,0.473074,0.612116,0.637826,0.000000,0.598846,0.357134,0.260625,0.426371,0.471664,0.221911,0.165084,0.285948,0.361513,0.201867,0.299405,0.159734,0.249562,0.289739,0.229001,0.093875,0.164442,0.080576,0.125516,0.115570,0.145676,-0.005954,0.056723,0.007123,0.152932,0.002174,0.101074,0.084209,0.404754,0.174339,0.142148,0.217026,0.098318,0.142165,0.163347,0.157863,0.210697,0.337287,0.228147,0.269016,0.281336,0.072653,0.353421,0.131108,0.267975,0.308790,0.228627,0.009651,0.109844,0.180191,0.290514,-0.052653,0.027980,-0.007071,0.229388,0.088861,0.188494,0.103669,0.142215,0.180611,0.202180,0.131184,0.132408,0.079636,0.118527,0.058022,0.068887,0.230550,0.165698,0.057249,0.144901,0.103570,0.150409,0.150645,0.220621,0.258448,0.344195,0.067328,0.108852,0.233395,0.335766,-0.080450,0.010253,0.152208,0.063114,0.161835,0.078516,-0.111585,-0.051707
0.180632,0.188597,0.340809,0.264351,0.523031,0.549186,0.470983,0.255275,0.567916,0.420910,0.134993,0.136759,0.394525,0.112912,0.492884,0.220866,0.184784,0.147183,0.143125,0.272098,0.226214,0.216216,0.310012,0.452540,0.576057,0.604537,0.598846,0.000000,0.422263,0.272437,0.335731,0.459829,0.246620,0.261192,0.378103,0.387979,0.243302,0.321857,0.206666,0.293108,0.346747,0.351633,0.165657,0.208029,0.111665,0.170761,0.181158,0.196590,0.071558,0.110920,0.108922,0.239419,0.128964,0.080695,0.183598,0.366670,0.195878,0.188855,0.262102,0.196566,0.222420,0.099978,0.155517,0.228482,0.248708,0.233638,0.360321,0.384591,0.109360,0.386787,0.174077,0.386201,0.329525,0.277549,0.003486,0.335512,0.284726,0.353432,0.114086,-0.081645,0.092747,0.201346,0.152405,0.090540,0.190043,0.100543,0.166875,0.170982,0.254439,0.077813,0.141999,0.124525,0.078875,-0.011901,0.328801,0.279413,0.184906,0.275414,0.149066,0.267581,0.268057,0.144250,0.339895,0.447857,0.125655,0.177849,0.303521,0.387767,0.059096,0.179898,0.240958,0.213163,0.281668,0.189299,0.083326,0.005157
0.375816,0.483130,0.415746,0.377299,0.440888,0.534232,0.627054,0.489232,0.525533,0.423919,0.386438,0.499487,0.603725,0.270822,0.509052,0.377126,0.542267,0.354505,0.399155,0.430157,0.330971,0.303148,0.477542,0.509751,0.466384,0.456940,0.357134,0.422263,0.000000,0.600276,0.583927,0.553866,0.518917,0.458179,0.395638,0.317713,0.281324,0.416197,0.220934,0.445913,0.332900,0.427525,0.398653,0.445258,0.393723,0.377317,0.378561,0.410494,0.303910,0.334935,0.221156,0.415494,0.237668,0.323599,0.300482,0.492546,0.471543,0.441561,0.486314,0.409143,0.420149,0.421190,0.515078,0.611082,0.445855,0.253273,0.431522,0.445992,0.266747,0.451350,0.312488,0.494627,0.496489,0.436184,0.095638,0.292573,0.300641,0.477970,0.233709,0.225445,0.220288,0.457566,0.277326,0.298382,0.338335,0.331804,0.149011,0.227863,0.241768,0.246700,0.214719,0.288903,0.195981,0.119061,0.463145,0.398212,0.287068,0.373173,0.299224,0.364369,0.344891,0.344136,0.392814,0.551625,0.283717,0.389024,0.339260,0.434489,0.176406,0.257378,0.396350,0.375164,0.386201,0.344809,0.332659,0.180423
0.485058,0.561070,0.413738,0.257300,0.442283,0.481877,0.420360,0.500370,0.429765,0.506780,0.495575,0.375973,0.298321,0.423302,0.327881,0.471019,0.600064,0.653041,0.305332,0.461336,0.289872,0.274899,0.466462,0.482006,0.399843,0.352262,0.260625,0.272437,0.600276,0.000000,0.623183,0.545395,0.519456,0.506256,0.318110,0.364749,0.322581,0.475270,0.280942,0.488948,0.394055,0.389389,0.266480,0.480958,0.378740,0.397357,0.377513,0.355522,0.346309,0.378567,0.312467,0.320059,0.263984,0.175579,0.394039,0.460733,0.513382,0.426253,0.535616,0.488999,0.485308,0.450375,0.632178,0.607624,0.413276,0.302108,0.407459,0.469229,0.368630,0.335950,0.493485,0.350804,0.357057,0.516797,0.361565,0.144514,0.367153,0.472390,0.342491,0.230046,0.331968,0.488426,0.363638,0.200940,0.381045,0.277546,0.277927,0.197665,0.257575,0.031028,0.309201,0.189432,0.252689,-0.041979,0.422982,0.347019,0.446373,0.469140,0.403406,0.480283,0.456034,0.142017,0.493385,0.561123,0.385995,0.364398,0.427717,0.302950,0.278426,0.344827,0.440076,0.390331,0.358106,0.454126,0.324633,0.241407
0.399133,0.574520,0.433156,0.451061,0.452703,0.515196,0.518280,0.547432,0.506437,0.510848,0.402973,0.559422,0.523147,0.287725,0.473081,0.497422,0.466773,0.491571,0.369505,0.372573,0.354863,0.201729,0.630109,0.589890,0.505262,0.504138,0.426371,0.335731,0.583927,0.623183,0.000000,0.656303,0.561484,0.472162,0.439057,0.434864,0.262819,0.417842,0.192038,0.422288,0.318562,0.267537,0.345223,0.404292,0.360253,0.370001,0.366289,0.367404,0.285493,0.348946,0.177870,0.337173,0.193883,0.322059,0.264537,0.507532,0.532627,0.459992,0.484836,0.404023,0.429609,0.532835,0.583487,0.611887,0.542508,0.382085,0.446915,0.448250,0.354102,0.412638,0.440825,0.436081,0.434554,0.462660,0.199566,0.083199,0.293313,0.480754,0.181734,0.355231,0.206424,0.532556,0.227324,0.306892,0.306186,0.409956,0.220605,0.319565,0.167605,0.268790,0.270661,0.333327,0.311673,0.171562,0.400507,0.343884,0.301472,0.351372,0.354670,0.348525,0.295146,0.331941,0.340565,0.465370,0.295720,0.400328,0.264775,0.306852,0.080217,0.260196,0.405591,0.329262,0.338710,0.311649,0.199559,0.172417
0.480968,0.521613,0.591621,0.383109,0.581541,0.572896,0.613379,0.559938,0.598338,0.634228,0.432252,0.376422,0.449634,0.393936,0.519135,0.511334,0.469352,0.469830,0.380797,0.504477,0.413595,0.319476,0.597406,0.726607,0.589545,0.596276,0.471664,0.459829,0.553866,0.545395,0.656303,0.000000,0.579060,0.594268,0.575545,0.628592,0.472910,0.579879,0.395401,0.568901,0.487541,0.475299,0.435546,0.539917,0.491537,0.444340,0.497158,0.486270,0.420868,0.458802,0.373862,0.479757,0.358483,0.245180,0.439190,0.615414,0.527783,0.438639,0.584252,0.469742,0.483065,0.420518,0.502839,0.530510,0.608786,0.529470,0.638010,0.643916,0.413027,0.540758,0.511694,0.548102,0.506676,0.542452,0.270104,0.303022,0.470902,0.626416,0.289630,0.169041,0.345699,0.559043,0.375856,0.330658,0.455363,0.360770,0.385826,0.448364,0.346211,0.140057,0.405154,0.330558,0.385135,0.051791,0.513736,0.432742,0.438848,0.502734,0.436844,0.486437,0.432859,0.189558,0.481548,0.520934,0.401690,0.463960,0.383148,0.311231,0.119978,0.416257,0.497175,0.423689,0.491932,0.496605,0.284071,0.114249
0.690808,0.635551,0.641895,0.182535,0.441643,0.411833,0.633744,0.613808,0.444758,0.571449,0.616039,0.482065,0.433552,0.613723,0.484732,0.591633,0.499948,0.525620,0.587634,0.662015,0.215791,0.164212,0.444662,0.556942,0.317587,0.239826,0.221911,0.246620,0.518917,0.519456,0.561484,0.579060,0.000000,0.758146,0.579327,0.528567,0.500409,0.482607,0.374242,0.567745,0.436163,0.463380,0.567554,0.603522,0.592237,0.492764,0.628459,0.567409,0.593345,0.547462,0.547608,0.556949,0.567370,0.226461,0.565397,0.484422,0.701610,0.517065,0.680693,0.669407,0.704935,0.525987,0.658782,0.702814,0.570894,0.532935,0.673463,0.653714,0.599951,0.519181,0.662029,0.562911,0.580808,0.653386,0.425557,0.362875,0.592099,0.673974,0.525917,0.205533,0.578780,0.488097,0.521307,0.219460,0.600745,0.306874,0.443874,0.368848,0.501577,0.060835,0.542027,0.313307,0.505908,-0.029187,0.575535,0.495541,0.558179,0.563663,0.569556,0.588775,0.535717,0.049812,0.515434,0.401143,0.568164,0.520195,0.390765,0.146826,0.198406,0.532825,0.603343,0.566274,0.552031,0.562697,0.457932,0.238814
0.723749,0.561254,0.677047,0.065665,0.440358,0.365207,0.591020,0.584021,0.395778,0.601330,0.626060,0.340384,0.302890,0.689367,0.411461,0.585056,0.505361,0.551029,0.516671,0.702072,0.194864,0.208101,0.351376,0.553394,0.313667,0.202763,0.165084,0.261192,0.458179,0.506256,0.472162,0.594268,0.758146,0.000000,0.572774,0.558143,0.601817,0.560444,0.499101,0.647942,0.545546,0.559964,0.561518,0.667822,0.630227,0.525650,0.657612,0.575013,0.660251,0.563264,0.653241,0.587301,0.645359,0.119657,0.675010,0.478340,0.670531,0.449797,0.695871,0.688219,0.728127,0.444596,0.624365,0.631311,0.518541,0.546138,0.715908,0.723131,0.579821,0.485427,0.685078,0.544004,0.568902,0.689257,0.520519,0.463017,0.681201,0.717422,0.628469,0.054598,0.666731,0.454567,0.613621,0.177210,0.658040,0.229218,0.543101,0.406406,0.604872,-0.065383,0.597495,0.234382,0.510157,-0.171273,0.633385,0.533828,0.669904,0.668018,0.606740,0.671923,0.636327,-0.095062,0.597469,0.414289,0.656857,0.539062,0.458183,0.106103,0.289274,0.641968,0.638073,0.619699,0.597059,0.671447,0.529077,0.293884
0.453676,0.489129,0.563386,0.356567,0.365512,0.381793,0.560364,0.554635,0.451414,0.544428,0.348549,0.352727,0.378686,0.393848,0.470601,0.483908,0.179231,0.231028,0.386514,0.482715,0.038982,-0.067463,0.490882,0.627510,0.357941,0.414601,0.285948,0.378103,0.395638,0.318110,0.439057,0.575545,0.579327,0.572774,0.000000,0.718485,0.350082,0.356052,0.264598,0.441994,0.261882,0.290406,0.435890,0.386358,0.388518,0.296864,0.486057,0.460784,0.334888,0.423859,0.325215,0.416947,0.357612,0.246198,0.415633,0.507813,0.491193,0.429003,0.538362,0.477682,0.510638,0.472050,0.360721,0.484685,0.535385,0.601497,0.700429,0.657431,0.432878,0.521139,0.514301,0.572280,0.422843,0.449064,0.241929,0.279733,0.416807,0.567950,0.290143,0.154541,0.307414,0.316209,0.264537,0.065510,0.316409,0.285673,0.344497,0.364001,0.324091,0.166233,0.430696,0.351199,0.459292,0.109343,0.505343,0.402817,0.428023,0.430820,0.461597,0.428555,0.401415,0.205714,0.407370,0.436415,0.427823,0.561693,0.352092,0.356673,0.122934,0.411354,0.529204,0.466427,0.519846,0.463848,0.392528,0.058112
0.471596,0.463312,0.598386,0.324052,0.456607,0.454269,0.505869,0.519887,0.495305,0.620874,0.362379,0.251523,0.303587,0.401904,0.419227,0.462078,0.206248,0.339335,0.298210,0.470035,0.157485,0.073192,0.466927,0.644907,0.425087,0.463733,0.361513,0.387979,0.317713,0.364749,0.434864,0.628592,0.528567,0.558143,0.718485,0.000000,0.444668,0.454389,0.351739,0.480502,0.347709,0.345004,0.385027,0.425728,0.409609,0.319770,0.506373,0.475043,0.363465,0.455167,0.382738,0.417768,0.375516,0.160830,0.475028,0.580086,0.455875,0.364192,0.580706,0.483642,0.493316,0.422912,0.359527,0.408075,0.557886,0.622994,0.684908,0.690116,0.449660,0.521580,0.553045,0.505940,0.412516,0.503953,0.327435,0.273368,0.467861,0.599894,0.274858,0.065010,0.329775,0.347698,0.314220,0.088624,0.358797,0.244916,0.419888,0.355182,0.361253,0.050584,0.496323,0.318898,0.464562,0.030599,0.484072,0.393911,0.477835,0.478566,0.514086,0.497462,0.451992,0.109345,0.486939,0.463850,0.438543,0.488595,0.399898,0.322257,0.096518,0.428013,0.544613,0.443448,0.527478,0.507549,0.294069,0.011629
0.614206,0.291196,0.675725,-0.126565,0.494368,0.295989,0.453883,0.325343,0.328444,0.540150,0.546330,0.077157,0.224497,0.568131,0.261558,0.331324,0.424781,0.459314,0.277423,0.539388,0.383526,0.497567,0.123265,0.452276,0.229577,0.124897,0.201867,0.243302,0.281324,0.322581,0.262819,0.472910,0.500409,0.601817,0.350082,0.444668,0.000000,0.706002,0.745604,0.699334,0.657587,0.685722,0.437223,0.652312,0.588305,0.401383,0.598265,0.528437,0.611269,0.426954,0.684291,0.520531,0.650604,-0.118940,0.728600,0.435530,0.478854,0.168252,0.581711,0.517525,0.575675,0.160354,0.384875,0.320701,0.319155,0.396141,0.575106,0.626988,0.425327,0.455555,0.604455,0.398321,0.550783,0.650142,0.577624,0.498850,0.726106,0.662277,0.619898,-0.249988,0.655598,0.249695,0.730290,0.216898,0.660532,-0.011721,0.674733,0.373404,0.718458,-0.287572,0.613219,0.054356,0.389889,-0.386438,0.624297,0.577200,0.675116,0.690185,0.577777,0.673787,0.693513,-0.307890,0.678515,0.324793,0.657634,0.348218,0.511508,0.038606,0.371020,0.641284,0.585755,0.516243,0.523226,0.652315,0.434426,0.286668
0.557025,0.392653,0.596611,0.118219,0.560732,0.369837,0.505463,0.429560,0.435273,0.539030,0.506670,0.162084,0.249992,0.483673,0.306198,0.374404,0.515133,0.483786,0.289125,0.524858,0.511299,0.557339,0.330291,0.527011,0.385215,0.305726,0.299405,0.321857,0.416197,0.475270,0.417842,0.579879,0.482607,0.560444,0.356052,0.454389,0.706002,0.000000,0.638231,0.712450,0.653171,0.666292,0.438802,0.648149,0.578099,0.495677,0.580388,0.563544,0.519213,0.465388,0.556696,0.530823,0.521123,0.108074,0.621579,0.582110,0.487880,0.329646,0.591600,0.529773,0.519851,0.261035,0.442872,0.378737,0.407415,0.416452,0.571706,0.617586,0.407315,0.489949,0.554522,0.509910,0.457665,0.572900,0.436381,0.437605,0.625386,0.646160,0.469639,-0.069030,0.510246,0.446949,0.602216,0.398561,0.601027,0.228652,0.507811,0.439706,0.545719,-0.052459,0.543775,0.211372,0.381588,-0.170852,0.632974,0.614207,0.628470,0.685081,0.574636,0.649989,0.593539,-0.039839,0.619763,0.511903,0.519875,0.423444,0.470681,0.218922,0.350286,0.595235,0.611873,0.539972,0.540218,0.647721,0.370967,0.264531
