0.000000 -0.204939 0.512355 -0.302616 0.493179 0.460744 0.165005 -0.184250 0.558060 0.526030 0.687961 0.385669 0.390008 0.324237 0.507926 0.436927 -0.294801 0.076395 0.200294 0.526813 0.049095 0.424349 -0.145507 0.057597 0.383647 0.463482 0.492820 0.471751 0.090871 0.138949 0.401532 0.161317 0.005150 0.060750 -0.248048 -0.184412 -0.313175 0.470002 0.412533 0.530911 -0.027655 0.416403 -0.340199 -0.316648 -0.269912 -0.248746 0.050845 -0.267210 -0.274752 -0.194127 -0.178834 -0.345585 0.609459 -0.453868 0.579032 -0.235824 -0.089198 -0.330460 -0.325407 -0.238281 0.100780 -0.237702 0.044530 -0.187319 -0.346687 -0.095267 -0.245498 -0.132340 -0.027687 -0.082179 0.550105 0.489877 0.271440 0.248048 0.472448 0.446868 0.449907 0.354898 0.278627 -0.212843 0.482577 -0.175791 0.055773 0.460158 0.574702 -0.411089 0.505924 0.494932 0.590876 -0.222411 0.286858 -0.344975 -0.386012 -0.424992 0.408109 0.259409 0.498695 0.473957 0.503221 0.544114 0.541391 -0.271822 0.538621 0.528239 -0.062306 0.078149 0.516399 0.473865 -0.029112 0.295145 0.455189 0.171353 0.473591 0.487789 -0.050164 -0.137175
-0.204939 0.000000 -0.501924 0.815974 -0.837773 -0.808242 0.389582 0.693415 -0.825739 -0.764995 -0.262431 -0.060651 0.376730 -0.137744 -0.798252 -0.797021 0.715615 0.308002 0.601985 0.072895 -0.434028 -0.768273 0.287409 -0.319657 -0.810258 -0.834681 -0.825790 -0.807288 -0.022299 -0.359438 -0.672196 -0.419412 0.503810 0.366030 -0.021846 0.055686 0.478571 -0.654462 -0.781085 -0.739939 0.451667 -0.613814 0.780458 0.703621 0.687899 0.693828 0.334989 0.754465 0.788723 0.718005 0.762628 0.824468 -0.165890 0.855917 -0.670748 0.694421 0.890151 0.929296 0.875759 0.848983 0.777220 0.776043 0.381464 0.695041 0.537386 0.339817 0.530276 0.144075 0.826377 0.759868 -0.767767 -0.752561 -0.491469 -0.285611 -0.722336 -0.768499 -0.478212 -0.481946 -0.435635 0.643837 -0.591389 0.468916 -0.153793 -0.707775 -0.604996 0.776393 -0.822554 -0.820598 -0.802273 0.656928 -0.113880 0.752439 0.771414 0.827183 -0.585385 -0.114050 -0.669828 -0.547601 -0.505419 -0.694139 -0.704054 0.723832 -0.803282 -0.779790 0.444542 0.166387 -0.678400 -0.831769 0.017870 -0.148870 -0.421894 -0.104320 -0.720058 -0.773938 0.364258 0.515702
0.512355 -0.501924 0.000000 -0.300088 0.654757 0.590592 0.298024 -0.379439 0.672808 0.597891 0.334346 -0.005204 0.216156 0.134420 0.705679 0.598374 -0.464613 -0.156696 -0.002798 0.342207 0.255848 0.545379 0.375510 0.728708 0.538173 0.618808 0.592736 0.533579 -0.001489 0.191397 0.708283 0.585744 0.080957 0.077116 0.217584 0.026039 -0.265880 0.670072 0.611794 0.657453 -0.147036 0.536991 -0.448394 -0.391805 -0.282664 -0.339307 -0.061412 -0.402470 -0.454093 -0.369073 -0.342316 -0.516297 0.458225 -0.569124 0.593466 -0.366611 -0.342892 -0.523475 -0.517428 -0.527014 -0.364947 -0.594009 -0.248939 -0.490300 -0.069670 -0.148250 -0.065434 0.065692 -0.292671 -0.239603 0.697162 0.608769 0.397825 0.412351 0.576126 0.469812 0.599194 0.482847 0.439110 -0.241159 0.530383 -0.248799 0.104992 0.554600 0.717106 -0.474441 0.660413 0.677713 0.676462 -0.328649 0.301807 -0.310307 -0.495396 -0.475251 0.472270 0.277993 0.598198 0.511320 0.473754 0.627205 0.578664 -0.388691 0.630038 0.591889 -0.099858 0.173096 0.566202 0.563513 0.011220 0.194199 0.458242 0.277151 0.540969 0.595264 -0.070970 -0.300292
-0.302616 0.815974 -0.300088 0.000000 -0.790868 -0.791512 0.543281 0.788437 -0.787501 -0.743122 -0.398494 -0.186896 0.384622 -0.095891 -0.721608 -0.754988 0.646639 0.167241 0.476885 -0.011094 -0.358457 -0.736749 0.519011 0.011353 -0.794806 -0.801172 -0.817262 -0.822873 -0.084119 -0.327484 -0.598126 -0.247922 0.582927 0.472615 0.196962 0.262819 0.550518 -0.511049 -0.699733 -0.667095 0.459449 -0.537223 0.793661 0.738836 0.767119 0.729489 0.399075 0.774087 0.759481 0.681061 0.776584 0.780496 -0.093883 0.841301 -0.643086 0.698077 0.805845 0.843281 0.835928 0.749814 0.681016 0.728026 0.292755 0.599114 0.741446 0.529252 0.658081 0.336870 0.746592 0.704676 -0.714642 -0.738171 -0.455668 -0.239976 -0.670078 -0.770044 -0.387528 -0.409382 -0.387252 0.669964 -0.496205 0.528988 -0.079011 -0.646871 -0.433663 0.808483 -0.781481 -0.757576 -0.744120 0.654497 0.116275 0.837497 0.854288 0.854810 -0.529904 -0.049776 -0.590920 -0.488644 -0.468827 -0.614843 -0.626573 0.748029 -0.748860 -0.751254 0.535031 0.281255 -0.656259 -0.809020 0.066773 -0.116675 -0.325360 -0.074264 -0.684748 -0.720516 0.444879 0.519789
0.493179 -0.837773 0.654757 -0.790868 0.000000 0.927559 -0.305315 -0.623799 0.941754 0.915031 0.456315 0.235538 -0.258245 0.277412 0.878555 0.894345 -0.691459 -0.165326 -0.363329 0.267519 0.434017 0.858844 -0.283004 0.351753 0.856091 0.924142 0.932769 0.898840 0.075181 0.385434 0.797570 0.530396 -0.414301 -0.239217 -0.014293 -0.068356 -0.516619 0.745086 0.857858 0.864041 -0.428272 0.718002 -0.811579 -0.741600 -0.658252 -0.692386 -0.297717 -0.749301 -0.768636 -0.677006 -0.758740 -0.838304 0.345219 -0.921974 0.813276 -0.679901 -0.776467 -0.891932 -0.884159 -0.786967 -0.672184 -0.752863 -0.286407 -0.624925 -0.622298 -0.271664 -0.515310 -0.116512 -0.700483 -0.671696 0.897813 0.852872 0.507094 0.367101 0.784545 0.806210 0.608565 0.574586 0.500678 -0.622375 0.688834 -0.472348 0.151666 0.820001 0.707512 -0.801092 0.922745 0.927634 0.921641 -0.587478 0.182842 -0.806378 -0.829497 -0.901573 0.676630 0.211182 0.747849 0.653894 0.625358 0.788431 0.805448 -0.758265 0.892940 0.867370 -0.448257 -0.165545 0.785286 0.906084 -0.025563 0.232028 0.501918 0.216813 0.822258 0.850424 -0.375384 -0.530036
0.460744 -0.808242 0.590592 -0.791512 0.927559 0.000000 -0.389721 -0.595570 0.921868 0.929420 0.441671 0.252565 -0.320466 0.329051 0.831922 0.902683 -0.638418 -0.110059 -0.341112 0.285810 0.372233 0.824067 -0.315599 0.317682 0.884973 0.932075 0.934424 0.916432 0.157348 0.388249 0.814452 0.573240 -0.362500 -0.176605 -0.003854 -0.029861 -0.565771 0.725515 0.825319 0.855397 -0.450147 0.688014 -0.832919 -0.757453 -0.690383 -0.679965 -0.336659 -0.776161 -0.779035 -0.652481 -0.773630 -0.831218 0.292873 -0.922096 0.776323 -0.694596 -0.772006 -0.875316 -0.899015 -0.788998 -0.673885 -0.705683 -0.255571 -0.590740 -0.624735 -0.212106 -0.497453 -0.092023 -0.685664 -0.662924 0.889429 0.879601 0.521502 0.396997 0.790894 0.834387 0.573690 0.581477 0.520917 -0.637043 0.661723 -0.481126 0.060914 0.746061 0.668706 -0.785046 0.914525 0.913779 0.895659 -0.594981 0.193250 -0.829245 -0.826187 -0.904029 0.640445 0.168325 0.753007 0.640614 0.635764 0.768959 0.801461 -0.754132 0.887315 0.891829 -0.403475 -0.122542 0.769195 0.881442 -0.051111 0.183523 0.472647 0.223877 0.834279 0.869927 -0.368079 -0.562623
0.165005 0.389582 0.298024 0.543281 -0.305315 -0.389721 0.000000 0.447323 -0.282482 -0.331553 0.091817 0.053600 0.749088 0.076613 -0.141498 -0.356453 0.250913 0.156381 0.438566 0.199336 -0.124401 -0.318980 0.602443 0.302596 -0.446023 -0.380375 -0.394457 -0.410623 0.034112 -0.072512 -0.115008 0.030859 0.574864 0.423312 0.130004 0.114126 0.409198 -0.100451 -0.184974 -0.194533 0.498604 -0.187218 0.502537 0.517521 0.526946 0.477042 0.501317 0.562715 0.517442 0.487393 0.631815 0.466197 0.386305 0.438715 -0.076719 0.481721 0.481530 0.420061 0.491434 0.437855 0.531428 0.317498 0.301217 0.335609 0.561692 0.188665 0.562364 0.349069 0.347596 0.387431 -0.239991 -0.305836 -0.022052 0.112446 -0.192431 -0.401763 0.117999 0.006559 -0.121794 0.529359 -0.104929 0.400423 0.110316 -0.184374 0.083032 0.469601 -0.291199 -0.270436 -0.236931 0.480859 0.266726 0.606687 0.439493 0.498290 -0.126727 0.185042 -0.079517 0.019583 0.032973 -0.020601 -0.123780 0.576452 -0.214190 -0.268993 0.395743 0.411142 -0.222981 -0.318137 0.081951 0.068601 0.190073 0.260180 -0.225788 -0.224366 0.425837 0.250749
-0.184250 0.693415 -0.379439 0.788437 -0.623799 -0.595570 0.447323 0.000000 -0.635223 -0.539155 -0.174736 0.165117 0.283770 0.255692 -0.623689 -0.605178 0.577337 0.308368 0.466314 0.157787 -0.299213 -0.588990 0.167336 -0.146097 -0.654664 -0.648775 -0.651612 -0.646501 0.144432 -0.112467 -0.497367 -0.114218 0.544597 0.614551 0.136990 0.398733 0.466764 -0.446120 -0.533104 -0.518868 0.429917 -0.451383 0.676924 0.674978 0.679711 0.649112 0.433009 0.720312 0.738288 0.675571 0.705867 0.708555 0.062559 0.697202 -0.427907 0.651387 0.644493 0.680658 0.713578 0.724430 0.672633 0.828253 0.538732 0.737870 0.560147 0.667796 0.603399 0.491429 0.521516 0.450031 -0.586675 -0.578454 -0.319650 -0.128008 -0.486794 -0.623782 -0.267591 -0.240828 -0.349802 0.560903 -0.356980 0.529581 -0.038473 -0.484405 -0.315967 0.743818 -0.636796 -0.628122 -0.581856 0.663727 0.301114 0.652852 0.776068 0.664562 -0.356919 0.017221 -0.398918 -0.264801 -0.205463 -0.394776 -0.351291 0.693976 -0.531219 -0.535923 0.505252 0.268777 -0.495874 -0.621177 0.107272 0.023851 -0.136137 0.042381 -0.456588 -0.518673 0.415703 0.418656
0.558060 -0.825739 0.672808 -0.787501 0.941754 0.921868 -0.282482 -0.635223 0.000000 0.924365 0.522736 0.262957 -0.177232 0.290089 0.890705 0.901998 -0.691650 -0.154928 -0.367641 0.260811 0.384235 0.828914 -0.265267 0.355764 0.863763 0.927228 0.932928 0.905634 0.057825 0.356214 0.809779 0.527735 -0.387501 -0.228679 -0.039561 -0.094132 -0.561044 0.736128 0.843789 0.873721 -0.419203 0.693072 -0.822504 -0.746716 -0.681086 -0.675711 -0.296306 -0.759866 -0.775074 -0.670008 -0.742194 -0.844075 0.367384 -0.922728 0.813950 -0.694795 -0.758560 -0.888428 -0.885384 -0.790240 -0.622728 -0.736135 -0.287315 -0.621963 -0.605179 -0.251794 -0.527517 -0.142516 -0.667855 -0.644394 0.904125 0.861897 0.517521 0.364615 0.801143 0.818440 0.611270 0.583172 0.511439 -0.608822 0.700314 -0.478104 0.094559 0.783137 0.722708 -0.812760 0.936133 0.934719 0.929324 -0.592866 0.212123 -0.791295 -0.824802 -0.888963 0.648458 0.193612 0.761055 0.647947 0.638209 0.809200 0.815897 -0.745487 0.906199 0.887066 -0.419440 -0.107699 0.796600 0.909920 -0.071048 0.215990 0.534776 0.227676 0.839109 0.864223 -0.371051 -0.514270
0.526030 -0.764995 0.597891 -0.743122 0.915031 0.929420 -0.331553 -0.539155 0.924365 0.000000 0.504345 0.334035 -0.236971 0.374490 0.832940 0.901903 -0.628943 -0.079821 -0.345660 0.315072 0.361644 0.803109 -0.308545 0.313139 0.841974 0.909353 0.920221 0.896874 0.133656 0.380083 0.802986 0.563276 -0.363420 -0.177542 -0.058442 -0.059539 -0.551913 0.703557 0.823845 0.868258 -0.429665 0.680340 -0.805778 -0.725708 -0.656223 -0.639116 -0.292312 -0.733346 -0.739677 -0.626968 -0.721711 -0.800847 0.344368 -0.894944 0.791395 -0.652982 -0.742287 -0.848110 -0.866069 -0.743306 -0.591449 -0.644624 -0.221623 -0.527021 -0.614859 -0.145711 -0.512434 -0.089658 -0.650500 -0.633210 0.871326 0.842450 0.496071 0.365747 0.768035 0.804797 0.580758 0.576867 0.506404 -0.584582 0.670940 -0.442688 0.068673 0.738896 0.677785 -0.752059 0.905644 0.909481 0.891830 -0.526327 0.234035 -0.805357 -0.783624 -0.877822 0.612734 0.167650 0.734003 0.649617 0.640313 0.770623 0.801416 -0.726592 0.877840 0.872956 -0.401477 -0.117787 0.753205 0.878070 -0.067911 0.200232 0.508207 0.237335 0.836282 0.853708 -0.378650 -0.533622
0.687961 -0.262431 0.334346 -0.398494 0.456315 0.441671 0.091817 -0.174736 0.522736 0.504345 0.000000 0.573910 0.339823 0.459491 0.472701 0.440852 -0.272587 0.218280 0.056249 0.418838 0.064361 0.356500 -0.228690 0.012745 0.392322 0.436046 0.466477 0.456773 0.188550 0.165522 0.397352 0.226491 -0.020923 0.100255 -0.230451 -0.111636 -0.313893 0.332219 0.455529 0.506070 0.055474 0.346301 -0.380046 -0.331758 -0.373649 -0.303311 0.005112 -0.256730 -0.251212 -0.211387 -0.194410 -0.303963 0.531961 -0.423524 0.572625 -0.204239 -0.216556 -0.340744 -0.326084 -0.204194 0.047563 -0.177912 0.232517 -0.022421 -0.358355 -0.141037 -0.250837 -0.050438 -0.279630 -0.257196 0.445400 0.438562 0.293640 0.202612 0.478790 0.415397 0.407023 0.376405 0.195240 -0.201655 0.394931 -0.186052 -0.017931 0.376944 0.438817 -0.343294 0.514268 0.482154 0.528738 -0.068392 0.319360 -0.318355 -0.340906 -0.408418 0.453988 0.267241 0.515196 0.468861 0.562548 0.590392 0.572093 -0.210231 0.550400 0.535061 -0.057804 0.162092 0.454710 0.500046 -0.062618 0.390533 0.611126 0.305397 0.538237 0.508492 -0.004678 -0.193587
0.385669 -0.060651 -0.005204 -0.186896 0.235538 0.252565 0.053600 0.165117 0.262957 0.334035 0.573910 0.000000 0.151667 0.745660 0.246868 0.275533 -0.052823 0.404938 -0.006115 0.421398 0.050469 0.162841 -0.386342 -0.103992 0.186937 0.226327 0.239077 0.250324 0.377165 0.313292 0.243123 0.169131 0.047336 0.206377 -0.255141 -0.008600 -0.195416 0.050800 0.284943 0.294137 0.120309 0.113017 -0.081129 -0.004391 -0.055704 0.013129 0.192059 -0.005799 0.104934 0.159809 0.081254 0.011094 0.480996 -0.165203 0.455127 -0.022298 -0.195509 -0.170896 -0.097088 0.141330 0.188053 0.186553 0.425327 0.340444 -0.335934 0.185267 -0.015843 0.286233 -0.259182 -0.353161 0.212847 0.238335 0.277678 0.156173 0.283681 0.223811 0.228257 0.310735 0.104123 0.053727 0.297294 0.158489 0.041231 0.201349 0.158505 -0.007865 0.269848 0.245464 0.280965 0.192308 0.426183 -0.216767 -0.110259 -0.257315 0.180752 0.090277 0.284227 0.395694 0.526387 0.421697 0.457480 -0.010691 0.371157 0.327859 -0.019330 0.085694 0.211062 0.309082 -0.136930 0.125955 0.473620 0.474311 0.461937 0.374873 0.010400 -0.152079
0.390008 0.376730 0.216156 0.384622 -0.258245 -0.320466 0.749088 0.283770 -0.177232 -0.236971 0.339823 0.151667 0.000000 0.071422 -0.077191 -0.280236 0.167655 0.090387 0.376020 0.163537 -0.242465 -0.284353 0.446517 0.082728 -0.363172 -0.298415 -0.293823 -0.301008 -0.050327 -0.158445 -0.132659 -0.128667 0.393240 0.243643 -0.097990 -0.113789 0.169026 -0.130546 -0.233304 -0.165313 0.404709 -0.188494 0.339675 0.315277 0.292079 0.331541 0.324665 0.376007 0.333179 0.333301 0.491777 0.328016 0.395143 0.321261 -0.081177 0.348302 0.454220 0.350967 0.381516 0.335744 0.575425 0.267618 0.222136 0.243464 0.377650 0.083074 0.236056 0.000148 0.393808 0.430917 -0.181731 -0.224180 -0.097954 -0.001027 -0.166587 -0.321677 0.009274 -0.096238 -0.122572 0.399956 -0.074517 0.269302 -0.005214 -0.206644 0.071348 0.282298 -0.223347 -0.226146 -0.148218 0.296558 0.164375 0.467905 0.330842 0.394790 -0.133341 0.156116 -0.089272 -0.039983 0.008861 -0.016989 -0.106638 0.431022 -0.173634 -0.201316 0.350999 0.325576 -0.132288 -0.271152 0.007526 0.092540 0.155096 0.073917 -0.196740 -0.197772 0.361710 0.278884
0.324237 -0.137744 0.134420 -0.095891 0.277412 0.329051 0.076613 0.255692 0.290089 0.374490 0.459491 0.745660 0.071422 0.000000 0.220517 0.340925 -0.071552 0.273298 0.017698 0.431964 0.068297 0.196051 -0.226018 0.100766 0.285416 0.289169 0.292113 0.284919 0.472382 0.321903 0.307133 0.359298 0.238452 0.413329 -0.066963 0.170567 -0.143125 0.210547 0.295218 0.354883 0.091835 0.212251 -0.126700 -0.029517 -0.084989 -0.011039 0.141619 -0.057648 0.009085 0.127076 0.030680 -0.024100 0.411664 -0.204335 0.434895 -0.012109 -0.190329 -0.203832 -0.151624 0.002555 0.113435 0.142667 0.419676 0.220834 -0.167780 0.325896 0.088874 0.418971 -0.247352 -0.346874 0.310701 0.363246 0.362609 0.305452 0.394002 0.277655 0.267576 0.333722 0.139052 -0.046063 0.305111 0.127023 0.009971 0.209624 0.288907 0.030076 0.287913 0.281664 0.319153 0.110858 0.555378 -0.182451 -0.049333 -0.250045 0.257788 0.130497 0.406333 0.407164 0.553249 0.426711 0.517704 -0.010537 0.388217 0.385656 0.166363 0.271273 0.256165 0.310508 -0.121747 0.238232 0.443836 0.404273 0.451204 0.421181 0.153299 -0.147103
0.507926 -0.798252 0.705679 -0.721608 0.878555 0.831922 -0.141498 -0.623689 0.890705 0.832940 0.472701 0.246868 -0.077191 0.220517 0.000000 0.857526 -0.569049 -0.054185 -0.378945 0.217928 0.535078 0.824783 -0.160546 0.421869 0.790290 0.862583 0.858140 0.853382 0.135156 0.506655 0.811608 0.519498 -0.369631 -0.250959 0.014104 -0.098436 -0.470084 0.723103 0.846417 0.830937 -0.352354 0.670367 -0.698925 -0.617667 -0.514222 -0.541627 -0.149787 -0.658840 -0.674133 -0.587993 -0.627640 -0.777110 0.422898 -0.837278 0.789303 -0.651999 -0.729443 -0.840824 -0.809549 -0.729016 -0.603480 -0.729235 -0.280093 -0.580181 -0.483881 -0.260069 -0.414810 -0.060163 -0.668915 -0.653565 0.828716 0.799489 0.491362 0.344100 0.756563 0.737313 0.624920 0.611601 0.549558 -0.433592 0.762622 -0.276296 0.324244 0.777083 0.767689 -0.720082 0.875996 0.894501 0.881148 -0.543888 0.218349 -0.695500 -0.771771 -0.806113 0.528799 0.103548 0.723365 0.657161 0.616171 0.798902 0.769784 -0.662949 0.865056 0.817001 -0.467278 -0.124976 0.653123 0.857664 -0.194537 0.173263 0.531272 0.299153 0.797661 0.809996 -0.436461 -0.540373
0.436927 -0.797021 0.598374 -0.754988 0.894345 0.902683 -0.356453 -0.605178 0.901998 0.901903 0.440852 0.275533 -0.280236 0.340925 0.857526 0.000000 -0.584471 -0.052425 -0.383263 0.255311 0.480064 0.859464 -0.277376 0.379897 0.899971 0.928664 0.919339 0.911282 0.217729 0.470924 0.782734 0.534869 -0.375575 -0.236353 0.009524 -0.071671 -0.473783 0.734369 0.856383 0.880561 -0.374064 0.732122 -0.758945 -0.664065 -0.627754 -0.595283 -0.239395 -0.710645 -0.728069 -0.581671 -0.696864 -0.767076 0.333762 -0.873170 0.801986 -0.605632 -0.767302 -0.854561 -0.871370 -0.766687 -0.660910 -0.702634 -0.260729 -0.565542 -0.555146 -0.185840 -0.465990 -0.060893 -0.664905 -0.707593 0.860068 0.882853 0.508317 0.351257 0.789800 0.805758 0.580179 0.624836 0.504506 -0.538119 0.681802 -0.363842 0.181168 0.783385 0.690886 -0.701293 0.885243 0.912747 0.883671 -0.510734 0.255846 -0.772774 -0.777573 -0.857126 0.595267 0.077934 0.752300 0.681289 0.654778 0.781281 0.792128 -0.706631 0.874458 0.874103 -0.417786 -0.076878 0.703944 0.894620 -0.119778 0.228729 0.484391 0.263263 0.837496 0.850337 -0.412341 -0.552524
-0.294801 0.715615 -0.464613 0.646639 -0.691459 -0.638418 0.250913 0.577337 -0.691650 -0.628943 -0.272587 -0.052823 0.167655 -0.071552 -0.569049 -0.584471 0.000000 0.620125 0.369981 -0.008002 -0.047296 -0.535017 0.145999 -0.235421 -0.594447 -0.642874 -0.646554 -0.575687 0.342957 0.129952 -0.497806 -0.255003 0.351708 0.292050 0.144579 0.194378 0.511497 -0.437409 -0.523411 -0.564107 0.391994 -0.416458 0.708656 0.690533 0.714713 0.726887 0.469342 0.684731 0.697617 0.677596 0.651765 0.682162 -0.101700 0.719003 -0.509895 0.581427 0.684649 0.737120 0.675753 0.646193 0.553960 0.656128 0.444824 0.657019 0.520127 0.417260 0.569549 0.318035 0.557249 0.441505 -0.648458 -0.553508 -0.277800 -0.124891 -0.510721 -0.572909 -0.301563 -0.210238 -0.093676 0.714635 -0.215157 0.687033 0.178040 -0.531490 -0.354272 0.735584 -0.678862 -0.633328 -0.644192 0.528604 -0.036135 0.600869 0.648508 0.668847 -0.534091 -0.209265 -0.456239 -0.334241 -0.311791 -0.498638 -0.542479 0.601040 -0.609469 -0.590959 0.262748 0.123905 -0.704522 -0.651013 -0.114059 -0.105436 -0.337494 0.075783 -0.519292 -0.581452 0.130746 0.303432
0.076395 0.308002 -0.156696 0.167241 -0.165326 -0.110059 0.156381 0.308368 -0.154928 -0.079821 0.218280 0.404938 0.090387 0.273298 -0.054185 -0.052425 0.620125 0.000000 0.211190 0.345529 0.207267 -0.067250 -0.103555 -0.092902 -0.095499 -0.120761 -0.127513 -0.051008 0.620288 0.494953 -0.008061 0.073467 0.226390 0.314382 0.121990 0.248051 0.261421 -0.018304 0.043722 -0.002952 0.370649 -0.005321 0.318854 0.385333 0.385872 0.429095 0.473777 0.384106 0.411579 0.436334 0.361280 0.313085 0.301115 0.241753 0.085256 0.280863 0.278903 0.280212 0.225735 0.324631 0.303631 0.367140 0.612700 0.585008 0.133862 0.296436 0.413711 0.440621 0.108408 0.009451 -0.169912 -0.062299 0.137006 0.153582 -0.042470 -0.064493 0.197134 0.296337 0.192124 0.535468 0.269617 0.597813 0.256098 -0.050755 0.073528 0.400675 -0.118087 -0.079078 -0.113713 0.427865 0.239034 0.185384 0.232275 0.178289 -0.113060 -0.057739 0.104375 0.216409 0.278035 0.108812 0.037666 0.330323 -0.007623 -0.005593 0.074511 0.203134 -0.275277 -0.063517 -0.179844 0.030839 0.233887 0.469132 0.108428 0.023431 -0.021129 -0.025143
0.200294 0.601985 -0.002798 0.476885 -0.363329 -0.341112 0.438566 0.466314 -0.367641 -0.345660 0.056249 -0.006115 0.376020 0.017698 -0.378945 -0.383263 0.369981 0.211190 0.000000 0.552592 -0.252470 -0.318243 0.296968 -0.085527 -0.374265 -0.375576 -0.376238 -0.397809 0.170796 -0.200014 -0.255730 -0.098312 0.568411 0.475378 0.049286 0.065596 0.299760 -0.189748 -0.381106 -0.289664 0.412467 -0.171289 0.402941 0.366301 0.362704 0.323996 0.198408 0.429028 0.435160 0.428689 0.435027 0.455297 0.122770 0.416337 -0.215025 0.477826 0.655132 0.547534 0.479774 0.464853 0.458847 0.376650 0.319172 0.367650 0.308499 0.094122 0.387838 0.113088 0.630668 0.535511 -0.248886 -0.252632 -0.167432 0.055630 -0.237168 -0.347108 -0.046570 -0.127089 -0.190402 0.344757 -0.266993 0.211306 -0.103652 -0.247535 -0.170576 0.391702 -0.370140 -0.369974 -0.334332 0.411782 0.022041 0.436572 0.358188 0.408907 -0.079742 0.146216 -0.187515 -0.128145 -0.111619 -0.230916 -0.261741 0.426108 -0.332314 -0.305892 0.402898 0.214269 -0.168194 -0.393533 0.137597 0.171824 -0.102575 -0.006663 -0.356033 -0.354970 0.405224 0.329146
0.526813 0.072895 0.342207 -0.011094 0.267519 0.285810 0.199336 0.157787 0.260811 0.315072 0.418838 0.421398 0.163537 0.431964 0.217928 0.255311 -0.008002 0.345529 0.552592 0.000000 0.068898 0.256503 0.022635 0.169930 0.217963 0.245964 0.255966 0.241412 0.379774 0.186125 0.276152 0.296114 0.335312 0.438587 0.018583 0.077397 -0.061507 0.290652 0.234571 0.342746 0.173434 0.313169 -0.081288 -0.040057 -0.011574 -0.022719 0.140920 -0.000596 0.013842 0.085620 0.015914 -0.051462 0.478093 -0.185992 0.420239 0.054629 0.097653 -0.042615 -0.091966 0.019472 0.079530 -0.018481 0.327792 0.108857 -0.163131 0.078515 0.140740 0.224855 0.145979 0.032620 0.329080 0.328873 0.256126 0.351338 0.329488 0.262289 0.395259 0.363291 0.146781 0.029263 0.295205 0.077832 0.045895 0.298717 0.317543 -0.025552 0.269667 0.269514 0.300467 0.131998 0.334793 -0.134758 -0.119998 -0.215462 0.338185 0.292764 0.356672 0.383567 0.426162 0.345628 0.383971 -0.035522 0.326521 0.322287 0.150042 0.188619 0.345641 0.251322 0.005155 0.309676 0.368163 0.282604 0.331367 0.301154 0.167157 -0.018334
0.049095 -0.434028 0.255848 -0.358457 0.434017 0.372233 -0.124401 -0.299213 0.384235 0.361644 0.064361 0.050469 -0.242465 0.068297 0.535078 0.480064 -0.047296 0.207267 -0.252470 0.068898 0.000000 0.609105 -0.230680 0.173867 0.421545 0.424704 0.428342 0.481363 0.362407 0.707394 0.333607 0.218763 -0.404317 -0.314866 0.125242 0.003162 0.166727 0.467623 0.583460 0.439007 -0.081882 0.523779 -0.180700 -0.108932 -0.006151 -0.089786 0.225271 -0.152591 -0.227018 -0.192938 -0.245827 -0.310418 0.184398 -0.342268 0.461267 -0.181230 -0.395352 -0.411934 -0.381388 -0.369418 -0.410932 -0.366530 -0.091419 -0.266084 -0.232465 -0.085559 -0.108890 0.145158 -0.391363 -0.485022 0.352304 0.393504 0.294409 0.178426 0.367721 0.358458 0.444178 0.509518 0.334353 0.008197 0.587382 0.227463 0.712429 0.626751 0.452062 -0.177361 0.340370 0.446393 0.389831 -0.159970 0.050323 -0.335079 -0.309560 -0.363062 0.252397 -0.103590 0.400152 0.460522 0.319771 0.393079 0.324616 -0.288749 0.382454 0.343650 -0.460628 -0.192168 0.064403 0.489844 -0.227375 0.178082 0.221597 0.215950 0.372824 0.349169 -0.467492 -0.399508
0.424349 -0.768273 0.545379 -0.736749 0.858844 0.824067 -0.318980 -0.588990 0.828914 0.803109 0.356500 0.162841 -0.284353 0.196051 0.824783 0.859464 -0.535017 -0.067250 -0.318243 0.256503 0.609105 0.000000 -0.327807 0.286323 0.816742 0.856739 0.855077 0.847833 0.212760 0.536170 0.637145 0.380506 -0.465115 -0.318131 0.019663 -0.075165 -0.288927 0.789903 0.841524 0.845610 -0.308035 0.812539 -0.639880 -0.566533 -0.526368 -0.581677 -0.115399 -0.587472 -0.662164 -0.545946 -0.637898 -0.716298 0.401557 -0.814808 0.807829 -0.488816 -0.700896 -0.814327 -0.804176 -0.744466 -0.653781 -0.719980 -0.284134 -0.600244 -0.593143 -0.290445 -0.465284 -0.128353 -0.620090 -0.672589 0.807238 0.812342 0.498763 0.384124 0.749414 0.737235 0.607118 0.612655 0.447531 -0.495919 0.693789 -0.263745 0.414239 0.891871 0.713648 -0.659164 0.791601 0.845997 0.856920 -0.512468 0.166638 -0.731976 -0.736870 -0.820678 0.642736 0.148146 0.719291 0.706942 0.607893 0.733228 0.744724 -0.668622 0.819284 0.796141 -0.422357 -0.184874 0.669271 0.844110 -0.000799 0.337865 0.416789 0.188236 0.740197 0.774001 -0.360368 -0.485782
-0.145507 0.287409 0.375510 0.519011 -0.283004 -0.315599 0.602443 0.167336 -0.265267 -0.308545 -0.228690 -0.386342 0.446517 -0.226018 -0.160546 -0.277376 0.145999 -0.103555 0.296968 0.022635 -0.230680 -0.327807 0.000000 0.609407 -0.313330 -0.291283 -0.338665 -0.387957 -0.192653 -0.287644 -0.000024 0.185856 0.556859 0.334137 0.416198 0.169325 0.249204 -0.037158 -0.247567 -0.182571 0.296325 -0.133754 0.304687 0.271938 0.310454 0.282947 0.108721 0.277785 0.244206 0.219155 0.351293 0.290982 0.021384 0.339934 -0.269068 0.285216 0.380587 0.352050 0.333348 0.180258 0.180541 0.067911 -0.072339 0.053001 0.667128 0.108814 0.472020 0.175538 0.354920 0.464096 -0.173039 -0.248960 -0.139411 0.035661 -0.236546 -0.355419 -0.012205 -0.113935 -0.070824 0.345256 -0.224786 0.128376 -0.150592 -0.314391 -0.005970 0.321235 -0.234031 -0.222946 -0.254077 0.260543 0.119556 0.542710 0.358470 0.450668 -0.203116 0.090220 -0.177524 -0.213819 -0.210814 -0.185996 -0.251094 0.350506 -0.283856 -0.289535 0.449940 0.428174 -0.192176 -0.350560 0.054455 -0.048161 -0.015148 0.043303 -0.289110 -0.258266 0.385274 0.280404
0.057597 -0.319657 0.728708 0.011353 0.351753 0.317682 0.302596 -0.146097 0.355764 0.313139 0.012745 -0.103992 0.082728 0.100766 0.421869 0.379897 -0.235421 -0.092902 -0.085527 0.169930 0.173867 0.286323 0.609407 0.000000 0.315522 0.355958 0.291788 0.236247 -0.007501 0.127715 0.528457 0.631730 0.259542 0.240502 0.515745 0.280567 -0.021940 0.498825 0.406570 0.446337 0.027802 0.370916 -0.190330 -0.128516 -0.053227 -0.089414 0.014979 -0.168251 -0.213801 -0.155941 -0.122766 -0.248879 0.289991 -0.269282 0.335440 -0.120767 -0.222652 -0.290831 -0.286389 -0.352709 -0.328207 -0.370619 -0.207284 -0.271212 0.242070 0.113971 0.226287 0.295505 -0.192260 -0.155243 0.410793 0.359064 0.270071 0.340779 0.359425 0.215825 0.474348 0.415725 0.313739 -0.009869 0.308492 -0.068103 0.008095 0.277127 0.499797 -0.129930 0.391454 0.428699 0.371668 -0.062154 0.397336 -0.030175 -0.153433 -0.182107 0.261890 0.203887 0.386523 0.333709 0.305686 0.396908 0.366466 -0.135640 0.374451 0.343867 0.129186 0.341256 0.297357 0.294862 0.049746 0.097714 0.369209 0.293873 0.354741 0.385112 0.105997 -0.139350
0.383647 -0.810258 0.538173 -0.794806 0.856091 0.884973 -0.446023 -0.654664 0.863763 0.841974 0.392322 0.186937 -0.363172 0.285416 0.790290 0.899971 -0.594447 -0.095499 -0.374265 0.217963 0.421545 0.816742 -0.313330 0.315522 0.000000 0.924960 0.895938 0.899154 0.248158 0.408548 0.713809 0.465061 -0.359307 -0.207227 0.057365 -0.024570 -0.489314 0.709763 0.793215 0.819885 -0.409380 0.676700 -0.786421 -0.693410 -0.676274 -0.631427 -0.279032 -0.743987 -0.760113 -0.593187 -0.734927 -0.770527 0.263033 -0.873701 0.751694 -0.616208 -0.766054 -0.853117 -0.879169 -0.800769 -0.688305 -0.712665 -0.244140 -0.605525 -0.565906 -0.241492 -0.433334 -0.087539 -0.647970 -0.694002 0.838939 0.897240 0.537625 0.351307 0.796569 0.863462 0.520369 0.572064 0.507070 -0.596376 0.625967 -0.425027 0.088971 0.735202 0.634901 -0.717072 0.846240 0.860571 0.843296 -0.578110 0.207372 -0.779518 -0.792161 -0.852953 0.617380 0.109662 0.772793 0.639277 0.641164 0.743156 0.748889 -0.707900 0.850548 0.877514 -0.369585 -0.040943 0.705076 0.856353 -0.072953 0.198942 0.431563 0.181144 0.801939 0.844948 -0.365986 -0.528802
0.463482 -0.834681 0.618808 -0.801172 0.924142 0.932075 -0.380375 -0.648775 0.927228 0.909353 0.436046 0.226327 -0.298415 0.289169 0.862583 0.928664 -0.642874 -0.120761 -0.375576 0.245964 0.424704 0.856739 -0.291283 0.355958 0.924960 0.000000 0.936203 0.924729 0.171242 0.414366 0.793416 0.527609 -0.380031 -0.220120 0.027758 -0.042738 -0.528586 0.745849 0.841930 0.871128 -0.434614 0.707080 -0.812019 -0.726897 -0.672008 -0.658529 -0.288787 -0.763599 -0.778788 -0.636593 -0.755663 -0.821906 0.322977 -0.918047 0.798741 -0.667524 -0.786477 -0.890526 -0.906686 -0.812950 -0.688109 -0.742573 -0.284449 -0.617350 -0.595375 -0.236338 -0.478138 -0.095651 -0.678792 -0.689334 0.889218 0.902095 0.524773 0.368269 0.810577 0.850088 0.577666 0.598975 0.533557 -0.611020 0.682632 -0.449240 0.119074 0.780924 0.697505 -0.774318 0.907295 0.919608 0.906289 -0.596698 0.212361 -0.811413 -0.833643 -0.896752 0.636599 0.146130 0.770966 0.666533 0.651376 0.783309 0.794970 -0.749906 0.895704 0.898044 -0.409507 -0.098821 0.754911 0.897557 -0.063245 0.206124 0.474968 0.208912 0.839822 0.871704 -0.384717 -0.549165
0.492820 -0.825790 0.592736 -0.817262 0.932769 0.934424 -0.394457 -0.651612 0.932928 0.920221 0.466477 0.239077 -0.293823 0.292113 0.858140 0.919339 -0.646554 -0.127513 -0.376238 0.255966 0.428342 0.855077 -0.338665 0.291788 0.895938 0.936203 0.000000 0.935526 0.132164 0.407175 0.776825 0.497842 -0.432319 -0.268439 -0.065754 -0.129477 -0.567893 0.721955 0.828449 0.853811 -0.458221 0.711887 -0.828644 -0.758099 -0.697914 -0.683249 -0.320934 -0.782771 -0.790499 -0.666314 -0.775128 -0.837997 0.300652 -0.926459 0.796244 -0.695069 -0.778631 -0.884254 -0.896724 -0.793217 -0.663443 -0.742757 -0.300276 -0.629200 -0.636272 -0.271274 -0.549859 -0.159184 -0.682124 -0.680254 0.885303 0.872346 0.486540 0.340848 0.790479 0.833810 0.550707 0.558840 0.503491 -0.633253 0.684639 -0.469666 0.126658 0.777867 0.686315 -0.800844 0.915511 0.915433 0.914866 -0.626837 0.164962 -0.840805 -0.837324 -0.912448 0.632295 0.118241 0.733933 0.617614 0.608605 0.758953 0.794801 -0.791483 0.879728 0.869721 -0.460237 -0.173972 0.772203 0.904812 -0.103048 0.226022 0.444947 0.199106 0.816240 0.842584 -0.423078 -0.535989
0.471751 -0.807288 0.533579 -0.822873 0.898840 0.916432 -0.410623 -0.646501 0.905634 0.896874 0.456773 0.250324 -0.301008 0.284919 0.853382 0.911282 -0.575687 -0.051008 -0.397809 0.241412 0.481363 0.847833 -0.387957 0.236247 0.899154 0.924729 0.935526 0.000000 0.210754 0.479102 0.750950 0.470865 -0.450212 -0.285953 -0.075491 -0.126976 -0.542544 0.689977 0.816502 0.831551 -0.452509 0.671497 -0.801187 -0.720371 -0.657916 -0.623774 -0.264736 -0.755433 -0.759203 -0.617122 -0.748515 -0.812526 0.276978 -0.902732 0.779832 -0.684378 -0.772553 -0.867254 -0.884544 -0.776075 -0.644437 -0.704751 -0.257630 -0.599629 -0.626504 -0.243734 -0.524732 -0.136069 -0.669592 -0.678420 0.842493 0.863819 0.492876 0.336338 0.782546 0.843486 0.549919 0.587291 0.525296 -0.584075 0.704014 -0.403918 0.179465 0.765980 0.667419 -0.768310 0.881956 0.890757 0.882140 -0.615458 0.145239 -0.836268 -0.823332 -0.890283 0.590930 0.080953 0.734868 0.630641 0.609934 0.750116 0.765981 -0.754669 0.862748 0.864283 -0.487478 -0.167773 0.708324 0.892804 -0.161853 0.205173 0.432695 0.202031 0.811352 0.836839 -0.467974 -0.573550
0.090871 -0.022299 -0.001489 -0.084119 0.075181 0.157348 0.034112 0.144432 0.057825 0.133656 0.188550 0.377165 -0.050327 0.472382 0.135156 0.217729 0.342957 0.620288 0.170796 0.379774 0.362407 0.212760 -0.192653 -0.007501 0.248158 0.171242 0.132164 0.210754 0.000000 0.644985 0.148445 0.192401 0.205776 0.296123 0.112701 0.222378 0.210359 0.208618 0.236336 0.212232 0.238753 0.220880 0.087297 0.200302 0.125374 0.208570 0.363917 0.124757 0.130733 0.276870 0.157738 0.117559 0.338787 -0.018053 0.281071 0.203130 -0.042802 -0.039584 -0.058219 0.007705 0.018041 0.131861 0.548873 0.309081 0.001545 0.160089 0.299853 0.436435 -0.107502 -0.273092 0.128615 0.302525 0.398091 0.367412 0.297000 0.250071 0.305961 0.458932 0.242562 0.232021 0.320814 0.428405 0.333899 0.180223 0.230551 0.210090 0.053362 0.105561 0.098642 0.171435 0.299627 -0.063717 -0.003678 -0.073832 0.155832 0.019820 0.376360 0.446566 0.488474 0.293726 0.259686 0.168301 0.217864 0.270964 0.083998 0.222179 -0.027269 0.145084 -0.057609 0.200168 0.243533 0.300738 0.248690 0.259942 0.048739 -0.199308
0.138949 -0.359438 0.191397 -0.327484 0.385434 0.388249 -0.072512 -0.112467 0.356214 0.380083 0.165522 0.313292 -0.158445 0.321903 0.506655 0.470924 0.129952 0.494953 -0.200014 0.186125 0.707394 0.536170 -0.287644 0.127715 0.408548 0.414366 0.407175 0.479102 0.644985 0.000000 0.400238 0.334388 -0.214965 -0.064859 0.107073 0.116461 0.032838 0.446468 0.535793 0.439140 -0.101329 0.445090 -0.143147 -0.016758 0.031947 0.029529 0.263098 -0.114740 -0.110123 -0.031366 -0.118266 -0.239142 0.321325 -0.305729 0.470864 -0.172317 -0.357999 -0.365114 -0.328398 -0.257220 -0.248235 -0.166759 0.192311 -0.004611 -0.167333 0.105897 0.032343 0.319229 -0.409586 -0.522436 0.344754 0.416766 0.378266 0.336856 0.407035 0.367243 0.462351 0.609341 0.523587 0.137047 0.679781 0.375602 0.681218 0.496695 0.519603 -0.108544 0.339514 0.412165 0.403377 -0.156060 0.253344 -0.336537 -0.252127 -0.361101 0.178379 -0.072814 0.470435 0.552930 0.483455 0.465855 0.446748 -0.198863 0.447495 0.414127 -0.305256 -0.087561 0.109113 0.436242 -0.263050 0.197425 0.305558 0.394040 0.465821 0.435726 -0.375117 -0.335433
0.401532 -0.672196 0.708283 -0.598126 0.797570 0.814452 -0.115008 -0.497367 0.809779 0.802986 0.397352 0.243123 -0.132659 0.307133 0.811608 0.782734 -0.497806 -0.008061 -0.255730 0.276152 0.333607 0.637145 -0.000024 0.528457 0.713809 0.793416 0.776825 0.750950 0.148445 0.400238 0.000000 0.797511 -0.097984 -0.006561 0.132312 0.032762 -0.515890 0.628306 0.743126 0.755057 -0.358199 0.555494 -0.681079 -0.590532 -0.492924 -0.471134 -0.257171 -0.647867 -0.595068 -0.500726 -0.582707 -0.694471 0.272476 -0.755580 0.649387 -0.665269 -0.637644 -0.721940 -0.733882 -0.643817 -0.559503 -0.613783 -0.208660 -0.436001 -0.365238 -0.141495 -0.256009 0.084057 -0.608618 -0.553549 0.798665 0.749357 0.503895 0.445576 0.677995 0.668287 0.556832 0.568577 0.570324 -0.412456 0.629315 -0.336316 0.051233 0.541710 0.645512 -0.639783 0.834185 0.820666 0.758929 -0.486110 0.215935 -0.637420 -0.696150 -0.719123 0.381659 0.070442 0.639651 0.538658 0.542972 0.696319 0.706219 -0.608069 0.778227 0.754597 -0.306671 0.035526 0.602669 0.738960 -0.220340 0.053787 0.505418 0.351737 0.754832 0.757248 -0.351682 -0.500806
0.161317 -0.419412 0.585744 -0.247922 0.530396 0.573240 0.030859 -0.114218 0.527735 0.563276 0.226491 0.169131 -0.128667 0.359298 0.519498 0.534869 -0.255003 0.073467 -0.098312 0.296114 0.218763 0.380506 0.185856 0.631730 0.465061 0.527609 0.497842 0.470865 0.192401 0.334388 0.797511 0.000000 0.209780 0.326418 0.366765 0.285605 -0.285908 0.478609 0.527129 0.549737 -0.205301 0.385100 -0.416810 -0.313732 -0.236490 -0.211553 -0.152307 -0.379218 -0.315905 -0.250956 -0.327845 -0.427771 0.179770 -0.463152 0.419375 -0.395834 -0.388879 -0.443967 -0.467307 -0.426330 -0.389446 -0.310446 -0.025552 -0.168791 -0.026002 0.163749 0.069826 0.337695 -0.408678 -0.375499 0.551199 0.508877 0.386840 0.470557 0.504240 0.397310 0.470668 0.505957 0.446657 -0.190808 0.434376 -0.152980 -0.025630 0.286463 0.513628 -0.310070 0.569466 0.560388 0.485783 -0.236184 0.309213 -0.345739 -0.348566 -0.425502 0.220641 0.076954 0.463539 0.388300 0.399034 0.500233 0.537530 -0.343471 0.535395 0.523942 -0.033024 0.232766 0.401279 0.459132 -0.162735 0.078912 0.431142 0.357765 0.539176 0.531353 -0.146035 -0.303933
0.005150 0.503810 0.080957 0.582927 -0.414301 -0.362500 0.574864 0.544597 -0.387501 -0.363420 -0.020923 0.047336 0.393240 0.238452 -0.369631 -0.375575 0.351708 0.226390 0.568411 0.335312 -0.404317 -0.465115 0.556859 0.259542 -0.359307 -0.380031 -0.432319 -0.450212 0.205776 -0.214965 -0.097984 0.209780 0.000000 0.821795 0.354574 0.378698 0.286218 -0.180688 -0.358115 -0.238892 0.480952 -0.265170 0.470895 0.494845 0.426016 0.472521 0.297177 0.476198 0.514883 0.555442 0.560356 0.515065 0.147856 0.460410 -0.223804 0.461470 0.550696 0.506324 0.479858 0.443122 0.461660 0.425889 0.416505 0.470103 0.579992 0.324335 0.705778 0.499775 0.465977 0.430567 -0.254277 -0.234931 0.006277 0.185725 -0.198149 -0.337946 -0.018599 -0.040082 -0.171512 0.407721 -0.283091 0.286040 -0.256768 -0.441243 -0.103362 0.525694 -0.339433 -0.366598 -0.362837 0.472364 0.294953 0.554432 0.480735 0.496619 -0.205617 0.150873 -0.147584 -0.132603 -0.012504 -0.164496 -0.152013 0.568866 -0.278359 -0.251804 0.682703 0.620145 -0.207462 -0.419210 0.016265 0.076315 0.080775 0.155847 -0.238526 -0.246648 0.593001 0.350865
0.060750 0.366030 0.077116 0.472615 -0.239217 -0.176605 0.423312 0.614551 -0.228679 -0.177542 0.100255 0.206377 0.243643 0.413329 -0.250959 -0.236353 0.292050 0.314382 0.475378 0.438587 -0.314866 -0.318131 0.334137 0.240502 -0.207227 -0.220120 -0.268439 -0.285953 0.296123 -0.064859 -0.006561 0.326418 0.821795 0.000000 0.405153 0.563432 0.161398 -0.081489 -0.205692 -0.112625 0.384271 -0.165034 0.309641 0.358882 0.346953 0.361789 0.238488 0.352855 0.413783 0.426733 0.404901 0.352634 0.231210 0.293028 -0.083214 0.341116 0.406580 0.352032 0.332270 0.351060 0.379518 0.452946 0.526647 0.512515 0.448955 0.488437 0.666573 0.595026 0.294627 0.274196 -0.121975 -0.093305 0.067358 0.234070 -0.069872 -0.175768 0.081572 0.088038 -0.070410 0.309785 -0.099329 0.256858 -0.220116 -0.287562 0.032129 0.410759 -0.183142 -0.216046 -0.201292 0.410172 0.436577 0.380145 0.392032 0.316762 -0.030665 0.233593 0.017897 0.020194 0.155381 0.003708 0.028578 0.440030 -0.097111 -0.075894 0.593876 0.546008 -0.078463 -0.262401 0.038982 0.152070 0.199862 0.219466 -0.052311 -0.073275 0.503590 0.221419
-0.248048 -0.021846 0.217584 0.196962 -0.014293 -0.003854 0.130004 0.136990 -0.039561 -0.058442 -0.230451 -0.255141 -0.097990 -0.066963 0.014104 0.009524 0.144579 0.121990 0.049286 0.018583 0.125242 0.019663 0.416198 0.515745 0.057365 0.027758 -0.065754 -0.075491 0.112701 0.107073 0.132312 0.366765 0.354574 0.405153 0.000000 0.740137 0.345569 0.267647 0.105245 0.095549 0.254270 0.149154 0.140938 0.189823 0.258443 0.189403 0.199500 0.166152 0.112031 0.111646 0.081500 0.060613 0.082693 0.073106 0.031392 0.148357 0.052899 0.027927 0.009008 -0.088612 -0.135817 0.013391 0.046680 0.064526 0.397811 0.366444 0.537043 0.470997 -0.010702 -0.026496 0.056314 0.067639 0.121349 0.198246 0.062621 -0.024227 0.271609 0.278755 0.117607 0.173665 0.123756 0.176107 0.014773 0.026489 0.214935 0.184814 0.003370 0.050567 -0.028738 0.175126 0.293292 0.223122 0.173238 0.151417 0.118559 0.165934 0.151489 0.109456 0.150665 0.121322 0.043644 0.185983 0.043360 0.062285 0.282971 0.433268 -0.037492 -0.023848 0.112081 0.111485 0.158245 0.143814 0.059057 0.048919 0.211782 0.041625
-0.184412 0.055686 0.026039 0.262819 -0.068356 -0.029861 0.114126 0.398733 -0.094132 -0.059539 -0.111636 -0.008600 -0.113789 0.170567 -0.098436 -0.071671 0.194378 0.248051 0.065596 0.077397 0.003162 -0.075165 0.169325 0.280567 -0.024570 -0.042738 -0.129477 -0.126976 0.222378 0.116461 0.032762 0.285605 0.378698 0.563432 0.740137 0.000000 0.328566 0.142594 0.046894 0.042280 0.299691 0.021123 0.198128 0.266707 0.296732 0.233604 0.301075 0.269438 0.225312 0.204684 0.182790 0.156158 0.162140 0.136922 0.028091 0.228677 0.087887 0.077003 0.090072 0.066740 0.030099 0.261761 0.338568 0.313744 0.330121 0.558482 0.550311 0.632510 -0.027757 -0.017907 -0.033671 -0.004953 0.106740 0.140882 0.025103 -0.040778 0.215785 0.243183 0.061820 0.174394 0.092717 0.222427 -0.043949 -0.025625 0.147414 0.260152 -0.063700 -0.027771 -0.082912 0.304972 0.444139 0.242308 0.272474 0.178833 0.138129 0.245076 0.156058 0.169627 0.248496 0.136428 0.095907 0.320082 0.038262 0.067307 0.359979 0.431518 -0.055554 -0.065518 0.180225 0.116723 0.253447 0.170463 0.073096 0.056697 0.283380 0.048004
