0.000000 -0.052353 0.513989 -0.016486 0.370437 0.280780 0.653305 -0.031864 0.311517 0.017714 0.632701 0.020494 0.659328 -0.116517 0.503475 -0.047615 0.063039 0.306224 0.114292 0.513432 0.258940 0.128161 0.314402 0.275958 0.276104 -0.021886 0.330314 0.267986 0.027318 0.332057 0.435069 0.211400 0.473438 0.331281 0.265001 0.261741 0.275489 -0.050691 0.247674 -0.084796 0.342516 0.010481 -0.007347 0.011057 0.095717 -0.037793 0.124215 -0.078944 0.040644 -0.128134 0.193363 -0.216118 0.170033 -0.210764 0.242735 -0.125525 0.737281 -0.019488 0.637931 0.334587 0.740511 0.143222 0.397288 0.176839 0.523956 0.065382 0.401954 0.345000 0.437970 0.487161 0.368034 -0.130461 0.103589 0.285997 0.243088 0.274256 0.369529 0.012457 0.426290 -0.178499 0.414359 -0.080081 0.343120 -0.050488 0.408180 -0.173458 0.291114 0.134434 0.216060 -0.183417 0.185972 -0.133671 0.146418 -0.187510 0.148214 -0.062573 0.302600 0.089280 0.240866 0.084792 0.275357 -0.132175 0.268009 0.109821 0.236763 -0.066402 0.268059 0.165169 0.117090 0.106883 0.136155 -0.005308 0.076764 0.053766 -0.195006 -0.019394
-0.052353 0.000000 -0.273841 0.837159 -0.095551 0.113705 -0.357052 0.848351 0.333318 0.646219 -0.442647 0.820757 -0.323857 0.765487 -0.577671 0.741972 0.735490 -0.450250 0.762269 -0.006975 -0.390117 0.177340 0.340030 0.187706 0.100458 0.590024 -0.230998 -0.001295 0.755215 -0.245207 0.005686 0.356365 0.463759 0.599391 0.544433 -0.127703 0.372543 0.817633 -0.572772 0.742999 0.037660 0.363658 0.052310 0.334184 -0.106082 0.386701 -0.333812 0.467682 -0.270415 0.377708 -0.420105 0.689206 -0.626562 0.784800 -0.742497 0.818624 -0.329448 0.917977 0.123435 0.344404 0.009604 0.658713 0.500355 0.581771 0.214767 0.613962 0.396280 0.452379 0.551116 0.203607 -0.669316 0.809101 0.637252 -0.305534 -0.585027 -0.592959 -0.542658 0.722060 -0.583170 0.834254 -0.729558 0.833190 -0.553579 0.746525 -0.766772 0.845089 -0.652568 0.491046 -0.800138 0.832069 -0.706342 0.705160 -0.691550 0.726244 0.469390 0.723408 -0.098947 0.539717 -0.182244 0.453868 -0.722615 0.783253 -0.692417 0.468310 -0.692623 0.708995 -0.659339 0.460327 0.530287 0.302585 0.345547 0.474607 0.145581 -0.055150 0.583718 0.640142
0.513989 -0.273841 0.000000 -0.103111 0.747448 0.735175 0.851676 -0.098316 0.435390 0.121323 0.464730 -0.115960 0.772457 -0.145603 0.747833 -0.014927 -0.296802 0.475471 -0.285029 0.525815 0.604940 0.473065 0.557917 0.707183 0.603685 0.225848 0.784434 0.694485 -0.265194 0.452106 0.716136 0.428475 0.144323 0.006998 0.116749 0.253945 0.198913 -0.175723 0.658128 -0.098360 0.401835 -0.075129 -0.343111 -0.226712 -0.139819 -0.431700 -0.033509 -0.418207 -0.266976 -0.489143 -0.048171 -0.641754 0.039417 -0.597545 0.492263 -0.340341 0.539432 -0.270375 0.437457 0.293759 0.391992 0.062095 0.001736 0.152290 0.268087 -0.075761 0.257867 0.299907 0.094708 0.540031 0.647485 -0.189789 -0.244167 0.420725 0.461806 0.393022 0.491608 -0.040078 0.324348 -0.419781 0.454062 -0.221954 0.615886 -0.050964 0.538200 -0.409136 0.679025 0.313599 0.492059 -0.437663 0.324869 -0.429589 0.168303 -0.496082 0.315988 -0.166042 0.356223 0.187140 0.346048 0.045753 0.643563 -0.350748 0.675517 0.235920 0.475585 -0.102757 0.615619 0.374607 0.094850 0.094298 0.043943 -0.161790 0.180188 0.086212 -0.626548 -0.161523
-0.016486 0.837159 -0.103111 0.000000 0.162623 0.310856 -0.229805 0.933566 0.526189 0.821934 -0.431332 0.789693 -0.194757 0.743748 -0.454926 0.878240 0.774531 -0.571656 0.795047 -0.162077 -0.279949 0.310675 0.580388 0.390582 0.255945 0.768398 -0.005919 0.266469 0.828961 -0.317324 0.192604 0.501646 0.360962 0.436006 0.483970 -0.254247 0.456226 0.869187 -0.495722 0.879634 0.132477 0.356783 -0.206346 0.142051 -0.371871 0.179210 -0.562837 0.287532 -0.558103 0.141003 -0.652217 0.542058 -0.816314 0.720198 -0.782204 0.842678 -0.400385 0.782164 0.068061 0.228224 -0.015374 0.535346 0.541632 0.472626 0.204332 0.491193 0.318988 0.381268 0.447191 0.122676 -0.618054 0.890851 0.678528 -0.361969 -0.565880 -0.633662 -0.576869 0.760351 -0.658835 0.837531 -0.775336 0.828460 -0.489989 0.885313 -0.774121 0.841744 -0.577082 0.719776 -0.807800 0.851128 -0.815987 0.652582 -0.839438 0.689178 0.650697 0.799545 -0.159599 0.608718 -0.212644 0.448171 -0.663616 0.843432 -0.591869 0.718131 -0.752607 0.831571 -0.595778 0.728498 0.645684 0.250863 0.235492 0.364192 0.114213 -0.129765 0.414162 0.693123
0.370437 -0.095551 0.747448 0.162623 0.000000 0.762330 0.609439 0.145728 0.667614 0.309709 0.209816 0.031834 0.614285 0.052178 0.522382 0.225515 -0.067910 0.164512 -0.091720 0.255259 0.525292 0.649847 0.669547 0.737860 0.732567 0.502232 0.804947 0.820807 0.021002 0.282947 0.788974 0.621990 0.125275 0.039552 0.137511 0.058338 0.284335 0.051109 0.446145 0.166530 0.386442 0.164028 -0.379680 -0.211189 -0.294900 -0.358141 -0.222273 -0.314853 -0.424812 -0.421531 -0.258035 -0.449346 -0.190033 -0.318343 0.226132 -0.062231 0.247256 -0.118886 0.313514 0.246300 0.246473 0.108113 0.130521 0.142100 0.177243 -0.058129 0.177910 0.238103 0.048706 0.367610 0.434850 0.119474 0.026625 0.286067 0.250918 0.145453 0.264483 0.157095 0.100444 -0.130027 0.140720 -0.006617 0.380359 0.188717 0.234612 -0.138282 0.382811 0.439625 0.211595 -0.141550 0.070645 -0.157314 -0.030993 -0.172714 0.407572 0.063787 0.192962 0.238638 0.147223 0.072761 0.398269 -0.035937 0.446465 0.417085 0.179735 0.120858 0.370496 0.537818 0.138942 0.082862 0.006631 -0.145171 0.077296 -0.059083 -0.476355 -0.039195
0.280780 0.113705 0.735175 0.310856 0.762330 0.000000 0.542880 0.333080 0.656838 0.464650 0.147857 0.255869 0.551043 0.292599 0.453990 0.425366 0.035771 0.171833 0.036264 0.366945 0.544859 0.715840 0.764225 0.810531 0.732176 0.580987 0.778832 0.801046 0.115009 0.257316 0.786766 0.680981 0.285190 0.214414 0.314824 0.122324 0.380825 0.226551 0.433237 0.332002 0.468069 0.170639 -0.320077 -0.075541 -0.252423 -0.260024 -0.216015 -0.190946 -0.446820 -0.299311 -0.293295 -0.297127 -0.295627 -0.196352 0.144236 0.090869 0.230383 0.109259 0.386527 0.394685 0.269165 0.333587 0.197096 0.389298 0.253809 0.164511 0.357242 0.432285 0.238446 0.514704 0.334160 0.260776 0.100982 0.317896 0.249887 0.134237 0.242167 0.371207 -0.081650 0.019253 0.037706 0.193001 0.372767 0.353188 0.108492 0.019860 0.374225 0.610072 0.100343 -0.002602 -0.024206 -0.026489 -0.153705 -0.079273 0.578765 0.209295 0.265070 0.458565 0.250803 0.273802 0.306686 0.084769 0.372952 0.515688 0.095619 0.313865 0.295934 0.642760 0.315632 0.226630 0.180488 0.053035 0.241596 0.081135 -0.336695 0.141816
0.653305 -0.357052 0.851676 -0.229805 0.609439 0.542880 0.000000 -0.225275 0.307892 -0.018619 0.685703 -0.174894 0.861029 -0.250889 0.810110 -0.175740 -0.353890 0.574611 -0.247010 0.531922 0.534534 0.292396 0.433533 0.492958 0.488893 0.046582 0.645653 0.524908 -0.343336 0.469765 0.617954 0.268446 0.204637 0.022076 0.066949 0.268068 0.121989 -0.280264 0.641869 -0.216693 0.365069 -0.135247 -0.182752 -0.151075 0.039708 -0.321169 0.120334 -0.352962 -0.045053 -0.383389 0.157776 -0.594031 0.242117 -0.604428 0.573809 -0.411647 0.672944 -0.336047 0.475083 0.255265 0.512540 -0.046687 -0.006187 0.101620 0.274213 -0.083022 0.260624 0.244419 0.129373 0.489690 0.706523 -0.339360 -0.297036 0.448224 0.495345 0.466866 0.564748 -0.160926 0.512531 -0.504123 0.592175 -0.329416 0.627881 -0.216336 0.653297 -0.490475 0.668730 0.180126 0.573140 -0.520822 0.454805 -0.485638 0.313201 -0.570127 0.163175 -0.266475 0.388341 0.056402 0.407209 0.024507 0.666494 -0.426837 0.664875 0.106226 0.559404 -0.224721 0.664910 0.200110 -0.025021 0.031574 0.034035 -0.130639 0.215939 0.177493 -0.559219 -0.215168
-0.031864 0.848351 -0.098316 0.933566 0.145728 0.333080 -0.225275 0.000000 0.517123 0.834662 -0.421264 0.837840 -0.186864 0.797413 -0.441944 0.891258 0.768798 -0.533499 0.762181 -0.122478 -0.251219 0.341124 0.572075 0.409505 0.268064 0.775196 -0.014498 0.254700 0.823580 -0.278142 0.201501 0.522867 0.361750 0.460460 0.474888 -0.252590 0.484413 0.867448 -0.463447 0.882254 0.169164 0.400061 -0.171163 0.170250 -0.343875 0.196228 -0.531763 0.312126 -0.536463 0.166378 -0.623251 0.551637 -0.791382 0.720141 -0.753994 0.848917 -0.399106 0.785061 0.065450 0.232529 -0.014627 0.546021 0.544391 0.514255 0.199637 0.507343 0.309395 0.376430 0.446201 0.128614 -0.608367 0.895792 0.688550 -0.317548 -0.543131 -0.614122 -0.543903 0.780945 -0.643070 0.837992 -0.758686 0.839849 -0.450339 0.886716 -0.764161 0.842022 -0.553357 0.721482 -0.796617 0.847685 -0.791715 0.662643 -0.817610 0.690477 0.644475 0.785549 -0.144635 0.600121 -0.176948 0.464929 -0.645342 0.840749 -0.576670 0.702794 -0.736869 0.828160 -0.585329 0.713390 0.625163 0.240455 0.235869 0.370155 0.137572 -0.111315 0.429994 0.688542
0.311517 0.333318 0.435390 0.526189 0.667614 0.656838 0.307892 0.517123 0.000000 0.499865 0.022855 0.355371 0.438601 0.380216 0.117419 0.537856 0.408870 -0.097989 0.308647 0.152703 0.233976 0.580673 0.731842 0.696911 0.714712 0.693834 0.465535 0.610186 0.501720 0.092931 0.690110 0.760359 0.390580 0.373015 0.465483 -0.003216 0.494572 0.459951 0.031379 0.473062 0.419573 0.388561 -0.088822 0.165426 -0.125147 0.061026 -0.162289 0.140618 -0.336686 -0.019681 -0.273796 0.082125 -0.373607 0.209213 -0.179163 0.404098 0.101005 0.344969 0.418718 0.356820 0.337002 0.423876 0.520058 0.426764 0.438943 0.304201 0.413934 0.431979 0.347175 0.315766 -0.001202 0.522256 0.483658 0.119833 -0.054366 -0.108969 0.017243 0.550906 -0.149486 0.353328 -0.216176 0.441832 0.023152 0.490997 -0.198481 0.343961 -0.087734 0.551949 -0.263764 0.324249 -0.224379 0.379592 -0.286413 0.335407 0.534173 0.414030 0.159147 0.487910 0.078629 0.382716 -0.085337 0.405581 -0.039261 0.501008 -0.218615 0.481277 -0.108917 0.620822 0.384136 0.260108 0.283437 0.234144 0.195947 -0.009831 0.020245 0.293747
0.017714 0.646219 0.121323 0.821934 0.309709 0.464650 -0.018619 0.834662 0.499865 0.000000 -0.301727 0.704026 -0.035702 0.682441 -0.182293 0.859139 0.632898 -0.437803 0.600812 -0.096341 -0.085564 0.370904 0.644944 0.521396 0.292858 0.762337 0.201047 0.461789 0.667876 -0.237909 0.249826 0.487251 0.232445 0.278299 0.404602 -0.211203 0.546338 0.779627 -0.205730 0.844192 0.258449 0.271586 -0.343168 0.025076 -0.448009 -0.013506 -0.592582 0.122662 -0.649098 -0.019999 -0.655643 0.324107 -0.772747 0.485114 -0.578655 0.699163 -0.296708 0.567964 0.062521 0.159284 0.018968 0.401338 0.473563 0.428895 0.217525 0.402983 0.274527 0.354933 0.326744 0.164865 -0.447395 0.757890 0.514791 -0.301488 -0.372233 -0.546742 -0.417849 0.687488 -0.585628 0.655224 -0.616291 0.698530 -0.217093 0.859666 -0.570523 0.673664 -0.279408 0.814534 -0.601863 0.677456 -0.689159 0.431770 -0.775372 0.437533 0.740335 0.710419 -0.046398 0.619907 -0.010602 0.452447 -0.405786 0.681116 -0.318923 0.783057 -0.553632 0.783972 -0.343740 0.802078 0.652624 0.244326 0.192698 0.287881 0.213356 -0.022143 0.231345 0.655457
0.632701 -0.442647 0.464730 -0.431332 0.209816 0.147857 0.685703 -0.421264 0.022855 -0.301727 0.000000 -0.242281 0.747594 -0.328899 0.735773 -0.401409 -0.342063 0.586553 -0.275281 0.419846 0.462997 -0.011439 0.025470 0.013370 0.163492 -0.326651 0.330658 0.120119 -0.395149 0.458757 0.272644 -0.113527 0.179551 -0.025562 -0.047664 0.271737 0.021656 -0.432652 0.508952 -0.393336 0.285150 -0.263056 0.048120 -0.098694 0.251706 -0.168170 0.339030 -0.246872 0.283553 -0.148141 0.448128 -0.414276 0.488188 -0.535337 0.594387 -0.505203 0.775354 -0.359614 0.419219 0.136945 0.613407 -0.165062 0.022764 0.000591 0.340656 -0.148485 0.173563 0.080307 0.086934 0.306749 0.682082 -0.526350 -0.304576 0.451396 0.535653 0.563297 0.589885 -0.336144 0.636264 -0.562430 0.756714 -0.417430 0.555744 -0.445142 0.721396 -0.557614 0.573589 -0.133944 0.594269 -0.573967 0.539673 -0.491306 0.463068 -0.587931 -0.115323 -0.434940 0.333669 -0.181034 0.377880 -0.111146 0.555958 -0.540861 0.516441 -0.227008 0.542505 -0.419163 0.539826 -0.174216 -0.193016 -0.039038 0.009221 -0.112041 0.148254 0.193942 -0.398413 -0.307756
0.020494 0.820757 -0.115960 0.789693 0.031834 0.255869 -0.174894 0.837840 0.355371 0.704026 -0.242281 0.000000 -0.126151 0.831872 -0.344870 0.758418 0.629895 -0.322826 0.689820 0.050571 -0.159997 0.313834 0.451927 0.304282 0.172232 0.598358 -0.075804 0.146895 0.671174 -0.057825 0.141916 0.400907 0.400595 0.514383 0.403537 -0.194198 0.431162 0.736330 -0.363672 0.762667 0.211168 0.358269 -0.087577 0.174102 -0.245325 0.201613 -0.405117 0.300667 -0.392395 0.207208 -0.464151 0.508477 -0.614906 0.619566 -0.597456 0.717383 -0.258770 0.779867 0.082889 0.299212 0.056740 0.571255 0.460353 0.605815 0.160596 0.524480 0.307453 0.378936 0.436188 0.226594 -0.466451 0.752489 0.570037 -0.130228 -0.448133 -0.443236 -0.404736 0.676402 -0.487014 0.700823 -0.574414 0.747828 -0.331536 0.735515 -0.605025 0.712808 -0.440139 0.619105 -0.643702 0.709324 -0.631558 0.552884 -0.665558 0.557131 0.524939 0.640897 -0.101001 0.477780 -0.116920 0.403147 -0.539233 0.687578 -0.486861 0.555994 -0.599469 0.660954 -0.468967 0.551723 0.460623 0.199399 0.213514 0.325408 0.156768 -0.091561 0.367897 0.545537
0.659328 -0.323857 0.772457 -0.194757 0.614285 0.551043 0.861029 -0.186864 0.438601 -0.035702 0.747594 -0.126151 0.000000 -0.164584 0.764221 -0.127899 -0.235644 0.531066 -0.230594 0.479059 0.558121 0.350862 0.441424 0.466081 0.547438 0.059763 0.627495 0.516578 -0.222874 0.485564 0.664149 0.320399 0.225820 0.057396 0.089020 0.226599 0.185774 -0.252198 0.573602 -0.183929 0.439114 -0.056264 -0.116986 -0.106378 0.058831 -0.264951 0.166038 -0.289626 -0.018982 -0.307974 0.176502 -0.511115 0.237548 -0.518097 0.530440 -0.360151 0.692230 -0.280230 0.477097 0.230483 0.564833 -0.000641 0.145944 0.140714 0.357087 -0.075608 0.244629 0.225144 0.099531 0.429912 0.693799 -0.268314 -0.151488 0.491381 0.509907 0.499948 0.576972 -0.092758 0.510904 -0.424136 0.581151 -0.259557 0.569981 -0.203956 0.602941 -0.434733 0.572666 0.178623 0.503547 -0.460758 0.441908 -0.367283 0.318453 -0.447511 0.138198 -0.257891 0.356157 0.040339 0.381409 0.022131 0.599775 -0.361972 0.593820 0.089726 0.489840 -0.191401 0.590191 0.195722 -0.035085 0.016157 0.048429 -0.113433 0.186352 0.119512 -0.514210 -0.221430
-0.116517 0.765487 -0.145603 0.743748 0.052178 0.292599 -0.250889 0.797413 0.380216 0.682441 -0.328899 0.831872 -0.164584 0.000000 -0.382532 0.796239 0.652050 -0.375622 0.556423 0.046591 -0.122123 0.415954 0.364044 0.382933 0.222779 0.675721 -0.030797 0.186208 0.698855 -0.079646 0.129001 0.514259 0.329024 0.504455 0.396103 -0.136308 0.465014 0.732029 -0.300127 0.741898 0.249017 0.424003 -0.025130 0.222706 -0.175658 0.276112 -0.357632 0.356102 -0.322175 0.270079 -0.427757 0.534607 -0.613552 0.625568 -0.563189 0.727367 -0.311063 0.723025 0.046408 0.240304 -0.018100 0.550289 0.500656 0.538157 0.161467 0.489856 0.261966 0.332030 0.381288 0.156342 -0.478268 0.806263 0.638269 -0.107802 -0.408640 -0.440841 -0.357517 0.726001 -0.530389 0.718002 -0.599281 0.750320 -0.313905 0.722028 -0.648307 0.728858 -0.431030 0.545348 -0.649775 0.724931 -0.598045 0.601299 -0.600452 0.633474 0.498720 0.641420 -0.057045 0.476116 -0.092832 0.400233 -0.524183 0.695494 -0.473493 0.502541 -0.590359 0.657149 -0.481124 0.498808 0.412901 0.249380 0.245587 0.320511 0.107124 -0.083535 0.408627 0.514194
0.503475 -0.577671 0.747833 -0.454926 0.522382 0.453990 0.810110 -0.441944 0.117419 -0.182293 0.735773 -0.344870 0.764221 -0.382532 0.000000 -0.327602 -0.519650 0.634164 -0.468154 0.439767 0.718647 0.267161 0.229879 0.320221 0.351068 -0.165966 0.655115 0.466792 -0.521203 0.517374 0.475980 0.063204 0.020886 -0.175667 -0.104408 0.294092 0.075029 -0.469848 0.797291 -0.352943 0.368472 -0.220914 -0.190955 -0.256605 0.043837 -0.384829 0.189228 -0.461560 0.031530 -0.435502 0.265612 -0.701818 0.379315 -0.764421 0.739783 -0.594678 0.668002 -0.540308 0.360862 0.148764 0.434348 -0.207201 -0.171216 -0.037807 0.192234 -0.243642 0.108563 0.083500 -0.076706 0.360033 0.818356 -0.532827 -0.443933 0.518745 0.690286 0.610986 0.684769 -0.330821 0.559912 -0.679443 0.749158 -0.507252 0.801173 -0.372340 0.809994 -0.672788 0.853299 0.053300 0.750458 -0.694116 0.585443 -0.646762 0.459215 -0.736522 0.059228 -0.435888 0.370384 -0.094787 0.450263 -0.113075 0.805814 -0.614324 0.805508 -0.043340 0.680838 -0.383948 0.755988 0.039934 -0.178582 -0.026339 -0.066392 -0.245407 0.169019 0.189130 -0.656737 -0.390788
-0.047615 0.741972 -0.014927 0.878240 0.225515 0.425366 -0.175740 0.891258 0.537856 0.859139 -0.401409 0.758418 -0.127899 0.796239 -0.327602 0.000000 0.748028 -0.521175 0.680306 -0.119395 -0.111074 0.448408 0.608213 0.490495 0.273950 0.788206 0.113924 0.375770 0.802062 -0.235812 0.227887 0.557650 0.323364 0.413468 0.484578 -0.203813 0.557419 0.841386 -0.313274 0.893497 0.278473 0.393825 -0.212697 0.148667 -0.368478 0.151747 -0.541256 0.265468 -0.577169 0.109596 -0.634278 0.473036 -0.804153 0.635717 -0.673325 0.802988 -0.362327 0.680688 0.078494 0.211607 0.002863 0.506326 0.562022 0.458541 0.248441 0.472883 0.321042 0.394305 0.401504 0.146128 -0.548268 0.874774 0.676498 -0.283132 -0.414296 -0.549498 -0.442662 0.813409 -0.643033 0.783358 -0.706151 0.807392 -0.300102 0.915266 -0.700826 0.790953 -0.425999 0.797129 -0.729068 0.799986 -0.734032 0.607623 -0.792140 0.632511 0.719156 0.793860 -0.074087 0.650069 -0.077817 0.492470 -0.541119 0.797807 -0.454737 0.759452 -0.680187 0.841388 -0.503695 0.773690 0.646839 0.297446 0.245845 0.352569 0.176037 -0.045312 0.366575 0.654004
0.063039 0.735490 -0.296802 0.774531 -0.067910 0.035771 -0.353890 0.768798 0.408870 0.632898 -0.342063 0.629895 -0.235644 0.652050 -0.519650 0.748028 0.000000 -0.585885 0.700336 -0.203508 -0.403611 0.117825 0.316112 0.185974 0.045930 0.521373 -0.287961 -0.032417 0.915443 -0.293312 -0.019340 0.362921 0.351635 0.464227 0.491269 -0.171782 0.596642 0.793890 -0.586997 0.704223 0.154290 0.377830 0.042295 0.302555 -0.156245 0.367425 -0.338696 0.463530 -0.290762 0.343784 -0.398130 0.690654 -0.617209 0.800432 -0.773287 0.812041 -0.288524 0.687552 0.085704 0.096550 0.120364 0.428052 0.791383 0.363324 0.408527 0.468445 0.283671 0.302853 0.422737 -0.039870 -0.709189 0.781440 0.833829 -0.358829 -0.534676 -0.566768 -0.489696 0.710770 -0.493150 0.834806 -0.670140 0.786361 -0.495443 0.746388 -0.717944 0.840863 -0.670535 0.489413 -0.840864 0.847574 -0.724203 0.746986 -0.684167 0.777473 0.440838 0.714015 -0.125532 0.432807 -0.183592 0.390894 -0.735204 0.809974 -0.695686 0.483172 -0.744522 0.705334 -0.691780 0.473173 0.590723 0.221666 0.235840 0.356781 0.001031 -0.127160 0.590371 0.666158
0.306224 -0.450250 0.475471 -0.571656 0.164512 0.171833 0.574611 -0.533499 -0.097989 -0.437803 0.586553 -0.322826 0.531066 -0.375622 0.634164 -0.521175 -0.585885 0.000000 -0.499434 0.593081 0.474754 0.103486 -0.070490 0.049486 0.147679 -0.362375 0.308612 0.094865 -0.622076 0.688447 0.242701 -0.105821 0.109163 0.018337 0.032360 0.480906 -0.069568 -0.449917 0.628579 -0.555428 0.194536 -0.043694 0.227528 0.114083 0.452284 -0.022928 0.567448 -0.091438 0.417062 -0.042463 0.558778 -0.456232 0.621637 -0.630073 0.762144 -0.545663 0.632050 -0.366723 0.375260 0.330457 0.355861 -0.038656 -0.279460 0.178881 0.155726 0.038861 0.235530 0.215361 0.004517 0.414785 0.741106 -0.585906 -0.506466 0.670426 0.609173 0.686147 0.744714 -0.296243 0.650080 -0.640579 0.734638 -0.413413 0.612323 -0.575641 0.741933 -0.620818 0.646510 -0.269320 0.725702 -0.695464 0.730585 -0.461748 0.665556 -0.624786 -0.165201 -0.442879 0.525878 -0.083735 0.477563 0.030089 0.697715 -0.617934 0.653097 -0.356532 0.745255 -0.504609 0.666991 -0.281605 -0.249799 0.130088 0.203707 0.008317 0.293577 0.341318 -0.419714 -0.401444
0.114292 0.762269 -0.285029 0.795047 -0.091720 0.036264 -0.247010 0.762181 0.308647 0.600812 -0.275281 0.689820 -0.230594 0.556423 -0.468154 0.680306 0.700336 -0.499434 0.000000 -0.147394 -0.369114 0.054013 0.429719 0.058663 0.010867 0.475633 -0.218277 0.026171 0.717394 -0.389329 0.020649 0.243933 0.550315 0.517559 0.511389 -0.178489 0.298921 0.744290 -0.559031 0.740940 0.048691 0.289465 -0.008289 0.236086 -0.172956 0.322688 -0.395157 0.377368 -0.305769 0.258486 -0.433271 0.611761 -0.604993 0.735843 -0.735894 0.761097 -0.235231 0.747764 0.174187 0.265038 0.145686 0.442086 0.493673 0.350468 0.231907 0.488743 0.421871 0.395500 0.609223 0.138232 -0.606999 0.702561 0.594938 -0.403487 -0.504480 -0.551422 -0.506017 0.632508 -0.508798 0.750166 -0.655569 0.688179 -0.525666 0.709859 -0.684487 0.753647 -0.627318 0.550298 -0.738463 0.771495 -0.703061 0.620965 -0.691548 0.628650 0.482172 0.691207 -0.153244 0.491474 -0.218707 0.433612 -0.691861 0.761758 -0.643718 0.542856 -0.688164 0.706343 -0.593017 0.507462 0.558050 0.221134 0.257021 0.428428 0.128380 -0.035221 0.515669 0.638963
0.513432 -0.006975 0.525815 -0.162077 0.255259 0.366945 0.531922 -0.122478 0.152703 -0.096341 0.419846 0.050571 0.479059 0.046591 0.439767 -0.119395 -0.203508 0.593081 -0.147394 0.000000 0.444173 0.339503 0.155105 0.366460 0.279743 -0.037003 0.349802 0.255027 -0.222344 0.572397 0.388312 0.245609 0.516748 0.532925 0.325656 0.534348 0.165055 -0.111895 0.528570 -0.185498 0.363208 0.047575 0.202196 0.193252 0.329478 0.067035 0.365503 0.046348 0.230484 0.019441 0.337219 -0.254133 0.283125 -0.341739 0.487729 -0.204909 0.676533 0.066687 0.664125 0.622411 0.561285 0.409696 0.127896 0.378816 0.319352 0.201727 0.505178 0.539106 0.446772 0.806009 0.494131 -0.167458 -0.101265 0.583821 0.462252 0.487247 0.597547 0.088833 0.391773 -0.310700 0.478727 -0.115851 0.513151 -0.172158 0.431056 -0.270781 0.475461 -0.004935 0.402703 -0.319911 0.422657 -0.174514 0.350028 -0.257744 0.151843 -0.134778 0.559317 0.164432 0.430523 0.158256 0.460469 -0.279429 0.448486 -0.081215 0.427380 -0.184793 0.427288 -0.000741 -0.023012 0.308631 0.349434 0.113200 0.260205 0.218914 -0.238028 -0.160203
0.258940 -0.390117 0.604940 -0.279949 0.525292 0.544859 0.534534 -0.251219 0.233976 -0.085564 0.462997 -0.159997 0.558121 -0.122123 0.718647 -0.111074 -0.403611 0.474754 -0.369114 0.444173 0.000000 0.567401 0.290938 0.419457 0.440535 0.025265 0.689693 0.559450 -0.345877 0.560559 0.547251 0.272155 0.110445 -0.002466 0.016562 0.294843 0.145026 -0.291452 0.753411 -0.142821 0.405759 -0.004668 -0.116876 -0.154096 0.022740 -0.282485 0.175984 -0.296731 -0.034023 -0.343247 0.162413 -0.558276 0.229694 -0.585191 0.614824 -0.395903 0.479007 -0.335809 0.320411 0.259984 0.293032 0.007795 -0.126853 0.069315 0.125504 -0.160113 0.157802 0.164638 -0.018780 0.395550 0.696440 -0.271716 -0.239150 0.566585 0.687268 0.568129 0.649508 -0.074394 0.338233 -0.476936 0.541145 -0.314962 0.673572 -0.173296 0.559864 -0.482001 0.712840 0.114815 0.577406 -0.492593 0.468723 -0.427966 0.345279 -0.488483 0.186093 -0.242023 0.380648 0.065261 0.374488 -0.038519 0.645997 -0.430401 0.676118 0.021782 0.485943 -0.206769 0.544606 0.118152 -0.147052 0.160203 0.074411 -0.140287 0.203680 0.171462 -0.507938 -0.348352
0.128161 0.177340 0.473065 0.310675 0.649847 0.715840 0.292396 0.341124 0.580673 0.370904 -0.011439 0.313834 0.350862 0.415954 0.267161 0.448408 0.117825 0.103486 0.054013 0.339503 0.567401 0.000000 0.613742 0.700019 0.662038 0.583907 0.604406 0.667711 0.221299 0.389012 0.701856 0.721300 0.277446 0.323932 0.286217 0.117856 0.445747 0.278236 0.358262 0.352895 0.531757 0.464640 -0.158241 0.034804 -0.154455 -0.061590 -0.131202 -0.011436 -0.331046 -0.135989 -0.234995 -0.134245 -0.279679 -0.047598 0.083233 0.178496 0.083173 0.170455 0.273148 0.363767 0.131954 0.364435 0.221176 0.360205 0.150022 0.177866 0.267139 0.366264 0.177265 0.412062 0.256887 0.373327 0.284060 0.429132 0.239299 0.179558 0.268130 0.476225 -0.111496 0.118600 -0.044596 0.261877 0.300470 0.357294 -0.024395 0.119453 0.210358 0.481623 -0.002425 0.101924 -0.037021 0.119211 -0.117885 0.121066 0.472444 0.252256 0.256787 0.388304 0.163470 0.235870 0.177708 0.179595 0.243149 0.421056 -0.015339 0.283514 0.168874 0.511235 0.199256 0.298850 0.216068 0.046834 0.166138 0.000347 -0.185554 0.070294
0.314402 0.340030 0.557917 0.580388 0.669547 0.764225 0.433533 0.572075 0.731842 0.644944 0.025470 0.451927 0.441424 0.364044 0.229879 0.608213 0.316112 -0.070490 0.429719 0.155105 0.290938 0.613742 0.000000 0.729070 0.669909 0.677212 0.555593 0.708513 0.383807 0.040420 0.754588 0.689934 0.441171 0.315290 0.445058 -0.012706 0.465208 0.467730 0.135615 0.571975 0.443695 0.266106 -0.308084 0.013790 -0.323127 -0.134719 -0.368007 -0.046187 -0.554184 -0.208741 -0.445086 -0.049266 -0.497752 0.107432 -0.179193 0.360691 0.094002 0.315788 0.367201 0.365139 0.292154 0.360911 0.383272 0.398330 0.343422 0.284486 0.435173 0.487674 0.378894 0.423944 0.059908 0.465245 0.309184 0.070517 -0.001309 -0.104331 0.011510 0.535196 -0.234541 0.286765 -0.225452 0.401749 0.118366 0.576408 -0.154115 0.292195 0.061022 0.782253 -0.200866 0.281817 -0.290452 0.199833 -0.413228 0.155217 0.685917 0.431224 0.131129 0.554308 0.113254 0.397693 0.004470 0.370698 0.083259 0.689004 -0.173271 0.550080 0.047502 0.790220 0.527070 0.202767 0.201346 0.177866 0.260294 0.035440 -0.119502 0.360238
0.275958 0.187706 0.707183 0.390582 0.737860 0.810531 0.492958 0.409505 0.696911 0.521396 0.013370 0.304282 0.466081 0.382933 0.320221 0.490495 0.185974 0.049486 0.058663 0.366460 0.419457 0.700019 0.729070 0.000000 0.714168 0.687913 0.646866 0.736364 0.266911 0.280099 0.740236 0.796643 0.251914 0.275220 0.327489 0.113997 0.474062 0.313532 0.311920 0.371564 0.455265 0.267376 -0.324226 -0.047214 -0.279765 -0.206641 -0.273423 -0.118804 -0.478465 -0.284879 -0.350245 -0.224185 -0.386998 -0.092764 0.010615 0.189163 0.136906 0.147777 0.351030 0.334391 0.228723 0.358829 0.326736 0.370347 0.297320 0.176402 0.326004 0.413402 0.244965 0.455465 0.188548 0.389227 0.256287 0.240093 0.081047 0.001728 0.145451 0.427614 -0.092170 0.116010 -0.068929 0.271026 0.271062 0.436421 -0.010042 0.137638 0.241897 0.579556 -0.044929 0.116699 -0.141673 0.070194 -0.258723 0.052012 0.568888 0.288468 0.215393 0.426163 0.135798 0.244957 0.179836 0.181174 0.250558 0.521564 -0.020639 0.340880 0.154544 0.648028 0.350328 0.220596 0.151258 -0.007526 0.117600 -0.050299 -0.271996 0.152001
0.276104 0.100458 0.603685 0.255945 0.732567 0.732176 0.488893 0.268064 0.714712 0.292858 0.163492 0.172232 0.547438 0.222779 0.351068 0.273950 0.045930 0.147679 0.010867 0.279743 0.440535 0.662038 0.669909 0.714168 0.000000 0.619046 0.618661 0.632736 0.148209 0.310375 0.839732 0.735791 0.292746 0.226030 0.270368 0.094096 0.310154 0.166893 0.258608 0.210459 0.370129 0.293161 -0.137199 0.027208 -0.081262 -0.107076 -0.063312 -0.064235 -0.243514 -0.149810 -0.123375 -0.186162 -0.139494 -0.110680 0.109315 0.077365 0.194287 0.109510 0.364080 0.308583 0.257450 0.268460 0.193093 0.343406 0.249442 0.131772 0.288416 0.324491 0.195859 0.351285 0.329787 0.240049 0.164799 0.321214 0.146936 0.120527 0.210901 0.272614 0.023563 0.023398 0.028132 0.134827 0.187666 0.186759 0.080436 0.023630 0.192606 0.350213 0.050485 -0.012130 0.020311 0.028998 -0.036191 0.004613 0.321257 0.101597 0.164017 0.280271 0.098037 0.174456 0.185349 0.067964 0.211352 0.292367 0.070293 0.166606 0.162001 0.430120 0.114975 0.138502 0.171794 0.038971 0.141910 -0.027929 -0.224846 0.020796
-0.021886 0.590024 0.225848 0.768398 0.502232 0.580987 0.046582 0.775196 0.693834 0.762337 -0.326651 0.598358 0.059763 0.675721 -0.165966 0.788206 0.521373 -0.362375 0.475633 -0.037003 0.025265 0.583907 0.677212 0.687913 0.619046 0.000000 0.347341 0.553072 0.632593 -0.097606 0.484281 0.744270 0.247340 0.310992 0.415255 -0.168286 0.432894 0.687509 -0.178497 0.733539 0.225625 0.417247 -0.285594 0.047435 -0.352225 0.024890 -0.507210 0.118482 -0.559207 -0.027141 -0.589294 0.246426 -0.696778 0.421964 -0.494090 0.621820 -0.299891 0.529670 0.122576 0.221131 -0.011857 0.441095 0.381221 0.419282 0.180976 0.369703 0.286694 0.351850 0.318725 0.190031 -0.306370 0.785032 0.523705 -0.158294 -0.360784 -0.476778 -0.360140 0.659972 -0.494062 0.595540 -0.579563 0.634959 -0.250121 0.743265 -0.538033 0.602724 -0.291964 0.675106 -0.537084 0.596487 -0.594560 0.434103 -0.639859 0.469567 0.610766 0.626868 -0.057375 0.563852 -0.121655 0.370000 -0.352153 0.625949 -0.279681 0.671609 -0.502374 0.667382 -0.331406 0.736740 0.461277 0.243431 0.201353 0.231178 0.125108 -0.107953 0.144809 0.491815
0.330314 -0.230998 0.784434 -0.005919 0.804947 0.778832 0.645653 -0.014498 0.465535 0.201047 0.330658 -0.075804 0.627495 -0.030797 0.655115 0.113924 -0.287961 0.308612 -0.218277 0.349802 0.689693 0.604406 0.555593 0.646866 0.618661 0.347341 0.000000 0.847881 -0.205236 0.316015 0.702131 0.444216 0.076790 -0.053769 0.062488 0.133813 0.114925 -0.098527 0.637309 0.059649 0.358591 -0.021906 -0.414734 -0.301932 -0.260894 -0.449219 -0.170608 -0.446149 -0.364767 -0.496201 -0.184299 -0.589133 -0.088100 -0.509315 0.405519 -0.241479 0.361089 -0.217414 0.310323 0.262787 0.244225 0.083161 -0.065895 0.113637 0.112314 -0.107637 0.177616 0.228621 0.022198 0.448187 0.574026 -0.061472 -0.197058 0.324495 0.426017 0.279363 0.368165 0.030250 0.137812 -0.299212 0.309843 -0.148747 0.527856 0.057513 0.385151 -0.317656 0.598523 0.376036 0.409103 -0.321322 0.201993 -0.380597 0.074969 -0.400923 0.383118 -0.068274 0.260751 0.246185 0.267975 0.026509 0.565146 -0.236060 0.617748 0.331893 0.319403 0.004222 0.518408 0.451792 0.067797 0.118897 0.032421 -0.141325 0.167383 0.082850 -0.594891 -0.149681
0.267986 -0.001295 0.694485 0.266469 0.820807 0.801046 0.524908 0.254700 0.610186 0.461789 0.120119 0.146895 0.516578 0.186208 0.466792 0.375770 -0.032417 0.094865 0.026171 0.255027 0.559450 0.667711 0.708513 0.736364 0.632736 0.553072 0.847881 0.000000 0.058717 0.167696 0.710572 0.573569 0.154819 0.062657 0.181800 0.033915 0.284277 0.160885 0.484395 0.336346 0.420367 0.130839 -0.465805 -0.256404 -0.394990 -0.377528 -0.339848 -0.332774 -0.552867 -0.462147 -0.402861 -0.426975 -0.344747 -0.275839 0.165440 0.044891 0.191747 -0.015588 0.288258 0.285259 0.196242 0.199986 0.126094 0.211718 0.129556 0.013798 0.227298 0.303862 0.101861 0.422015 0.354582 0.224194 0.035326 0.187912 0.234575 0.072814 0.207975 0.277519 -0.074108 -0.031817 0.039157 0.093303 0.367151 0.336538 0.122389 -0.051770 0.390674 0.598317 0.153467 -0.045775 -0.037399 -0.142933 -0.177485 -0.158824 0.587619 0.179515 0.207592 0.408107 0.194711 0.170047 0.360353 0.051994 0.440273 0.565669 0.091523 0.270422 0.341819 0.679068 0.261791 0.190083 0.081128 -0.050126 0.190407 0.002947 -0.456110 0.060606
0.027318 0.755215 -0.265194 0.828961 0.021002 0.115009 -0.343336 0.823580 0.501720 0.667876 -0.395149 0.671174 -0.222874 0.698855 -0.521203 0.802062 0.915443 -0.622076 0.717394 -0.222344 -0.345877 0.221299 0.383807 0.266911 0.148209 0.632593 -0.205236 0.058717 0.000000 -0.287847 0.068389 0.469057 0.329560 0.455565 0.466499 -0.236884 0.575404 0.815524 -0.581775 0.756640 0.179489 0.455730 0.001323 0.269859 -0.214201 0.341106 -0.390436 0.440242 -0.350969 0.295559 -0.464333 0.667370 -0.673422 0.808661 -0.793284 0.838622 -0.357448 0.705643 0.061250 0.099508 0.060689 0.453763 0.737333 0.381483 0.340027 0.448138 0.252670 0.273557 0.395472 -0.051772 -0.697191 0.858555 0.866850 -0.343589 -0.562659 -0.591765 -0.525337 0.740453 -0.515123 0.865887 -0.713187 0.807379 -0.496091 0.796902 -0.767196 0.861551 -0.680304 0.528751 -0.860894 0.872380 -0.755524 0.770817 -0.712176 0.816057 0.464219 0.741875 -0.164579 0.452634 -0.243559 0.383551 -0.738853 0.849791 -0.692771 0.530727 -0.789058 0.732679 -0.710377 0.532459 0.547233 0.214339 0.212969 0.332373 -0.018286 -0.182439 0.559627 0.637922
0.332057 -0.245207 0.452106 -0.317324 0.282947 0.257316 0.469765 -0.278142 0.092931 -0.237909 0.458757 -0.057825 0.485564 -0.079646 0.517374 -0.235812 -0.293312 0.688447 -0.389329 0.572397 0.560559 0.389012 0.040420 0.280099 0.310375 -0.097606 0.316015 0.167696 -0.287847 0.000000 0.383463 0.203506 0.151950 0.191278 0.096043 0.455333 0.197796 -0.219363 0.510181 -0.303997 0.329118 0.162072 0.172901 0.153942 0.300463 -0.007008 0.450258 0.023611 0.253575 -0.004194 0.395717 -0.301114 0.407177 -0.423356 0.549451 -0.337659 0.502352 -0.178873 0.324177 0.316551 0.321394 0.163290 -0.028343 0.293471 0.181469 0.076767 0.201305 0.244372 0.034702 0.422237 0.609056 -0.283376 -0.165385 0.772895 0.487951 0.635186 0.649899 -0.049524 0.519263 -0.416025 0.548904 -0.165045 0.532333 -0.301190 0.537081 -0.372889 0.493368 -0.138254 0.470588 -0.447231 0.505955 -0.260592 0.436170 -0.366207 -0.040359 -0.194742 0.488546 -0.016550 0.338697 0.032121 0.483923 -0.418950 0.464680 -0.215403 0.478838 -0.345945 0.419019 -0.124756 -0.176398 0.256578 0.233490 -0.059503 0.163572 0.138211 -0.317707 -0.368410
0.435069 0.005686 0.716136 0.192604 0.788974 0.786766 0.617954 0.201501 0.690110 0.249826 0.272644 0.141916 0.664149 0.129001 0.475980 0.227887 -0.019340 0.242701 0.020649 0.388312 0.547251 0.701856 0.754588 0.740236 0.839732 0.484281 0.702131 0.710572 0.068389 0.383463 0.000000 0.747677 0.383548 0.267057 0.261243 0.155958 0.315599 0.078464 0.391492 0.156279 0.453845 0.238531 -0.175335 -0.005702 -0.122187 -0.190518 -0.038625 -0.136296 -0.275739 -0.259299 -0.105915 -0.320387 -0.094432 -0.229351 0.226811 -0.015308 0.347531 0.016241 0.446977 0.371910 0.368435 0.246674 0.216627 0.301351 0.266807 0.060214 0.323371 0.367206 0.229464 0.468158 0.463210 0.139979 0.117508 0.429480 0.285090 0.259052 0.362697 0.247280 0.127546 -0.087920 0.160153 0.047610 0.340016 0.152028 0.213409 -0.093978 0.321625 0.403137 0.175483 -0.116026 0.121026 -0.049627 0.030551 -0.091426 0.372339 0.054789 0.246928 0.267715 0.181524 0.163260 0.333738 -0.010418 0.370305 0.326557 0.181262 0.132561 0.308887 0.469466 0.160228 0.130289 0.141783 -0.024083 0.154498 0.010591 -0.341129 -0.026633
0.211400 0.356365 0.428475 0.501646 0.621990 0.680981 0.268446 0.522867 0.760359 0.487251 -0.113527 0.400907 0.320399 0.514259 0.063204 0.557650 0.362921 -0.105821 0.243933 0.245609 0.272155 0.721300 0.689934 0.796643 0.735791 0.744270 0.444216 0.573569 0.469057 0.203506 0.747677 0.000000 0.396113 0.439237 0.407702 0.042430 0.503061 0.445014 0.069484 0.454283 0.406034 0.482888 -0.062457 0.189298 -0.124594 0.085529 -0.154801 0.169524 -0.318755 -0.010216 -0.261277 0.082782 -0.354403 0.207848 -0.159504 0.391258 0.014170 0.326280 0.332146 0.333777 0.204435 0.419524 0.444327 0.390838 0.295427 0.278410 0.342391 0.401127 0.320704 0.326741 0.005245 0.553993 0.495671 0.214657 -0.062790 -0.094309 0.048624 0.564079 -0.180207 0.352950 -0.252770 0.415886 0.024136 0.474332 -0.226726 0.351943 -0.069162 0.485691 -0.260204 0.327551 -0.218245 0.346401 -0.257941 0.357220 0.478109 0.413238 0.172850 0.423176 0.055643 0.312950 -0.072163 0.390129 -0.022828 0.456504 -0.186438 0.435257 -0.098644 0.553688 0.313107 0.276166 0.265887 0.161181 0.133673 -0.042012 0.045251 0.247154
0.473438 0.463759 0.144323 0.360962 0.125275 0.285190 0.204637 0.361750 0.390580 0.232445 0.179551 0.400595 0.225820 0.329024 0.020886 0.323364 0.351635 0.109163 0.550315 0.516748 0.110445 0.277446 0.441171 0.251914 0.292746 0.247340 0.076790 0.154819 0.329560 0.151950 0.383548 0.396113 0.000000 0.855150 0.745443 0.428301 0.367764 0.417343 -0.001317 0.333587 0.311391 0.280743 0.370238 0.528059 0.334495 0.466561 0.196034 0.477053 0.145273 0.355721 0.141161 0.334126 -0.067571 0.300572 -0.092564 0.393347 0.429663 0.555694 0.769280 0.736590 0.682791 0.641250 0.528474 0.556458 0.577967 0.574693 0.826409 0.783031 0.844757 0.668313 -0.017391 0.305268 0.382933 0.229698 0.075565 0.073015 0.225788 0.547820 -0.031761 0.277514 -0.051193 0.394588 0.004299 0.287475 -0.105667 0.325288 -0.110749 0.306410 -0.196240 0.281361 -0.067913 0.405725 -0.098971 0.286909 0.419607 0.373476 0.416637 0.489411 0.262368 0.544226 -0.152116 0.303952 -0.143195 0.211945 -0.102317 0.359018 -0.133337 0.259049 0.381826 0.474557 0.587541 0.525728 0.373476 0.289743 0.319482 0.318890
0.331281 0.599391 0.006998 0.436006 0.039552 0.214414 0.022076 0.460460 0.373015 0.278299 -0.025562 0.514383 0.057396 0.504455 -0.175667 0.413468 0.464227 0.018337 0.517559 0.532925 -0.002466 0.323932 0.315290 0.275220 0.226030 0.310992 -0.053769 0.062657 0.455565 0.191278 0.267057 0.439237 0.855150 0.000000 0.740710 0.420400 0.412771 0.522700 -0.109705 0.396169 0.284372 0.400134 0.444147 0.624815 0.354439 0.575649 0.211724 0.623610 0.164139 0.484187 0.113169 0.481725 -0.134771 0.444317 -0.198294 0.527671 0.258520 0.674133 0.659096 0.713362 0.531202 0.770038 0.588816 0.655203 0.480293 0.648224 0.743150 0.754787 0.787818 0.617155 -0.175980 0.461244 0.525008 0.249381 -0.042779 -0.003119 0.132059 0.663954 -0.135675 0.413995 -0.195618 0.533068 -0.084525 0.377003 -0.273907 0.475293 -0.249232 0.264467 -0.343071 0.425098 -0.145669 0.567321 -0.163062 0.473124 0.405290 0.475146 0.393841 0.495590 0.213237 0.575223 -0.285067 0.428299 -0.276735 0.201845 -0.229084 0.414117 -0.275935 0.230729 0.366927 0.519755 0.611652 0.530526 0.313735 0.222820 0.450376 0.330784
0.265001 0.544433 0.116749 0.483970 0.137511 0.314824 0.066949 0.474888 0.465483 0.404602 -0.047664 0.403537 0.089020 0.396103 -0.104408 0.484578 0.491269 0.032360 0.511389 0.325656 0.016562 0.286217 0.445058 0.327489 0.270368 0.415255 0.062488 0.181800 0.466499 0.096043 0.261243 0.407702 0.745443 0.740710 0.000000 0.541409 0.511855 0.626931 -0.105508 0.459601 0.230787 0.339540 0.369388 0.650229 0.345655 0.544235 0.143968 0.615634 0.058960 0.471107 0.024842 0.475125 -0.232536 0.419994 -0.236019 0.566835 0.208017 0.612942 0.651562 0.675408 0.541427 0.716122 0.569370 0.631590 0.679925 0.771029 0.852616 0.853715 0.726297 0.538686 -0.198431 0.483428 0.470922 0.115221 -0.038552 -0.105991 0.102991 0.720611 -0.235861 0.440572 -0.256379 0.611287 -0.107537 0.466451 -0.259632 0.514971 -0.210002 0.413467 -0.353991 0.435510 -0.204850 0.546205 -0.262235 0.394688 0.562962 0.588883 0.466939 0.729065 0.325442 0.757357 -0.256488 0.450493 -0.227558 0.348335 -0.192294 0.547885 -0.271870 0.404221 0.574329 0.656169 0.756757 0.696549 0.478376 0.381647 0.431136 0.483790
0.261741 -0.127703 0.253945 -0.254247 0.058338 0.122324 0.268068 -0.252590 -0.003216 -0.211203 0.271737 -0.194198 0.226599 -0.136308 0.294092 -0.203813 -0.171782 0.480906 -0.178489 0.534348 0.294843 0.117856 -0.012706 0.113997 0.094096 -0.168286 0.133813 0.033915 -0.236884 0.455333 0.155958 0.042430 0.428301 0.420400 0.541409 0.000000 0.142686 -0.064136 0.363609 -0.230952 0.102400 -0.013700 0.449452 0.498687 0.572480 0.329425 0.541192 0.361757 0.438186 0.296767 0.499322 -0.017519 0.359720 -0.230955 0.417288 -0.128083 0.505656 -0.026692 0.565843 0.504802 0.504637 0.353670 0.116184 0.303150 0.416106 0.322719 0.546358 0.566521 0.334280 0.504101 0.373953 -0.207829 -0.089364 0.510690 0.485610 0.462458 0.617843 0.131865 0.257329 -0.290979 0.367500 -0.048146 0.342971 -0.225567 0.375001 -0.188369 0.343977 -0.142528 0.327299 -0.277692 0.437896 -0.049921 0.362425 -0.223156 0.102696 -0.060308 0.604918 0.260663 0.485599 0.403806 0.327591 -0.294247 0.315671 -0.192530 0.428762 -0.138502 0.228302 -0.131418 0.074824 0.475587 0.565006 0.319316 0.318281 0.465310 0.008336 -0.172511
0.275489 0.372543 0.198913 0.456226 0.284335 0.380825 0.121989 0.484413 0.494572 0.546338 0.021656 0.431162 0.185774 0.465014 0.075029 0.557419 0.596642 -0.069568 0.298921 0.165055 0.145026 0.445747 0.465208 0.474062 0.310154 0.432894 0.114925 0.284277 0.575404 0.197796 0.315599 0.503061 0.367764 0.412771 0.511855 0.142686 0.000000 0.570998 0.027151 0.467857 0.621499 0.486119 0.049657 0.316893 -0.022665 0.217096 -0.056416 0.343396 -0.237817 0.192709 -0.144981 0.300429 -0.313579 0.315581 -0.219771 0.470518 0.088903 0.334816 0.333521 0.270259 0.391144 0.364910 0.678839 0.430333 0.583389 0.432026 0.402369 0.449667 0.317819 0.230831 -0.162163 0.474625 0.601534 0.122100 -0.052656 -0.085849 0.110490 0.621621 -0.139015 0.400190 -0.177075 0.532342 0.131463 0.533880 -0.180170 0.449434 -0.068962 0.510205 -0.334421 0.403665 -0.250573 0.423760 -0.301806 0.352665 0.529257 0.482270 0.331342 0.450683 0.247286 0.441115 -0.154512 0.425536 -0.103211 0.433164 -0.231729 0.481368 -0.122714 0.489393 0.549202 0.405201 0.377509 0.290180 0.229813 0.066522 0.232361 0.471492
