0.000000 0.244890 0.519478 -0.077570 -0.283819 0.029874 0.577535 -0.077806 0.416550 0.108838 0.626698 -0.080508 0.566042 0.004024 0.458757 -0.054738 0.326464 0.241652 0.055984 0.226197 0.114008 -0.063789 0.565399 0.154947 0.429634 0.290327 -0.116076 -0.165768 0.099468 0.137467 -0.107431 0.026379 0.294410 0.302052 0.313255 0.152119 -0.099634 -0.128840 0.070748 -0.105832 0.104587 0.007630 0.485516 0.335996 0.240537 0.283049 0.557807 0.379019 0.575162 0.238560 0.679299 0.253835 0.654077 0.090741 0.486361 -0.208790 0.813754 0.398189 0.710659 0.428211 0.782155 0.429864 0.682420 0.201919 0.655851 0.356418 0.558405 0.472863 0.452218 0.296410 0.311642 -0.117318 0.290452 0.448900 0.481157 -0.064140 0.403143 0.059144 0.229669 -0.187843 0.627446 0.050508 0.366869 0.205931 0.710863 -0.292917 0.298998 -0.154737 0.682154 -0.522707 0.622546 0.277638 0.559004 0.325162 0.019159 0.082576 0.198931 0.002191 0.524238 0.289017 0.548791 0.309991 0.386259 -0.269683 0.284342 0.232307 0.109080 -0.230837 -0.108671 0.110802 0.052636 0.437334 0.448989 0.452319 0.459421 0.165833
0.244890 0.000000 0.238710 0.512089 -0.320439 -0.201252 -0.113687 0.540563 -0.142485 0.237842 -0.052101 0.547439 -0.059685 0.477609 -0.072452 0.081384 0.113031 0.602532 -0.184294 0.531701 -0.167918 -0.090134 0.336407 0.392767 0.305157 0.206377 -0.249997 -0.375955 0.034647 0.285607 -0.042933 0.103038 0.263942 0.483083 0.075673 0.092525 -0.187263 0.163517 0.059678 0.056538 0.059080 0.100843 0.275096 0.415094 0.236081 0.425030 0.233557 0.345696 0.356134 0.453268 0.254597 0.517697 0.166127 0.123374 0.116686 -0.013879 0.333900 0.828492 0.354028 0.608068 0.172586 0.578342 0.246037 0.718211 0.051053 0.529151 0.349742 0.472467 0.465681 0.310878 -0.112432 -0.069051 0.304223 0.577325 0.155850 0.229631 0.069889 0.022281 0.109773 0.146085 0.155636 0.529923 0.106597 0.309469 0.210255 0.257633 0.185685 0.114545 0.120423 -0.085201 0.322399 0.332425 0.356788 0.352333 0.029911 0.078051 0.099515 0.176801 0.302113 0.351330 0.371198 0.315156 0.301936 0.035641 0.204381 0.241107 -0.015509 -0.085373 0.047728 0.073978 -0.041795 0.269552 0.245005 0.407299 0.298395 0.057059
0.519478 0.238710 0.000000 0.318199 -0.005572 0.142756 0.615001 0.172528 0.387949 0.219807 0.353332 -0.034353 0.489204 0.041169 0.328156 -0.004526 0.100436 0.131156 0.134603 0.372918 0.178759 0.064773 0.584059 0.581782 0.250207 0.135423 0.063526 -0.026473 0.053988 0.018946 0.113120 0.208098 0.225841 0.277365 0.343553 0.354664 0.044253 0.219061 0.188753 0.052821 0.135294 0.198701 0.185074 0.093958 0.103750 0.017152 0.250721 0.128318 0.269975 0.011153 0.384464 0.153942 0.279992 -0.158400 0.344881 -0.054990 0.505003 0.333683 0.364288 0.202719 0.415100 0.192368 0.361644 0.115840 0.525958 0.253098 0.326116 0.277222 0.252675 0.282899 0.186043 -0.007375 0.240793 0.383925 0.533957 0.014543 0.364172 0.220706 -0.069868 -0.291537 0.251917 0.035340 0.226727 0.246413 0.418256 -0.275420 0.469619 0.229225 0.390446 -0.327235 0.323124 0.097618 0.248465 0.061679 -0.067249 -0.085526 -0.021422 -0.093919 0.228425 0.080288 0.345971 0.057498 0.384735 -0.052448 0.062098 -0.005903 -0.073213 -0.142048 -0.106551 -0.103388 -0.128656 0.074669 0.094252 0.098980 0.124748 -0.166692
-0.077570 0.512089 0.318199 0.000000 0.046944 0.031456 0.070158 0.768749 -0.064019 0.399554 -0.185688 0.519712 -0.037543 0.448587 -0.033943 0.263020 -0.067706 0.242237 0.136696 0.412480 -0.044589 0.054718 0.292275 0.565052 -0.077722 0.014168 0.034371 0.027763 0.004301 0.139862 0.257869 0.230306 0.173273 0.336925 0.167669 0.228943 0.013935 0.268735 0.176290 0.270418 0.146866 0.107935 0.050971 0.187373 0.124946 0.166079 -0.038803 0.112326 0.018684 0.135798 -0.040864 0.295292 -0.179845 0.049938 0.037187 0.285385 -0.085299 0.427028 0.009331 0.294064 -0.101605 0.338806 -0.069836 0.415568 -0.139037 0.310700 0.117444 0.231016 0.170481 0.062888 -0.062435 0.141456 0.124608 0.314475 0.084723 0.234693 0.096907 0.287963 -0.152275 0.087763 -0.159393 0.289341 0.016281 0.239345 -0.106862 0.376378 0.206853 0.339852 -0.151720 0.293119 -0.017043 0.197299 0.011662 0.078186 0.081269 0.069337 0.080929 0.210078 0.071805 0.201973 0.101666 -0.029254 0.084155 0.151634 0.095543 0.128056 -0.034224 0.118025 0.135572 0.027675 -0.079287 0.002115 -0.003475 0.091014 0.051052 -0.081701
-0.283819 -0.320439 -0.005572 0.046944 0.000000 0.389118 0.255535 -0.021750 0.169717 -0.094080 0.081622 -0.011310 0.152898 -0.237229 -0.177452 -0.152854 -0.059739 -0.319648 0.421199 -0.006359 0.190174 0.107015 -0.117697 0.055380 -0.478626 -0.460444 0.356474 0.510736 0.205507 -0.185206 0.401339 0.233133 0.103362 -0.012846 -0.084050 0.012807 0.195924 0.053930 -0.095350 -0.010366 0.119472 0.041072 -0.404849 -0.406086 -0.210552 -0.438096 -0.383661 -0.479554 -0.364721 -0.352153 -0.368680 -0.461982 -0.507568 -0.347909 -0.329606 0.103227 -0.193330 -0.422650 -0.499676 -0.486685 -0.308513 -0.455763 -0.175306 -0.343813 -0.065160 -0.427205 -0.324985 -0.445729 -0.019620 -0.250671 -0.040912 0.322000 0.195854 -0.294724 -0.170739 0.009730 0.023811 0.180132 -0.237050 -0.017471 -0.335698 -0.246677 -0.355857 -0.240186 -0.431002 -0.113149 -0.239016 0.164618 -0.321081 0.295574 -0.577569 -0.384603 -0.568877 -0.328940 -0.079336 -0.161811 -0.106050 -0.034183 -0.304391 -0.354350 -0.439096 -0.276773 -0.143377 0.323330 -0.194988 -0.326280 -0.072725 0.282503 0.020179 -0.250308 -0.293637 -0.457194 -0.430413 -0.411593 -0.421058 -0.351727
0.029874 -0.201252 0.142756 0.031456 0.389118 0.000000 0.315721 0.095949 0.495685 0.464648 0.268780 0.049491 0.377382 0.082119 0.326384 0.233529 0.058367 -0.145362 0.224674 0.027601 0.275824 0.279934 0.082342 0.189698 0.029684 0.148811 0.215330 0.327379 0.292973 0.069819 0.312290 0.300977 0.222765 0.149975 0.173674 0.199711 0.269578 0.151484 -0.031565 -0.021937 0.147468 0.139939 -0.024713 -0.033503 0.030207 -0.117821 0.055319 -0.021708 0.024538 -0.085399 0.076380 -0.041887 -0.077868 -0.063812 -0.047258 0.137654 0.022846 -0.195444 -0.020877 -0.098435 0.147854 -0.006232 0.040896 -0.109877 0.227559 0.017625 0.078712 -0.021128 0.028173 0.109529 0.325344 0.481484 0.260000 -0.021281 0.087074 0.071234 0.314685 0.346691 -0.043258 0.003826 0.014533 -0.019378 -0.019053 -0.035527 0.018657 0.050465 0.070265 0.112739 -0.029605 0.067714 -0.088711 -0.032148 -0.098078 -0.066556 0.169369 0.126201 0.189135 0.150717 0.024781 -0.008910 0.009233 -0.075333 0.139146 0.194262 0.158250 0.055419 0.119358 0.212152 0.038610 0.062611 0.094753 -0.031425 -0.009549 -0.086524 -0.044488 -0.103470
0.577535 -0.113687 0.615001 0.070158 0.255535 0.315721 0.000000 0.001592 0.559960 0.091889 0.586211 -0.197458 0.702132 -0.146833 0.427079 -0.019871 0.149123 -0.174406 0.443141 0.125170 0.348267 0.057917 0.527004 0.302062 0.060984 0.018711 0.266327 0.304809 0.105139 -0.135550 0.183006 0.163023 0.305223 0.192421 0.326278 0.273219 0.097703 -0.033108 0.081297 0.002029 0.164523 0.091979 0.164524 -0.006652 0.000211 -0.116813 0.237414 0.011683 0.217017 -0.114140 0.387325 -0.064906 0.251035 -0.104051 0.270042 0.006296 0.510225 -0.031313 0.300187 0.011465 0.520839 0.034411 0.415751 -0.194139 0.623183 0.033117 0.340735 0.141259 0.314368 0.174357 0.334853 0.134637 0.246517 0.116152 0.429999 -0.059013 0.464560 0.335496 -0.095544 -0.300125 0.270489 -0.212195 0.144175 0.051262 0.368279 -0.302879 0.233894 0.052972 0.374939 -0.239125 0.156129 -0.040895 0.059566 0.004784 -0.049705 -0.086021 0.077506 -0.088214 0.198836 -0.034112 0.166942 0.015193 0.264151 0.007616 0.086094 -0.026882 -0.041768 -0.086772 -0.082485 -0.107795 -0.142837 0.040044 0.076012 -0.008968 0.106047 -0.152864
-0.077806 0.540563 0.172528 0.768749 -0.021750 0.095949 0.001592 0.000000 -0.026404 0.485092 -0.177046 0.603288 -0.045982 0.655580 0.009870 0.379690 -0.121717 0.295665 0.056396 0.457760 -0.005505 0.122756 0.167224 0.460079 0.094113 0.174622 -0.014950 -0.045985 -0.004282 0.150530 0.120913 0.178810 0.228380 0.432860 0.159968 0.211644 -0.058356 0.254787 0.066676 0.188210 0.107020 0.120931 0.171979 0.340589 0.177313 0.310394 0.100888 0.247513 0.160772 0.331348 0.068509 0.446197 -0.079473 0.189058 0.056961 0.310722 -0.093971 0.473727 0.124719 0.427558 -0.011266 0.494152 -0.066378 0.487916 -0.118397 0.465303 0.251840 0.385268 0.266264 0.215329 0.006685 0.252745 0.182655 0.378877 0.108898 0.358704 0.145826 0.326121 -0.079907 0.127862 -0.111364 0.441974 -0.016913 0.252752 -0.019900 0.532743 0.154462 0.270164 -0.104528 0.240608 0.038996 0.225111 0.063249 0.098476 0.071195 0.066314 0.153148 0.295535 0.153197 0.291396 0.157804 0.054690 0.169813 0.217736 0.152761 0.187589 -0.050616 0.038276 0.141914 0.040564 0.022807 0.141981 0.120216 0.126916 0.130422 -0.096997
0.416550 -0.142485 0.387949 -0.064019 0.169717 0.495685 0.559960 -0.026404 0.000000 0.441563 0.555684 -0.141378 0.585960 0.037624 0.622022 0.206845 0.291621 0.000508 0.209601 0.002155 0.322304 0.194839 0.374263 0.208985 0.298317 0.298046 0.083108 0.150720 0.257598 0.116153 0.153925 0.148171 0.244064 0.142074 0.321241 0.284519 0.142530 -0.018678 -0.010707 -0.111540 0.102889 0.054734 0.252728 0.163334 0.241177 0.081286 0.370382 0.172470 0.328204 0.041146 0.438350 0.078147 0.307442 0.043106 0.240231 -0.082796 0.362668 -0.014620 0.357804 0.123067 0.533468 0.174360 0.355525 -0.051480 0.609853 0.199026 0.402519 0.275930 0.103798 0.186126 0.529820 0.373137 0.322225 0.184947 0.303262 -0.007346 0.456455 0.298685 0.125235 -0.107613 0.382547 0.006567 0.198297 0.034735 0.439818 -0.093626 0.171228 -0.134034 0.401479 -0.251202 0.251261 0.083874 0.181499 0.065760 0.129781 0.153228 0.304744 0.157403 0.291425 0.145981 0.277139 0.139873 0.301099 -0.001525 0.237982 0.167949 0.164923 -0.026941 0.051057 0.150454 0.177178 0.235807 0.203258 0.152168 0.168547 0.023393
0.108838 0.237842 0.219807 0.399554 -0.094080 0.464648 0.091889 0.485092 0.441563 0.000000 0.149655 0.313262 0.214427 0.548326 0.414560 0.538448 0.126703 0.272376 -0.020876 0.202267 0.165413 0.295856 0.226212 0.333586 0.252293 0.410903 -0.052132 -0.055035 0.216315 0.314267 0.176932 0.169007 0.285661 0.400811 0.279226 0.307054 0.083852 0.216715 -0.009872 0.021756 0.029917 0.145235 0.281244 0.350494 0.333711 0.298067 0.338067 0.344160 0.296567 0.251215 0.255116 0.423069 0.114906 0.209033 0.142240 0.153400 0.064408 0.307231 0.294073 0.405818 0.260130 0.468503 0.081396 0.363343 0.176180 0.482979 0.361623 0.436756 0.069583 0.264280 0.349068 0.358186 0.206918 0.353576 0.243909 0.247031 0.338443 0.394974 0.111383 0.089909 0.174297 0.376399 0.129579 0.204845 0.218970 0.335158 0.185792 0.089702 0.132392 -0.026931 0.220017 0.242129 0.225273 0.138346 0.211449 0.259695 0.348752 0.386440 0.273038 0.342427 0.294145 0.109829 0.282446 0.097845 0.302492 0.312932 0.163504 0.072755 0.103752 0.256919 0.285895 0.304945 0.273009 0.243850 0.255836 0.030464
0.626698 -0.052101 0.353332 -0.185688 0.081622 0.268780 0.586211 -0.177046 0.555684 0.149655 0.000000 -0.115183 0.662335 -0.040505 0.549408 0.086828 0.550781 0.153765 0.205389 0.091712 0.491195 0.224723 0.464558 0.156645 0.298266 0.280226 0.104212 0.133173 0.440132 0.282490 0.177990 0.234150 0.391775 0.338125 0.220214 0.116892 0.108946 -0.102505 0.069595 -0.049653 0.266809 0.111384 0.383527 0.239093 0.256990 0.212765 0.491792 0.292849 0.462148 0.163155 0.518718 0.057378 0.421838 0.087567 0.269164 -0.113374 0.580750 0.064144 0.434859 0.159752 0.615005 0.203350 0.617283 0.094029 0.663773 0.148263 0.412822 0.280107 0.315788 0.222561 0.498941 0.200419 0.341360 0.230104 0.344963 0.028470 0.475590 0.260740 0.296324 -0.012210 0.595687 0.071561 0.304972 0.187828 0.491660 -0.180083 0.165028 -0.153242 0.474239 -0.374591 0.326791 0.136187 0.281020 0.217319 0.221433 0.248064 0.370990 0.127711 0.352946 0.110566 0.262477 0.263866 0.220259 -0.152031 0.276181 0.159195 0.306869 0.027055 -0.094714 0.215237 0.175433 0.280139 0.312904 0.214635 0.310149 0.112465
-0.080508 0.547439 -0.034353 0.519712 -0.011310 0.049491 -0.197458 0.603288 -0.141378 0.313262 -0.115183 0.000000 0.058506 0.682812 -0.064700 0.208535 0.087609 0.442257 -0.072328 0.274996 -0.163032 -0.001050 0.087124 0.312887 0.044666 0.132781 -0.138711 -0.164993 0.186619 0.289738 0.298253 0.331018 0.220393 0.332875 0.016702 0.042855 -0.047082 0.161506 0.069454 0.107593 0.069635 0.069349 0.132734 0.304973 0.179524 0.319228 0.084194 0.233933 0.144488 0.369141 0.085050 0.489963 -0.048168 0.171260 0.022916 0.239171 -0.100874 0.454908 0.097267 0.426546 -0.032914 0.454235 0.053919 0.589332 -0.204415 0.356823 0.101341 0.253538 0.161861 0.089473 -0.037911 0.274563 0.283143 0.330594 -0.051714 0.280214 0.050051 0.132552 0.011332 0.247312 -0.109463 0.423037 -0.082608 0.104036 -0.131074 0.407460 0.014657 0.193847 -0.179911 0.321465 0.012552 0.216975 0.032445 0.185081 0.058602 0.084301 0.122914 0.251273 0.133867 0.283136 0.163303 0.074218 0.201880 0.269450 0.203255 0.219449 -0.001468 0.128408 0.116627 0.091844 0.066185 0.154356 0.075589 0.226239 0.147113 0.020776
0.566042 -0.059685 0.489204 -0.037543 0.152898 0.377382 0.702132 -0.045982 0.585960 0.214427 0.662335 0.058506 0.000000 0.095722 0.567400 0.130409 0.345492 0.011463 0.358072 0.049862 0.361409 0.165950 0.531208 0.324322 0.147501 0.211334 0.150979 0.177467 0.339491 0.079614 0.294086 0.316393 0.329174 0.223437 0.359917 0.290740 0.222784 0.039089 0.150329 0.013978 0.237637 0.165341 0.294064 0.128124 0.170203 0.070149 0.376060 0.216625 0.329679 0.056518 0.482611 0.130253 0.357981 0.075105 0.362558 0.113227 0.460536 0.033371 0.368679 0.148256 0.577065 0.165078 0.498637 -0.037623 0.613392 0.127347 0.357125 0.208412 0.181191 0.182854 0.420112 0.289556 0.367895 0.165972 0.432141 0.021692 0.508115 0.358357 0.077641 -0.130917 0.359020 -0.057252 0.220328 0.081958 0.374328 -0.196620 0.234695 0.029587 0.377398 -0.133139 0.283589 0.188343 0.166402 0.174507 0.052248 0.074725 0.207868 0.014757 0.320674 0.162500 0.257068 0.122445 0.292246 0.041581 0.214803 0.158421 0.070683 -0.008818 -0.101866 0.030327 0.088805 0.229310 0.219772 0.146040 0.197178 -0.018148
0.004024 0.477609 0.041169 0.448587 -0.237229 0.082119 -0.146833 0.655580 0.037624 0.548326 -0.040505 0.682812 0.095722 0.000000 0.259738 0.573138 0.083293 0.456297 -0.077418 0.272328 0.082459 0.210349 0.128945 0.317975 0.242651 0.379562 -0.139146 -0.193695 0.161488 0.313031 0.101870 0.185819 0.231274 0.402972 0.184499 0.182916 0.085304 0.293834 0.136332 0.205264 0.159768 0.153263 0.419918 0.546600 0.352867 0.523605 0.376701 0.515179 0.376639 0.578467 0.309125 0.708244 0.203723 0.466283 0.270170 0.375122 -0.049721 0.498358 0.319848 0.603278 0.138055 0.587931 0.048495 0.590163 -0.028610 0.530802 0.356934 0.528698 0.153159 0.312420 0.169698 0.342999 0.251727 0.420639 0.216530 0.410311 0.279560 0.394785 0.110323 0.222328 0.057389 0.537102 0.154569 0.334323 0.106772 0.575954 0.215398 0.186375 0.055638 0.197389 0.222756 0.367489 0.210371 0.192894 0.162566 0.179593 0.313125 0.411349 0.356335 0.499387 0.292364 0.175446 0.256834 0.175117 0.371223 0.421189 0.072258 0.007060 0.170762 0.234508 0.303418 0.421696 0.369203 0.329493 0.371492 0.092507
0.458757 -0.072452 0.328156 -0.033943 -0.177452 0.326384 0.427079 0.009870 0.622022 0.414560 0.549408 -0.064700 0.567400 0.259738 0.000000 0.577090 0.460528 0.238234 0.192316 -0.022271 0.508283 0.417887 0.450355 0.245819 0.384068 0.543557 0.048634 0.121897 0.417861 0.422635 0.150662 0.226917 0.256454 0.153607 0.413935 0.255369 0.330529 0.081474 0.340884 0.225281 0.338797 0.184248 0.552539 0.444799 0.427443 0.410160 0.614580 0.536851 0.512972 0.275153 0.587645 0.336134 0.544649 0.372531 0.553391 0.188067 0.346720 0.104269 0.496862 0.320314 0.578791 0.299126 0.418324 0.118979 0.561639 0.320517 0.522421 0.460648 0.103469 0.272411 0.622681 0.310766 0.221288 0.275628 0.446113 0.166238 0.576037 0.460258 0.409005 0.130203 0.611765 0.193600 0.597773 0.365910 0.544222 0.113900 0.460357 -0.011288 0.529364 -0.165316 0.489864 0.380307 0.426253 0.206041 0.446029 0.456812 0.585482 0.340273 0.515287 0.411494 0.412761 0.181513 0.217608 -0.207668 0.491602 0.492767 0.406404 0.072173 0.108582 0.507361 0.527130 0.526092 0.493107 0.360592 0.470226 0.348838
-0.054738 0.081384 -0.004526 0.263020 -0.152854 0.233529 -0.019871 0.379690 0.206845 0.538448 0.086828 0.208535 0.130409 0.573138 0.577090 0.000000 0.229667 0.264265 0.208017 0.117612 0.471313 0.572073 0.112587 0.219218 0.155842 0.448636 0.069138 0.176304 0.328204 0.397278 0.103003 0.156936 0.159937 0.216161 0.175087 0.130555 0.351422 0.251850 0.326896 0.456375 0.340297 0.336417 0.424887 0.483908 0.397478 0.469902 0.384104 0.495946 0.307946 0.386539 0.221094 0.453170 0.166863 0.498603 0.312973 0.519411 -0.117965 0.113894 0.152256 0.321636 0.089370 0.266361 -0.002985 0.269328 0.067711 0.295945 0.281981 0.372109 0.040226 0.196818 0.346232 0.402540 0.054951 0.123932 0.187371 0.367442 0.338806 0.565115 0.350386 0.424895 0.241109 0.395388 0.455363 0.444628 0.092539 0.593546 0.331959 0.216546 0.070523 0.281797 0.181232 0.314603 0.136619 0.078361 0.481360 0.464269 0.559525 0.544831 0.334886 0.443659 0.096882 0.045275 0.025477 0.005282 0.416774 0.497955 0.286911 0.162876 0.240021 0.499321 0.525321 0.453434 0.363020 0.229018 0.339409 0.260879
0.326464 0.113031 0.100436 -0.067706 -0.059739 0.058367 0.149123 -0.121717 0.291621 0.126703 0.550781 0.087609 0.345492 0.083293 0.460528 0.229667 0.000000 0.521582 0.044977 0.033209 0.314158 0.223573 0.256599 0.126417 0.152341 0.342305 0.023217 0.049796 0.678865 0.625139 0.265551 0.335314 0.176991 0.180967 0.109157 0.042891 0.290963 0.027153 0.385776 0.243237 0.319140 0.116580 0.385939 0.334373 0.423537 0.395835 0.386167 0.369336 0.421515 0.182395 0.339374 0.118214 0.266870 0.118773 0.254297 -0.003697 0.392527 0.186730 0.241270 0.158843 0.303078 0.178968 0.603827 0.326199 0.349511 0.164666 0.274255 0.251666 0.126132 0.022684 0.297253 0.158178 0.290164 0.211475 0.129997 0.095621 0.257464 0.144775 0.555715 0.438874 0.616287 0.273485 0.467928 0.240837 0.268821 0.009568 0.241547 -0.026627 0.259457 -0.056685 0.312399 0.279543 0.311598 0.347606 0.452515 0.493508 0.460256 0.281654 0.347180 0.249866 0.248370 0.207751 0.128752 -0.128379 0.353981 0.279811 0.439217 0.248030 0.066365 0.513029 0.341205 0.329310 0.280524 0.371102 0.285950 0.400566
0.241652 0.602532 0.131156 0.242237 -0.319648 -0.145362 -0.174406 0.295665 0.000508 0.272376 0.153765 0.442257 0.011463 0.456297 0.238234 0.264265 0.521582 0.000000 -0.303659 0.241179 0.024384 0.224600 0.237206 0.233427 0.350225 0.393138 -0.325737 -0.375211 0.453145 0.703805 0.022862 0.136692 0.167131 0.296188 0.091266 0.077441 0.022008 0.245035 0.201126 0.134419 0.158023 0.150244 0.431495 0.541585 0.493032 0.624485 0.404715 0.498527 0.510532 0.538722 0.344182 0.532256 0.316732 0.200013 0.223459 -0.026609 0.304191 0.668895 0.387632 0.543217 0.239802 0.524990 0.424560 0.770089 0.159446 0.616336 0.380474 0.543623 0.299870 0.293368 0.091529 -0.031806 0.314369 0.616903 0.167806 0.297526 0.110013 0.035142 0.547330 0.403972 0.507689 0.723978 0.315133 0.424653 0.346314 0.228447 0.288163 0.130659 0.289997 -0.148638 0.452916 0.411734 0.482593 0.362699 0.282671 0.315303 0.338995 0.344741 0.411456 0.463999 0.480643 0.333635 0.367619 -0.025857 0.410672 0.383251 0.262226 0.065777 0.111532 0.404507 0.272480 0.431571 0.362206 0.553813 0.411324 0.275566
0.055984 -0.184294 0.134603 0.136696 0.421199 0.224674 0.443141 0.056396 0.209601 -0.020876 0.205389 -0.072328 0.358072 -0.077418 0.192316 0.208017 0.044977 -0.303659 0.000000 0.242885 0.319558 0.194853 0.221823 0.145083 -0.359768 -0.199706 0.372978 0.496004 0.138857 -0.129926 0.308366 0.234140 0.260344 0.141049 0.078755 -0.013206 0.321953 0.012642 0.206484 0.351454 0.364270 0.266063 0.061035 0.003908 -0.045606 -0.089324 0.006932 -0.067010 -0.076442 -0.123761 -0.052276 -0.172080 -0.168433 0.079373 0.107029 0.394256 0.008205 -0.267396 -0.190832 -0.185850 -0.038147 -0.276960 0.003010 -0.287971 0.077118 -0.354693 0.007137 -0.161057 0.165084 -0.135360 0.197008 0.350781 0.163072 -0.229322 0.022077 -0.018741 0.269840 0.418512 -0.034517 0.141938 -0.044877 -0.250248 0.104374 0.019442 -0.181623 0.091763 0.004948 0.086809 -0.086373 0.376683 -0.272396 -0.106493 -0.307374 -0.113746 0.228064 0.111240 0.216100 0.198567 0.043386 -0.010225 -0.288853 -0.161975 -0.179397 0.130564 0.050086 0.074790 0.020602 0.178475 0.094457 0.038917 -0.028865 -0.012560 -0.040833 -0.154915 -0.088312 -0.017180
0.226197 0.531701 0.372918 0.412480 -0.006359 0.027601 0.125170 0.457760 0.002155 0.202267 0.091712 0.274996 0.049862 0.272328 -0.022271 0.117612 0.033209 0.241179 0.242885 0.000000 0.054464 0.099411 0.237734 0.345617 0.169830 0.079409 -0.022194 -0.006607 0.081097 0.140216 0.078028 0.225206 0.297441 0.533673 -0.036527 -0.058467 -0.069864 0.141197 0.088597 0.185039 0.225963 0.337668 0.216085 0.321110 0.114446 0.234636 0.196553 0.167069 0.236732 0.204029 0.163604 0.246859 0.025488 0.044219 0.111371 0.091557 0.255515 0.443774 0.158236 0.270123 0.056290 0.230552 0.167568 0.339607 0.045573 0.175414 0.169857 0.204754 0.445961 0.215440 0.078850 0.172825 0.349351 0.362828 0.133921 0.181637 0.178964 0.183659 0.070002 0.129934 0.088311 0.258812 0.082081 0.184859 0.085244 0.160073 0.150243 0.113970 0.034408 0.006622 0.044273 0.040195 0.090826 0.094685 0.148507 0.080244 0.169014 0.301666 0.208453 0.167761 0.100511 0.099261 0.163939 0.087571 0.111857 0.130681 0.000926 0.010315 0.035223 0.055179 -0.099684 0.163221 0.105942 0.167144 0.157395 -0.032399
0.114008 -0.167918 0.178759 -0.044589 0.190174 0.275824 0.348267 -0.005505 0.322304 0.165413 0.491195 -0.163032 0.361409 0.082459 0.508283 0.471313 0.314158 0.024384 0.319558 0.054464 0.000000 0.566873 0.281186 0.289024 0.145694 0.305639 0.323621 0.435518 0.388376 0.237585 0.248023 0.276633 0.294631 0.254497 0.256629 0.187955 0.419581 0.225571 0.296497 0.269705 0.486462 0.316632 0.223973 0.136777 0.128882 0.108113 0.271061 0.231362 0.194153 0.167240 0.215140 0.043772 0.112513 0.151693 0.187829 0.288311 0.130576 -0.121953 0.058133 -0.025222 0.181049 -0.085332 0.117761 -0.030120 0.367180 -0.030338 0.222954 0.126451 0.183953 0.209121 0.412734 0.332582 0.145481 0.054713 0.329862 0.312667 0.530135 0.597284 0.185385 0.108016 0.268123 0.109448 0.335165 0.386085 0.125966 0.109782 0.299417 0.209837 0.170330 -0.053762 0.039869 0.084648 -0.023012 -0.096977 0.389146 0.314934 0.412920 0.227420 0.164356 0.082453 -0.073499 0.002425 -0.016874 -0.056873 0.226499 0.169509 0.252296 0.157128 0.033583 0.256337 0.259639 0.127789 0.163056 -0.081991 0.154133 -0.011875
-0.063789 -0.090134 0.064773 0.054718 0.107015 0.279934 0.057917 0.122756 0.194839 0.295856 0.224723 -0.001050 0.165950 0.210349 0.417887 0.572073 0.223573 0.224600 0.194853 0.099411 0.566873 0.000000 0.091987 0.193281 0.141166 0.317072 -0.024909 0.213072 0.466989 0.427118 0.178560 0.187658 0.159588 0.150222 0.048254 0.020688 0.336596 0.273637 0.200355 0.297616 0.413747 0.498078 0.289004 0.301859 0.419965 0.306570 0.255240 0.269981 0.214538 0.232634 0.123710 0.197980 0.080400 0.215115 0.146180 0.316385 -0.097318 -0.058437 0.029234 0.066867 0.043796 0.006336 0.024262 0.128808 0.186245 0.161362 0.156525 0.200249 0.045547 0.157033 0.369250 0.357438 0.122444 0.112892 0.085090 0.248550 0.210406 0.395643 0.441414 0.354108 0.317571 0.377601 0.318046 0.361747 0.106347 0.310585 0.223276 0.191707 0.080295 0.096029 0.069206 0.138364 0.038741 -0.032421 0.368030 0.324301 0.410421 0.384688 0.173393 0.221313 0.024998 0.018935 0.077378 0.094581 0.270905 0.283302 0.210423 0.164178 0.060558 0.327173 0.314210 0.226132 0.176128 0.097808 0.140336 0.046316
0.565399 0.336407 0.584059 0.292275 -0.117697 0.082342 0.527004 0.167224 0.374263 0.226212 0.464558 0.087124 0.531208 0.128945 0.450355 0.112587 0.256599 0.237206 0.221823 0.237734 0.281186 0.091987 0.000000 0.608033 0.355535 0.330617 0.046283 0.000117 0.104337 0.185601 0.249804 0.336616 0.431086 0.381037 0.532237 0.364160 0.064669 0.085941 0.184027 0.017891 0.260986 0.092749 0.387787 0.293396 0.202891 0.234692 0.420791 0.367682 0.369972 0.179772 0.490246 0.259341 0.398381 0.149091 0.374993 0.028618 0.509753 0.440152 0.491840 0.380724 0.520577 0.340278 0.454205 0.267553 0.578867 0.326297 0.541518 0.435227 0.340585 0.374194 0.361467 0.127539 0.309081 0.456136 0.455577 0.071331 0.501423 0.317009 0.066425 -0.160035 0.393476 0.171912 0.311829 0.349958 0.505237 -0.057221 0.357109 0.040659 0.468505 -0.276408 0.449513 0.363813 0.408444 0.334927 0.155781 0.168594 0.286828 0.066398 0.398486 0.291589 0.438659 0.335401 0.304129 -0.127561 0.343070 0.340922 0.153724 -0.066302 0.003039 0.116882 0.109232 0.302414 0.362258 0.334416 0.345740 0.086551
0.154947 0.392767 0.581782 0.565052 0.055380 0.189698 0.302062 0.460079 0.208985 0.333586 0.156645 0.312887 0.324322 0.317975 0.245819 0.219218 0.126417 0.233427 0.145083 0.345617 0.289024 0.193281 0.608033 0.000000 0.227287 0.311192 0.083087 0.086398 0.139384 0.169143 0.375568 0.494843 0.324039 0.390302 0.446526 0.454094 0.201757 0.382120 0.277708 0.192062 0.328136 0.240578 0.151630 0.167892 0.183188 0.152273 0.165107 0.239263 0.192166 0.172175 0.230354 0.277707 0.069967 0.047162 0.204335 0.234079 0.185974 0.386806 0.167643 0.241425 0.158589 0.239059 0.172806 0.297746 0.326757 0.296115 0.319377 0.290038 0.246924 0.285445 0.195909 0.276645 0.313173 0.367141 0.327091 0.232390 0.386775 0.410137 -0.096679 -0.047948 0.063167 0.280837 0.160873 0.338231 0.157209 0.163118 0.399340 0.326903 0.111513 0.035467 0.175575 0.276573 0.132755 0.138759 0.124565 0.121129 0.157291 0.094388 0.177170 0.212405 0.226848 0.081361 0.250050 0.087445 0.184363 0.184361 0.025720 0.054861 0.058186 0.023939 0.040233 0.083134 0.127782 0.085020 0.116706 -0.113992
0.429634 0.305157 0.250207 -0.077722 -0.478626 0.029684 0.060984 0.094113 0.298317 0.252293 0.298266 0.044666 0.147501 0.242651 0.384068 0.155842 0.152341 0.350225 -0.359768 0.169830 0.145694 0.141166 0.355535 0.227287 0.000000 0.728318 -0.288858 -0.341802 0.028450 0.252049 -0.246201 0.014654 0.114826 0.180748 0.229485 0.167583 -0.167323 -0.000865 -0.040776 -0.217571 -0.009713 0.033069 0.482746 0.478412 0.360727 0.428387 0.552472 0.523370 0.552889 0.444155 0.616463 0.474436 0.612938 0.294696 0.337913 -0.147781 0.381043 0.446289 0.626526 0.501677 0.521413 0.501145 0.349719 0.373564 0.481744 0.550158 0.528618 0.583464 0.243032 0.501425 0.328928 0.038892 0.139014 0.475587 0.295817 0.167855 0.263145 0.008357 0.229991 -0.111008 0.481376 0.404500 0.278917 0.290238 0.649201 0.120183 0.294875 -0.157566 0.514817 -0.508254 0.618936 0.385732 0.591033 0.319727 0.104800 0.166561 0.265601 0.134597 0.431602 0.375291 0.568292 0.486939 0.413022 -0.171527 0.316974 0.346199 0.151333 -0.252858 -0.021910 0.181433 0.286424 0.453770 0.496113 0.413848 0.462187 0.151207
0.290327 0.206377 0.135423 0.014168 -0.460444 0.148811 0.018711 0.174622 0.298046 0.410903 0.280226 0.132781 0.211334 0.379562 0.543557 0.448636 0.342305 0.393138 -0.199706 0.079409 0.305639 0.317072 0.330617 0.311192 0.728318 0.000000 -0.108083 -0.149060 0.248546 0.438988 -0.022301 0.215318 0.155126 0.194560 0.352397 0.267431 0.122184 0.147445 0.196001 0.038514 0.151084 0.154539 0.526680 0.530436 0.470352 0.508670 0.582082 0.642323 0.518645 0.454995 0.555756 0.501917 0.528360 0.402627 0.411959 0.125175 0.221937 0.328515 0.511242 0.465655 0.437285 0.461535 0.315213 0.375826 0.393157 0.514842 0.534100 0.584819 0.134951 0.453211 0.409947 0.217274 0.103755 0.378244 0.264934 0.230257 0.365057 0.208777 0.366016 0.126747 0.500510 0.434023 0.439577 0.384313 0.521738 0.301091 0.359619 -0.028942 0.412315 -0.233638 0.587941 0.499491 0.544099 0.355995 0.362801 0.425357 0.465352 0.272668 0.448364 0.462869 0.510770 0.401264 0.326952 -0.113689 0.457994 0.478541 0.316589 -0.017592 0.020412 0.383094 0.515403 0.498876 0.533689 0.400987 0.443703 0.283173
-0.116076 -0.249997 0.063526 0.034371 0.356474 0.215330 0.266327 -0.014950 0.083108 -0.052132 0.104212 -0.138711 0.150979 -0.139146 0.048634 0.069138 0.023217 -0.325737 0.372978 -0.022194 0.323621 -0.024909 0.046283 0.083087 -0.288858 -0.108083 0.000000 0.558759 0.033537 -0.161025 0.331351 0.285416 0.155401 0.095209 0.105709 0.092399 0.182284 -0.038013 0.206283 0.166244 0.098352 0.041271 -0.212999 -0.269896 -0.325982 -0.348317 -0.159464 -0.180617 -0.291064 -0.312229 -0.225386 -0.340355 -0.257363 -0.168398 -0.082236 0.191068 -0.067058 -0.289900 -0.302790 -0.350244 -0.141865 -0.312916 -0.145287 -0.302106 -0.079369 -0.375441 -0.169227 -0.293669 -0.021933 -0.065459 -0.022475 0.189235 -0.016776 -0.250360 0.149299 0.099205 0.205633 0.276207 -0.205364 -0.048004 -0.193622 -0.335077 -0.039946 -0.088932 -0.277044 -0.102399 -0.006836 0.124659 -0.165558 0.210451 -0.281247 -0.191335 -0.296944 -0.131591 0.139958 0.037296 0.020902 -0.135974 -0.170999 -0.258759 -0.290869 -0.183786 -0.063425 0.162516 0.018399 -0.088395 0.055029 0.237423 -0.163829 -0.082773 -0.051727 -0.259414 -0.230493 -0.283523 -0.165545 -0.092078
-0.165768 -0.375955 -0.026473 0.027763 0.510736 0.327379 0.304809 -0.045985 0.150720 -0.055035 0.133173 -0.164993 0.177467 -0.193695 0.121897 0.176304 0.049796 -0.375211 0.496004 -0.006607 0.435518 0.213072 0.000117 0.086398 -0.341802 -0.149060 0.558759 0.000000 0.125846 -0.064195 0.400744 0.284665 0.121950 -0.002685 0.039091 0.000078 0.321926 0.021759 0.218665 0.287965 0.252683 0.158237 -0.175690 -0.204148 -0.161773 -0.298312 -0.168968 -0.218208 -0.280255 -0.326962 -0.226162 -0.374080 -0.288484 -0.124754 -0.067992 0.294346 -0.167946 -0.471710 -0.378944 -0.450374 -0.181786 -0.439749 -0.169531 -0.392242 -0.039350 -0.444942 -0.208981 -0.377189 -0.040238 -0.217518 0.113583 0.315272 0.012592 -0.332935 -0.061264 0.055125 0.213128 0.352349 -0.076022 0.117785 -0.150715 -0.297032 0.027021 -0.061135 -0.297447 0.017628 -0.037311 0.151797 -0.200808 0.327574 -0.379629 -0.213190 -0.369483 -0.245320 0.276475 0.166752 0.179230 0.101857 -0.142530 -0.186119 -0.355761 -0.291289 -0.188976 0.140497 0.064679 -0.013358 0.141490 0.368186 0.088437 0.094966 -0.035787 -0.238431 -0.215678 -0.268396 -0.148852 -0.026898
0.099468 0.034647 0.053988 0.004301 0.205507 0.292973 0.105139 -0.004282 0.257598 0.216315 0.440132 0.186619 0.339491 0.161488 0.417861 0.328204 0.678865 0.453145 0.138857 0.081097 0.388376 0.466989 0.104337 0.139384 0.028450 0.248546 0.033537 0.125846 0.000000 0.650944 0.384622 0.388596 0.170945 0.182059 0.002035 -0.024959 0.398397 0.158524 0.222344 0.211630 0.331715 0.337136 0.235275 0.236665 0.391216 0.302548 0.251673 0.210128 0.256442 0.148708 0.163799 0.102932 0.060027 0.087639 0.079057 0.122608 0.168529 0.054899 0.035059 0.055918 0.123084 0.081090 0.385156 0.278467 0.247573 0.140095 0.120557 0.107866 0.114595 0.044739 0.313726 0.388386 0.446399 0.171589 0.025291 0.187163 0.203888 0.253602 0.546771 0.536937 0.444097 0.381355 0.281900 0.162747 0.077061 0.121812 0.115503 0.066468 0.042702 0.104842 0.074051 0.153219 0.077852 0.213916 0.412401 0.427341 0.435787 0.368954 0.171818 0.144647 0.091769 0.123271 0.105815 0.088929 0.280774 0.215369 0.384310 0.369207 0.071725 0.417314 0.264210 0.165187 0.150326 0.197441 0.133389 0.184901
0.137467 0.285607 0.018946 0.139862 -0.185206 0.069819 -0.135550 0.150530 0.116153 0.314267 0.282490 0.289738 0.079614 0.313031 0.422635 0.397278 0.625139 0.703805 -0.129926 0.140216 0.237585 0.427118 0.185601 0.169143 0.252049 0.438988 -0.161025 -0.064195 0.650944 0.000000 0.263272 0.319712 0.177133 0.213606 0.067192 -0.044674 0.180420 0.148425 0.294915 0.224603 0.253076 0.243785 0.378714 0.465012 0.512884 0.535841 0.384322 0.430192 0.356864 0.311143 0.239892 0.312455 0.240220 0.203944 0.190656 -0.004606 0.129223 0.356395 0.263465 0.340570 0.213596 0.347451 0.316081 0.558650 0.128220 0.405816 0.272011 0.351499 0.061829 0.096329 0.372248 0.178495 0.231818 0.414366 0.021894 0.243984 0.155376 0.097175 0.689362 0.569016 0.574352 0.588182 0.430432 0.337295 0.276599 0.246470 0.213891 -0.021700 0.221748 -0.056147 0.336389 0.354717 0.431907 0.369631 0.609758 0.649067 0.592380 0.460095 0.287285 0.321460 0.392643 0.258106 0.157656 -0.106809 0.456702 0.434134 0.575396 0.382371 0.125249 0.686588 0.453378 0.329923 0.325169 0.455241 0.334008 0.487130
-0.107431 -0.042933 0.113120 0.257869 0.401339 0.312290 0.183006 0.120913 0.153925 0.176932 0.177990 0.298253 0.294086 0.101870 0.150662 0.103003 0.265551 0.022862 0.308366 0.078028 0.248023 0.178560 0.249804 0.375568 -0.246201 -0.022301 0.331351 0.400744 0.384622 0.263272 0.000000 0.763406 0.364152 0.273950 0.206507 0.119873 0.291193 0.139870 0.179678 0.130202 0.209446 0.114991 -0.111192 -0.116167 -0.019471 -0.144418 -0.069444 -0.075434 -0.194610 -0.246666 -0.148106 -0.159483 -0.251605 -0.090691 -0.110366 0.090194 -0.091216 -0.081654 -0.211288 -0.186450 -0.064738 -0.099829 0.042011 0.039230 0.000627 -0.151221 -0.061043 -0.192444 -0.093539 -0.172186 0.301295 0.483408 0.331843 0.018975 0.000898 0.073188 0.282525 0.303539 -0.049130 0.147928 -0.067230 -0.041884 -0.063522 -0.130192 -0.241296 -0.025163 -0.076927 0.059657 -0.219255 0.276404 -0.255998 -0.030775 -0.199681 0.010715 0.223716 0.164365 0.193585 0.085632 -0.066146 -0.052983 -0.106152 -0.140312 -0.023253 0.213195 0.142100 0.102692 0.122090 0.291737 0.027523 0.153986 0.072558 -0.129279 -0.143107 -0.047914 -0.062429 -0.014868
0.026379 0.103038 0.208098 0.230306 0.233133 0.300977 0.163023 0.178810 0.148171 0.169007 0.234150 0.331018 0.316393 0.185819 0.226917 0.156936 0.335314 0.136692 0.234140 0.225206 0.276633 0.187658 0.336616 0.494843 0.014654 0.215318 0.285416 0.284665 0.388596 0.319712 0.763406 0.000000 0.408886 0.379040 0.252023 0.175093 0.308807 0.192797 0.283509 0.152862 0.289387 0.204402 0.066002 0.056240 0.088230 0.009948 0.125361 0.152709 -0.004081 -0.097473 0.048113 -0.025408 -0.052853 0.013185 0.070343 0.150071 0.072211 0.098182 -0.037996 -0.041460 0.061398 0.074453 0.201985 0.174550 0.116800 0.003725 0.087802 -0.005800 0.021519 0.012857 0.322739 0.500140 0.347906 0.126205 0.119223 0.130096 0.374259 0.312358 0.017135 0.155286 0.082562 0.075088 0.111530 0.069528 -0.035499 0.047073 0.112439 0.089777 -0.048741 0.184693 -0.014869 0.170870 0.034440 0.167565 0.340563 0.283235 0.301403 0.131484 0.135267 0.112208 0.084255 0.019197 0.095148 0.118904 0.275956 0.245518 0.224874 0.286714 0.013279 0.206339 0.230035 0.046655 0.062538 0.105725 0.102265 0.109435
0.294410 0.263942 0.225841 0.173273 0.103362 0.222765 0.305223 0.228380 0.244064 0.285661 0.391775 0.220393 0.329174 0.231274 0.256454 0.159937 0.176991 0.167131 0.260344 0.297441 0.294631 0.159588 0.431086 0.324039 0.114826 0.155126 0.155401 0.121950 0.170945 0.177133 0.364152 0.408886 0.000000 0.754309 0.311218 0.241491 0.023241 0.078742 0.014448 -0.056833 0.151197 0.057441 0.215177 0.205229 0.104201 0.195197 0.298624 0.269657 0.252855 0.224066 0.245317 0.182506 0.114231 0.039064 0.086627 -0.017922 0.329072 0.295627 0.313087 0.337727 0.360971 0.333052 0.226629 0.293798 0.298494 0.229210 0.492072 0.357691 0.405481 0.221935 0.299260 0.258260 0.284303 0.327313 0.269860 0.179670 0.393693 0.316080 0.055997 -0.015724 0.203611 0.172761 0.051242 0.162979 0.195010 0.033394 0.050514 -0.003904 0.200359 -0.162149 0.085734 0.117050 0.124495 0.146222 0.153358 0.147023 0.292381 0.120136 0.259998 0.144714 0.191102 0.180353 0.202444 0.060393 0.280357 0.228261 0.183137 0.093500 -0.059428 0.077402 0.125971 0.168260 0.209488 0.097915 0.188544 -0.097879
0.302052 0.483083 0.277365 0.336925 -0.012846 0.149975 0.192421 0.432860 0.142074 0.400811 0.338125 0.332875 0.223437 0.402972 0.153607 0.216161 0.180967 0.296188 0.141049 0.533673 0.254497 0.150222 0.381037 0.390302 0.180748 0.194560 0.095209 -0.002685 0.182059 0.213606 0.273950 0.379040 0.754309 0.000000 0.236685 0.205409 -0.042350 0.145934 -0.012224 -0.025092 0.168333 0.115642 0.290520 0.319137 0.169123 0.297713 0.343372 0.354826 0.335439 0.329360 0.253451 0.320143 0.095905 0.121323 0.070457 0.031674 0.361361 0.482828 0.334951 0.441579 0.302396 0.458134 0.246707 0.483127 0.219535 0.344318 0.462131 0.426809 0.479515 0.288277 0.218593 0.268066 0.384883 0.449799 0.322302 0.288303 0.376497 0.366567 0.055206 0.059090 0.184402 0.333497 0.032627 0.221694 0.171165 0.143647 0.063233 0.039231 0.125080 -0.142768 0.126759 0.177925 0.172941 0.212791 0.124738 0.136701 0.276104 0.225981 0.313789 0.255833 0.197400 0.221778 0.248403 0.085847 0.269791 0.240700 0.110744 0.013245 -0.088535 0.069753 0.075291 0.251063 0.268715 0.192047 0.263289 -0.109075
0.313255 0.075673 0.343553 0.167669 -0.084050 0.173674 0.326278 0.159968 0.321241 0.279226 0.220214 0.016702 0.359917 0.184499 0.413935 0.175087 0.109157 0.091266 0.078755 -0.036527 0.256629 0.048254 0.532237 0.446526 0.229485 0.352397 0.105709 0.039091 0.002035 0.067192 0.206507 0.252023 0.311218 0.236685 0.000000 0.658493 0.322891 0.362488 0.298216 0.065651 0.269094 -0.093880 0.296221 0.150989 0.197596 0.167528 0.325772 0.336213 0.260723 0.161682 0.343954 0.180996 0.268761 0.083093 0.362922 0.081479 0.272182 0.236317 0.360692 0.260556 0.404762 0.267641 0.273681 0.105357 0.427180 0.305105 0.529769 0.408939 0.106917 0.264312 0.335749 0.165398 0.167897 0.336887 0.463877 0.164491 0.597131 0.441359 -0.067332 -0.263813 0.225776 0.072395 0.307781 0.339009 0.389708 -0.047444 0.363684 0.203370 0.407756 -0.191759 0.372363 0.342464 0.323322 0.083461 0.073577 0.133545 0.194993 -0.019656 0.296030 0.261923 0.306756 0.030011 0.121212 -0.210600 0.257558 0.219861 0.136663 -0.037895 0.044643 0.111761 0.240241 0.230795 0.297775 0.172309 0.180495 0.044655
0.152119 0.092525 0.354664 0.228943 0.012807 0.199711 0.273219 0.211644 0.284519 0.307054 0.116892 0.042855 0.290740 0.182916 0.255369 0.130555 0.042891 0.077441 -0.013206 -0.058467 0.187955 0.020688 0.364160 0.454094 0.167583 0.267431 0.092399 0.000078 -0.024959 -0.044674 0.119873 0.175093 0.241491 0.205409 0.658493 0.000000 0.318181 0.522414 0.179493 0.004322 0.094014 -0.126815 0.069468 -0.002686 0.131041 -0.003150 0.157789 0.232851 0.136369 0.095934 0.224984 0.137458 0.115424 -0.040573 0.202267 0.111731 0.179505 0.199556 0.181300 0.146659 0.211507 0.209692 0.138667 0.093148 0.353828 0.291468 0.361093 0.350149 0.040762 0.213182 0.091163 0.069681 0.108044 0.270925 0.466976 0.153687 0.465669 0.404633 -0.234825 -0.346295 0.041274 0.124872 0.121834 0.305859 0.247093 -0.056596 0.354057 0.363561 0.260006 -0.153681 0.263589 0.308539 0.147901 0.000284 -0.101445 -0.055506 -0.037173 -0.169044 0.194982 0.199971 0.251225 0.048259 0.267274 0.037923 0.148764 0.060365 0.016835 -0.013584 -0.125226 -0.158828 0.095834 0.037316 0.153650 0.016873 0.027180 -0.199919
-0.099634 -0.187263 0.044253 0.013935 0.195924 0.269578 0.097703 -0.058356 0.142530 0.083852 0.108946 -0.047082 0.222784 0.085304 0.330529 0.351422 0.290963 0.022008 0.321953 -0.069864 0.419581 0.336596 0.064669 0.201757 -0.167323 0.122184 0.182284 0.321926 0.398397 0.180420 0.291193 0.308807 0.023241 -0.042350 0.322891 0.318181 0.000000 0.616222 0.549097 0.525182 0.596208 0.304450 0.124801 0.029472 0.235642 0.043250 0.089843 0.150542 0.039068 0.045523 0.043949 -0.020997 -0.044931 0.100706 0.241062 0.432812 -0.065128 -0.198081 -0.180066 -0.175793 -0.096197 -0.210050 0.076669 -0.107114 0.132149 -0.157194 0.042098 -0.015674 -0.137499 -0.085720 0.204398 0.319140 0.153732 -0.117090 0.116252 0.079614 0.366424 0.486331 0.078726 0.188729 0.074148 -0.030725 0.425004 0.363737 -0.076852 0.100830 0.337611 0.388256 0.004026 0.296407 -0.001161 0.219515 -0.091039 -0.172164 0.362084 0.331784 0.257982 0.181623 0.133211 0.169180 -0.151842 -0.226179 -0.193271 -0.081317 0.236184 0.181049 0.261114 0.325672 0.155792 0.268065 0.278970 0.041421 0.070528 -0.052574 -0.004998 0.180249
