0.000000 0.561931 0.734867 0.482064 0.345633 0.025073 0.797883 0.586861 0.311717 0.194669 0.554435 0.558497 0.502382 0.464163 0.607976 0.162639 0.337813 0.474988 0.738598 0.768260 0.156962 0.177829 0.653618 0.389305 0.486775 0.213819 0.344802 -0.060581 0.088008 0.596959 0.577204 0.442887 0.725924 0.720842 0.619006 0.572981 0.090974 0.179113 0.325054 0.033321 0.008106 0.223495 0.558681 0.585034 0.546301 0.531524 0.558926 0.456225 0.498750 0.475284 0.634192 0.402860 0.637222 0.117686 0.656878 0.190255 0.854978 0.529060 0.816433 0.644852 0.857682 0.533046 0.554072 0.450634 0.445635 0.426021 0.664111 0.619028 0.809900 0.573991 0.620075 0.038705 0.139778 0.416004 0.541102 0.040049 0.629627 0.415476 0.646701 0.191607 0.720054 0.151657 0.542962 0.122965 0.656186 -0.020964 0.650749 -0.017150 0.447765 -0.085271 0.503855 0.274106 0.461980 0.046010 0.084902 0.309802 0.490974 0.110734 0.459113 0.341080 0.512564 0.027629 0.596150 0.040341 0.306849 -0.042754 -0.303827 0.112352 0.068202 0.091384 0.493228 0.576029 0.548232 0.476939 0.196674 0.055304
0.561931 0.000000 0.347077 0.637583 0.038811 0.105821 0.322656 0.725762 0.051224 0.136322 0.352647 0.593615 0.365614 0.676572 0.293866 0.450453 0.356971 0.468521 0.731023 0.741521 0.251762 0.411515 0.443191 0.510248 0.178914 0.221022 0.236166 0.054385 0.267283 0.408118 0.308825 0.522914 0.661881 0.716440 0.635658 0.611570 0.258733 0.514769 0.225206 0.353019 0.191087 0.427909 0.734996 0.750440 0.663383 0.732130 0.672232 0.739940 0.650632 0.694357 0.597336 0.730328 0.364289 0.597519 0.505113 0.606454 0.590479 0.896893 0.493912 0.794594 0.501906 0.739633 0.346824 0.701993 0.368083 0.681361 0.721627 0.751224 0.665674 0.725176 0.143804 0.365798 0.122405 0.093009 0.110035 0.307460 0.365746 0.504568 0.270668 0.509276 0.188501 0.605682 0.539561 0.557469 0.174161 0.507678 0.447374 0.389534 -0.034238 0.410467 0.014164 0.413017 0.063562 0.388159 0.244934 0.271429 0.271159 0.431036 0.302194 0.418903 0.061312 0.402725 0.189799 0.340237 0.068574 0.186159 0.036752 -0.042082 0.202894 0.043055 0.435180 0.446215 0.557705 0.502085 0.262435 0.035772
0.734867 0.347077 0.000000 0.354337 0.580046 -0.048198 0.865709 0.499489 0.375004 0.261788 0.241503 0.564482 0.286007 0.441689 0.588763 0.098861 0.044632 0.493873 0.514427 0.637324 0.049990 -0.020453 0.635025 0.424296 0.594101 0.188891 0.456229 -0.111041 -0.147800 0.628761 0.618758 0.384892 0.546142 0.598334 0.478529 0.446406 -0.075790 0.055121 0.297003 -0.131683 -0.204612 0.017248 0.275427 0.374776 0.240858 0.311098 0.346598 0.236661 0.262634 0.316904 0.463993 0.211007 0.619416 -0.167673 0.616240 -0.063751 0.607026 0.291903 0.695531 0.492210 0.667480 0.347880 0.264361 0.410240 0.206209 0.331985 0.477189 0.422163 0.698458 0.387757 0.711101 -0.134368 -0.025655 0.501718 0.605859 -0.161428 0.597937 0.325062 0.593082 -0.025653 0.707493 -0.091625 0.322700 -0.123853 0.696077 -0.278792 0.592652 -0.194200 0.639316 -0.342940 0.664412 0.277925 0.587755 -0.115144 0.012555 0.359815 0.532900 -0.059862 0.457748 0.307069 0.663940 -0.227723 0.736137 -0.136423 0.432273 -0.143379 -0.516544 0.160836 0.059039 0.159586 0.468388 0.567936 0.395187 0.281395 0.066911 0.074201
0.482064 0.637583 0.354337 0.000000 0.150037 0.465971 0.422372 0.822717 0.354264 0.338218 0.613304 0.333806 0.620504 0.661409 0.473940 0.655293 0.550947 0.153647 0.780392 0.586834 0.419811 0.684471 0.701180 0.801361 0.349265 0.381220 0.328073 0.287112 0.564071 0.269477 0.600906 0.732341 0.713601 0.703293 0.650483 0.617212 0.546530 0.684470 0.302519 0.532791 0.516163 0.639768 0.451923 0.406089 0.331218 0.332364 0.450494 0.486164 0.379553 0.339442 0.327797 0.494268 0.033632 0.592033 0.364649 0.664173 0.399296 0.609062 0.253264 0.506845 0.424174 0.732295 0.544640 0.500840 0.600966 0.675501 0.619622 0.633408 0.471951 0.592557 0.152808 0.670030 0.468218 0.081129 0.148268 0.633720 0.549635 0.754074 0.203937 0.667979 0.058043 0.707618 0.706319 0.674085 -0.057272 0.606061 0.442857 0.615779 -0.248303 0.600379 0.014173 0.653372 0.029822 0.678062 0.580250 0.531752 0.453636 0.681933 0.609226 0.720567 -0.170822 0.638333 0.145717 0.617051 0.410488 0.588342 0.185866 0.046962 0.418311 0.322592 0.456041 0.468366 0.604951 0.593465 0.464664 0.446171
0.345633 0.038811 0.580046 0.150037 0.000000 0.281336 0.553756 0.272729 0.587007 0.584018 0.020523 0.347980 0.117682 0.285113 0.526262 0.155040 -0.050927 0.398466 0.198548 0.299708 0.143502 -0.055960 0.437697 0.232788 0.745257 0.435299 0.569768 0.064407 -0.170286 0.528199 0.652558 0.350543 0.266885 0.318054 0.214054 0.230912 -0.102148 -0.004747 0.242479 -0.187443 -0.215330 -0.100585 0.033657 0.103236 -0.035270 0.036082 0.143692 0.071342 0.058353 0.139094 0.247663 0.070589 0.438558 -0.243732 0.517567 -0.092322 0.254869 0.054790 0.390332 0.267823 0.341899 0.099374 0.074890 0.266208 -0.041810 0.091645 0.197265 0.178456 0.366217 0.214239 0.562376 -0.199391 -0.111927 0.356856 0.414211 -0.245159 0.410788 0.225844 0.422850 -0.066072 0.488483 -0.162096 0.103756 -0.200838 0.449637 -0.332047 0.284295 -0.197331 0.519697 -0.333457 0.534599 0.217595 0.482763 -0.101294 0.033558 0.311046 0.455595 -0.045302 0.379976 0.274492 0.534362 -0.220046 0.670102 -0.081663 0.403150 -0.149468 -0.431070 0.198089 0.103327 0.132466 0.314744 0.450860 0.227867 0.122549 0.033267 0.052047
0.025073 0.105821 -0.048198 0.465971 0.281336 0.000000 -0.018273 0.296546 0.644934 0.662436 0.420657 -0.097836 0.528550 0.308365 0.416573 0.623425 0.544719 -0.098920 0.289008 0.095126 0.382394 0.522695 0.261949 0.531271 0.415584 0.684603 0.330010 0.686558 0.648005 -0.063495 0.449524 0.586185 0.249993 0.246322 0.303472 0.249865 0.593404 0.480294 0.174144 0.353392 0.562962 0.407846 0.133362 0.038351 0.019383 -0.007270 0.185929 0.202662 0.162643 0.054681 0.115280 0.198306 -0.164507 0.440132 0.204413 0.533302 0.061099 0.141539 -0.075695 0.035888 0.069873 0.179290 0.424075 0.067462 0.445589 0.218742 0.282109 0.285899 0.014893 0.259778 -0.203609 0.479578 0.397202 -0.248491 -0.099654 0.383772 0.203508 0.426979 -0.018256 0.468709 -0.213000 0.519428 0.468693 0.532756 -0.332381 0.483266 0.084094 0.611820 -0.440640 0.530571 -0.186545 0.320467 -0.040909 0.596137 0.498275 0.295645 0.268602 0.577741 0.409318 0.447718 -0.312447 0.599537 0.063682 0.608788 0.291531 0.513530 0.404405 0.039697 0.321256 0.284253 0.227955 0.212535 0.285161 0.344581 0.437192 0.315005
0.797883 0.322656 0.865709 0.422372 0.553756 -0.018273 0.000000 0.544003 0.399860 0.229941 0.405461 0.550450 0.374388 0.429220 0.640878 0.081912 0.164087 0.480220 0.590986 0.644033 0.119689 0.050120 0.706531 0.399123 0.607332 0.174744 0.422612 -0.131452 -0.072137 0.660468 0.685434 0.400091 0.629974 0.630273 0.487309 0.485868 -0.016939 0.092456 0.323995 -0.098601 -0.126698 0.095886 0.275598 0.335693 0.243606 0.264933 0.343325 0.220672 0.254478 0.285004 0.458803 0.207265 0.590091 -0.142917 0.613312 -0.020867 0.640395 0.280426 0.713912 0.492488 0.741197 0.408036 0.395234 0.417749 0.291995 0.343943 0.498050 0.450106 0.698296 0.418501 0.763371 -0.058376 0.086010 0.539544 0.647264 -0.053282 0.695183 0.405815 0.668962 0.064283 0.764745 -0.038279 0.410435 -0.068953 0.694323 -0.245225 0.625144 -0.167387 0.614859 -0.292973 0.694183 0.331163 0.599237 -0.042214 0.092892 0.414927 0.591904 -0.001337 0.541508 0.394826 0.628125 -0.148553 0.723848 -0.071086 0.492256 -0.061543 -0.479337 0.209253 0.107493 0.151325 0.466967 0.601094 0.467615 0.375068 0.142553 0.156443
0.586861 0.725762 0.499489 0.822717 0.272729 0.296546 0.544003 0.000000 0.356681 0.370900 0.517129 0.624572 0.549515 0.797076 0.499290 0.624772 0.417818 0.423331 0.800711 0.732115 0.428299 0.514408 0.711602 0.733609 0.393563 0.394987 0.343652 0.102962 0.389327 0.508643 0.629407 0.749276 0.763022 0.810869 0.660840 0.651712 0.377178 0.610866 0.363137 0.426529 0.306996 0.499881 0.519607 0.527887 0.426005 0.461139 0.522048 0.551914 0.453305 0.471327 0.432028 0.578860 0.255170 0.493494 0.511379 0.555511 0.469515 0.694506 0.433411 0.681398 0.549651 0.833766 0.476512 0.715924 0.459585 0.779130 0.677437 0.694190 0.589614 0.634836 0.339072 0.534313 0.375753 0.288136 0.282111 0.472560 0.591851 0.711419 0.325799 0.580750 0.234499 0.617561 0.636984 0.563156 0.158525 0.468461 0.470328 0.434570 -0.001001 0.413601 0.170370 0.635350 0.196844 0.527119 0.427916 0.490101 0.535294 0.577923 0.614196 0.689366 0.078054 0.470965 0.329156 0.453912 0.345189 0.370222 0.041804 0.040998 0.341170 0.264918 0.592029 0.619114 0.640085 0.623046 0.404153 0.280359
0.311717 0.051224 0.375004 0.354264 0.587007 0.644934 0.399860 0.356681 0.000000 0.596281 0.403248 0.241417 0.597966 0.419557 0.654496 0.460117 0.450120 0.189064 0.380748 0.290050 0.386921 0.229393 0.517156 0.491772 0.660101 0.723656 0.306960 0.380785 0.408124 0.302935 0.657716 0.572398 0.418461 0.388500 0.380071 0.345530 0.412943 0.338867 0.357136 0.107416 0.326721 0.287056 0.141263 0.121676 0.062732 0.033358 0.209288 0.136604 0.172784 0.067257 0.272624 0.125352 0.195564 0.121664 0.465757 0.247792 0.275321 0.072294 0.256006 0.122953 0.345768 0.199735 0.464941 0.172215 0.451316 0.220938 0.357990 0.302365 0.256181 0.290091 0.279393 0.210316 0.389933 0.170718 0.336048 0.134144 0.500639 0.460529 0.302169 0.247626 0.251823 0.209338 0.414931 0.247229 0.137489 0.097573 0.176736 0.245080 0.056680 0.089476 0.323066 0.391018 0.455078 0.375784 0.364067 0.355353 0.557220 0.371422 0.612926 0.499694 0.155227 0.255246 0.508728 0.371664 0.509341 0.289289 0.118394 0.128662 0.276131 0.292167 0.416217 0.505323 0.343797 0.391756 0.359837 0.284226
0.194669 0.136322 0.261788 0.338218 0.584018 0.662436 0.229941 0.370900 0.596281 0.000000 0.214292 0.145114 0.373371 0.352326 0.550466 0.593896 0.213995 0.085267 0.271603 0.236545 0.266745 0.244429 0.308501 0.416085 0.543605 0.598295 0.568004 0.428212 0.276096 0.221216 0.542222 0.530766 0.230284 0.314111 0.235321 0.190899 0.262589 0.261930 0.211223 0.173384 0.149634 0.091997 0.112815 0.109857 0.043572 0.066789 0.186207 0.184927 0.149171 0.130384 0.188645 0.185334 0.145233 0.164080 0.359010 0.234865 0.129642 0.148909 0.158706 0.192262 0.216137 0.187502 0.289294 0.240703 0.186968 0.224683 0.239141 0.235264 0.188097 0.215132 0.178696 0.215068 0.191669 0.077124 0.101388 0.074352 0.234061 0.312760 0.160581 0.225745 0.088528 0.238593 0.350114 0.225893 0.047972 0.152491 0.221157 0.303351 -0.019236 0.170939 0.032891 0.192902 0.097100 0.217430 0.209368 0.204503 0.341018 0.303460 0.333179 0.286249 0.084300 0.244423 0.312572 0.253769 0.164190 0.103783 -0.000447 -0.044003 0.167854 0.160505 0.381120 0.371877 0.256376 0.217691 0.216600 -0.008460
0.554435 0.352647 0.241503 0.613304 0.020523 0.420657 0.405461 0.517129 0.403248 0.214292 0.000000 0.234426 0.759685 0.416607 0.497556 0.442619 0.737104 0.124886 0.656580 0.444275 0.444377 0.542347 0.568658 0.520718 0.288204 0.371314 0.077266 0.240175 0.630866 0.218291 0.521053 0.547109 0.631377 0.543035 0.534308 0.482966 0.583661 0.518865 0.373637 0.397120 0.561267 0.569333 0.378905 0.295323 0.348819 0.225177 0.371868 0.307622 0.366795 0.165511 0.349660 0.264371 0.116840 0.409117 0.317271 0.459747 0.534381 0.347038 0.363495 0.308672 0.598629 0.479428 0.801700 0.224129 0.717212 0.383876 0.543104 0.506090 0.355498 0.434224 0.185096 0.505711 0.591368 0.096519 0.293436 0.521905 0.488198 0.560404 0.308895 0.527615 0.233659 0.509832 0.677380 0.503407 0.065341 0.414233 0.370417 0.454010 -0.168927 0.426848 0.074352 0.341597 0.178943 0.521096 0.485148 0.406677 0.466657 0.536137 0.580425 0.524677 -0.057893 0.535649 0.212955 0.532334 0.384221 0.494435 0.282421 0.106800 0.334046 0.325779 0.395109 0.446502 0.488703 0.598498 0.514501 0.381311
0.558497 0.593615 0.564482 0.333806 0.347980 -0.097836 0.550450 0.624572 0.241417 0.145114 0.234426 0.000000 0.277125 0.709013 0.427600 0.269175 0.160546 0.760572 0.563721 0.676256 0.292526 0.008356 0.515982 0.333238 0.372401 0.220825 0.206758 -0.177523 -0.008579 0.733516 0.448165 0.412100 0.578209 0.624174 0.413739 0.448685 0.003977 0.266941 0.303580 -0.002618 -0.090044 0.143191 0.412684 0.522923 0.410104 0.478224 0.410206 0.413750 0.396626 0.461771 0.446500 0.436020 0.507493 0.100222 0.519788 0.137199 0.480186 0.569387 0.567097 0.664623 0.555327 0.584956 0.251591 0.749289 0.147726 0.524760 0.503476 0.497522 0.569903 0.469062 0.523070 0.031656 0.082508 0.510219 0.418871 -0.016785 0.446142 0.343619 0.471802 0.203279 0.493773 0.230059 0.292602 0.164605 0.474167 0.039910 0.351337 -0.048666 0.402113 -0.094088 0.422933 0.339661 0.483417 0.079649 0.040629 0.259639 0.479815 0.127323 0.368466 0.346054 0.471517 -0.003711 0.507248 0.013366 0.176945 -0.091457 -0.219780 0.097729 0.128129 0.069796 0.514492 0.606343 0.389076 0.409933 0.164163 -0.062545
0.502382 0.365614 0.286007 0.620504 0.117682 0.528550 0.374388 0.549515 0.597966 0.373371 0.759685 0.277125 0.000000 0.536258 0.628015 0.566015 0.718979 0.099943 0.662089 0.462339 0.498775 0.536774 0.596448 0.628175 0.361960 0.526706 0.112601 0.306037 0.674838 0.221738 0.558493 0.638951 0.617422 0.565643 0.602283 0.522262 0.629816 0.581398 0.443030 0.444252 0.564059 0.586352 0.392756 0.339306 0.349785 0.263270 0.379166 0.339056 0.377261 0.190498 0.376004 0.318786 0.143892 0.482121 0.392455 0.489353 0.465743 0.354952 0.319764 0.274283 0.533175 0.484452 0.775362 0.242933 0.761520 0.464451 0.565801 0.498726 0.370046 0.442510 0.188984 0.541243 0.629291 0.140287 0.295224 0.498045 0.493845 0.631136 0.272874 0.499510 0.189750 0.541344 0.706414 0.569196 0.082072 0.471837 0.320871 0.510864 -0.197377 0.445041 0.061804 0.436852 0.215651 0.579385 0.510847 0.387899 0.513470 0.603193 0.627871 0.547905 -0.079200 0.562789 0.265108 0.578443 0.387329 0.506400 0.335701 -0.000876 0.327872 0.360124 0.500358 0.532740 0.470761 0.568627 0.513294 0.343530
0.464163 0.676572 0.441689 0.661409 0.285113 0.308365 0.429220 0.797076 0.419557 0.352326 0.416607 0.709013 0.536258 0.000000 0.478578 0.648630 0.455322 0.558585 0.691501 0.658777 0.460560 0.376365 0.596198 0.715847 0.384597 0.425214 0.274220 0.190665 0.400796 0.522383 0.561069 0.702214 0.695885 0.732247 0.562737 0.568247 0.372179 0.583675 0.260767 0.285587 0.335256 0.468283 0.486670 0.506621 0.411934 0.438070 0.478654 0.506244 0.449003 0.437695 0.425806 0.529864 0.230010 0.428128 0.462114 0.502441 0.416454 0.645011 0.357078 0.628805 0.446562 0.735094 0.431951 0.733364 0.426552 0.664355 0.611624 0.639871 0.506653 0.572492 0.245012 0.458467 0.332770 0.235547 0.264319 0.365142 0.527067 0.634681 0.259710 0.578205 0.194895 0.624266 0.519369 0.553252 0.114549 0.439913 0.299603 0.392451 -0.026374 0.341749 0.170980 0.610047 0.305234 0.509927 0.387330 0.437380 0.527709 0.534078 0.568090 0.639241 0.120584 0.417964 0.346088 0.420612 0.335284 0.338128 0.124740 0.112412 0.317671 0.258865 0.567103 0.615531 0.550690 0.611103 0.433377 0.236697
0.607976 0.293866 0.588763 0.473940 0.526262 0.416573 0.640878 0.499290 0.654496 0.550466 0.497556 0.427600 0.628015 0.478578 0.000000 0.446329 0.435851 0.305064 0.601509 0.522134 0.332898 0.274255 0.652722 0.479039 0.671246 0.468028 0.517067 0.263242 0.295273 0.510803 0.683690 0.511406 0.599344 0.566495 0.500144 0.470763 0.294304 0.305618 0.438919 0.126382 0.151185 0.271346 0.332846 0.345925 0.267961 0.260024 0.369195 0.313355 0.317353 0.273646 0.472163 0.285659 0.424848 0.131692 0.594782 0.242793 0.513947 0.293113 0.518173 0.372036 0.592136 0.363332 0.565885 0.385034 0.492754 0.360716 0.513904 0.467073 0.515874 0.419369 0.525747 0.154378 0.297495 0.358753 0.522429 0.088592 0.635515 0.501710 0.621457 0.283145 0.548623 0.232162 0.630640 0.261580 0.457398 0.078202 0.560061 0.181944 0.267772 0.028973 0.466775 0.371209 0.494881 0.228241 0.325017 0.429478 0.654466 0.291427 0.607769 0.456986 0.330234 0.179079 0.566810 0.226010 0.409174 0.145650 -0.171955 0.107171 0.257800 0.213245 0.509846 0.652450 0.483505 0.442611 0.285782 0.159996
0.162639 0.450453 0.098861 0.655293 0.155040 0.623425 0.081912 0.624772 0.460117 0.593896 0.442619 0.269175 0.566015 0.648630 0.446329 0.000000 0.519921 0.032385 0.521104 0.338494 0.470866 0.610507 0.414659 0.696923 0.239322 0.508207 0.262093 0.454230 0.649834 0.127736 0.435128 0.658184 0.437232 0.471150 0.436411 0.397365 0.588407 0.656286 0.298727 0.582842 0.567349 0.566226 0.344095 0.298908 0.277852 0.249010 0.332086 0.384093 0.353136 0.228089 0.201570 0.376953 -0.119427 0.572817 0.237999 0.616305 0.137884 0.458103 0.039483 0.312736 0.166104 0.531239 0.446490 0.409014 0.461165 0.492592 0.435116 0.445885 0.170618 0.399089 -0.091240 0.640033 0.492722 -0.100025 0.049687 0.542502 0.282691 0.585696 -0.020069 0.587969 -0.204403 0.679550 0.578030 0.705516 -0.286932 0.643362 0.215893 0.722649 -0.435486 0.645797 -0.214259 0.449525 -0.040767 0.672149 0.564970 0.421405 0.364576 0.722744 0.498367 0.563677 -0.302496 0.681352 0.051129 0.680544 0.244237 0.553987 0.400772 -0.058097 0.363817 0.353919 0.400815 0.387545 0.428740 0.461013 0.430725 0.324960
0.337813 0.356971 0.044632 0.550947 -0.050927 0.544719 0.164087 0.417818 0.450120 0.213995 0.737104 0.160546 0.718979 0.455322 0.435851 0.519921 0.000000 0.162945 0.584771 0.359683 0.497293 0.528434 0.462378 0.516044 0.267018 0.461734 0.012635 0.409615 0.771881 0.150295 0.428628 0.544346 0.584696 0.476187 0.479264 0.451675 0.689991 0.589419 0.249481 0.389713 0.681581 0.606075 0.443394 0.323887 0.377238 0.245956 0.423123 0.389492 0.437776 0.213566 0.343916 0.319132 0.002750 0.534092 0.308570 0.614159 0.440630 0.389686 0.197957 0.235744 0.355060 0.395164 0.741222 0.250473 0.711803 0.321927 0.552067 0.521679 0.269918 0.487359 -0.081914 0.517187 0.536976 -0.149933 0.168456 0.527425 0.412707 0.548573 0.227383 0.623851 0.059120 0.642104 0.667635 0.678511 -0.142016 0.556115 0.211682 0.591587 -0.372342 0.548391 -0.057433 0.428319 0.163369 0.661308 0.598615 0.412209 0.443153 0.642309 0.542221 0.545085 -0.198145 0.650081 0.116767 0.633024 0.352435 0.565533 0.456737 0.111164 0.397642 0.321578 0.324373 0.411579 0.457714 0.625250 0.584935 0.419019
0.474988 0.468521 0.493873 0.153647 0.398466 -0.098920 0.480220 0.423331 0.189064 0.085267 0.124886 0.760572 0.099943 0.558585 0.305064 0.032385 0.162945 0.000000 0.403460 0.610133 0.203812 -0.140256 0.381666 0.190728 0.452953 0.250422 0.233073 -0.150288 -0.091136 0.732963 0.406302 0.345187 0.486157 0.523199 0.302136 0.382474 -0.081759 0.120372 0.108680 -0.246853 -0.159375 0.010546 0.401218 0.480406 0.368712 0.446743 0.433619 0.417769 0.398200 0.502959 0.484042 0.419666 0.562363 -0.016382 0.549175 0.098064 0.493182 0.468695 0.536030 0.625373 0.471518 0.388165 0.143738 0.659386 0.023098 0.350650 0.449376 0.485868 0.550528 0.477920 0.412476 -0.163136 -0.158560 0.383552 0.333857 -0.171956 0.402202 0.193475 0.516812 0.166352 0.538212 0.146927 0.168502 0.030232 0.472963 -0.109609 0.245641 -0.214583 0.480327 -0.240578 0.461079 0.263065 0.530603 -0.033970 -0.049680 0.200922 0.429811 -0.019440 0.256233 0.266205 0.594452 -0.151414 0.561553 -0.126765 0.188899 -0.205328 -0.272432 0.292516 0.096972 -0.024994 0.347429 0.510152 0.304609 0.402582 0.152039 -0.101454
0.738598 0.731023 0.514427 0.780392 0.198548 0.289008 0.590986 0.800711 0.380748 0.271603 0.656580 0.563721 0.662089 0.691501 0.601509 0.521104 0.584771 0.403460 0.000000 0.792847 0.416824 0.507128 0.768131 0.656446 0.420511 0.383828 0.301527 0.130249 0.438168 0.497641 0.637816 0.682038 0.844317 0.813615 0.719027 0.678277 0.400974 0.541884 0.370441 0.361065 0.356376 0.530900 0.619444 0.608795 0.554602 0.530721 0.590865 0.574397 0.528966 0.467755 0.518652 0.526912 0.331212 0.475226 0.557099 0.542921 0.678475 0.700910 0.535640 0.638655 0.668080 0.745139 0.652677 0.596376 0.619729 0.651958 0.745216 0.720488 0.694068 0.688453 0.383051 0.446049 0.417649 0.270486 0.366534 0.424909 0.635713 0.672128 0.465523 0.562907 0.392322 0.573529 0.730414 0.553439 0.274720 0.417093 0.570092 0.399772 0.030163 0.360707 0.228830 0.531880 0.266447 0.476187 0.404792 0.449181 0.539468 0.513824 0.595040 0.603662 0.120606 0.450338 0.355768 0.435264 0.335894 0.337428 0.049165 0.073130 0.282224 0.215902 0.555228 0.603580 0.643372 0.654236 0.437463 0.270439
0.768260 0.741521 0.637324 0.586834 0.299708 0.095126 0.644033 0.732115 0.290050 0.236545 0.444275 0.676256 0.462339 0.658777 0.522134 0.338494 0.359683 0.610133 0.792847 0.000000 0.268532 0.280984 0.627587 0.535129 0.458232 0.367347 0.360118 -0.017635 0.167263 0.632755 0.551571 0.621485 0.761497 0.834236 0.704710 0.700447 0.152433 0.342413 0.299417 0.143263 0.065301 0.320071 0.659105 0.693080 0.582740 0.642664 0.662418 0.632508 0.569935 0.608263 0.618877 0.583833 0.563702 0.328349 0.683913 0.403684 0.724333 0.697321 0.673505 0.743762 0.701324 0.660365 0.490071 0.677659 0.377983 0.610049 0.755358 0.751455 0.833993 0.743684 0.462275 0.207528 0.166023 0.397888 0.379563 0.168725 0.620123 0.557124 0.526729 0.381265 0.527457 0.392003 0.569585 0.330854 0.475128 0.204804 0.526081 0.130957 0.301812 0.108769 0.341527 0.446848 0.372771 0.235654 0.156761 0.324960 0.477355 0.284098 0.487663 0.477081 0.412594 0.183534 0.543080 0.190260 0.281496 0.048920 -0.118712 0.109217 0.174383 0.086045 0.515317 0.602228 0.579404 0.578633 0.255341 0.078370
0.156962 0.251762 0.049990 0.419811 0.143502 0.382394 0.119689 0.428299 0.386921 0.266745 0.444377 0.292526 0.498775 0.460560 0.332898 0.470866 0.497293 0.203812 0.416824 0.268532 0.000000 0.456356 0.395951 0.425400 0.223185 0.459641 0.060651 0.230941 0.426358 0.154328 0.409498 0.527128 0.424966 0.377059 0.292639 0.313445 0.483883 0.544170 0.400769 0.286053 0.473070 0.467771 0.265133 0.240998 0.201880 0.153539 0.281760 0.287858 0.238458 0.147673 0.153928 0.257963 -0.012803 0.365147 0.259764 0.439626 0.132969 0.253338 0.062783 0.219095 0.208281 0.365511 0.497456 0.321808 0.373436 0.348174 0.353088 0.347397 0.120799 0.291172 0.104237 0.478289 0.464729 0.118825 0.139256 0.401146 0.297498 0.495976 0.028815 0.475532 -0.013743 0.489664 0.412941 0.502322 -0.101497 0.412028 0.079746 0.388778 -0.196770 0.402544 -0.033399 0.436944 0.092288 0.500716 0.481049 0.249334 0.459917 0.553626 0.444021 0.485210 -0.144380 0.434316 0.108774 0.465810 0.177717 0.394649 0.320273 0.145327 0.385718 0.222559 0.338256 0.469004 0.333166 0.419295 0.395014 0.280845
0.177829 0.411515 -0.020453 0.684471 -0.055960 0.522695 0.050120 0.514408 0.229393 0.244429 0.542347 0.008356 0.536774 0.376365 0.274255 0.610507 0.528434 -0.140256 0.507128 0.280984 0.456356 0.000000 0.358457 0.584466 0.087188 0.339124 0.114283 0.354003 0.638642 -0.060031 0.326777 0.540768 0.436699 0.430359 0.536807 0.472401 0.635397 0.692158 0.349869 0.701653 0.620804 0.695150 0.357865 0.271603 0.249179 0.222161 0.384315 0.425295 0.310514 0.200860 0.167203 0.357256 -0.135560 0.675102 0.196991 0.681423 0.165582 0.410541 0.005552 0.237473 0.191467 0.477891 0.482410 0.211208 0.513646 0.466101 0.456632 0.445257 0.180550 0.423154 -0.141392 0.730470 0.521369 -0.153590 0.029492 0.708195 0.293527 0.649422 -0.059170 0.565387 -0.215293 0.668099 0.628801 0.703222 -0.297416 0.683235 0.304138 0.747875 -0.476200 0.738134 -0.244699 0.461671 -0.161591 0.717912 0.633532 0.487657 0.245574 0.737673 0.498742 0.577003 -0.439977 0.760833 -0.068242 0.738696 0.267352 0.665884 0.413889 -0.108032 0.392571 0.416415 0.324280 0.279422 0.485994 0.457312 0.468313 0.518946
0.653618 0.443191 0.635025 0.701180 0.437697 0.261949 0.706531 0.711602 0.517156 0.308501 0.568658 0.515982 0.596448 0.596198 0.652722 0.414659 0.462378 0.381666 0.768131 0.627587 0.395951 0.358457 0.000000 0.632625 0.603787 0.416808 0.317991 0.020391 0.304934 0.577198 0.791491 0.636465 0.753947 0.686911 0.594351 0.566188 0.294128 0.418491 0.422599 0.234038 0.230799 0.394099 0.334119 0.365889 0.274368 0.264721 0.356317 0.298709 0.301292 0.240715 0.358479 0.296717 0.309808 0.202478 0.504854 0.283911 0.539440 0.420405 0.465391 0.442102 0.591555 0.582388 0.556943 0.476779 0.544581 0.538116 0.567722 0.512783 0.568544 0.492525 0.548654 0.274670 0.354806 0.391540 0.498396 0.312755 0.651462 0.590056 0.504139 0.374723 0.478342 0.337305 0.579562 0.306311 0.354501 0.165086 0.500344 0.209303 0.208230 0.131845 0.402758 0.534923 0.401989 0.348211 0.358398 0.517337 0.634962 0.378675 0.647169 0.587278 0.261979 0.245975 0.485097 0.306923 0.504532 0.291751 -0.096305 0.159812 0.292993 0.313046 0.546003 0.620891 0.487471 0.543231 0.434185 0.337729
0.389305 0.510248 0.424296 0.801361 0.232788 0.531271 0.399123 0.733609 0.491772 0.416085 0.520718 0.333238 0.628175 0.715847 0.479039 0.696923 0.516044 0.190728 0.656446 0.535129 0.425400 0.584466 0.632625 0.000000 0.388961 0.515872 0.317640 0.348464 0.555149 0.249199 0.618152 0.807743 0.623411 0.662381 0.605942 0.559186 0.519333 0.647030 0.326076 0.475897 0.504633 0.582431 0.337184 0.332603 0.237490 0.262222 0.369414 0.374781 0.317189 0.251754 0.267992 0.380948 0.016108 0.482440 0.364615 0.558586 0.330191 0.462797 0.183124 0.396038 0.364043 0.603605 0.517424 0.441432 0.574935 0.612536 0.568917 0.570961 0.399752 0.511164 0.092340 0.601912 0.439066 0.031465 0.149926 0.549256 0.476543 0.688238 0.122065 0.573777 0.013500 0.643451 0.637035 0.603698 -0.071736 0.531194 0.358016 0.567809 -0.220873 0.498517 0.007349 0.598915 0.094598 0.646972 0.568258 0.523776 0.470729 0.638304 0.627707 0.681274 -0.101699 0.572151 0.251326 0.611541 0.503092 0.597620 0.242376 0.091536 0.377234 0.420813 0.446882 0.456099 0.490319 0.549508 0.471949 0.498474
0.486775 0.178914 0.594101 0.349265 0.745257 0.415584 0.607332 0.393563 0.660101 0.543605 0.288204 0.372401 0.361960 0.384597 0.671246 0.239322 0.267018 0.452953 0.420511 0.458232 0.223185 0.087188 0.603787 0.388961 0.000000 0.591594 0.616567 0.231697 0.097824 0.591684 0.756878 0.529220 0.495656 0.496543 0.403848 0.390098 0.130758 0.133177 0.216894 -0.142293 -0.002654 0.065246 0.230554 0.252750 0.116781 0.148364 0.323725 0.248591 0.198243 0.245278 0.395899 0.221361 0.437646 -0.033241 0.582437 0.125954 0.438206 0.185027 0.456511 0.344639 0.465165 0.257040 0.294023 0.310954 0.245115 0.251083 0.399090 0.388198 0.483398 0.366138 0.507497 -0.040853 0.032273 0.334961 0.359993 -0.101265 0.550406 0.334138 0.592025 0.212161 0.543213 0.073919 0.348241 0.026627 0.417700 -0.146337 0.344950 -0.031874 0.397370 -0.149356 0.545127 0.366638 0.535735 0.079243 0.155654 0.410719 0.550285 0.105876 0.475704 0.402712 0.470008 -0.043756 0.633299 0.045665 0.474576 0.002454 -0.288451 0.273922 0.195083 0.180443 0.365465 0.512925 0.361105 0.339599 0.221071 0.128258
0.213819 0.221022 0.188891 0.381220 0.435299 0.684603 0.174744 0.394987 0.723656 0.598295 0.371314 0.220825 0.526706 0.425214 0.468028 0.508207 0.461734 0.250422 0.383828 0.367347 0.459641 0.339124 0.416808 0.515872 0.591594 0.000000 0.274755 0.347673 0.462089 0.265455 0.585596 0.729392 0.405769 0.454634 0.465022 0.410416 0.428251 0.436140 0.405999 0.272305 0.317604 0.300632 0.286792 0.275316 0.188839 0.217983 0.351930 0.329856 0.297451 0.229792 0.283771 0.309880 0.157970 0.379575 0.461391 0.416771 0.243283 0.235948 0.175171 0.216455 0.271244 0.264450 0.424649 0.232106 0.386817 0.394534 0.453722 0.424747 0.256603 0.408614 0.076450 0.306709 0.339899 0.076841 0.065682 0.238906 0.305075 0.434273 0.196317 0.372049 0.060488 0.402109 0.454079 0.394159 -0.021922 0.309879 0.080710 0.359073 -0.101856 0.299659 0.035634 0.340256 0.170064 0.431071 0.348402 0.259657 0.408988 0.469662 0.470558 0.422929 0.030524 0.388500 0.372863 0.474801 0.328011 0.295533 0.276370 0.088244 0.293166 0.231224 0.378655 0.416229 0.287198 0.425351 0.416131 0.192196
0.344802 0.236166 0.456229 0.328073 0.569768 0.330010 0.422612 0.343652 0.306960 0.568004 0.077266 0.206758 0.112601 0.274220 0.517067 0.262093 0.012635 0.233073 0.301527 0.360118 0.060651 0.114283 0.317991 0.317640 0.616567 0.274755 0.000000 0.374184 -0.016342 0.381772 0.482062 0.361131 0.296903 0.362481 0.224907 0.203538 -0.025208 0.021186 -0.008187 -0.094177 -0.113856 -0.057005 0.149126 0.159751 0.037138 0.097606 0.207452 0.214992 0.061602 0.194506 0.233298 0.168158 0.254066 -0.030527 0.371866 0.124920 0.264430 0.212832 0.298569 0.346542 0.301014 0.231514 0.106211 0.311702 0.028276 0.190196 0.220074 0.273026 0.378329 0.230908 0.359516 0.032936 -0.124266 0.192309 0.149970 -0.120283 0.375265 0.234326 0.401991 0.203970 0.335471 0.089688 0.263882 0.022913 0.279425 -0.073743 0.382042 0.019551 0.270639 -0.060721 0.350426 0.236382 0.222209 -0.023944 0.104917 0.308557 0.358469 0.057707 0.248143 0.258360 0.306023 -0.045276 0.370089 -0.040273 0.226027 -0.054985 -0.379212 0.152115 0.098772 0.101642 0.260856 0.319534 0.349106 0.110156 -0.028297 -0.009340
-0.060581 0.054385 -0.111041 0.287112 0.064407 0.686558 -0.131452 0.102962 0.380785 0.428212 0.240175 -0.177523 0.306037 0.190665 0.263242 0.454230 0.409615 -0.150288 0.130249 -0.017635 0.230941 0.354003 0.020391 0.348464 0.231697 0.347673 0.374184 0.000000 0.506348 -0.224714 0.143834 0.299715 0.106951 0.079731 0.109928 0.060564 0.479876 0.256638 -0.150640 0.082709 0.521992 0.269918 0.103867 -0.013736 0.001342 -0.051342 0.137766 0.147213 0.076956 0.010876 0.064979 0.089788 -0.246254 0.292450 0.050936 0.437383 0.009927 0.063523 -0.137709 -0.023789 -0.071529 0.063518 0.215894 -0.016701 0.289409 -0.006432 0.113761 0.165845 -0.065842 0.099237 -0.312077 0.374325 0.246368 -0.312485 -0.186253 0.204731 0.125015 0.213470 -0.124176 0.372200 -0.259824 0.384515 0.255985 0.409341 -0.370611 0.349257 0.035611 0.496367 -0.431542 0.411761 -0.134618 0.223847 -0.019655 0.419182 0.346175 0.144946 0.093860 0.367873 0.192748 0.274927 -0.305593 0.404486 -0.084519 0.377682 0.112830 0.343902 0.306870 0.065848 0.154347 0.195028 0.016860 0.023849 0.232783 0.197740 0.217917 0.157151
0.088008 0.267283 -0.147800 0.564071 -0.170286 0.648005 -0.072137 0.389327 0.408124 0.276096 0.630866 -0.008579 0.674838 0.400796 0.295273 0.649834 0.771881 -0.091136 0.438168 0.167263 0.426358 0.638642 0.304934 0.555149 0.097824 0.462089 -0.016342 0.506348 0.000000 -0.058014 0.315344 0.539959 0.390339 0.322703 0.377473 0.305753 0.800208 0.681922 0.234159 0.587621 0.803182 0.685799 0.273326 0.151361 0.218200 0.093328 0.244634 0.277759 0.282313 0.047820 0.127865 0.230512 -0.273637 0.613229 0.076040 0.644184 0.157137 0.294915 -0.074584 0.075534 0.125033 0.354098 0.599167 0.133352 0.621146 0.299899 0.353900 0.346181 -0.001501 0.299676 -0.291655 0.703276 0.652635 -0.261062 -0.060342 0.686089 0.237456 0.520109 -0.021625 0.635986 -0.270178 0.707796 0.592712 0.742191 -0.438628 0.712268 0.034651 0.735136 -0.632450 0.730689 -0.276069 0.383604 -0.070357 0.765165 0.680869 0.409045 0.348952 0.771967 0.481514 0.516366 -0.482370 0.788002 -0.120010 0.758167 0.294958 0.723003 0.631335 0.005875 0.441094 0.379890 0.290972 0.255738 0.352385 0.510510 0.560079 0.448262
0.596959 0.408118 0.628761 0.269477 0.528199 -0.063495 0.660468 0.508643 0.302935 0.221216 0.218291 0.733516 0.221738 0.522383 0.510803 0.127736 0.150295 0.732963 0.497641 0.632755 0.154328 -0.060031 0.577198 0.249199 0.591684 0.265455 0.381772 -0.224714 -0.058014 0.000000 0.606885 0.402190 0.570370 0.591822 0.335457 0.349677 -0.129177 0.099915 0.258152 -0.108497 -0.220041 0.003224 0.305586 0.409179 0.292090 0.342893 0.331239 0.294593 0.287536 0.360557 0.420742 0.295096 0.569903 -0.084556 0.532685 -0.013870 0.519958 0.404495 0.607320 0.590150 0.599245 0.450332 0.265777 0.623154 0.085765 0.379322 0.423622 0.420751 0.579615 0.387511 0.654205 -0.115991 -0.041835 0.556027 0.474999 -0.110355 0.483941 0.253075 0.709286 0.172034 0.689355 0.052955 0.270370 -0.045522 0.600230 -0.168424 0.359883 -0.228352 0.565765 -0.257459 0.566051 0.259796 0.550104 -0.081556 0.000836 0.384944 0.578058 -0.000038 0.386749 0.293843 0.641593 -0.150906 0.629363 -0.108187 0.282212 -0.179120 -0.390570 0.164373 0.025210 0.119911 0.495145 0.626602 0.382942 0.371400 0.165417 -0.049510
0.577204 0.308825 0.618758 0.600906 0.652558 0.449524 0.685434 0.629407 0.657716 0.542222 0.521053 0.448165 0.558493 0.561069 0.683690 0.435128 0.428628 0.406302 0.637816 0.551571 0.409498 0.326777 0.791491 0.618152 0.756878 0.585596 0.482062 0.143834 0.315344 0.606885 0.000000 0.722251 0.671780 0.662836 0.519954 0.487492 0.296553 0.398044 0.445750 0.188995 0.196469 0.309598 0.236371 0.259184 0.170080 0.155337 0.309337 0.234836 0.238770 0.176877 0.309545 0.206389 0.312561 0.111245 0.541339 0.225107 0.469562 0.306629 0.446906 0.388636 0.574086 0.461130 0.530450 0.424727 0.401870 0.411582 0.497995 0.454786 0.496395 0.440483 0.554580 0.249646 0.315332 0.354555 0.448659 0.235904 0.611469 0.569353 0.533261 0.375020 0.467666 0.271316 0.533430 0.235805 0.312435 0.071191 0.431006 0.181387 0.230926 0.073633 0.406908 0.458212 0.408213 0.297696 0.394146 0.548038 0.678271 0.370121 0.669869 0.576155 0.302848 0.217083 0.577358 0.312794 0.561313 0.264002 -0.125638 0.209202 0.291709 0.354328 0.535895 0.644848 0.466011 0.472167 0.431323 0.350593
0.442887 0.522914 0.384892 0.732341 0.350543 0.586185 0.400091 0.749276 0.572398 0.530766 0.547109 0.412100 0.638951 0.702214 0.511406 0.658184 0.544346 0.345187 0.682038 0.621485 0.527128 0.540768 0.636465 0.807743 0.529220 0.729392 0.361131 0.299715 0.539959 0.402190 0.722251 0.000000 0.676704 0.739892 0.630012 0.573393 0.476911 0.620424 0.409479 0.440638 0.424281 0.489532 0.411242 0.405197 0.314208 0.335501 0.454696 0.451260 0.384442 0.334186 0.335576 0.454650 0.143910 0.503681 0.479215 0.555826 0.388686 0.500393 0.278337 0.472382 0.454543 0.628331 0.562381 0.504452 0.514089 0.659732 0.621321 0.615401 0.448320 0.564393 0.189798 0.565309 0.449531 0.163329 0.145763 0.493149 0.483442 0.665727 0.242818 0.604269 0.115860 0.632464 0.632163 0.566881 0.009590 0.483686 0.304966 0.485023 -0.129117 0.457019 0.031755 0.567918 0.116774 0.578625 0.497308 0.462250 0.521019 0.629129 0.618562 0.650615 0.001949 0.535497 0.338245 0.573608 0.405845 0.455889 0.232943 0.070894 0.334088 0.366514 0.520139 0.553116 0.516599 0.610588 0.521308 0.358022
0.725924 0.661881 0.546142 0.713601 0.266885 0.249993 0.629974 0.763022 0.418461 0.230284 0.631377 0.578209 0.617422 0.695885 0.599344 0.437232 0.584696 0.486157 0.844317 0.761497 0.424966 0.436699 0.753947 0.623411 0.495656 0.405769 0.296903 0.106951 0.390339 0.570370 0.671780 0.676704 0.000000 0.870233 0.733143 0.683306 0.376038 0.509930 0.365622 0.278680 0.316592 0.475697 0.618011 0.590443 0.525300 0.497641 0.599054 0.560720 0.511213 0.469874 0.580618 0.518776 0.396481 0.423238 0.609988 0.494851 0.700731 0.652263 0.600459 0.654223 0.708966 0.737749 0.634549 0.634710 0.596129 0.643313 0.775805 0.750955 0.693887 0.662634 0.448760 0.418039 0.393707 0.319967 0.439966 0.399698 0.705135 0.676734 0.543430 0.593580 0.482029 0.532849 0.679858 0.496457 0.339571 0.338394 0.519418 0.313677 0.121331 0.281693 0.375972 0.598437 0.406418 0.441111 0.406963 0.482619 0.609850 0.487563 0.661826 0.637092 0.206081 0.381193 0.423151 0.380317 0.382258 0.292806 -0.015062 0.116000 0.256385 0.258971 0.599187 0.700022 0.721655 0.691168 0.459673 0.294827
0.720842 0.716440 0.598334 0.703293 0.318054 0.246322 0.630273 0.810869 0.388500 0.314111 0.543035 0.624174 0.565643 0.732247 0.566495 0.471150 0.476187 0.523199 0.813615 0.834236 0.377059 0.430359 0.686911 0.662381 0.496543 0.454634 0.362481 0.079731 0.322703 0.591822 0.662836 0.739892 0.870233 0.000000 0.773331 0.724731 0.311129 0.500538 0.387824 0.305697 0.223440 0.411539 0.627807 0.628056 0.529100 0.552162 0.636604 0.607302 0.534604 0.537276 0.579695 0.572677 0.450638 0.433644 0.661965 0.491232 0.672893 0.688886 0.624996 0.715619 0.708896 0.765853 0.558810 0.682176 0.485289 0.711810 0.795484 0.776994 0.745323 0.702978 0.435279 0.400890 0.329785 0.344706 0.395348 0.354395 0.671123 0.688378 0.509892 0.544499 0.449858 0.515332 0.665522 0.472770 0.356222 0.327296 0.528867 0.296401 0.166146 0.267502 0.328857 0.581085 0.360042 0.400104 0.348852 0.460236 0.566507 0.473074 0.639956 0.621192 0.259024 0.353256 0.485291 0.358516 0.368021 0.237096 -0.043871 0.076823 0.237271 0.242148 0.625244 0.693545 0.703755 0.650946 0.387445 0.240008
0.619006 0.635658 0.478529 0.650483 0.214054 0.303472 0.487309 0.660840 0.380071 0.235321 0.534308 0.413739 0.602283 0.562737 0.500144 0.436411 0.479264 0.302136 0.719027 0.704710 0.292639 0.536807 0.594351 0.605942 0.403848 0.465022 0.224907 0.109928 0.377473 0.335457 0.519954 0.630012 0.733143 0.773331 0.000000 0.849638 0.401954 0.493338 0.449589 0.421790 0.277459 0.489273 0.665357 0.642649 0.547059 0.597542 0.696694 0.651541 0.598419 0.560193 0.622567 0.592355 0.450380 0.564467 0.687807 0.590058 0.625683 0.634543 0.561092 0.576029 0.621625 0.608344 0.527124 0.452832 0.554543 0.631419 0.820981 0.765047 0.665517 0.730198 0.263293 0.389164 0.330014 0.135207 0.369503 0.383968 0.582140 0.683508 0.364475 0.418490 0.315767 0.496905 0.697795 0.515742 0.273332 0.403841 0.547164 0.406403 0.045910 0.362248 0.206103 0.500374 0.270234 0.467861 0.415039 0.457223 0.416841 0.502728 0.602105 0.565724 0.100815 0.434865 0.434466 0.470953 0.379807 0.311674 0.081706 0.004207 0.319082 0.274242 0.507716 0.542913 0.638165 0.599921 0.372286 0.317184
0.572981 0.611570 0.446406 0.617212 0.230912 0.249865 0.485868 0.651712 0.345530 0.190899 0.482966 0.448685 0.522262 0.568247 0.470763 0.397365 0.451675 0.382474 0.678277 0.700447 0.313445 0.472401 0.566188 0.559186 0.390098 0.410416 0.203538 0.060564 0.305753 0.349677 0.487492 0.573393 0.683306 0.724731 0.849638 0.000000 0.330529 0.445995 0.379845 0.320320 0.228045 0.473146 0.647772 0.611111 0.495660 0.575500 0.694751 0.653481 0.603904 0.607427 0.613032 0.615970 0.441388 0.506294 0.700780 0.598282 0.567141 0.622974 0.542924 0.608598 0.572691 0.597108 0.468315 0.511482 0.466636 0.586465 0.796901 0.778980 0.672101 0.806009 0.223711 0.308614 0.223198 0.112591 0.336782 0.329363 0.597651 0.682616 0.348972 0.408414 0.304597 0.473172 0.648870 0.498091 0.246826 0.361519 0.514596 0.352229 0.083727 0.312671 0.217371 0.534441 0.298028 0.473497 0.394536 0.422228 0.397400 0.454567 0.573961 0.593972 0.143432 0.395023 0.476937 0.450616 0.426994 0.295432 0.089270 0.118587 0.355924 0.171875 0.385488 0.506820 0.593899 0.586692 0.343134 0.349814
0.090974 0.258733 -0.075790 0.546530 -0.102148 0.593404 -0.016939 0.377178 0.412943 0.262589 0.583661 0.003977 0.629816 0.372179 0.294304 0.588407 0.689991 -0.081759 0.400974 0.152433 0.483883 0.635397 0.294128 0.519333 0.130758 0.428251 -0.025208 0.479876 0.800208 -0.129177 0.296553 0.476911 0.376038 0.311129 0.401954 0.330529 0.000000 0.770307 0.259349 0.525838 0.803706 0.716116 0.312875 0.192066 0.228275 0.117372 0.331474 0.366726 0.314743 0.113512 0.192231 0.287260 -0.170446 0.594337 0.170081 0.658014 0.150344 0.277385 -0.041124 0.098339 0.100029 0.311685 0.516516 0.116537 0.582227 0.289346 0.386658 0.369054 0.057101 0.339786 -0.215252 0.686844 0.636237 -0.213162 -0.006084 0.610266 0.330298 0.587152 -0.063547 0.545049 -0.237874 0.646049 0.606950 0.723608 -0.379030 0.646280 0.116598 0.729824 -0.550271 0.677142 -0.186128 0.456674 0.001418 0.759050 0.679694 0.421290 0.377714 0.769745 0.516034 0.581806 -0.426756 0.724615 -0.060983 0.700026 0.353787 0.703249 0.523555 0.018948 0.578142 0.331697 0.331227 0.300412 0.397130 0.531694 0.474365 0.435391
