0.000000 0.619869 0.582707 0.684736 0.423916 0.390267 0.718540 0.702270 0.382201 0.454685 0.663288 0.683277 0.505666 0.657285 0.412244 0.547752 0.717204 0.366844 0.795162 0.775904 0.496742 0.497989 0.620664 0.635738 0.479046 0.489620 0.453166 0.448557 0.379977 0.636965 0.602211 0.570956 0.721448 0.662649 0.497151 0.406180 0.571280 0.501333 0.405982 0.571599 0.585862 0.461242 -0.145034 -0.023545 -0.033997 -0.013870 -0.004910 0.131711 -0.186827 -0.062148 -0.284757 -0.133673 -0.297292 -0.165334 0.594616 0.701651 0.444559 0.693194 0.676666 0.773119 0.517840 0.742206 0.643746 0.762538 0.463358 0.613487 0.624333 0.646913 0.673600 0.701978 0.653292 0.585921 0.534029 0.647654 0.548398 0.445972 0.628169 0.632101 0.265040 0.590021 0.604969 0.672565 0.389999 0.537299 0.308796 0.750339 0.448166 0.485934 0.051564 0.619855 -0.328786 -0.203961 -0.349081 -0.243677 0.592008 0.486885 0.653526 0.604458 0.340825 0.127582 0.073671 -0.107637 0.311070 0.610858 0.575421 0.676813 0.375373 0.435706 0.270616 0.368742 0.641647 -0.158420 -0.286700 -0.213699 0.565985 -0.177779
0.619869 0.000000 0.447811 0.366104 0.220224 0.108209 0.587118 0.444149 0.195182 0.218026 0.482905 0.545699 0.248729 0.630877 0.270464 0.267771 0.486931 0.580779 0.744396 0.777825 0.247367 0.304354 0.528568 0.490087 0.341890 0.250587 0.204965 0.148101 0.455700 0.627080 0.435066 0.354524 0.634521 0.647213 0.423915 0.478760 0.316238 0.467553 0.279680 0.334591 0.176664 0.281156 0.189782 0.269072 0.258796 0.284378 0.314044 0.342136 0.095569 0.153597 0.041538 0.047848 0.052872 0.022930 0.678515 0.394868 0.809508 0.779476 0.784434 0.551966 0.704115 0.513254 0.567723 0.511247 0.501741 0.528678 0.577643 0.608063 0.786080 0.748581 0.475224 0.248892 0.304157 0.493742 0.292821 0.132551 0.396507 0.425222 0.413916 0.358800 0.718045 0.429605 0.366246 0.503563 0.602163 0.349778 0.197727 0.185509 0.481700 0.215012 0.070023 0.015981 0.079683 -0.042636 0.371406 0.274905 0.479723 0.345951 0.494418 0.298583 0.388159 0.079805 0.650233 0.301492 0.590151 0.424563 0.146879 0.140537 0.266972 0.432029 0.556365 0.149299 -0.035776 0.025586 0.367381 0.050366
0.582707 0.447811 0.000000 0.795746 0.820122 0.766450 0.742394 0.792502 0.819931 0.768652 0.095223 0.684401 -0.058406 0.373450 0.832578 0.782156 0.482333 0.572601 0.547671 0.624361 0.768345 0.775630 0.805343 0.807178 0.806480 0.792435 0.767831 0.745691 0.510442 0.443416 0.835846 0.849355 0.748767 0.638397 0.723904 0.550591 0.757247 0.813735 0.770834 0.776820 0.604490 0.691794 -0.535447 -0.452299 -0.454973 -0.472364 -0.427183 -0.403317 -0.624890 -0.568041 -0.656804 -0.660220 -0.628270 -0.674257 0.662009 0.721852 0.157729 0.332897 0.480074 0.724938 0.087680 0.629152 0.452022 0.502616 0.418749 0.779719 0.760720 0.755763 0.312256 0.538431 0.826396 0.725011 0.646424 0.724851 0.679936 0.193810 0.792795 0.799363 -0.013498 0.446077 0.450236 0.682507 0.760685 0.692941 0.311040 0.508166 0.817602 0.782367 0.113319 0.533821 -0.583211 -0.666831 -0.568684 -0.696105 0.726690 0.575368 0.734678 0.794330 0.054263 -0.355457 0.560548 -0.567091 0.485543 0.760613 0.631509 0.720459 0.740432 0.756549 0.073575 0.096823 0.332877 -0.514002 -0.687790 -0.644511 0.370000 -0.563815
0.684736 0.366104 0.795746 0.000000 0.778297 0.743956 0.726014 0.885487 0.698355 0.772725 0.313944 0.718137 0.178200 0.473906 0.692027 0.864702 0.673237 0.288303 0.605341 0.589243 0.790832 0.782534 0.745671 0.808989 0.743696 0.791494 0.753911 0.769447 0.524528 0.421578 0.781376 0.823673 0.752757 0.651443 0.664567 0.494573 0.802440 0.704913 0.684019 0.807198 0.764489 0.710089 -0.541770 -0.441225 -0.467045 -0.456421 -0.454636 -0.359272 -0.630037 -0.548874 -0.702328 -0.578476 -0.707631 -0.559452 0.483910 0.833457 0.036946 0.312752 0.374278 0.804010 0.073582 0.746369 0.482309 0.649426 0.376935 0.730178 0.715522 0.729838 0.306593 0.527268 0.753151 0.852859 0.576352 0.772820 0.617246 0.539198 0.845967 0.831585 -0.067597 0.547267 0.387178 0.674633 0.623075 0.666557 0.025278 0.742729 0.787037 0.833505 -0.237455 0.801695 -0.684730 -0.605528 -0.646004 -0.614229 0.714160 0.636845 0.719907 0.826958 -0.000266 -0.303706 0.319866 -0.463480 0.250052 0.818610 0.518558 0.761490 0.681995 0.756463 0.048982 0.116249 0.444149 -0.553047 -0.693515 -0.664366 0.525094 -0.538079
0.423916 0.220224 0.820122 0.778297 0.000000 0.890074 0.546163 0.776016 0.883008 0.877479 -0.071324 0.667767 -0.245834 0.144789 0.871336 0.824178 0.454002 0.453541 0.351808 0.455635 0.842616 0.830234 0.634323 0.668477 0.805949 0.881352 0.858341 0.869599 0.496153 0.273366 0.814994 0.861109 0.646864 0.509337 0.647712 0.422313 0.826450 0.803162 0.801451 0.843785 0.703088 0.733511 -0.729414 -0.641240 -0.663686 -0.681281 -0.645298 -0.609632 -0.810704 -0.749701 -0.838431 -0.811903 -0.827495 -0.817911 0.484258 0.751532 -0.129370 0.097955 0.239089 0.708733 -0.183977 0.619863 0.357882 0.464209 0.176204 0.706143 0.661894 0.661108 0.040015 0.360197 0.771636 0.800701 0.665110 0.699161 0.691910 0.207320 0.802898 0.811875 -0.183339 0.449443 0.244239 0.672780 0.735529 0.625658 -0.002562 0.512212 0.889672 0.867997 -0.150341 0.617015 -0.781811 -0.829753 -0.767544 -0.852580 0.757404 0.606532 0.680819 0.843580 -0.179207 -0.592695 0.488897 -0.748582 0.291734 0.826038 0.457028 0.668866 0.795462 0.878395 -0.057097 -0.027725 0.211664 -0.743003 -0.859190 -0.820027 0.252927 -0.735385
0.390267 0.108209 0.766450 0.743956 0.890074 0.000000 0.498431 0.735232 0.876210 0.869049 -0.105606 0.603149 -0.248441 0.075055 0.855269 0.807956 0.414710 0.404478 0.281478 0.380414 0.822278 0.794621 0.561834 0.594072 0.739962 0.847340 0.860849 0.884576 0.398342 0.210641 0.755128 0.810347 0.567800 0.398598 0.573554 0.311520 0.797017 0.740891 0.772005 0.824048 0.704571 0.703893 -0.783333 -0.696348 -0.705909 -0.724607 -0.705444 -0.655965 -0.832032 -0.761238 -0.862537 -0.823355 -0.850019 -0.834119 0.418182 0.723855 -0.221686 0.055418 0.157408 0.662718 -0.276683 0.574610 0.310816 0.427027 0.090376 0.627198 0.575372 0.566712 -0.031096 0.312692 0.730608 0.773249 0.666627 0.614839 0.692805 0.163349 0.752636 0.758838 -0.222887 0.431458 0.166056 0.675232 0.709306 0.585849 -0.077353 0.500831 0.882360 0.871739 -0.234437 0.606700 -0.825110 -0.846506 -0.823637 -0.861563 0.732885 0.580849 0.632148 0.809452 -0.277827 -0.654283 0.363795 -0.791577 0.168958 0.803338 0.376800 0.619404 0.791440 0.875041 -0.104360 -0.086003 0.132384 -0.793076 -0.864585 -0.829911 0.192516 -0.740880
0.718540 0.587118 0.742394 0.726014 0.546163 0.498431 0.000000 0.745555 0.535216 0.548589 0.396819 0.553717 0.321023 0.620780 0.549045 0.646510 0.524773 0.501796 0.706000 0.668375 0.527475 0.547152 0.805698 0.756862 0.590706 0.526501 0.545994 0.501661 0.274955 0.542553 0.632782 0.619648 0.740749 0.686004 0.625542 0.539976 0.557684 0.592672 0.511974 0.591404 0.482894 0.533813 -0.177652 -0.084189 -0.080312 -0.071709 -0.075978 -0.022753 -0.266489 -0.183808 -0.340157 -0.269680 -0.323812 -0.269072 0.646239 0.641336 0.389116 0.607802 0.591924 0.671800 0.405706 0.624013 0.543767 0.549428 0.626607 0.683119 0.700091 0.710711 0.566377 0.671387 0.679277 0.564516 0.529555 0.580802 0.530952 0.312580 0.671429 0.659948 0.156954 0.502674 0.563506 0.652436 0.611707 0.696540 0.437510 0.587556 0.569207 0.565429 0.169005 0.529181 -0.296836 -0.276972 -0.277253 -0.319172 0.555988 0.485533 0.632588 0.596782 0.266933 0.033740 0.354433 -0.176018 0.456484 0.567387 0.614314 0.645375 0.495857 0.464075 0.105990 0.246983 0.509150 -0.173283 -0.345745 -0.315605 0.497299 -0.241387
0.702270 0.444149 0.792502 0.885487 0.776016 0.735232 0.745555 0.000000 0.716649 0.786054 0.333823 0.788586 0.160560 0.509409 0.712226 0.845238 0.667072 0.373931 0.633945 0.651474 0.768482 0.773249 0.724757 0.772889 0.713822 0.782615 0.737220 0.758675 0.551668 0.481781 0.789247 0.817915 0.778033 0.697457 0.618107 0.485977 0.790241 0.718063 0.690813 0.805675 0.741639 0.697462 -0.500466 -0.388481 -0.429406 -0.411409 -0.391913 -0.300952 -0.593798 -0.500716 -0.660053 -0.550672 -0.666435 -0.541735 0.570194 0.842160 0.106341 0.364321 0.443435 0.830568 0.185126 0.823081 0.587776 0.713128 0.345719 0.765538 0.700382 0.740461 0.335364 0.530939 0.793575 0.835169 0.631578 0.797858 0.662052 0.470689 0.850881 0.847677 0.018333 0.566422 0.473443 0.708587 0.656191 0.703772 0.092276 0.732667 0.771345 0.807716 -0.126818 0.776009 -0.638891 -0.583430 -0.615675 -0.605150 0.732779 0.651532 0.744242 0.838497 0.106131 -0.245597 0.364902 -0.451378 0.339284 0.833769 0.564845 0.758112 0.691832 0.754170 0.047775 0.189255 0.512572 -0.510943 -0.665864 -0.621182 0.531562 -0.512238
0.382201 0.195182 0.819931 0.698355 0.883008 0.876210 0.535216 0.716649 0.000000 0.832476 -0.138367 0.623668 -0.281173 0.098838 0.882432 0.760255 0.361816 0.515072 0.301958 0.433715 0.787980 0.786456 0.612089 0.614342 0.763357 0.829113 0.825473 0.824782 0.437616 0.265099 0.788918 0.817879 0.595778 0.444959 0.588199 0.365490 0.768297 0.780389 0.773980 0.784179 0.626333 0.677353 -0.710231 -0.630621 -0.648653 -0.670311 -0.622113 -0.605986 -0.781756 -0.725661 -0.794079 -0.807966 -0.770050 -0.825802 0.504409 0.671289 -0.110989 0.092530 0.239326 0.638215 -0.177498 0.563605 0.353971 0.411412 0.143695 0.663000 0.604798 0.604512 0.037666 0.336771 0.781089 0.724030 0.675841 0.631683 0.688785 0.072294 0.738137 0.751860 -0.146647 0.399000 0.262229 0.659285 0.742647 0.600961 0.077920 0.414630 0.856881 0.817095 -0.048179 0.497360 -0.729015 -0.820466 -0.730543 -0.842299 0.731970 0.567506 0.661471 0.796175 -0.165380 -0.589628 0.498702 -0.761713 0.320428 0.768545 0.477290 0.620372 0.801105 0.840003 -0.046792 -0.021844 0.174720 -0.703619 -0.813315 -0.773833 0.206909 -0.699233
0.454685 0.218026 0.768652 0.772725 0.877479 0.869049 0.548589 0.786054 0.832476 0.000000 -0.014023 0.643969 -0.179248 0.173809 0.841058 0.842086 0.497465 0.394487 0.361848 0.431650 0.822624 0.805394 0.591980 0.627643 0.743157 0.852878 0.867963 0.886116 0.461058 0.257737 0.764892 0.820375 0.635119 0.486813 0.603170 0.366583 0.827043 0.768803 0.807602 0.865595 0.736626 0.732823 -0.713239 -0.614832 -0.629536 -0.647458 -0.630241 -0.560928 -0.777490 -0.694450 -0.818666 -0.749298 -0.818565 -0.756305 0.474112 0.792824 -0.137917 0.129308 0.228348 0.727178 -0.145929 0.657194 0.362920 0.481313 0.165349 0.677730 0.631638 0.635418 0.050747 0.363025 0.744066 0.808026 0.668514 0.673441 0.710872 0.251812 0.796532 0.801228 -0.161949 0.498394 0.231226 0.693354 0.718771 0.614118 -0.064219 0.579381 0.878599 0.871791 -0.213635 0.683746 -0.785366 -0.777641 -0.777049 -0.801688 0.746990 0.627206 0.666038 0.835058 -0.187416 -0.555093 0.385869 -0.702043 0.233580 0.840748 0.406211 0.666632 0.757126 0.859123 -0.072115 -0.020840 0.236401 -0.735743 -0.827479 -0.783421 0.281251 -0.707586
0.663288 0.482905 0.095223 0.313944 -0.071324 -0.105606 0.396819 0.333823 -0.138367 -0.014023 0.000000 0.409000 0.770646 0.750637 -0.095544 0.145543 0.624299 -0.001406 0.675375 0.550008 0.023829 0.051496 0.288071 0.301409 0.013104 -0.007137 -0.066803 -0.048323 0.284687 0.577812 0.143386 0.108567 0.367640 0.398215 0.113129 0.134054 0.096961 0.013716 -0.077313 0.090281 0.236893 0.056075 0.263627 0.318627 0.329996 0.364919 0.347779 0.469115 0.268094 0.359882 0.178372 0.336512 0.147588 0.338261 0.275816 0.301662 0.479315 0.561858 0.501320 0.382313 0.616265 0.438304 0.531944 0.621494 0.265812 0.188880 0.200377 0.242815 0.609977 0.467121 0.191846 0.192680 0.089578 0.366918 0.094032 0.512482 0.226201 0.206194 0.348594 0.283219 0.524463 0.218329 -0.041075 0.198833 0.220271 0.509906 -0.053085 0.037719 0.042821 0.353060 0.107923 0.290777 0.101638 0.272579 0.164665 0.193069 0.288894 0.171027 0.479487 0.502528 -0.175233 0.360740 0.164515 0.190103 0.246947 0.302501 -0.079979 -0.072858 0.339112 0.350561 0.604287 0.268462 0.179184 0.228709 0.487302 0.254993
0.683277 0.545699 0.684401 0.718137 0.667767 0.603149 0.553717 0.788586 0.623668 0.643969 0.409000 0.000000 0.109344 0.538803 0.634089 0.663100 0.668844 0.449005 0.652679 0.747281 0.670331 0.690139 0.574360 0.619040 0.603370 0.688480 0.577999 0.613764 0.713426 0.620403 0.761728 0.743173 0.730329 0.676158 0.490180 0.368250 0.693419 0.667364 0.597760 0.687395 0.634728 0.573758 -0.396556 -0.293033 -0.335425 -0.323122 -0.259148 -0.173603 -0.473503 -0.387668 -0.523312 -0.460190 -0.532280 -0.482279 0.584893 0.731160 0.253070 0.385393 0.558888 0.808973 0.316209 0.821751 0.710142 0.804561 0.167857 0.678216 0.600741 0.650470 0.392129 0.498494 0.743248 0.700268 0.567227 0.811214 0.597482 0.376293 0.738462 0.758922 0.127851 0.468860 0.579822 0.620830 0.532540 0.586720 0.160286 0.608237 0.624075 0.649916 0.029472 0.612041 -0.516009 -0.513291 -0.509045 -0.537528 0.713880 0.558060 0.731685 0.777341 0.231274 -0.154735 0.402815 -0.402009 0.467233 0.764120 0.575367 0.677441 0.559925 0.654511 0.233706 0.274716 0.564977 -0.405061 -0.569765 -0.496274 0.492026 -0.427270
0.505666 0.248729 -0.058406 0.178200 -0.245834 -0.248441 0.321023 0.160560 -0.281173 -0.179248 0.770646 0.109344 0.000000 0.635253 -0.266791 0.049568 0.432830 -0.208915 0.487109 0.268522 -0.095647 -0.086959 0.225861 0.220695 -0.094907 -0.167004 -0.168930 -0.179279 0.012516 0.356170 -0.042960 -0.062841 0.187268 0.255307 0.049579 0.091760 -0.030233 -0.159054 -0.238366 -0.068859 0.141834 -0.034790 0.371246 0.408492 0.419495 0.441377 0.403290 0.538848 0.374649 0.445961 0.289307 0.470785 0.259151 0.487586 0.060104 0.160548 0.343111 0.453979 0.294784 0.163477 0.512916 0.217328 0.257472 0.389379 0.375185 0.048131 0.098131 0.111084 0.491327 0.302513 0.030798 0.075837 -0.035029 0.120403 -0.044578 0.495256 0.082832 0.038322 0.344815 0.267143 0.337506 0.095690 -0.177339 0.108749 0.165614 0.454985 -0.193682 -0.089573 -0.041097 0.285865 0.201517 0.442025 0.189881 0.438867 -0.016461 0.085410 0.094713 -0.041734 0.427109 0.569601 -0.388525 0.524163 -0.097121 0.013636 0.159237 0.204613 -0.221585 -0.212179 0.264315 0.388647 0.496704 0.378340 0.338696 0.362669 0.479796 0.353117
0.657285 0.630877 0.373450 0.473906 0.144789 0.075055 0.620780 0.509409 0.098838 0.173809 0.750637 0.538803 0.635253 0.000000 0.152052 0.363162 0.583124 0.234650 0.751116 0.645033 0.203428 0.256036 0.583620 0.565700 0.251872 0.174619 0.124140 0.099915 0.409629 0.659791 0.370398 0.315007 0.575802 0.602465 0.345972 0.356497 0.233497 0.239508 0.140240 0.250384 0.274104 0.204876 0.198270 0.254234 0.264418 0.282758 0.288474 0.369306 0.138057 0.205100 0.062602 0.157115 0.051348 0.164990 0.476666 0.400842 0.552427 0.603219 0.612043 0.481749 0.646242 0.534224 0.605554 0.626437 0.469817 0.428540 0.423234 0.457695 0.656763 0.552470 0.395336 0.307058 0.208472 0.480713 0.227909 0.464377 0.401955 0.391607 0.322054 0.301440 0.648052 0.327814 0.228962 0.443463 0.434483 0.505857 0.149708 0.213132 0.214746 0.388716 0.065202 0.139141 0.091757 0.120830 0.280526 0.275018 0.440048 0.318806 0.527873 0.430522 0.170547 0.259238 0.429507 0.306969 0.477368 0.446058 0.088849 0.079172 0.343319 0.386045 0.652597 0.198834 0.043270 0.085079 0.573330 0.144178
0.412244 0.270464 0.832578 0.692027 0.871336 0.855269 0.549045 0.712226 0.882432 0.841058 -0.095544 0.634089 -0.266791 0.152052 0.000000 0.778239 0.396123 0.571388 0.341755 0.480469 0.807063 0.800307 0.641545 0.646820 0.777272 0.830432 0.837920 0.832448 0.472203 0.333234 0.799300 0.823526 0.624929 0.485455 0.631521 0.406116 0.778758 0.818328 0.820897 0.810403 0.632152 0.686063 -0.688510 -0.613074 -0.619168 -0.639113 -0.591641 -0.564309 -0.754628 -0.689971 -0.767357 -0.788836 -0.740687 -0.811887 0.580032 0.694740 -0.026646 0.151956 0.298882 0.656641 -0.129041 0.563608 0.361368 0.424977 0.196603 0.704868 0.646527 0.638358 0.081326 0.374149 0.775706 0.703024 0.685257 0.645954 0.716252 0.057084 0.745310 0.769085 -0.102795 0.408772 0.305604 0.679280 0.795334 0.650177 0.163474 0.425454 0.875638 0.825390 0.035409 0.489676 -0.695209 -0.797693 -0.699075 -0.830413 0.753705 0.574069 0.688563 0.794713 -0.121073 -0.560925 0.538535 -0.743673 0.392238 0.782959 0.489709 0.630835 0.762400 0.838229 0.001816 -0.015124 0.178662 -0.680952 -0.795986 -0.746934 0.188015 -0.712073
0.547752 0.267771 0.782156 0.864702 0.824178 0.807956 0.646510 0.845238 0.760255 0.842086 0.145543 0.663100 0.049568 0.363162 0.778239 0.000000 0.596343 0.301423 0.472200 0.469953 0.832591 0.816190 0.703697 0.755769 0.762437 0.829252 0.833895 0.845685 0.517680 0.348348 0.761924 0.817285 0.680519 0.571689 0.653458 0.446155 0.828572 0.736364 0.755617 0.847603 0.775034 0.764327 -0.634532 -0.547040 -0.567396 -0.566643 -0.565146 -0.473555 -0.720346 -0.645776 -0.777491 -0.674637 -0.780236 -0.655263 0.452309 0.824613 -0.066657 0.191958 0.247191 0.742282 -0.068904 0.678473 0.388314 0.549443 0.316677 0.710493 0.680032 0.683905 0.154603 0.426348 0.730587 0.850110 0.584910 0.719264 0.629436 0.447993 0.826931 0.822130 -0.101710 0.538069 0.310046 0.671491 0.709088 0.702023 -0.031519 0.682993 0.853837 0.889878 -0.259823 0.778788 -0.750753 -0.691768 -0.707777 -0.701019 0.728216 0.667013 0.695643 0.822802 -0.106774 -0.437208 0.363839 -0.562517 0.216657 0.835706 0.454592 0.725400 0.708961 0.818405 -0.024089 0.067879 0.323846 -0.650911 -0.769977 -0.741220 0.439483 -0.643352
0.717204 0.486931 0.482333 0.673237 0.454002 0.414710 0.524773 0.667072 0.361816 0.497465 0.624299 0.668844 0.432830 0.583124 0.396123 0.596343 0.000000 0.257030 0.679876 0.648709 0.521426 0.562061 0.533865 0.589820 0.494797 0.520656 0.487886 0.489473 0.574823 0.632172 0.562724 0.566288 0.652803 0.606890 0.501555 0.365124 0.609421 0.485273 0.382819 0.594400 0.638728 0.453819 -0.195671 -0.086923 -0.111135 -0.071107 -0.111568 0.032920 -0.259985 -0.134745 -0.365317 -0.183730 -0.393822 -0.191009 0.447150 0.707261 0.304338 0.495244 0.509959 0.737150 0.328382 0.691600 0.537977 0.744001 0.319210 0.559048 0.570065 0.603013 0.468429 0.559406 0.557346 0.630258 0.447490 0.671575 0.474937 0.550599 0.631778 0.619261 0.221161 0.527919 0.585897 0.575507 0.374342 0.525673 0.075004 0.745631 0.457514 0.540201 -0.142163 0.686024 -0.412197 -0.248490 -0.416085 -0.272976 0.596198 0.531011 0.656380 0.630164 0.196264 0.011052 0.036444 -0.144054 0.212302 0.635704 0.425208 0.655021 0.339973 0.447556 0.255810 0.232274 0.576809 -0.250129 -0.367804 -0.297218 0.530366 -0.253088
0.366844 0.580779 0.572601 0.288303 0.453541 0.404478 0.501796 0.373931 0.515072 0.394487 -0.001406 0.449005 -0.208915 0.234650 0.571388 0.301423 0.257030 0.000000 0.398049 0.586384 0.364139 0.413023 0.521387 0.416864 0.487039 0.416644 0.434634 0.351089 0.193802 0.564145 0.557637 0.468849 0.527528 0.497826 0.484147 0.391355 0.392542 0.597232 0.447590 0.427186 0.181627 0.307686 -0.112708 -0.031546 -0.019896 -0.030924 0.018795 -0.012723 -0.178091 -0.102653 -0.195922 -0.280792 -0.155130 -0.351060 0.699653 0.353242 0.482970 0.550236 0.625830 0.464579 0.288490 0.373662 0.476107 0.343282 0.330729 0.536398 0.540995 0.538164 0.402828 0.512743 0.573083 0.213888 0.624726 0.352956 0.564156 -0.342815 0.397458 0.446744 0.281953 0.345374 0.577282 0.617866 0.600089 0.574193 0.630018 0.168443 0.412393 0.315858 0.563870 0.046320 -0.118619 -0.295309 -0.170279 -0.375515 0.535100 0.293770 0.541724 0.416551 0.252619 -0.088445 0.479483 -0.318072 0.615581 0.359502 0.556146 0.400822 0.356395 0.370313 0.214119 0.224491 0.268908 -0.124867 -0.261306 -0.181621 0.103886 -0.264952
0.795162 0.744396 0.547671 0.605341 0.351808 0.281478 0.706000 0.633945 0.301958 0.361848 0.675375 0.652679 0.487109 0.751116 0.341755 0.472200 0.679876 0.398049 0.000000 0.813876 0.400435 0.431176 0.671318 0.656029 0.453186 0.402203 0.344533 0.318620 0.475164 0.664671 0.559204 0.500410 0.721069 0.695100 0.507641 0.445199 0.468528 0.478702 0.320098 0.472293 0.432691 0.426521 0.008369 0.108298 0.108823 0.118959 0.128196 0.217532 -0.060255 0.022283 -0.154582 -0.046797 -0.156492 -0.060755 0.585371 0.573025 0.592612 0.716509 0.707733 0.683607 0.581786 0.669217 0.611986 0.664747 0.525062 0.608656 0.627845 0.645593 0.754179 0.732189 0.595838 0.485725 0.423404 0.629817 0.423378 0.417031 0.558593 0.567990 0.343286 0.511339 0.691659 0.564567 0.384869 0.536790 0.418645 0.634177 0.343079 0.382031 0.164453 0.496780 -0.166051 -0.090255 -0.160172 -0.125824 0.488861 0.429673 0.582765 0.508972 0.398653 0.228311 0.198027 0.021505 0.437330 0.493619 0.605202 0.608213 0.285937 0.302673 0.258888 0.438727 0.664421 -0.026462 -0.180795 -0.116517 0.559344 -0.043731
0.775904 0.777825 0.624361 0.589243 0.455635 0.380414 0.668375 0.651474 0.433715 0.431650 0.550008 0.747281 0.268522 0.645033 0.480469 0.469953 0.648709 0.586384 0.813876 0.000000 0.457781 0.497204 0.634373 0.616074 0.498954 0.473150 0.401500 0.386872 0.519008 0.706924 0.632447 0.578529 0.740502 0.707295 0.512798 0.456039 0.516313 0.576492 0.426161 0.526721 0.428887 0.419889 -0.091084 0.010197 0.000156 0.025341 0.052331 0.117602 -0.159951 -0.059917 -0.224359 -0.176668 -0.217112 -0.215694 0.714989 0.593778 0.590814 0.693594 0.757876 0.727306 0.542782 0.697761 0.694247 0.713557 0.393164 0.640458 0.629095 0.664005 0.691510 0.721433 0.673721 0.488745 0.538782 0.680218 0.522434 0.234732 0.598561 0.627464 0.328097 0.468865 0.727719 0.619543 0.483960 0.591202 0.483673 0.545035 0.426249 0.424076 0.309848 0.411207 -0.211674 -0.228051 -0.231887 -0.282513 0.570841 0.427666 0.661078 0.586229 0.416623 0.114787 0.340896 -0.159138 0.570419 0.557505 0.646879 0.603343 0.389117 0.400418 0.245442 0.363897 0.613152 -0.108873 -0.281078 -0.197684 0.438298 -0.156711
0.496742 0.247367 0.768345 0.790832 0.842616 0.822278 0.527475 0.768482 0.787980 0.822624 0.023829 0.670331 -0.095647 0.203428 0.807063 0.832591 0.521426 0.364139 0.400435 0.457781 0.000000 0.891383 0.629988 0.691961 0.818221 0.877999 0.861329 0.860858 0.521106 0.275509 0.812552 0.842206 0.678024 0.581485 0.691052 0.494813 0.882899 0.813176 0.807501 0.861403 0.795886 0.717928 -0.668399 -0.571326 -0.608916 -0.623438 -0.592678 -0.508053 -0.771898 -0.703106 -0.811823 -0.741844 -0.808538 -0.743398 0.460537 0.800337 -0.076973 0.155642 0.268598 0.748967 -0.114007 0.665272 0.303091 0.503957 0.271380 0.743302 0.717569 0.711889 0.109124 0.379835 0.778748 0.841682 0.649040 0.721564 0.694328 0.334408 0.836291 0.846138 -0.182742 0.494257 0.233825 0.671014 0.668295 0.642318 -0.024376 0.610044 0.853268 0.865223 -0.207385 0.704565 -0.778038 -0.772634 -0.768166 -0.785833 0.771357 0.589098 0.688392 0.836965 -0.128096 -0.516966 0.391244 -0.657916 0.232811 0.838773 0.491843 0.700227 0.715920 0.868615 0.063920 0.054794 0.278285 -0.704593 -0.809817 -0.768914 0.322724 -0.692415
0.497989 0.304354 0.775630 0.782534 0.830234 0.794621 0.547152 0.773249 0.786456 0.805394 0.051496 0.690139 -0.086959 0.256036 0.800307 0.816190 0.562061 0.413023 0.431176 0.497204 0.891383 0.000000 0.665171 0.713498 0.843457 0.868701 0.840648 0.826393 0.558402 0.334955 0.837933 0.844714 0.721552 0.640161 0.726115 0.554502 0.865842 0.818780 0.772636 0.836455 0.780428 0.659840 -0.589556 -0.496740 -0.544897 -0.552652 -0.527944 -0.463276 -0.725002 -0.657494 -0.765113 -0.702502 -0.762631 -0.704250 0.507275 0.786512 -0.013568 0.191044 0.316342 0.754365 -0.035654 0.683412 0.338933 0.521405 0.318414 0.781298 0.750441 0.749964 0.142093 0.391773 0.802699 0.830527 0.652431 0.731054 0.688947 0.326593 0.846140 0.852856 -0.154782 0.468289 0.308278 0.660098 0.675255 0.662169 0.041861 0.598075 0.820420 0.834071 -0.133197 0.688041 -0.714319 -0.730722 -0.710773 -0.747139 0.763520 0.581149 0.725412 0.837735 -0.057401 -0.450563 0.433352 -0.604286 0.307373 0.824634 0.516963 0.714350 0.703019 0.830842 0.089946 0.038318 0.324836 -0.638367 -0.763436 -0.723946 0.343274 -0.656767
0.620664 0.528568 0.805343 0.745671 0.634323 0.561834 0.805698 0.724757 0.612089 0.591980 0.288071 0.574360 0.225861 0.583620 0.641545 0.703697 0.533865 0.521387 0.671318 0.634373 0.629988 0.665171 0.000000 0.873654 0.759400 0.641984 0.621745 0.559690 0.414687 0.530092 0.757107 0.740646 0.785934 0.727402 0.786257 0.661429 0.634478 0.688893 0.573899 0.640588 0.508555 0.580671 -0.242398 -0.157420 -0.156912 -0.176879 -0.157079 -0.125636 -0.366318 -0.303961 -0.428628 -0.384494 -0.404582 -0.381445 0.634530 0.648969 0.320403 0.487736 0.549899 0.651309 0.251535 0.569590 0.441966 0.491461 0.662640 0.761380 0.792602 0.773964 0.471855 0.596281 0.747610 0.627653 0.573282 0.652939 0.578056 0.294591 0.730831 0.722232 0.132488 0.495892 0.560839 0.639932 0.658425 0.712051 0.455361 0.574105 0.624323 0.620079 0.179881 0.529383 -0.355986 -0.377780 -0.340257 -0.412892 0.608176 0.524221 0.678650 0.649774 0.243902 -0.060932 0.447649 -0.246994 0.468943 0.619256 0.674664 0.716689 0.552423 0.552587 0.152582 0.253721 0.473984 -0.246803 -0.436240 -0.394139 0.509028 -0.332606
0.635738 0.490087 0.807178 0.808989 0.668477 0.594072 0.756862 0.772889 0.614342 0.627643 0.301409 0.619040 0.220695 0.565700 0.646820 0.755769 0.589820 0.416864 0.656029 0.616074 0.691961 0.713498 0.873654 0.000000 0.775417 0.696352 0.657099 0.612875 0.497204 0.490340 0.771121 0.781471 0.788603 0.731940 0.774737 0.660457 0.692359 0.706312 0.619972 0.691504 0.591325 0.616873 -0.332286 -0.253268 -0.260406 -0.262164 -0.246373 -0.199911 -0.447550 -0.394513 -0.505369 -0.446968 -0.489238 -0.435832 0.587708 0.692816 0.256835 0.423659 0.504895 0.691152 0.207214 0.621269 0.396579 0.517443 0.613378 0.795973 0.802146 0.795124 0.432799 0.578052 0.743306 0.704658 0.548941 0.713799 0.563938 0.400798 0.762476 0.753420 0.063519 0.488534 0.502659 0.617823 0.625305 0.678497 0.333101 0.624621 0.672530 0.686174 0.056672 0.605387 -0.445116 -0.449493 -0.417125 -0.470231 0.634235 0.544089 0.681974 0.692858 0.170202 -0.142996 0.435499 -0.298068 0.402246 0.672903 0.635775 0.735734 0.570713 0.606678 0.159704 0.205639 0.444062 -0.340966 -0.512997 -0.473595 0.519028 -0.397022
0.479046 0.341890 0.806480 0.743696 0.805949 0.739962 0.590706 0.713822 0.763357 0.743157 0.013104 0.603370 -0.094907 0.251872 0.777272 0.762437 0.494797 0.487039 0.453186 0.498954 0.818221 0.843457 0.759400 0.775417 0.000000 0.854633 0.811837 0.762797 0.496240 0.351481 0.847125 0.842642 0.747067 0.681587 0.840693 0.693648 0.809614 0.804476 0.717817 0.784306 0.661984 0.656361 -0.484725 -0.393097 -0.434264 -0.460826 -0.425248 -0.404750 -0.643892 -0.588843 -0.686273 -0.643551 -0.672624 -0.649227 0.548216 0.726326 0.056347 0.239443 0.376476 0.700901 -0.020154 0.575943 0.266030 0.427014 0.482510 0.820035 0.835299 0.813267 0.196738 0.428201 0.800425 0.775379 0.653637 0.701864 0.657279 0.246687 0.811972 0.819658 -0.068550 0.505354 0.355735 0.663649 0.696581 0.667482 0.196123 0.562376 0.771697 0.753515 0.007646 0.605703 -0.613570 -0.658053 -0.614278 -0.690324 0.733579 0.579378 0.699005 0.769999 0.019964 -0.375972 0.479932 -0.532772 0.347145 0.748410 0.584469 0.735030 0.673688 0.774766 0.069137 0.114725 0.319984 -0.529593 -0.691516 -0.646403 0.366539 -0.620221
0.489620 0.250587 0.792435 0.791494 0.881352 0.847340 0.526501 0.782615 0.829113 0.852878 -0.007137 0.688480 -0.167004 0.174619 0.830432 0.829252 0.520656 0.416644 0.402203 0.473150 0.877999 0.868701 0.641984 0.696352 0.854633 0.000000 0.874456 0.876697 0.527425 0.307950 0.853078 0.879451 0.696992 0.592505 0.704488 0.502490 0.876625 0.813261 0.798259 0.869215 0.764293 0.738194 -0.675654 -0.572818 -0.618569 -0.634176 -0.596430 -0.539811 -0.784791 -0.714049 -0.825660 -0.759498 -0.822924 -0.770386 0.488111 0.801229 -0.096357 0.150318 0.285772 0.760515 -0.119115 0.675291 0.338087 0.506148 0.264314 0.776515 0.731197 0.731055 0.098284 0.378946 0.800147 0.845819 0.686506 0.731379 0.720661 0.284582 0.830658 0.847094 -0.129185 0.540297 0.278120 0.709925 0.697917 0.630965 -0.011436 0.614907 0.859954 0.856528 -0.178810 0.698876 -0.785055 -0.792845 -0.781591 -0.815457 0.804036 0.648153 0.720819 0.857790 -0.122588 -0.532735 0.417552 -0.684565 0.251943 0.851297 0.503677 0.733631 0.752084 0.885472 0.017377 0.068786 0.284462 -0.712565 -0.829496 -0.779094 0.345124 -0.723038
0.453166 0.204965 0.767831 0.753911 0.858341 0.860849 0.545994 0.737220 0.825473 0.867963 -0.066803 0.577999 -0.168930 0.124140 0.837920 0.833895 0.487886 0.434634 0.344533 0.401500 0.861329 0.840648 0.621745 0.657099 0.811837 0.874456 0.000000 0.896244 0.403095 0.251993 0.781410 0.813842 0.645337 0.509768 0.683418 0.454777 0.854919 0.791182 0.797047 0.870773 0.750798 0.720875 -0.688902 -0.587947 -0.611570 -0.624791 -0.620023 -0.547617 -0.776115 -0.692536 -0.820217 -0.747558 -0.815356 -0.761709 0.473617 0.784136 -0.109650 0.167928 0.236199 0.716872 -0.175680 0.603246 0.262095 0.424399 0.276754 0.716864 0.704922 0.688881 0.070659 0.391330 0.756771 0.799082 0.692833 0.631558 0.720624 0.220618 0.785626 0.798820 -0.158931 0.533438 0.222663 0.730400 0.719201 0.641100 -0.016325 0.586203 0.874399 0.866476 -0.194929 0.670098 -0.786889 -0.780087 -0.786566 -0.805369 0.775321 0.608204 0.668939 0.811577 -0.214759 -0.576041 0.357818 -0.700843 0.190710 0.809431 0.440866 0.687896 0.728931 0.862918 -0.026249 -0.001365 0.202478 -0.731316 -0.816404 -0.771402 0.268957 -0.730728
0.448557 0.148101 0.745691 0.769447 0.869599 0.884576 0.501661 0.758675 0.824782 0.886116 -0.048323 0.613764 -0.179279 0.099915 0.832448 0.845685 0.489473 0.351089 0.318620 0.386872 0.860858 0.826393 0.559690 0.612875 0.762797 0.876697 0.896244 0.000000 0.439879 0.218181 0.757929 0.817884 0.604554 0.452343 0.611299 0.363398 0.854815 0.765293 0.803895 0.876036 0.772035 0.750611 -0.764815 -0.665732 -0.688530 -0.697023 -0.691482 -0.608611 -0.824316 -0.739649 -0.866908 -0.786740 -0.864981 -0.796149 0.422692 0.797141 -0.193285 0.096431 0.178893 0.719926 -0.221523 0.626256 0.291213 0.455861 0.163011 0.673028 0.632096 0.623273 0.013314 0.341330 0.733400 0.825932 0.664505 0.652801 0.705719 0.266994 0.780296 0.792378 -0.179635 0.521254 0.180863 0.704594 0.701192 0.606962 -0.113124 0.598563 0.888006 0.892154 -0.280017 0.703011 -0.849004 -0.820935 -0.843438 -0.838199 0.768931 0.635617 0.659584 0.831568 -0.259178 -0.618322 0.315663 -0.746033 0.138034 0.842928 0.389731 0.674005 0.756659 0.892356 -0.081524 -0.019799 0.182631 -0.790021 -0.860338 -0.820062 0.265466 -0.746147
0.379977 0.455700 0.510442 0.524528 0.496153 0.398342 0.274955 0.551668 0.437616 0.461058 0.284687 0.713426 0.012516 0.409629 0.472203 0.517680 0.574823 0.193802 0.475164 0.519008 0.521106 0.558402 0.414687 0.497204 0.496240 0.527425 0.403095 0.439879 0.000000 0.425115 0.548157 0.568901 0.531938 0.490718 0.401074 0.357613 0.522568 0.538437 0.470427 0.496856 0.419580 0.473463 -0.294841 -0.255046 -0.301199 -0.276040 -0.231507 -0.189458 -0.393386 -0.381459 -0.410397 -0.407542 -0.413685 -0.388269 0.385134 0.511019 0.237025 0.122597 0.356849 0.551810 0.199325 0.533214 0.396188 0.526458 0.102592 0.516591 0.471970 0.510440 0.248979 0.330174 0.497771 0.550244 0.172592 0.715066 0.269059 0.437852 0.544483 0.560048 0.106799 0.214377 0.473107 0.237192 0.394205 0.397472 0.065338 0.354109 0.455815 0.496652 0.020083 0.428820 -0.382184 -0.429206 -0.321959 -0.418818 0.480355 0.435716 0.521137 0.578475 0.122929 -0.164940 0.473174 -0.309232 0.441825 0.548969 0.400721 0.475887 0.386526 0.463819 0.159887 0.163193 0.364586 -0.311386 -0.481346 -0.453137 0.364669 -0.350554
0.636965 0.627080 0.443416 0.421578 0.273366 0.210641 0.542553 0.481781 0.265099 0.257737 0.577812 0.620403 0.356170 0.659791 0.333234 0.348348 0.632172 0.564145 0.664671 0.706924 0.275509 0.334955 0.530092 0.490340 0.351481 0.307950 0.251993 0.218181 0.425115 0.000000 0.500292 0.408056 0.577405 0.634130 0.389023 0.354686 0.352452 0.410411 0.283791 0.367616 0.326520 0.303774 0.092401 0.187774 0.174262 0.201433 0.233869 0.298278 0.037229 0.143683 -0.032969 0.018802 -0.031774 -0.025772 0.629695 0.459818 0.568156 0.638984 0.720801 0.564112 0.560318 0.554558 0.721477 0.685961 0.353427 0.494105 0.473345 0.525040 0.603219 0.551338 0.497203 0.292590 0.418497 0.507596 0.421820 0.173155 0.414208 0.440058 0.533486 0.466402 0.794209 0.539221 0.430876 0.576333 0.511360 0.483663 0.257190 0.267754 0.365044 0.308718 -0.027939 -0.016939 -0.050095 -0.068977 0.535717 0.449424 0.646049 0.426935 0.532239 0.278054 0.238939 0.050609 0.566126 0.409802 0.579223 0.528722 0.198233 0.230114 0.430789 0.433402 0.629145 0.099345 -0.072565 0.021116 0.525917 -0.031083
0.602211 0.435066 0.835846 0.781376 0.814994 0.755128 0.632782 0.789247 0.788918 0.764892 0.143386 0.761728 -0.042960 0.370398 0.799300 0.761924 0.562724 0.557637 0.559204 0.632447 0.812552 0.837933 0.757107 0.771121 0.847125 0.853078 0.781410 0.757929 0.548157 0.500292 0.000000 0.885465 0.801775 0.719198 0.746455 0.574989 0.811499 0.817768 0.738891 0.804500 0.685694 0.644286 -0.500958 -0.395268 -0.430180 -0.451525 -0.393165 -0.350837 -0.621884 -0.548419 -0.669412 -0.626976 -0.658166 -0.649909 0.623272 0.767506 0.134880 0.345477 0.497614 0.788733 0.115931 0.722212 0.495382 0.604734 0.377508 0.823053 0.783507 0.791099 0.304817 0.505310 0.853253 0.772550 0.711166 0.754205 0.732846 0.230972 0.827749 0.845107 0.001870 0.528655 0.470226 0.732390 0.680287 0.664668 0.224246 0.607194 0.776942 0.764120 0.038559 0.624826 -0.612972 -0.657523 -0.623733 -0.689555 0.803891 0.602712 0.787420 0.837963 0.094150 -0.328069 0.472188 -0.538731 0.436798 0.809326 0.643603 0.765604 0.694633 0.786062 0.194423 0.175400 0.438125 -0.527037 -0.684735 -0.619158 0.429803 -0.580193
0.570956 0.354524 0.849355 0.823673 0.861109 0.810347 0.619648 0.817915 0.817879 0.820375 0.108567 0.743173 -0.062841 0.315007 0.823526 0.817285 0.566288 0.468849 0.500410 0.578529 0.842206 0.844714 0.740646 0.781471 0.842642 0.879451 0.813842 0.817884 0.568901 0.408056 0.885465 0.000000 0.762271 0.654563 0.735571 0.539670 0.843784 0.824066 0.790663 0.843830 0.724580 0.723786 -0.606758 -0.505955 -0.534572 -0.553058 -0.504286 -0.453575 -0.708014 -0.635690 -0.750715 -0.700645 -0.740499 -0.712752 0.582221 0.802893 0.028029 0.256270 0.409369 0.783935 0.010878 0.706300 0.436283 0.571682 0.330087 0.798679 0.759755 0.762858 0.212833 0.471754 0.832578 0.824570 0.688260 0.777378 0.724560 0.291326 0.850959 0.856481 -0.048242 0.528425 0.394303 0.711568 0.705624 0.658432 0.126156 0.620166 0.836311 0.829743 -0.059192 0.670114 -0.701756 -0.727207 -0.702795 -0.754132 0.806840 0.650469 0.769648 0.865143 0.007268 -0.418116 0.454240 -0.609894 0.357668 0.849495 0.593589 0.774259 0.755789 0.838855 0.079322 0.119799 0.368702 -0.618429 -0.765391 -0.707054 0.409720 -0.636168
0.721448 0.634521 0.748767 0.752757 0.646864 0.567800 0.740749 0.778033 0.595778 0.635119 0.367640 0.730329 0.187268 0.575802 0.624929 0.680519 0.652803 0.527528 0.721069 0.740502 0.678024 0.721552 0.785934 0.788603 0.747067 0.696992 0.645337 0.604554 0.531938 0.577405 0.801775 0.762271 0.000000 0.832370 0.756392 0.674691 0.717848 0.721223 0.601363 0.719710 0.608957 0.570319 -0.237970 -0.113435 -0.161003 -0.153489 -0.133314 -0.066899 -0.381131 -0.290475 -0.452261 -0.365796 -0.448171 -0.381206 0.683015 0.745974 0.382339 0.575190 0.667343 0.818412 0.399020 0.758424 0.549708 0.663098 0.565153 0.828429 0.830699 0.849627 0.532266 0.650325 0.790359 0.693258 0.623089 0.734220 0.637757 0.351273 0.782220 0.789692 0.155406 0.568155 0.603871 0.693365 0.591683 0.668483 0.363253 0.675417 0.615548 0.623719 0.140994 0.624931 -0.414140 -0.407418 -0.416547 -0.449989 0.692212 0.524348 0.736217 0.737576 0.257435 -0.055345 0.397244 -0.271123 0.489326 0.705413 0.689016 0.751497 0.546771 0.596354 0.202590 0.303914 0.581720 -0.304721 -0.471596 -0.403764 0.544296 -0.363107
0.662649 0.647213 0.638397 0.651443 0.509337 0.398598 0.686004 0.697457 0.444959 0.486813 0.398215 0.676158 0.255307 0.602465 0.485455 0.571689 0.606890 0.497826 0.695100 0.707295 0.581485 0.640161 0.727402 0.731940 0.681587 0.592505 0.509768 0.452343 0.490718 0.634130 0.719198 0.654563 0.832370 0.000000 0.728873 0.745373 0.619361 0.644491 0.497636 0.588702 0.518215 0.467508 -0.025201 0.088508 0.022751 0.035761 0.067762 0.115257 -0.202933 -0.123610 -0.272961 -0.189294 -0.279478 -0.203932 0.661110 0.668034 0.445594 0.564495 0.684663 0.729060 0.500023 0.716211 0.550000 0.648727 0.609541 0.804930 0.795778 0.838359 0.524101 0.545531 0.706290 0.600097 0.549218 0.688810 0.553067 0.366391 0.724478 0.731755 0.253585 0.555152 0.656568 0.608037 0.532775 0.695603 0.433567 0.645027 0.468265 0.478741 0.237817 0.568958 -0.231229 -0.226421 -0.237186 -0.275431 0.611959 0.483380 0.682737 0.609111 0.459360 0.139271 0.400055 -0.078184 0.531882 0.591528 0.711084 0.682517 0.381696 0.463824 0.267835 0.410004 0.643061 -0.096729 -0.300650 -0.230473 0.590150 -0.241962
0.497151 0.423915 0.723904 0.664567 0.647712 0.573554 0.625542 0.618107 0.588199 0.603170 0.113129 0.490180 0.049579 0.345972 0.631521 0.653458 0.501555 0.484147 0.507641 0.512798 0.691052 0.726115 0.786257 0.774737 0.840693 0.704488 0.683418 0.611299 0.401074 0.389023 0.746455 0.735571 0.756392 0.728873 0.000000 0.799246 0.703202 0.734302 0.594913 0.670366 0.552066 0.562370 -0.258506 -0.164312 -0.177923 -0.213818 -0.197430 -0.183384 -0.417492 -0.360335 -0.482397 -0.423846 -0.467378 -0.432061 0.581929 0.660626 0.207150 0.374278 0.486925 0.646839 0.119893 0.498957 0.230080 0.384196 0.647406 0.793162 0.865359 0.829709 0.301459 0.467211 0.715731 0.660035 0.586861 0.613901 0.589071 0.244377 0.744738 0.739344 0.045833 0.506712 0.432707 0.617869 0.621215 0.657655 0.347282 0.566529 0.619889 0.605559 0.120472 0.541983 -0.415653 -0.437140 -0.428221 -0.481306 0.632095 0.516292 0.651706 0.643937 0.170944 -0.156796 0.393376 -0.311321 0.378997 0.625663 0.624073 0.708338 0.534389 0.596356 0.112345 0.175248 0.383019 -0.315250 -0.486979 -0.438639 0.428914 -0.441763
0.406180 0.478760 0.550591 0.494573 0.422313 0.311520 0.539976 0.485977 0.365490 0.366583 0.134054 0.368250 0.091760 0.356497 0.406116 0.446155 0.365124 0.391355 0.445199 0.456039 0.494813 0.554502 0.661429 0.660457 0.693648 0.502490 0.454777 0.363398 0.357613 0.354686 0.574989 0.539670 0.674691 0.745373 0.799246 0.000000 0.506632 0.573898 0.427897 0.460152 0.349114 0.372380 0.035531 0.123530 0.053556 0.051713 0.086326 0.059171 -0.173768 -0.140282 -0.214422 -0.180955 -0.204147 -0.173928 0.577951 0.498463 0.332512 0.381056 0.504997 0.501222 0.302850 0.405690 0.179930 0.297318 0.678030 0.718685 0.781753 0.784072 0.348596 0.392884 0.568689 0.487792 0.400922 0.513827 0.404861 0.233581 0.606080 0.608509 0.140093 0.395348 0.431120 0.405777 0.483014 0.573264 0.430183 0.434260 0.378059 0.361349 0.295779 0.400007 -0.123984 -0.184234 -0.136628 -0.231334 0.445860 0.390281 0.514200 0.454186 0.398725 0.110790 0.430422 -0.046996 0.471696 0.422098 0.616292 0.578056 0.376994 0.370196 0.107708 0.262867 0.453517 -0.016339 -0.227658 -0.192023 0.443324 -0.221605
0.571280 0.316238 0.757247 0.802440 0.826450 0.797017 0.557684 0.790241 0.768297 0.827043 0.096961 0.693419 -0.030233 0.233497 0.778758 0.828572 0.609421 0.392542 0.468528 0.516313 0.882899 0.865842 0.634478 0.692359 0.809614 0.876625 0.854919 0.854815 0.522568 0.352452 0.811499 0.843784 0.717848 0.619361 0.703202 0.506632 0.000000 0.836992 0.797856 0.893058 0.824517 0.778648 -0.616650 -0.495272 -0.539663 -0.542505 -0.518579 -0.412389 -0.715439 -0.620924 -0.774116 -0.666848 -0.778002 -0.681172 0.513282 0.857861 -0.007468 0.260236 0.346111 0.812416 -0.030394 0.723212 0.368721 0.561432 0.317034 0.768863 0.754187 0.759238 0.201061 0.464152 0.797862 0.857852 0.699340 0.754328 0.724436 0.356675 0.843430 0.856042 -0.033785 0.619856 0.336356 0.755320 0.686011 0.680773 0.003242 0.707847 0.829124 0.848361 -0.198767 0.752247 -0.765552 -0.717494 -0.765469 -0.743993 0.823329 0.693766 0.751301 0.858019 -0.063371 -0.442327 0.324742 -0.600722 0.235510 0.861917 0.546664 0.769122 0.712729 0.856877 0.048284 0.168710 0.370735 -0.661770 -0.773760 -0.717538 0.418477 -0.657386
