0.000000,0.159369,0.663207,0.332728,0.482663,0.514847,0.701282,0.402781,0.601009,0.642744,0.770150,0.275112,0.721980,0.474707,0.677705,0.303042,0.254071,0.370219,0.405068,0.636626,0.570693,0.510495,0.231059,0.516551,0.570975,0.541180,0.513697,0.514604,0.410404,0.396584,0.419119,0.501313,0.421516,0.523492,0.222675,0.539056,0.468789,0.266100,0.405475,0.226572,0.564018,0.251765,-0.072039,0.003754,0.003274,-0.094129,0.267257,0.011907,0.018621,-0.134227,0.192074,-0.410597,0.551824,-0.452687,0.667781,0.354347,0.674770,0.150758,0.676554,0.541680,0.660602,0.241134,0.579645,0.351498,0.393523,-0.222204,0.589718,0.623695,0.567688,0.690781,0.670631,0.315745,0.544239,0.591578,0.302580,-0.198503,0.650250,0.136727,0.578264,-0.318909,0.607462,0.037596,0.298874,0.194013,0.742243,-0.375472,0.622950,0.258325,0.665142,-0.386573,0.696021,-0.214421,0.533798,-0.359932,0.521909,0.516906,0.670453,-0.007977,0.624930,0.339312,0.609506,-0.224498,0.610999,0.225471,0.198227,-0.254337,0.642826,0.206881,0.400086,0.504615,0.273824,0.452479,0.450789,0.104856,-0.219980,0.064568
0.159369,0.000000,0.069038,0.635708,-0.032160,0.008345,0.084465,0.646026,-0.009841,0.199030,0.154761,0.664687,0.278367,0.398374,0.157614,0.435646,0.327585,0.380489,0.615816,0.516182,0.177259,0.073810,0.581226,0.381561,0.220140,0.176173,-0.020572,-0.072671,0.400426,0.409131,0.477858,0.256146,0.608567,0.542277,0.294376,0.203333,0.066017,0.331001,-0.144811,0.084198,-0.078269,-0.065391,0.356251,0.393760,0.390127,0.434236,0.303780,0.509855,0.307768,0.380636,0.111945,0.329344,0.025513,0.354718,-0.115840,0.467538,0.408960,0.796152,0.381748,0.611169,0.187286,0.714908,0.234651,0.549519,0.180902,0.559390,0.322859,0.384540,0.608574,0.352818,0.110537,0.429588,0.110840,0.090768,-0.042550,0.301790,0.125422,0.542549,0.022893,0.498432,0.055703,0.660743,0.218091,0.235570,-0.007967,0.558661,-0.132515,0.214737,-0.190795,0.524329,0.010311,0.549171,0.057355,0.519621,0.146030,0.427580,0.216366,0.648051,0.234057,0.471212,-0.116108,0.557339,-0.165659,0.251060,0.382158,0.511339,-0.093542,0.199056,0.051814,0.369180,0.481630,0.465882,0.216369,0.355696,0.401355,0.457335
0.663207,0.069038,0.000000,0.375513,0.699631,0.746653,0.811391,0.409225,0.735813,0.571823,0.669002,0.111076,0.605092,0.372119,0.619837,0.521020,0.080084,0.227666,0.381923,0.630791,0.641081,0.641754,0.033762,0.664207,0.669662,0.693367,0.684721,0.719779,0.265706,0.176628,0.443095,0.657718,0.227825,0.323053,0.287845,0.576789,0.501728,0.355991,0.421282,0.366548,0.547562,0.210379,-0.432988,-0.309883,-0.355416,-0.436282,-0.057194,-0.265657,-0.387042,-0.456020,-0.225937,-0.645577,0.194388,-0.656092,0.607480,0.431537,0.360718,0.011271,0.495986,0.416061,0.367221,0.081944,0.363910,0.218187,0.352228,-0.354253,0.620556,0.609997,0.376171,0.685339,0.638139,0.519734,0.538973,0.497421,0.221531,-0.286334,0.571543,0.139592,0.405179,-0.313044,0.451873,-0.028971,0.078346,0.187785,0.602797,-0.423650,0.723131,0.579651,0.633575,-0.376080,0.535175,-0.045501,0.555011,-0.437646,0.691258,0.508598,0.542862,-0.005779,0.602528,0.468691,0.715099,-0.128998,0.736572,0.522662,-0.096331,-0.450510,0.712810,0.516113,0.390500,0.368900,-0.001478,0.385295,0.626979,-0.152337,-0.477352,0.108853
0.332728,0.635708,0.375513,0.000000,0.204638,0.264256,0.416608,0.761428,0.261764,0.305666,0.338156,0.493055,0.459673,0.328223,0.319401,0.514853,0.225933,0.194647,0.738830,0.617469,0.285128,0.167017,0.617105,0.660748,0.486760,0.411263,0.230962,0.240644,0.339577,0.244465,0.576212,0.364176,0.548138,0.499268,0.465279,0.383850,0.135102,0.297245,-0.120148,0.074213,-0.022058,-0.170747,0.125295,0.192905,0.161570,0.156015,0.191642,0.291541,0.083319,0.103125,-0.033577,0.058823,-0.015689,0.087004,0.005170,0.438391,0.420803,0.596575,0.424451,0.553160,0.257338,0.540593,0.257122,0.363982,0.419655,0.382455,0.523932,0.522710,0.630170,0.454142,0.342937,0.510288,0.267686,0.164347,-0.091250,0.125079,0.210105,0.371341,0.062658,0.314670,0.111511,0.417984,0.115004,0.170496,0.165567,0.349975,0.059943,0.388963,-0.036376,0.333322,0.156035,0.519727,0.245752,0.359972,0.287969,0.431299,0.290806,0.489487,0.361857,0.559761,0.088166,0.455475,0.067995,0.400819,0.309278,0.298926,0.108798,0.333427,0.133132,0.379443,0.349744,0.464522,0.383858,0.280818,0.213350,0.461001
0.482663,-0.032160,0.699631,0.204638,0.000000,0.756952,0.669152,0.272032,0.768807,0.570315,0.509395,-0.017159,0.418089,0.170404,0.563950,0.536167,0.079841,0.147691,0.259842,0.438350,0.646017,0.615963,-0.128951,0.562263,0.675954,0.684199,0.772971,0.733330,0.213262,0.068117,0.352751,0.636220,0.118362,0.141256,0.239445,0.518733,0.397066,0.345903,0.320440,0.383429,0.466213,0.228377,-0.529993,-0.488949,-0.457702,-0.546114,-0.176984,-0.350791,-0.519847,-0.588749,-0.402538,-0.696518,0.054809,-0.655181,0.515899,0.460181,0.183500,-0.096296,0.408515,0.275045,0.221952,-0.028288,0.280659,0.083096,0.244900,-0.431334,0.546065,0.492843,0.216524,0.583542,0.541268,0.529444,0.400682,0.479260,0.192642,-0.313201,0.514521,0.151012,0.322611,-0.292003,0.360316,-0.081246,-0.038367,0.125576,0.494410,-0.404963,0.659953,0.587550,0.558543,-0.291160,0.381712,0.013671,0.563582,-0.426206,0.675410,0.392220,0.386887,-0.046471,0.484307,0.426123,0.690329,-0.056934,0.699972,0.639518,-0.324115,-0.536869,0.642759,0.635500,0.370653,0.180973,-0.161783,0.255041,0.575013,-0.307807,-0.548539,0.007411
0.514847,0.008345,0.746653,0.264256,0.756952,0.000000,0.714018,0.323540,0.757350,0.543583,0.557604,0.011293,0.467439,0.254828,0.570371,0.568428,0.122948,0.176141,0.273173,0.489635,0.642054,0.648232,-0.131563,0.573806,0.681668,0.738908,0.729040,0.766826,0.268698,0.092796,0.425855,0.678089,0.142743,0.229956,0.239348,0.507173,0.429825,0.336627,0.369797,0.391623,0.503293,0.217182,-0.536205,-0.457930,-0.462823,-0.548076,-0.187801,-0.355950,-0.529163,-0.581081,-0.397200,-0.701642,0.038184,-0.670751,0.520953,0.465525,0.224925,-0.046452,0.436609,0.321557,0.262057,0.024457,0.322778,0.150680,0.300822,-0.413802,0.586930,0.543903,0.251396,0.618913,0.557081,0.575471,0.494560,0.425381,0.146336,-0.284994,0.494341,0.146776,0.379533,-0.252807,0.405992,-0.037679,-0.001523,0.173677,0.495585,-0.389398,0.684449,0.631930,0.557719,-0.294476,0.417253,0.024071,0.557554,-0.436644,0.693478,0.418604,0.433450,-0.008281,0.523944,0.466177,0.694473,-0.057241,0.705624,0.619114,-0.282057,-0.516495,0.655000,0.631137,0.335251,0.229184,-0.102865,0.315712,0.628017,-0.283316,-0.547684,0.102141
0.701282,0.084465,0.811391,0.416608,0.669152,0.714018,0.000000,0.445967,0.732831,0.592860,0.711213,0.141648,0.662707,0.362641,0.655893,0.494163,0.119617,0.225323,0.428818,0.636979,0.623317,0.613047,0.108603,0.673679,0.682546,0.681841,0.666500,0.704497,0.296513,0.206153,0.468736,0.611809,0.285939,0.370294,0.313248,0.584269,0.492268,0.340991,0.397070,0.335874,0.533207,0.181300,-0.354983,-0.238760,-0.279722,-0.367046,0.016394,-0.202509,-0.298668,-0.393524,-0.138649,-0.591625,0.253958,-0.609840,0.602586,0.417464,0.436633,0.033537,0.542681,0.441888,0.453001,0.112939,0.420438,0.222375,0.424078,-0.307620,0.649225,0.633779,0.434530,0.685194,0.689385,0.484547,0.548506,0.523546,0.207835,-0.250599,0.588513,0.136633,0.443494,-0.301600,0.491391,-0.032580,0.131410,0.185260,0.641067,-0.403432,0.695895,0.542778,0.626134,-0.364723,0.557541,-0.046313,0.547600,-0.395457,0.654636,0.488776,0.569507,0.002267,0.623981,0.474874,0.689947,-0.123552,0.704902,0.484206,-0.035149,-0.405411,0.693385,0.459344,0.385977,0.396788,0.065783,0.422049,0.625950,-0.077790,-0.411159,0.116842
0.402781,0.646026,0.409225,0.761428,0.272032,0.323540,0.445967,0.000000,0.348329,0.465159,0.428379,0.580157,0.512498,0.478626,0.422120,0.562102,0.271813,0.296572,0.704525,0.649244,0.377344,0.259281,0.565478,0.640100,0.519730,0.467705,0.286242,0.275169,0.426678,0.341790,0.584297,0.468888,0.583869,0.566001,0.464122,0.464504,0.220495,0.383091,-0.029529,0.136690,0.084292,-0.066262,0.139557,0.176881,0.172714,0.151234,0.269583,0.328159,0.089370,0.104938,-0.009267,-0.002692,0.115450,0.035447,0.145953,0.551728,0.463486,0.594534,0.532610,0.638398,0.332394,0.611988,0.354295,0.492197,0.396599,0.346528,0.573610,0.594603,0.653166,0.538419,0.379882,0.592540,0.351863,0.304502,-0.020756,0.127800,0.354201,0.466758,0.147485,0.268240,0.210591,0.468321,0.157726,0.226816,0.255506,0.283806,0.145184,0.381287,0.080875,0.293030,0.282804,0.464809,0.366957,0.292613,0.379908,0.462670,0.349090,0.474876,0.434498,0.575671,0.199453,0.419497,0.162672,0.448022,0.230409,0.202751,0.187366,0.375157,0.223128,0.403884,0.373393,0.508394,0.411853,0.256143,0.146615,0.359088
0.601009,-0.009841,0.735813,0.261764,0.768807,0.757350,0.732831,0.348329,0.000000,0.659542,0.637474,0.070106,0.563676,0.296120,0.676524,0.517241,0.138741,0.204534,0.313137,0.497332,0.678141,0.620969,-0.064549,0.586634,0.716440,0.726489,0.725120,0.723185,0.324914,0.152704,0.410444,0.646418,0.191289,0.260269,0.276755,0.537728,0.442299,0.348806,0.364665,0.336198,0.513687,0.230467,-0.457657,-0.414691,-0.381240,-0.491483,-0.079514,-0.297155,-0.434746,-0.528513,-0.292370,-0.688249,0.177939,-0.654282,0.587182,0.452476,0.313657,-0.056973,0.515541,0.358552,0.373230,0.022775,0.397703,0.145835,0.341676,-0.407862,0.610103,0.565013,0.310309,0.642464,0.615854,0.542026,0.497639,0.532189,0.171447,-0.263536,0.573416,0.147282,0.419571,-0.322185,0.458577,-0.070221,0.025445,0.166034,0.592918,-0.430554,0.687808,0.529124,0.607304,-0.342334,0.512055,-0.054117,0.624150,-0.440271,0.681619,0.418144,0.472696,-0.065625,0.532372,0.395620,0.706813,-0.122170,0.715652,0.566178,-0.231945,-0.523810,0.677238,0.562633,0.363267,0.249121,-0.065542,0.286892,0.555351,-0.234482,-0.526461,0.040324
0.642744,0.199030,0.571823,0.305666,0.570315,0.543583,0.592860,0.465159,0.659542,0.000000,0.632340,0.348919,0.580974,0.473494,0.685595,0.435681,0.306687,0.424503,0.391573,0.515529,0.693034,0.573705,0.175736,0.498902,0.606240,0.603816,0.547700,0.471835,0.464449,0.458444,0.424711,0.570780,0.384536,0.437689,0.216498,0.530138,0.450969,0.427701,0.363648,0.319168,0.533111,0.355116,-0.075275,-0.066551,0.001171,-0.116906,0.257302,0.057128,-0.075933,-0.185885,0.032683,-0.419076,0.440822,-0.405624,0.613316,0.520228,0.500534,0.176425,0.638632,0.533669,0.547152,0.326127,0.510657,0.407450,0.342276,-0.141605,0.598414,0.625014,0.462572,0.640515,0.601598,0.472425,0.474540,0.616078,0.299260,-0.160018,0.660243,0.308974,0.527062,-0.182051,0.559136,0.182682,0.264514,0.240052,0.658057,-0.252536,0.576639,0.286394,0.580286,-0.215962,0.619427,-0.065987,0.595895,-0.261676,0.604826,0.514935,0.590485,0.097358,0.592098,0.387264,0.584380,-0.065405,0.571533,0.388807,0.024352,-0.270950,0.580912,0.373633,0.430331,0.403722,0.254117,0.438352,0.433545,0.045644,-0.250055,-0.000987
0.770150,0.154761,0.669002,0.338156,0.509395,0.557604,0.711213,0.428379,0.637474,0.632340,0.000000,0.303281,0.753154,0.519582,0.719276,0.389545,0.324260,0.383531,0.397871,0.625538,0.564116,0.518907,0.214139,0.538709,0.613139,0.613585,0.537153,0.558530,0.500028,0.388278,0.481106,0.554478,0.431018,0.552234,0.271673,0.529292,0.496776,0.284707,0.394455,0.222202,0.539622,0.214944,-0.135581,-0.039930,-0.049319,-0.140680,0.193477,-0.037633,-0.032282,-0.171395,0.124354,-0.427061,0.445099,-0.464563,0.605538,0.357631,0.638556,0.145389,0.682168,0.533638,0.657025,0.241374,0.629883,0.357677,0.488283,-0.198087,0.640257,0.647802,0.536957,0.706679,0.676038,0.394614,0.596365,0.541162,0.227033,-0.133606,0.631519,0.167546,0.584094,-0.268612,0.640608,0.063309,0.295755,0.241480,0.708340,-0.353125,0.611297,0.340866,0.621817,-0.354495,0.623730,-0.145260,0.510932,-0.336045,0.534938,0.453130,0.613487,0.009844,0.596200,0.368248,0.599369,-0.191844,0.593802,0.280796,0.138763,-0.283044,0.620115,0.250344,0.341571,0.459321,0.238351,0.431907,0.499896,0.050718,-0.266016,0.134325
0.275112,0.664687,0.111076,0.493055,-0.017159,0.011293,0.141648,0.580157,0.070106,0.348919,0.303281,0.000000,0.424971,0.598372,0.334800,0.379099,0.466977,0.608332,0.517395,0.494558,0.273768,0.159896,0.475535,0.305078,0.220182,0.187425,0.015716,-0.060987,0.530520,0.656000,0.489659,0.282675,0.553421,0.596971,0.120687,0.156645,0.263916,0.407016,0.103352,0.144447,0.116908,0.152908,0.373379,0.429591,0.439479,0.438679,0.427406,0.488132,0.378221,0.415743,0.283328,0.247302,0.254772,0.238243,0.105552,0.422845,0.483058,0.639848,0.466095,0.637759,0.355850,0.671544,0.409736,0.672629,0.182356,0.425943,0.314122,0.412510,0.557132,0.400139,0.241669,0.334732,0.254928,0.287644,-0.000217,0.376343,0.228672,0.473057,0.276864,0.364754,0.325949,0.633405,0.416752,0.451484,0.185847,0.332426,-0.001812,0.128631,0.000722,0.269577,0.225314,0.273141,0.133512,0.309628,0.185440,0.391309,0.315192,0.480823,0.273137,0.327123,0.000158,0.262818,-0.041980,0.101067,0.379982,0.336198,0.044393,0.054198,0.192264,0.418135,0.482834,0.420266,0.177119,0.336688,0.270268,0.311668
0.721980,0.278367,0.605092,0.459673,0.418089,0.467439,0.662707,0.512498,0.563676,0.580974,0.753154,0.424971,0.000000,0.519941,0.734175,0.423435,0.389254,0.423934,0.498383,0.671094,0.523273,0.436688,0.335925,0.537984,0.591230,0.543731,0.447664,0.467444,0.529472,0.456235,0.545809,0.508078,0.455373,0.594937,0.245576,0.426403,0.509744,0.352295,0.356952,0.223086,0.482292,0.158694,-0.033345,0.069305,0.048980,-0.026366,0.258239,0.078596,0.061550,-0.045440,0.168701,-0.290949,0.409172,-0.319986,0.526504,0.377710,0.648828,0.259170,0.648550,0.595003,0.600404,0.330031,0.589489,0.394726,0.439061,-0.090315,0.590727,0.602809,0.619371,0.670609,0.625982,0.392144,0.569215,0.514778,0.153583,0.064920,0.545848,0.223464,0.518913,-0.114653,0.578843,0.148218,0.409380,0.357648,0.611904,-0.216196,0.497477,0.348321,0.489056,-0.220489,0.560381,-0.034191,0.420929,-0.184208,0.482042,0.463719,0.576767,0.130352,0.560775,0.395714,0.476979,-0.082312,0.479496,0.259677,0.193389,-0.142128,0.492153,0.223926,0.376905,0.490885,0.299581,0.455329,0.487169,0.155900,-0.129874,0.180012
0.474707,0.398374,0.372119,0.328223,0.170404,0.254828,0.362641,0.478626,0.296120,0.473494,0.519582,0.598372,0.519941,0.000000,0.448019,0.363400,0.335075,0.572687,0.290236,0.539593,0.407405,0.352005,0.232402,0.338204,0.299573,0.355776,0.173740,0.169766,0.548977,0.575646,0.386684,0.484653,0.417947,0.604486,0.086506,0.271533,0.462881,0.358334,0.357014,0.188763,0.386571,0.278150,0.083372,0.184531,0.169651,0.120850,0.264442,0.160498,0.125080,0.097546,0.176081,-0.121376,0.334072,-0.149287,0.394021,0.315229,0.469705,0.394878,0.514215,0.554715,0.435103,0.478440,0.461030,0.609534,0.229706,0.112203,0.405593,0.504989,0.435133,0.541959,0.312511,0.421870,0.461086,0.318210,0.168000,0.132594,0.396761,0.335116,0.416606,0.040373,0.454733,0.422423,0.351690,0.426445,0.404040,-0.041228,0.320935,0.180454,0.331785,-0.106222,0.447574,-0.028394,0.333462,-0.088220,0.390484,0.433170,0.475859,0.235748,0.373612,0.239915,0.307896,-0.063404,0.290603,0.101992,0.243706,-0.008654,0.335132,0.105716,0.255230,0.454428,0.352749,0.362580,0.255917,0.141448,-0.081201,0.161927
0.677705,0.157614,0.619837,0.319401,0.563950,0.570371,0.655893,0.422120,0.676524,0.685595,0.719276,0.334800,0.734175,0.448019,0.000000,0.503137,0.417696,0.449846,0.424347,0.568866,0.652554,0.556251,0.170784,0.507520,0.641474,0.635649,0.553372,0.540152,0.547818,0.439761,0.475619,0.557738,0.355719,0.462007,0.263259,0.487990,0.593593,0.470668,0.427368,0.341939,0.573974,0.284662,-0.129123,-0.077366,-0.042924,-0.152953,0.231656,0.015886,-0.082088,-0.184259,0.045246,-0.433762,0.394169,-0.429199,0.620473,0.502424,0.550977,0.141007,0.652806,0.558243,0.560768,0.259220,0.601126,0.370129,0.429603,-0.204650,0.627599,0.615822,0.505998,0.669294,0.638465,0.468445,0.610780,0.569535,0.207891,0.032848,0.634615,0.288504,0.543314,-0.141575,0.617108,0.125658,0.376309,0.396103,0.668140,-0.288996,0.608225,0.419587,0.567972,-0.246693,0.578646,-0.066507,0.492869,-0.284683,0.606198,0.454391,0.578510,0.093878,0.600241,0.409292,0.562996,-0.097741,0.575590,0.385566,0.006198,-0.299354,0.572106,0.362031,0.438498,0.412847,0.211407,0.415850,0.518832,0.029380,-0.282232,0.072610
0.303042,0.435646,0.521020,0.514853,0.536167,0.568428,0.494163,0.562102,0.517241,0.435681,0.389545,0.379099,0.423435,0.363400,0.503137,0.000000,0.308184,0.325387,0.539580,0.563043,0.554200,0.550236,0.186696,0.622251,0.580517,0.623221,0.511638,0.486043,0.409243,0.240799,0.564822,0.628916,0.400943,0.408203,0.361638,0.425656,0.414109,0.589235,0.241825,0.484041,0.313713,0.166047,-0.243986,-0.179902,-0.165285,-0.181327,-0.069889,-0.007182,-0.285971,-0.229034,-0.348395,-0.297523,-0.137484,-0.232008,0.229068,0.651484,0.242834,0.387452,0.438316,0.484390,0.174635,0.391269,0.326355,0.374409,0.345177,0.078057,0.585200,0.555016,0.410371,0.572236,0.368169,0.715771,0.367905,0.231982,0.068491,0.075281,0.345179,0.511759,0.187262,0.238105,0.262175,0.395403,0.150969,0.396723,0.243835,0.130746,0.391895,0.725220,0.208405,0.209337,0.138731,0.444553,0.325795,0.054829,0.603071,0.448791,0.270590,0.402658,0.411422,0.606793,0.334596,0.365944,0.330739,0.650861,-0.108810,-0.101448,0.326212,0.662263,0.226315,0.228943,0.057234,0.402316,0.554993,-0.126851,-0.235985,0.353870
0.254071,0.327585,0.080084,0.225933,0.079841,0.122948,0.119617,0.271813,0.138741,0.306687,0.324260,0.466977,0.389254,0.335075,0.417696,0.308184,0.000000,0.583762,0.317652,0.245842,0.289065,0.139026,0.268709,0.168960,0.285643,0.325998,0.169610,0.102014,0.706936,0.544413,0.449603,0.278153,0.385871,0.466292,-0.048747,0.050487,0.348010,0.293176,0.180115,0.173722,0.203913,0.262132,0.230898,0.254579,0.331474,0.262621,0.325529,0.305313,0.245375,0.204868,0.215947,0.100686,0.165787,0.117127,0.108547,0.326354,0.484363,0.373990,0.447263,0.398815,0.400014,0.434512,0.602790,0.447312,0.372590,0.212635,0.366836,0.367143,0.379630,0.327962,0.232422,0.221865,0.289161,0.129647,0.000185,0.323680,0.196778,0.277585,0.520252,0.340659,0.540257,0.452579,0.566886,0.474013,0.262505,0.201830,0.059612,0.148809,0.029338,0.183341,0.143531,0.150656,0.044227,0.144602,0.172217,0.177441,0.276251,0.330058,0.255643,0.280332,-0.004469,0.145308,0.004114,0.084332,0.146758,0.137130,0.028220,0.072702,0.204055,0.218678,0.353756,0.309970,0.209200,0.187625,0.138269,0.159909
0.370219,0.380489,0.227666,0.194647,0.147691,0.176141,0.225323,0.296572,0.204534,0.424503,0.383531,0.608332,0.423934,0.572687,0.449846,0.325387,0.583762,0.000000,0.315060,0.421287,0.433786,0.339954,0.179133,0.194112,0.249779,0.292745,0.178753,0.105860,0.593530,0.750015,0.354635,0.360666,0.361127,0.479389,-0.090175,0.155289,0.513174,0.477875,0.411513,0.329470,0.394010,0.460690,0.169666,0.270620,0.283007,0.228836,0.363630,0.279517,0.198176,0.210910,0.248829,-0.025673,0.343641,-0.063727,0.362703,0.410141,0.465506,0.372405,0.463806,0.553879,0.395411,0.489425,0.502666,0.702596,0.176601,0.132241,0.343074,0.447223,0.421086,0.465818,0.296391,0.257591,0.388604,0.373675,0.123841,0.280919,0.364036,0.395324,0.509621,0.186706,0.582515,0.551585,0.549752,0.588516,0.389852,0.019805,0.269146,0.185266,0.268138,-0.032835,0.359654,-0.013860,0.179055,-0.047170,0.344204,0.399589,0.454419,0.289297,0.361095,0.281685,0.226059,-0.012167,0.217410,0.100765,0.175587,0.017218,0.270097,0.085726,0.352814,0.395497,0.354534,0.355783,0.256433,0.177141,-0.007742,0.042160
0.405068,0.615816,0.381923,0.738830,0.259842,0.273173,0.428818,0.704525,0.313137,0.391573,0.397871,0.517395,0.498383,0.290236,0.424347,0.539580,0.317652,0.315060,0.000000,0.637990,0.368059,0.245694,0.591116,0.636354,0.489963,0.427695,0.300325,0.253102,0.372088,0.313524,0.578174,0.366595,0.618799,0.511766,0.475923,0.466551,0.189926,0.382075,-0.029208,0.171739,0.084305,-0.027212,0.163168,0.201118,0.207620,0.195154,0.258102,0.342919,0.121438,0.146213,0.018179,0.039040,0.094504,0.064462,0.106246,0.536212,0.496065,0.588331,0.527072,0.609982,0.353626,0.557444,0.384706,0.430617,0.446441,0.357721,0.580125,0.574482,0.686680,0.521284,0.396902,0.473990,0.266104,0.275986,0.007049,0.117005,0.322639,0.445613,0.154188,0.259408,0.224539,0.435839,0.181297,0.217227,0.262342,0.310691,0.140030,0.399960,0.066280,0.305230,0.230612,0.462233,0.280222,0.312635,0.324237,0.462707,0.322063,0.462691,0.403419,0.588545,0.133920,0.423975,0.105713,0.404996,0.288690,0.233115,0.165494,0.352356,0.147579,0.329578,0.326984,0.481148,0.392262,0.235972,0.153958,0.418206
0.636626,0.516182,0.630791,0.617469,0.438350,0.489635,0.636979,0.649244,0.497332,0.515529,0.625538,0.494558,0.671094,0.539593,0.568866,0.563043,0.245842,0.421287,0.637990,0.000000,0.518551,0.464195,0.393365,0.662468,0.568207,0.553145,0.439308,0.445562,0.420067,0.392297,0.567681,0.593047,0.532036,0.591541,0.383775,0.528897,0.410760,0.409186,0.249313,0.263378,0.360319,0.093469,-0.075401,0.063530,0.000053,-0.023580,0.160033,0.104046,-0.036656,-0.038031,-0.001235,-0.252209,0.234787,-0.271772,0.412588,0.511733,0.562268,0.448261,0.592351,0.680557,0.411272,0.453133,0.434049,0.501807,0.337984,0.040119,0.611790,0.644481,0.694741,0.727173,0.522862,0.544943,0.500825,0.471244,0.117017,0.014545,0.501992,0.387015,0.311561,-0.004494,0.389053,0.312633,0.208715,0.296260,0.460880,-0.043749,0.452747,0.489042,0.387742,-0.046589,0.449591,0.188600,0.418206,-0.062604,0.527055,0.586827,0.517841,0.296828,0.538367,0.538909,0.453879,0.128623,0.434648,0.420015,0.204925,-0.034822,0.467530,0.389944,0.294860,0.481856,0.270516,0.502019,0.527852,0.110109,-0.110461,0.323690
0.570693,0.177259,0.641081,0.285128,0.646017,0.642054,0.623317,0.377344,0.678141,0.693034,0.564116,0.273768,0.523273,0.407405,0.652554,0.554200,0.289065,0.433786,0.368059,0.518551,0.000000,0.703955,0.026525,0.537824,0.608426,0.643287,0.607121,0.549063,0.433011,0.402127,0.473400,0.645590,0.324491,0.368108,0.141679,0.487129,0.526358,0.527659,0.460932,0.489581,0.603617,0.446603,-0.238329,-0.195411,-0.130090,-0.232606,0.094095,-0.065323,-0.242397,-0.305099,-0.152761,-0.504620,0.276781,-0.493330,0.590824,0.563845,0.398052,0.156909,0.573514,0.499678,0.423820,0.246441,0.442404,0.371966,0.268671,-0.209261,0.591516,0.621217,0.372684,0.654729,0.604599,0.555622,0.454546,0.515976,0.332054,-0.176086,0.595222,0.343046,0.517424,-0.150640,0.525949,0.199108,0.277375,0.309136,0.582823,-0.252274,0.654000,0.473732,0.574799,-0.214689,0.500265,-0.000470,0.533873,-0.319528,0.695719,0.535396,0.559175,0.153047,0.586371,0.457010,0.616646,-0.024426,0.620079,0.495953,-0.105692,-0.350118,0.599607,0.497700,0.444093,0.378976,0.156986,0.438837,0.535741,-0.102136,-0.369218,0.015451
0.510495,0.073810,0.641754,0.167017,0.615963,0.648232,0.613047,0.259281,0.620969,0.573705,0.518907,0.159896,0.436688,0.352005,0.556251,0.550236,0.139026,0.339954,0.245694,0.464195,0.703955,0.000000,-0.089404,0.487859,0.504648,0.578830,0.561630,0.539454,0.256415,0.303869,0.382897,0.601182,0.263074,0.300365,0.083661,0.464541,0.522986,0.536748,0.590399,0.626430,0.666751,0.518458,-0.326783,-0.237017,-0.223965,-0.290054,-0.045871,-0.179703,-0.304332,-0.342272,-0.179791,-0.529272,0.225971,-0.546852,0.596549,0.483713,0.291618,0.033943,0.442703,0.360921,0.350541,0.123232,0.362768,0.303099,0.216393,-0.271948,0.493444,0.531646,0.246860,0.576546,0.590270,0.490097,0.411516,0.480871,0.395224,-0.238053,0.579513,0.325211,0.477512,-0.216257,0.494347,0.119186,0.244969,0.298346,0.545365,-0.331042,0.715989,0.545716,0.631642,-0.289152,0.423412,-0.062558,0.431398,-0.407751,0.665945,0.484699,0.480718,0.061192,0.529876,0.407000,0.626520,-0.094750,0.619367,0.436769,-0.165845,-0.419461,0.606713,0.458681,0.337563,0.312217,0.027046,0.395573,0.535126,-0.203889,-0.452511,-0.020389
0.231059,0.581226,0.033762,0.617105,-0.128951,-0.131563,0.108603,0.565478,-0.064549,0.175736,0.214139,0.475535,0.335925,0.232402,0.170784,0.186696,0.268709,0.179133,0.591116,0.393365,0.026525,-0.089404,0.000000,0.381847,0.194901,0.091275,-0.063282,-0.121827,0.281415,0.294176,0.338848,0.056086,0.563743,0.445989,0.341645,0.241348,-0.025129,0.145279,-0.211239,-0.062174,-0.125374,-0.150819,0.502578,0.516061,0.507209,0.515933,0.435278,0.568492,0.475481,0.464249,0.344943,0.412356,0.191074,0.404678,-0.103902,0.239762,0.473049,0.585032,0.321677,0.429844,0.302496,0.547826,0.266296,0.328056,0.379047,0.573204,0.299680,0.317714,0.577964,0.205796,0.147435,0.158106,0.046688,0.070504,0.016746,0.179545,0.151328,0.347410,0.022064,0.328793,0.073676,0.426424,0.281802,0.064156,0.107067,0.476977,-0.175616,-0.006359,-0.151263,0.405968,0.100248,0.402723,0.009521,0.531294,-0.046272,0.277491,0.200083,0.473254,0.228668,0.369195,-0.171753,0.422253,-0.210448,0.035671,0.533084,0.554633,-0.155979,-0.049241,0.017438,0.332464,0.499270,0.411990,0.106854,0.535534,0.549728,0.316621
0.516551,0.381561,0.664207,0.660748,0.562263,0.573806,0.673679,0.640100,0.586634,0.498902,0.538709,0.305078,0.537984,0.338204,0.507520,0.622251,0.168960,0.194112,0.636354,0.662468,0.537824,0.487859,0.381847,0.000000,0.681838,0.663360,0.563840,0.543979,0.334167,0.181493,0.574719,0.590001,0.465408,0.424302,0.476008,0.601687,0.312440,0.367203,0.124762,0.268504,0.268399,0.039490,-0.196437,-0.108429,-0.129638,-0.176956,0.039832,0.006996,-0.204618,-0.232756,-0.198324,-0.334003,0.051932,-0.312974,0.300581,0.515823,0.403879,0.316967,0.497558,0.484288,0.317510,0.300167,0.351532,0.267007,0.470804,0.039976,0.663935,0.637336,0.522142,0.619709,0.555656,0.614136,0.370602,0.365405,0.093233,-0.156262,0.461420,0.337061,0.250088,-0.006220,0.306438,0.226673,0.063005,0.137445,0.427910,-0.007225,0.435447,0.572887,0.317697,0.018640,0.331131,0.315428,0.448298,-0.023299,0.545326,0.505935,0.422325,0.287118,0.532747,0.603636,0.447648,0.237339,0.438339,0.577076,0.094753,-0.097735,0.449900,0.525513,0.212664,0.349112,0.150545,0.468199,0.569770,0.013290,-0.163019,0.328811
0.570975,0.220140,0.669662,0.486760,0.675954,0.681668,0.682546,0.519730,0.716440,0.606240,0.613139,0.220182,0.591230,0.299573,0.641474,0.580517,0.285643,0.249779,0.489963,0.568207,0.608426,0.504648,0.194901,0.681838,0.000000,0.759647,0.693058,0.686780,0.420974,0.233236,0.568543,0.627396,0.337715,0.406637,0.392184,0.542462,0.393127,0.345956,0.194039,0.246276,0.361457,0.094300,-0.301066,-0.271628,-0.227847,-0.320517,0.026392,-0.120390,-0.290255,-0.375933,-0.225904,-0.506015,0.121991,-0.455124,0.430630,0.503849,0.416622,0.173267,0.556707,0.464164,0.393592,0.221742,0.421141,0.222667,0.456311,-0.181381,0.663322,0.618536,0.465370,0.643322,0.609083,0.585001,0.525214,0.482711,0.017783,-0.115221,0.505848,0.224484,0.377489,-0.079380,0.439955,0.100339,0.088703,0.225348,0.538480,-0.202558,0.524281,0.539306,0.429931,-0.130552,0.443269,0.139834,0.566910,-0.194866,0.602051,0.434011,0.459847,0.096791,0.535858,0.480723,0.555106,0.080796,0.561148,0.585133,-0.058832,-0.292791,0.552559,0.541934,0.358363,0.309037,0.075955,0.352311,0.545337,-0.071494,-0.306244,0.205002
0.541180,0.176173,0.693367,0.411263,0.684199,0.738908,0.681841,0.467705,0.726489,0.603816,0.613585,0.187425,0.543731,0.355776,0.635649,0.623221,0.325998,0.292745,0.427695,0.553145,0.643287,0.578830,0.091275,0.663360,0.759647,0.000000,0.693077,0.702046,0.466617,0.215618,0.562559,0.703420,0.312361,0.403933,0.353921,0.542775,0.443998,0.375217,0.297121,0.323841,0.423995,0.180223,-0.371645,-0.305273,-0.286256,-0.372952,-0.042843,-0.177535,-0.373886,-0.419810,-0.287896,-0.555379,0.065179,-0.513088,0.452908,0.533479,0.370791,0.139369,0.534636,0.434728,0.364235,0.207329,0.451123,0.267369,0.464782,-0.202448,0.680556,0.636855,0.396849,0.659038,0.565956,0.636192,0.533310,0.410119,0.068555,-0.146245,0.515150,0.266642,0.433299,-0.087590,0.479865,0.132483,0.093569,0.252864,0.516618,-0.215993,0.586383,0.595231,0.455781,-0.148488,0.415371,0.120289,0.529342,-0.272908,0.652710,0.428962,0.452786,0.110908,0.535693,0.496576,0.577916,0.045884,0.589315,0.588722,-0.131204,-0.357731,0.569027,0.586724,0.313084,0.256676,0.035286,0.350892,0.583155,-0.159919,-0.405198,0.219680
0.513697,-0.020572,0.684721,0.230962,0.772971,0.729040,0.666500,0.286242,0.725120,0.547700,0.537153,0.015716,0.447664,0.173740,0.553372,0.511638,0.169610,0.178753,0.300325,0.439308,0.607121,0.561630,-0.063282,0.563840,0.693058,0.693077,0.000000,0.760167,0.238437,0.098390,0.403207,0.617070,0.156878,0.213311,0.234261,0.511782,0.376032,0.290257,0.315959,0.335987,0.445153,0.218663,-0.489986,-0.464931,-0.428291,-0.506462,-0.146754,-0.327826,-0.470799,-0.549276,-0.356765,-0.659458,0.074880,-0.615000,0.499956,0.434822,0.251134,-0.069641,0.442400,0.267810,0.294062,0.017577,0.347676,0.106797,0.310712,-0.393069,0.556892,0.503531,0.248840,0.583370,0.534631,0.460931,0.398549,0.471514,0.144842,-0.301141,0.469761,0.094823,0.383770,-0.267454,0.417469,-0.073553,0.005916,0.151194,0.509972,-0.388109,0.621438,0.561670,0.545582,-0.279961,0.408279,0.001276,0.562756,-0.396398,0.619994,0.350316,0.375423,-0.080259,0.470103,0.405431,0.651259,-0.063981,0.667036,0.579606,-0.253498,-0.510680,0.635613,0.583165,0.361899,0.147949,-0.170817,0.244421,0.539271,-0.291189,-0.517922,0.064016
0.514604,-0.072671,0.719779,0.240644,0.733330,0.766826,0.704497,0.275169,0.723185,0.471835,0.558530,-0.060987,0.467444,0.169766,0.540152,0.486043,0.102014,0.105860,0.253102,0.445562,0.549063,0.539454,-0.121827,0.543979,0.686780,0.702046,0.760167,0.000000,0.219247,0.018868,0.366822,0.577200,0.089900,0.207402,0.275466,0.495483,0.395601,0.228005,0.304477,0.276159,0.418392,0.098269,-0.537957,-0.474890,-0.486393,-0.561760,-0.183848,-0.387355,-0.501917,-0.584568,-0.354797,-0.693975,0.048115,-0.663365,0.498192,0.380745,0.227963,-0.122500,0.407449,0.254655,0.277626,-0.029794,0.312825,0.076951,0.342890,-0.444590,0.553981,0.493900,0.241180,0.560657,0.549439,0.464402,0.496276,0.422601,0.040448,-0.271392,0.447072,0.042746,0.350792,-0.266163,0.406709,-0.138873,-0.032240,0.148197,0.502857,-0.441043,0.632252,0.596937,0.536871,-0.335301,0.410983,-0.031411,0.532448,-0.451059,0.621281,0.302771,0.386007,-0.124925,0.478020,0.390532,0.665595,-0.112866,0.690230,0.568831,-0.262296,-0.540950,0.649818,0.562149,0.349575,0.176012,-0.164490,0.225788,0.579988,-0.270087,-0.541688,0.078246
0.410404,0.400426,0.265706,0.339577,0.213262,0.268698,0.296513,0.426678,0.324914,0.464449,0.500028,0.530520,0.529472,0.548977,0.547818,0.409243,0.706936,0.593530,0.372088,0.420067,0.433011,0.256415,0.281415,0.334167,0.420974,0.466617,0.238437,0.219247,0.000000,0.574522,0.502050,0.437147,0.451634,0.574333,0.106498,0.210311,0.437929,0.333344,0.185275,0.138815,0.285517,0.194823,0.154577,0.193858,0.252683,0.170881,0.337485,0.263389,0.172122,0.098959,0.169725,-0.044747,0.235654,-0.025638,0.235729,0.417522,0.552631,0.422298,0.579215,0.539283,0.478752,0.487182,0.641390,0.515864,0.419540,0.157414,0.493875,0.515779,0.465801,0.490189,0.362936,0.446764,0.426903,0.238702,0.035276,0.256373,0.372529,0.372602,0.537433,0.248101,0.572221,0.464607,0.497446,0.440462,0.391062,0.114526,0.196232,0.214440,0.151694,0.099207,0.287088,0.141331,0.229041,0.054095,0.352560,0.330541,0.432774,0.361196,0.403767,0.358711,0.179012,0.126969,0.178171,0.219371,0.169293,0.068757,0.203838,0.189787,0.249321,0.373590,0.429153,0.402561,0.339968,0.191360,0.050033,0.215841
0.396584,0.409131,0.176628,0.244465,0.068117,0.092796,0.206153,0.341790,0.152704,0.458444,0.388278,0.656000,0.456235,0.575646,0.439761,0.240799,0.544413,0.750015,0.313524,0.392297,0.402127,0.303869,0.294176,0.181493,0.233236,0.215618,0.098390,0.018868,0.574522,0.000000,0.357062,0.277062,0.415309,0.519140,-0.128389,0.121289,0.449161,0.415124,0.353513,0.259617,0.378806,0.411016,0.315792,0.386167,0.408352,0.350587,0.475755,0.382941,0.352026,0.307891,0.391170,0.079719,0.454346,0.033662,0.342254,0.334975,0.528761,0.412946,0.483958,0.560738,0.477922,0.528794,0.493185,0.666104,0.181636,0.196173,0.301024,0.426141,0.451649,0.415049,0.359449,0.191919,0.351821,0.421044,0.160968,0.268644,0.368663,0.359183,0.535734,0.187386,0.575904,0.528709,0.617052,0.525210,0.418225,0.052430,0.205052,0.050715,0.247985,-0.025940,0.384062,-0.029300,0.173719,0.028536,0.263153,0.396426,0.497929,0.308107,0.376309,0.245683,0.174710,-0.005543,0.157729,0.007961,0.314487,0.139310,0.224010,-0.040738,0.366851,0.481621,0.494013,0.416936,0.218451,0.349323,0.153149,0.038085
0.419119,0.477858,0.443095,0.576212,0.352751,0.425855,0.468736,0.584297,0.410444,0.424711,0.481106,0.489659,0.545809,0.386684,0.475619,0.564822,0.449603,0.354635,0.578174,0.567681,0.473400,0.382897,0.338848,0.574719,0.568543,0.562559,0.403207,0.366822,0.502050,0.357062,0.000000,0.594143,0.543239,0.603542,0.241310,0.307348,0.284366,0.358047,0.158248,0.260932,0.270862,0.119944,-0.049971,0.008930,0.038634,0.015209,0.088149,0.105451,-0.022680,-0.039389,-0.079547,-0.142573,0.051987,-0.118042,0.180055,0.456923,0.475745,0.458157,0.521344,0.528735,0.372206,0.434839,0.442011,0.375132,0.355840,0.129819,0.540737,0.538161,0.512061,0.560324,0.469271,0.526903,0.340035,0.286269,0.052817,0.125150,0.286791,0.313070,0.388257,0.148948,0.376593,0.338495,0.266556,0.302367,0.291979,0.121203,0.269504,0.433175,0.173307,0.125336,0.232923,0.299996,0.320097,0.077558,0.394809,0.394206,0.331891,0.331972,0.382029,0.469394,0.257334,0.230730,0.231174,0.377550,0.131369,0.040427,0.248504,0.368794,0.209837,0.308178,0.247619,0.441222,0.433781,0.033147,-0.059070,0.417895
0.501313,0.256146,0.657718,0.364176,0.636220,0.678089,0.611809,0.468888,0.646418,0.570780,0.554478,0.282675,0.508078,0.484653,0.557738,0.628916,0.278153,0.360666,0.366595,0.593047,0.645590,0.601182,0.056086,0.590001,0.627396,0.703420,0.617070,0.577200,0.437147,0.277062,0.594143,0.000000,0.332671,0.430150,0.211016,0.458348,0.424301,0.419987,0.357944,0.401270,0.489736,0.296703,-0.379466,-0.306446,-0.289334,-0.346437,-0.111920,-0.190371,-0.386292,-0.391736,-0.340081,-0.523660,0.036554,-0.486412,0.436608,0.506191,0.312264,0.211046,0.481375,0.446291,0.258355,0.240852,0.380734,0.332844,0.250474,-0.187651,0.585237,0.579298,0.348580,0.676536,0.438559,0.668972,0.447342,0.386172,0.234070,-0.129647,0.473924,0.314837,0.389100,-0.122909,0.389527,0.194756,0.113736,0.251931,0.411434,-0.182857,0.567365,0.548230,0.453219,-0.131713,0.374445,0.140759,0.530692,-0.254391,0.640409,0.486578,0.402224,0.171223,0.462786,0.466798,0.573558,0.060877,0.562769,0.560049,-0.165830,-0.316279,0.501584,0.588808,0.299507,0.264011,0.012985,0.358242,0.530945,-0.229167,-0.409203,0.202405
0.421516,0.608567,0.227825,0.548138,0.118362,0.142743,0.285939,0.583869,0.191289,0.384536,0.431018,0.553421,0.455373,0.417947,0.355719,0.400943,0.385871,0.361127,0.618799,0.532036,0.324491,0.263074,0.563743,0.465408,0.337715,0.312361,0.156878,0.089900,0.451634,0.415309,0.543239,0.332671,0.000000,0.681887,0.364792,0.436102,0.124913,0.297491,0.014401,0.170061,0.181524,0.103643,0.286722,0.305982,0.349013,0.350042,0.273535,0.391584,0.309604,0.264315,0.193256,0.158145,0.241620,0.146252,0.097808,0.371870,0.628819,0.638766,0.613356,0.560479,0.543731,0.602933,0.544657,0.494332,0.445677,0.442680,0.540818,0.579922,0.661001,0.514516,0.370651,0.378093,0.201001,0.245981,0.219243,0.060636,0.379458,0.495632,0.330368,0.168736,0.318872,0.468458,0.320967,0.125073,0.308461,0.327606,0.105506,0.192677,0.122488,0.268224,0.242261,0.348931,0.285985,0.301477,0.204617,0.419237,0.338491,0.453592,0.334307,0.448996,0.103155,0.341968,0.015834,0.193033,0.380687,0.301726,0.078156,0.141642,-0.008816,0.371894,0.471922,0.525898,0.264044,0.252846,0.240541,0.362078
0.523492,0.542277,0.323053,0.499268,0.141256,0.229956,0.370294,0.566001,0.260269,0.437689,0.552234,0.596971,0.594937,0.604486,0.462007,0.408203,0.466292,0.479389,0.511766,0.591541,0.368108,0.300365,0.445989,0.424302,0.406637,0.403933,0.213311,0.207402,0.574333,0.519140,0.603542,0.430150,0.681887,0.000000,0.234112,0.310008,0.309366,0.281935,0.196047,0.145935,0.286090,0.141223,0.213127,0.265425,0.280207,0.273311,0.295308,0.285163,0.272444,0.194548,0.249873,0.029563,0.314239,0.014475,0.246212,0.358161,0.668114,0.569865,0.615795,0.595781,0.594978,0.612598,0.568579,0.561092,0.407057,0.271981,0.497108,0.561105,0.634057,0.551269,0.413615,0.385457,0.408118,0.294465,0.122115,0.192633,0.371253,0.383093,0.464444,0.177088,0.484695,0.441553,0.405721,0.349563,0.394636,0.136196,0.210021,0.205337,0.224551,0.082462,0.357658,0.132672,0.278795,0.102581,0.296392,0.389929,0.433648,0.322974,0.381361,0.332869,0.180270,0.121255,0.143927,0.104520,0.389945,0.164080,0.228493,0.102131,0.161068,0.432605,0.438054,0.465381,0.284519,0.238889,0.097099,0.374647
0.222675,0.294376,0.287845,0.465279,0.239445,0.239348,0.313248,0.464122,0.276755,0.216498,0.271673,0.120687,0.245576,0.086506,0.263259,0.361638,-0.048747,-0.090175,0.475923,0.383775,0.141679,0.083661,0.341645,0.476008,0.392184,0.353921,0.234261,0.275466,0.106498,-0.128389,0.241310,0.211016,0.364792,0.234112,0.000000,0.607246,0.040511,0.155300,-0.263048,-0.106207,-0.066909,-0.372008,-0.045818,-0.052647,-0.086554,-0.066006,0.060814,0.106773,-0.080497,-0.053883,-0.141164,-0.096677,-0.045824,-0.056210,0.038531,0.335276,0.205322,0.271581,0.323803,0.329366,0.174527,0.250624,0.158102,0.084143,0.459174,0.212374,0.504513,0.433065,0.396724,0.338705,0.218314,0.402286,0.250588,0.151990,-0.082181,-0.026463,0.276836,0.301465,-0.143288,0.039568,-0.050355,0.073228,-0.224271,-0.136513,0.179438,0.151257,0.113899,0.322885,0.042014,0.179883,0.165183,0.340214,0.310048,0.183036,0.220570,0.201382,0.120305,0.202934,0.264684,0.355233,0.151192,0.295412,0.117378,0.411664,0.117586,0.039699,0.163485,0.329713,-0.055826,0.126022,0.136409,0.220600,0.261109,0.017057,-0.011633,0.376990
0.539056,0.203333,0.576789,0.383850,0.518733,0.507173,0.584269,0.464504,0.537728,0.530138,0.529292,0.156645,0.426403,0.271533,0.487990,0.425656,0.050487,0.155289,0.466551,0.528897,0.487129,0.464541,0.241348,0.601687,0.542462,0.542775,0.511782,0.495483,0.210311,0.121289,0.307348,0.458348,0.436102,0.310008,0.607246,0.000000,0.275824,0.300628,0.099780,0.183108,0.343750,0.050113,-0.138306,-0.104314,-0.122751,-0.173572,0.139129,0.053055,-0.150844,-0.189826,-0.092212,-0.365620,0.268834,-0.370610,0.442227,0.469881,0.391608,0.165427,0.544790,0.442791,0.394036,0.243511,0.381656,0.281881,0.433155,-0.022458,0.660219,0.654742,0.461385,0.594386,0.525957,0.470051,0.371750,0.474954,0.254060,-0.321488,0.647417,0.353583,0.247264,-0.240016,0.303603,0.090896,0.001517,-0.056061,0.534903,-0.149011,0.495329,0.394397,0.473558,-0.125496,0.505793,0.118257,0.566214,-0.150492,0.488861,0.440633,0.447656,0.145334,0.570038,0.517969,0.548405,0.090715,0.504663,0.505568,0.042736,-0.225010,0.499612,0.401569,0.178562,0.310643,0.190827,0.452227,0.504260,-0.002778,-0.196184,0.116838
0.468789,0.066017,0.501728,0.135102,0.397066,0.429825,0.492268,0.220495,0.442299,0.450969,0.496776,0.263916,0.509744,0.462881,0.593593,0.414109,0.348010,0.513174,0.189926,0.410760,0.526358,0.522986,-0.025129,0.312440,0.393127,0.443998,0.376032,0.395601,0.437929,0.449161,0.284366,0.424301,0.124913,0.309366,0.040511,0.275824,0.000000,0.596357,0.626133,0.486828,0.603067,0.400225,-0.126263,-0.001564,-0.013545,-0.124958,0.237974,-0.007270,-0.072093,-0.126299,0.092612,-0.367711,0.311265,-0.396157,0.609788,0.416904,0.318195,0.052916,0.421942,0.431750,0.356455,0.208968,0.408779,0.392919,0.299598,-0.168428,0.449484,0.488709,0.257728,0.489607,0.442342,0.343329,0.562708,0.380502,0.188047,0.156665,0.466216,0.242415,0.458682,-0.040061,0.550168,0.197722,0.475133,0.598249,0.549455,-0.282638,0.572647,0.434703,0.496732,-0.276482,0.455976,-0.156602,0.226720,-0.327144,0.592257,0.401064,0.561995,0.107892,0.554263,0.293299,0.447934,-0.187294,0.515384,0.232065,0.001591,-0.284366,0.525885,0.251981,0.535656,0.443820,0.207874,0.348805,0.465202,0.037075,-0.298722,-0.043813
