0.000000,0.299215,0.326971,0.338114,0.013652,0.094922,0.381416,0.321529,-0.089668,-0.014002,0.361841,0.249676,0.342398,0.280937,0.258532,0.226064,0.264584,0.167157,0.377896,0.272319,0.183434,0.102718,0.376141,0.272704,0.194961,0.126520,0.081090,0.053627,0.326603,0.228584,0.310967,0.264329,0.335287,0.290804,0.286191,0.205161,0.329562,0.298924,0.251971,0.203749,0.308538,0.243960,0.136448,0.227433,0.025685,0.194023,0.250445,0.277445,0.233849,0.110097,0.187950,0.060643,0.239921,0.049204,0.129118,0.333043,0.382300,0.323210,0.315706,0.323274,0.286657,0.235773,0.360827,0.267632,0.289624,0.186974,0.297500,0.288555,0.400194,0.317342,0.324439,0.311059,0.233232,0.242787,0.171087,0.241764,0.351290,0.332953,0.210091,0.190775,0.364106,0.290058,0.327293,0.295381,0.232935,0.243663,0.143464,0.202196,0.035168,0.171634,0.172664,0.244475,0.139302,0.139270,0.292010,0.262639,0.335530,0.373406,0.353041,0.364400,0.144151,0.260324,0.210129,0.287118,0.149094,0.225652,0.001038,0.018516,0.187192,0.272796,0.316425,0.292906,0.317284,0.347911,0.249676,0.108230
0.299215,0.000000,0.384289,0.405764,-0.032903,-0.021117,0.374323,0.429037,-0.091635,-0.072295,0.219912,0.419828,0.166754,0.419399,0.074101,0.272476,0.150604,0.307011,0.376488,0.398275,0.171573,0.130732,0.361345,0.420385,0.156307,0.119282,0.065687,-0.089154,0.257173,0.347353,0.371114,0.404623,0.276429,0.348782,0.280378,0.239929,0.237505,0.244836,0.236117,0.140832,0.284377,0.342954,0.005781,0.106862,0.003562,0.119067,0.127654,0.189856,0.273060,-0.009681,0.246460,-0.114058,0.239192,-0.156936,0.193106,0.295828,0.290405,0.366770,0.269075,0.332526,0.110174,0.246497,0.217630,0.352250,0.145287,0.247847,0.260445,0.297755,0.365309,0.374656,0.237980,0.340827,0.164002,0.328264,-0.014685,0.140449,0.249199,0.317043,0.137015,0.134120,0.292579,0.371207,0.311057,0.268612,0.136840,0.213751,0.193132,0.193036,0.069912,0.097360,0.146853,0.065481,0.045958,-0.109239,0.189501,0.201863,0.195889,0.271599,0.233854,0.323461,0.197428,0.206916,0.188057,0.201053,0.159558,0.046507,0.081475,0.041776,0.157233,0.199851,0.225885,0.172942,0.354901,0.250920,0.062291,0.055343
0.326971,0.384289,0.000000,0.367438,0.102837,0.003421,0.421174,0.377552,-0.024534,-0.040240,0.257800,0.374774,0.196226,0.344703,0.135161,0.218296,0.091330,0.288286,0.375383,0.402590,0.232841,0.164177,0.376296,0.409026,0.214627,0.150608,0.108384,-0.024987,0.231453,0.312589,0.361310,0.393423,0.240948,0.300555,0.273555,0.180105,0.231084,0.268867,0.265163,0.080475,0.265093,0.284213,0.033585,0.117188,0.043150,0.101400,0.136271,0.159217,0.240079,0.010605,0.270631,-0.085961,0.262029,-0.143314,0.251461,0.247242,0.355867,0.293713,0.324408,0.270474,0.167422,0.130606,0.227166,0.279488,0.189392,0.178874,0.268420,0.268343,0.387470,0.374188,0.323324,0.286522,0.194817,0.336507,0.081522,0.195413,0.277195,0.268471,0.203824,0.076253,0.339923,0.293492,0.329069,0.209431,0.253970,0.107230,0.272057,0.132537,0.175388,-0.001841,0.219121,0.053195,0.120275,-0.087275,0.158138,0.159052,0.230490,0.270903,0.270226,0.286942,0.253505,0.165438,0.232289,0.167134,0.237783,0.023680,0.103493,0.089155,0.124810,0.167357,0.237008,0.205239,0.331300,0.227727,0.081223,0.030193
0.338114,0.405764,0.367438,0.000000,-0.010472,0.057074,0.384191,0.434403,-0.109148,0.023545,0.255065,0.356821,0.232324,0.381434,0.113284,0.290523,0.205640,0.251390,0.397634,0.346976,0.179422,0.121541,0.402325,0.381193,0.208693,0.170714,0.068293,-0.023365,0.293357,0.284490,0.371908,0.360761,0.330803,0.353735,0.332222,0.299911,0.313189,0.312040,0.242648,0.233135,0.304638,0.287608,0.106479,0.185016,0.033805,0.216396,0.201725,0.273851,0.254937,0.105728,0.250554,0.018901,0.232972,-0.029069,0.147300,0.341231,0.337639,0.396901,0.319478,0.392089,0.215010,0.308996,0.280056,0.341540,0.274142,0.322253,0.357234,0.390552,0.387132,0.368981,0.303479,0.375343,0.234221,0.316628,0.072343,0.198633,0.317673,0.356286,0.187044,0.180795,0.321562,0.367064,0.307026,0.297383,0.177753,0.289101,0.132644,0.215025,0.033761,0.186734,0.153015,0.179430,0.077211,0.024926,0.224411,0.261117,0.243996,0.321069,0.270789,0.351351,0.135821,0.237549,0.150929,0.222044,0.134164,0.151021,0.050417,0.020767,0.186408,0.236635,0.278988,0.244430,0.344052,0.297746,0.163638,0.104235
0.013652,-0.032903,0.102837,-0.010472,0.000000,0.142321,0.056553,-0.012040,0.269933,0.261744,0.035132,0.001027,-0.033761,-0.040152,0.117906,0.098865,-0.120295,-0.018986,-0.007247,0.059414,0.195635,0.183737,0.009483,0.012142,0.175880,0.164792,0.131228,0.111429,-0.063939,0.043666,0.019051,0.056125,-0.054959,-0.003799,0.000442,0.035548,-0.017327,0.091881,0.094768,0.026282,-0.021572,-0.007899,0.083966,0.090733,0.106194,0.059619,0.043715,-0.034575,-0.023684,0.071448,0.079035,0.033672,0.083980,-0.005127,0.198633,-0.060523,0.094750,-0.032165,0.085230,-0.021229,0.056780,-0.099575,0.025915,-0.039735,0.041979,-0.001567,0.008328,0.010440,0.009746,0.061558,0.138133,-0.010414,0.021158,0.100776,0.191152,0.147785,0.084637,0.014720,0.129449,-0.022188,0.082097,-0.047652,0.068230,-0.036839,0.211933,-0.110364,0.151629,-0.058024,0.233380,-0.146898,0.169768,-0.088950,0.180535,-0.020093,0.011326,0.025747,0.100264,0.065419,0.073555,-0.070029,0.154005,-0.131372,0.085018,-0.098152,0.205805,-0.056147,0.171011,0.086272,-0.025214,-0.087344,0.028112,0.057409,-0.025969,-0.086439,-0.015068,0.024134
0.094922,-0.021117,0.003421,0.057074,0.142321,0.000000,0.057377,-0.000296,0.002421,0.215583,0.125595,-0.064923,0.202148,0.042414,0.179710,0.188592,0.197050,-0.047329,0.102919,-0.109296,0.160384,0.033924,0.092830,-0.045316,0.148181,0.230519,0.155581,0.181136,0.151578,-0.049065,0.097779,0.000424,0.149614,0.020105,0.035882,0.032399,0.114101,0.046963,-0.050258,0.253803,0.092791,-0.074177,0.092727,0.097859,0.080122,0.119365,0.048577,0.100077,-0.008381,0.152644,-0.086927,0.170833,-0.097265,0.202584,-0.156335,0.125640,0.093123,0.115783,0.004202,0.087150,0.119292,0.117211,0.154366,0.058755,0.143221,0.062416,0.073801,0.040732,0.054794,-0.049451,0.092451,0.135522,0.170940,0.000867,0.151127,0.138124,0.140880,0.129025,-0.011704,0.162310,0.047865,0.089826,0.066088,0.170528,-0.011998,0.203180,-0.115765,0.204516,-0.184434,0.249637,-0.089789,0.227733,-0.069814,0.251031,0.075782,0.099351,0.040486,0.084748,0.076146,0.126685,-0.153064,0.141205,-0.089203,0.113177,-0.141858,0.220518,-0.063750,-0.032573,0.085944,0.062472,0.015275,0.100819,-0.004730,0.095871,0.129621,0.146295
0.381416,0.374323,0.421174,0.384191,0.056553,0.057377,0.000000,0.385548,-0.070012,-0.054688,0.317300,0.346691,0.274484,0.355786,0.180128,0.235878,0.183788,0.263715,0.397266,0.353934,0.239015,0.131600,0.389514,0.378902,0.190990,0.143753,0.112817,-0.006111,0.281215,0.289594,0.366260,0.376231,0.300557,0.309930,0.281624,0.199563,0.289812,0.273466,0.255103,0.142165,0.286115,0.277831,0.047526,0.146384,0.038980,0.119810,0.153000,0.191314,0.245107,0.016340,0.230929,-0.058797,0.238557,-0.092564,0.182288,0.306698,0.351103,0.312079,0.310399,0.296716,0.177223,0.181589,0.292096,0.299276,0.222638,0.201823,0.286867,0.297486,0.406807,0.350630,0.317321,0.324301,0.194055,0.296044,0.094126,0.226241,0.319068,0.326668,0.181302,0.122189,0.349257,0.318859,0.336798,0.269009,0.216897,0.189946,0.233025,0.209733,0.084592,0.095348,0.195973,0.137941,0.101300,-0.008252,0.213896,0.190336,0.258978,0.306070,0.306092,0.345874,0.201445,0.218361,0.234595,0.241243,0.187543,0.125613,0.070911,0.082256,0.171935,0.210226,0.258036,0.225599,0.343668,0.289059,0.130194,0.077177
0.321529,0.429037,0.377552,0.434403,-0.012040,-0.000296,0.385548,0.000000,-0.086086,-0.007986,0.257175,0.405968,0.198035,0.405291,0.098282,0.270550,0.169496,0.294545,0.369989,0.384891,0.156260,0.114651,0.370987,0.403787,0.152053,0.117040,0.048860,-0.060332,0.257325,0.332243,0.362023,0.385425,0.302713,0.372377,0.299942,0.273490,0.270004,0.290840,0.235226,0.163366,0.277783,0.327859,0.072622,0.172910,0.043925,0.183544,0.182741,0.234812,0.264597,0.052770,0.282764,-0.042629,0.269488,-0.098168,0.193055,0.295458,0.315886,0.374202,0.317702,0.376022,0.173668,0.287294,0.247628,0.357205,0.224254,0.325051,0.319154,0.376664,0.371784,0.390456,0.287031,0.355501,0.181515,0.341791,0.038450,0.180558,0.286713,0.348096,0.173941,0.138544,0.333216,0.362878,0.297642,0.244535,0.195531,0.238751,0.191975,0.174301,0.093275,0.113641,0.200172,0.107135,0.119826,-0.051138,0.185558,0.216024,0.233636,0.292701,0.267337,0.315549,0.209211,0.194954,0.208087,0.194808,0.189487,0.083115,0.086872,0.045248,0.165378,0.235865,0.258415,0.219117,0.349020,0.282389,0.121759,0.084536
-0.089668,-0.091635,-0.024534,-0.109148,0.269933,0.002421,-0.070012,-0.086086,0.000000,0.234679,-0.060679,-0.041009,-0.130315,-0.093585,0.140099,-0.000320,-0.149631,-0.056985,-0.139378,-0.003586,-0.023680,0.066621,-0.081560,-0.061104,0.074388,0.033113,-0.007480,-0.033929,-0.133326,-0.021326,-0.107163,-0.048961,-0.141643,-0.035955,-0.028532,0.005409,-0.105226,-0.004224,0.005142,-0.076493,-0.113419,-0.052709,0.073855,0.070796,0.077126,0.056750,0.016827,-0.052791,0.033450,0.081145,0.082331,0.062420,0.066222,0.024851,0.150663,-0.127152,-0.060179,-0.091195,-0.022581,-0.067283,-0.017502,-0.062940,-0.099291,-0.098455,-0.053017,-0.005696,-0.070360,-0.042500,-0.122924,0.001841,-0.042099,-0.102698,-0.077587,-0.011559,0.042554,0.008291,-0.050125,-0.086864,-0.004483,-0.055754,-0.024135,-0.121683,-0.077783,-0.138325,0.130200,-0.131740,0.052120,-0.147560,0.184877,-0.167171,0.128117,-0.110195,0.187660,-0.017899,-0.056556,-0.032547,0.021668,-0.066754,-0.023527,-0.158541,0.141580,-0.193197,0.061889,-0.154494,0.161195,-0.091319,0.105511,0.005782,-0.075247,-0.081083,-0.022821,-0.050655,-0.119395,-0.109274,-0.023301,-0.047306
-0.014002,-0.072295,-0.040240,0.023545,0.261744,0.215583,-0.054688,-0.007986,0.234679,0.000000,-0.001777,-0.078846,0.025929,-0.053342,0.104924,0.149751,-0.003253,-0.090251,-0.032817,-0.041127,0.008935,0.092860,0.010157,-0.078191,0.166599,0.192201,0.048800,0.095131,-0.001849,-0.036312,-0.033299,-0.055771,-0.002239,0.015871,0.037658,0.112352,0.033100,0.141067,0.023318,0.158678,-0.034953,-0.063947,0.228063,0.193467,0.116280,0.216383,0.148074,0.119283,-0.007289,0.250455,0.079910,0.244390,0.038649,0.200617,0.045634,-0.008016,0.053352,0.069694,0.079479,0.101850,0.155276,0.103173,0.029380,-0.012639,0.136619,0.148783,0.092855,0.111794,-0.042345,0.027848,0.082903,0.052987,0.097240,0.066352,0.165586,0.095616,0.081884,0.038771,0.111760,0.088607,0.035117,-0.021148,-0.024950,-0.016101,0.140726,0.070961,-0.090846,-0.069549,0.071441,0.040843,0.087779,0.075921,0.167209,0.167346,0.034100,0.122674,0.097254,0.069139,0.042761,-0.041315,0.012461,-0.050675,-0.040546,-0.068756,0.056100,0.055298,0.036811,-0.047619,0.023237,-0.004295,0.080587,0.118509,-0.054512,0.000451,0.133013,0.066456
0.361841,0.219912,0.257800,0.255065,0.035132,0.125595,0.317300,0.257175,-0.060679,-0.001777,0.000000,0.211265,0.382960,0.250871,0.284763,0.173067,0.308253,0.193414,0.280982,0.178718,0.152797,0.044348,0.295272,0.184373,0.134718,0.093226,0.037087,0.032302,0.313994,0.221723,0.269708,0.197976,0.302833,0.270307,0.225239,0.164671,0.307389,0.265428,0.161032,0.197114,0.256360,0.195693,0.201401,0.267822,0.166214,0.215924,0.240975,0.234014,0.252185,0.151197,0.216706,0.128076,0.263557,0.128098,0.105604,0.290341,0.328471,0.272362,0.260401,0.284559,0.248292,0.223194,0.328910,0.275964,0.263552,0.206846,0.255425,0.246072,0.325042,0.266243,0.294236,0.271543,0.202056,0.197047,0.204147,0.243208,0.319420,0.307276,0.205179,0.215711,0.362985,0.251943,0.278575,0.188653,0.266346,0.236382,0.141558,0.155945,0.043630,0.181693,0.231238,0.263755,0.183291,0.180123,0.189560,0.189275,0.319446,0.301235,0.386330,0.321150,0.157249,0.206007,0.228699,0.209445,0.145079,0.221667,0.007507,0.016454,0.152786,0.260450,0.273251,0.320114,0.277930,0.349269,0.295956,0.214961
0.249676,0.419828,0.374774,0.356821,0.001027,-0.064923,0.346691,0.405968,-0.041009,-0.078846,0.211265,0.000000,0.122904,0.395210,0.061260,0.209491,0.122542,0.370947,0.316317,0.394860,0.121547,0.087693,0.316287,0.410447,0.101622,0.075477,0.042806,-0.107940,0.206486,0.370680,0.347911,0.397158,0.227225,0.343109,0.224612,0.173289,0.162590,0.213201,0.184674,0.043110,0.222946,0.327982,-0.014973,0.092942,0.063619,0.108921,0.093751,0.119919,0.266181,-0.013298,0.267768,-0.128181,0.252825,-0.191511,0.217897,0.212642,0.257947,0.311065,0.262519,0.285110,0.081240,0.190607,0.190763,0.364229,0.115095,0.260756,0.210286,0.276426,0.309012,0.362585,0.246765,0.297760,0.135690,0.346161,-0.021414,0.146306,0.197577,0.276222,0.144591,0.075070,0.305218,0.330289,0.255459,0.161128,0.177671,0.128784,0.247909,0.125637,0.145298,0.000152,0.195712,-0.007475,0.092627,-0.151704,0.086864,0.109723,0.155966,0.206672,0.220351,0.250538,0.262948,0.149408,0.237741,0.153542,0.218606,-0.021597,0.096434,0.095005,0.112660,0.169762,0.174242,0.146765,0.318767,0.211193,0.031798,0.049782
0.342398,0.166754,0.196226,0.232324,-0.033761,0.202148,0.274484,0.198035,-0.130315,0.025929,0.382960,0.122904,0.000000,0.210302,0.253582,0.163213,0.335059,0.131376,0.302050,0.093129,0.128934,0.015137,0.304708,0.106564,0.164321,0.136423,0.049254,0.055988,0.357412,0.142380,0.244306,0.118696,0.325683,0.209726,0.215048,0.134788,0.323210,0.252223,0.108039,0.261401,0.273771,0.116271,0.240199,0.261219,0.149354,0.239735,0.251584,0.283897,0.224734,0.210657,0.167730,0.211598,0.172162,0.225560,-0.011842,0.317817,0.307016,0.284775,0.239324,0.276862,0.284378,0.235554,0.327491,0.242345,0.281526,0.155303,0.271924,0.207633,0.310389,0.191909,0.275825,0.267916,0.293516,0.155008,0.217127,0.236298,0.320478,0.280943,0.181229,0.257309,0.291937,0.248656,0.241884,0.228875,0.183833,0.289877,-0.010150,0.175097,-0.073159,0.273962,0.095474,0.354798,0.069092,0.282891,0.187313,0.197692,0.267009,0.279737,0.337565,0.350660,0.009589,0.270692,0.074760,0.208885,-0.011947,0.265394,-0.084692,-0.072749,0.152383,0.241928,0.253331,0.331203,0.248794,0.347062,0.332526,0.216795
0.280937,0.419399,0.344703,0.381434,-0.040152,0.042414,0.355786,0.405291,-0.093585,-0.053342,0.250871,0.395210,0.210302,0.000000,0.109396,0.302284,0.208979,0.316335,0.344373,0.321678,0.178123,0.123586,0.339667,0.391530,0.130968,0.150699,0.057703,-0.103639,0.278908,0.342249,0.367083,0.395035,0.274345,0.333907,0.241614,0.225720,0.247765,0.230130,0.172960,0.172027,0.280107,0.317731,0.024244,0.120676,0.072665,0.127429,0.100255,0.166727,0.263349,-0.000953,0.223440,-0.085526,0.214630,-0.105474,0.115452,0.284062,0.245368,0.362895,0.212776,0.320040,0.073184,0.275140,0.225573,0.374375,0.127470,0.268838,0.220604,0.273706,0.335646,0.324759,0.211212,0.369783,0.154930,0.288145,-0.020539,0.152316,0.242535,0.338042,0.101502,0.184426,0.275484,0.398134,0.286144,0.278184,0.108693,0.268970,0.154000,0.233716,-0.000066,0.150903,0.137038,0.109841,0.021390,-0.056922,0.152932,0.164565,0.172020,0.248770,0.236309,0.334139,0.153720,0.229591,0.148079,0.189650,0.100810,0.077682,0.030859,-0.004853,0.148480,0.204924,0.201990,0.185915,0.328776,0.264513,0.095215,0.113054
0.258532,0.074101,0.135161,0.113284,0.117906,0.179710,0.180128,0.098282,0.140099,0.104924,0.284763,0.061260,0.253582,0.109396,0.000000,0.193631,0.175689,0.063004,0.120492,0.041209,0.162128,0.111613,0.176173,0.079801,0.196987,0.150632,0.016718,0.090961,0.217825,0.125775,0.162898,0.095710,0.143706,0.108574,0.158661,0.089287,0.230110,0.198821,0.137010,0.159791,0.201662,0.095289,0.150159,0.199980,0.125872,0.118504,0.150255,0.144005,0.160965,0.113312,0.083223,0.130477,0.136860,0.150208,0.043670,0.173516,0.181274,0.125062,0.087779,0.129498,0.166218,0.129242,0.177116,0.108170,0.180004,0.087623,0.115932,0.110555,0.186832,0.113355,0.172241,0.156206,0.111168,0.068410,0.147746,0.166623,0.193549,0.179780,0.096708,0.181797,0.210590,0.128212,0.243056,0.172876,0.206225,0.174745,0.115504,0.141059,-0.002321,0.128298,0.165454,0.215099,0.152764,0.193064,0.187372,0.140119,0.269923,0.226001,0.257019,0.166543,0.098118,0.118591,0.178845,0.145232,0.121114,0.250539,-0.019006,0.013904,0.129378,0.152320,0.177047,0.175253,0.111188,0.209821,0.237829,0.141674
0.226064,0.272476,0.218296,0.290523,0.098865,0.188592,0.235878,0.270550,-0.000320,0.149751,0.173067,0.209491,0.163213,0.302284,0.193631,0.000000,0.169593,0.153489,0.237068,0.182981,0.266578,0.306061,0.250422,0.261658,0.272562,0.276335,0.050148,-0.009066,0.264420,0.255345,0.281411,0.289751,0.145587,0.158978,0.182113,0.236400,0.286909,0.264291,0.255800,0.305723,0.288201,0.270597,0.076870,0.157243,0.071867,0.113947,0.071271,0.135084,0.179086,0.037441,0.117530,-0.005600,0.130723,-0.002790,0.116068,0.277102,0.178706,0.270895,0.111870,0.237557,0.055465,0.208085,0.183356,0.237776,0.118337,0.185220,0.153460,0.209051,0.241794,0.208493,0.140671,0.287935,0.135074,0.212115,0.048053,0.145810,0.201631,0.278260,0.145902,0.250862,0.205554,0.339373,0.313697,0.349550,0.106756,0.292201,0.112670,0.269270,-0.033608,0.191436,0.123358,0.108782,0.027797,0.026439,0.251395,0.231854,0.223371,0.286875,0.200081,0.259589,0.101955,0.198312,0.083515,0.196706,0.062222,0.179773,0.091161,0.020671,0.256020,0.052575,0.213731,0.148464,0.272593,0.168418,0.083278,0.162450
0.264584,0.150604,0.091330,0.205640,-0.120295,0.197050,0.183788,0.169496,-0.149631,-0.003253,0.308253,0.122542,0.335059,0.208979,0.175689,0.169593,0.000000,0.155353,0.230899,0.020347,0.044343,-0.066261,0.239503,0.088775,0.059169,0.103627,0.047707,0.060136,0.339677,0.117521,0.220326,0.109456,0.314307,0.211082,0.169647,0.120214,0.260590,0.158567,0.018555,0.268410,0.214821,0.095056,0.140163,0.194757,0.117732,0.225626,0.160474,0.207365,0.203749,0.180493,0.040393,0.165287,0.081360,0.199723,-0.119439,0.306296,0.194515,0.277650,0.109174,0.254950,0.159506,0.282883,0.324565,0.286766,0.226050,0.220077,0.183131,0.191872,0.208559,0.110795,0.153629,0.268006,0.197797,0.076754,0.124515,0.186085,0.238394,0.295615,0.094421,0.265013,0.225906,0.259264,0.146047,0.247015,0.030966,0.341611,-0.062951,0.268230,-0.204814,0.342453,0.014719,0.323882,-0.024234,0.266344,0.161663,0.177050,0.174408,0.233718,0.268913,0.323069,-0.058732,0.280383,0.062873,0.262509,-0.071350,0.294901,-0.143358,-0.040084,0.176884,0.233569,0.172058,0.252990,0.195744,0.321443,0.265585,0.234312
0.167157,0.307011,0.288286,0.251390,-0.018986,-0.047329,0.263715,0.294545,-0.056985,-0.090251,0.193414,0.370947,0.131376,0.316335,0.063004,0.153489,0.155353,0.000000,0.215410,0.272483,0.105701,0.085276,0.229750,0.308326,0.113429,0.104091,-0.049400,-0.091339,0.237546,0.376005,0.311638,0.329538,0.131188,0.225754,0.130908,0.079692,0.146173,0.158840,0.100261,-0.003923,0.178254,0.256062,0.025297,0.103255,0.223126,0.080849,0.038378,0.044160,0.246916,-0.003969,0.241376,-0.090774,0.218248,-0.146415,0.144889,0.149146,0.177881,0.207371,0.182840,0.189256,0.008736,0.101557,0.142942,0.350582,0.076245,0.202501,0.135721,0.203772,0.243544,0.258916,0.217237,0.231262,0.138262,0.301538,0.004380,0.137109,0.125836,0.229458,0.186494,0.159943,0.286993,0.313168,0.196865,0.075382,0.175860,0.091865,0.219866,0.069955,0.115720,-0.019271,0.216598,-0.007296,0.051535,-0.124846,-0.032871,-0.011697,0.104784,0.131413,0.210804,0.214640,0.246491,0.174085,0.209900,0.101093,0.167233,-0.027424,0.043178,0.086571,0.103860,0.067517,0.148362,0.154626,0.281948,0.173433,0.053468,0.098775
0.377896,0.376488,0.375383,0.397634,-0.007247,0.102919,0.397266,0.369989,-0.139378,-0.032817,0.280982,0.316317,0.302050,0.344373,0.120492,0.237068,0.230899,0.215410,0.000000,0.325680,0.202666,0.095469,0.419744,0.336409,0.203975,0.163839,0.136063,0.024908,0.322604,0.240568,0.357756,0.324455,0.357920,0.318725,0.295367,0.211859,0.293953,0.270910,0.219485,0.217664,0.311180,0.236679,0.087340,0.153999,0.000534,0.178035,0.199901,0.268651,0.232234,0.095329,0.195426,0.013748,0.193283,-0.007978,0.111079,0.353970,0.377767,0.381616,0.323953,0.346396,0.237848,0.244483,0.323848,0.311488,0.246400,0.198106,0.319753,0.290607,0.412092,0.334659,0.313767,0.344265,0.286405,0.283033,0.118008,0.225289,0.337742,0.319801,0.171953,0.173587,0.312095,0.341626,0.308446,0.319621,0.150306,0.255669,0.096432,0.227171,0.004329,0.192562,0.082580,0.219924,0.018053,0.071848,0.241628,0.254613,0.234362,0.321428,0.285104,0.391594,0.088176,0.280756,0.106625,0.252666,0.073960,0.148813,-0.010317,-0.013934,0.160645,0.235151,0.259962,0.263758,0.340804,0.307099,0.177648,0.067136
0.272319,0.398275,0.402590,0.346976,0.059414,-0.109296,0.353934,0.384891,-0.003586,-0.041127,0.178718,0.394860,0.093129,0.321678,0.041209,0.182981,0.020347,0.272483,0.325680,0.000000,0.144530,0.146112,0.316554,0.394749,0.150575,0.062705,0.049676,-0.087366,0.157345,0.324859,0.296340,0.365942,0.195995,0.315575,0.255188,0.200141,0.167518,0.249356,0.276194,0.029284,0.220022,0.326478,0.014720,0.113898,-0.015947,0.097016,0.145535,0.157955,0.236785,-0.014656,0.298353,-0.124478,0.295177,-0.198185,0.315386,0.203183,0.310051,0.281143,0.327695,0.272983,0.142721,0.135211,0.172376,0.268523,0.135906,0.190312,0.245318,0.275077,0.337769,0.406450,0.258697,0.234622,0.133022,0.350403,0.040714,0.138822,0.223894,0.233120,0.199452,0.022338,0.306653,0.262828,0.274137,0.146849,0.234370,0.057713,0.267074,0.043585,0.240956,-0.072494,0.226309,-0.042138,0.161479,-0.172853,0.144277,0.158243,0.210431,0.239800,0.218552,0.219593,0.299154,0.099036,0.243568,0.121571,0.275833,-0.063908,0.150045,0.088362,0.094645,0.154680,0.226193,0.156138,0.322163,0.182674,0.025590,-0.028224
0.183434,0.171573,0.232841,0.179422,0.195635,0.160384,0.239015,0.156260,-0.023680,0.008935,0.152797,0.121547,0.128934,0.178123,0.162128,0.266578,0.044343,0.105701,0.202666,0.144530,0.000000,0.312021,0.188338,0.193161,0.238952,0.215555,0.082061,0.090319,0.167356,0.184970,0.231351,0.244444,0.087487,0.061073,0.127439,0.139929,0.214806,0.161530,0.208288,0.161693,0.252243,0.177309,0.010832,0.074411,0.084372,-0.011512,0.008386,0.024697,0.050907,-0.068399,0.062466,-0.097186,0.093359,-0.075800,0.139099,0.158067,0.183246,0.109725,0.096344,0.077467,0.014521,-0.001708,0.124786,0.098892,0.076138,0.006237,0.104137,0.096313,0.237875,0.138448,0.173351,0.167915,0.103228,0.160098,0.116428,0.164821,0.191690,0.187443,0.124041,0.137116,0.163854,0.203745,0.292976,0.242250,0.142817,0.099407,0.188866,0.189400,0.046949,0.054392,0.126026,0.034977,0.008259,-0.039619,0.175421,0.095598,0.178310,0.202918,0.165198,0.178334,0.086949,0.087704,0.090451,0.097278,0.091899,0.105937,0.141139,0.091453,0.165718,-0.013347,0.141833,0.100622,0.196810,0.068539,0.009358,0.118720
0.102718,0.130732,0.164177,0.121541,0.183737,0.033924,0.131600,0.114651,0.066621,0.092860,0.044348,0.087693,0.015137,0.123586,0.111613,0.306061,-0.066261,0.085276,0.095469,0.146112,0.312021,0.000000,0.099065,0.162806,0.279582,0.217456,-0.052312,-0.033201,0.127972,0.219683,0.140328,0.195507,-0.086533,-0.036643,0.048240,0.140963,0.196233,0.212424,0.296419,0.130988,0.200987,0.228684,0.062375,0.104201,0.097139,-0.032855,-0.011951,-0.000161,0.068430,-0.072149,0.117266,-0.089548,0.132876,-0.089757,0.229733,0.103757,0.106367,0.049219,0.070880,0.028170,-0.041388,-0.056664,0.029601,0.045681,-0.024468,-0.040906,0.024794,0.058981,0.158280,0.137665,0.086314,0.080509,0.049699,0.178171,0.070972,0.088294,0.089397,0.097797,0.220952,0.159133,0.133437,0.191108,0.277798,0.187526,0.161487,0.046419,0.191066,0.063728,0.140278,-0.053078,0.198406,-0.074287,0.068239,-0.112996,0.158462,0.093717,0.190016,0.185404,0.122263,0.095813,0.181887,0.039270,0.075447,0.037048,0.134087,0.019583,0.191904,0.050560,0.171391,-0.157753,0.192262,0.060603,0.199314,-0.023246,-0.040070,0.066232
0.376141,0.361345,0.376296,0.402325,0.009483,0.092830,0.389514,0.370987,-0.081560,0.010157,0.295272,0.316287,0.304708,0.339667,0.176173,0.250422,0.239503,0.229750,0.419744,0.316554,0.188338,0.099065,0.000000,0.340533,0.231436,0.149335,0.094464,0.021219,0.321121,0.256170,0.363026,0.318318,0.344596,0.326871,0.358166,0.233516,0.327080,0.313803,0.238619,0.221237,0.340942,0.255489,0.134271,0.199331,0.035283,0.223046,0.228025,0.286429,0.262032,0.138666,0.232779,0.062754,0.225330,0.036104,0.132849,0.361075,0.377445,0.386105,0.311998,0.350477,0.258346,0.255442,0.310627,0.303952,0.285485,0.236045,0.351627,0.322150,0.397489,0.347032,0.334223,0.347501,0.284960,0.285496,0.137199,0.233480,0.340679,0.321870,0.189051,0.174294,0.331193,0.332676,0.311835,0.307474,0.209499,0.266263,0.123203,0.209465,0.032020,0.186499,0.120090,0.232884,0.071155,0.099024,0.234943,0.256462,0.264264,0.324799,0.295965,0.361241,0.113376,0.247683,0.126955,0.215898,0.114047,0.167335,0.002094,-0.004220,0.189109,0.251758,0.271002,0.268957,0.328602,0.312941,0.220203,0.103974
0.272704,0.420385,0.409026,0.381193,0.012142,-0.045316,0.378902,0.403787,-0.061104,-0.078191,0.184373,0.410447,0.106564,0.391530,0.079801,0.261658,0.088775,0.308326,0.336409,0.394749,0.193161,0.162806,0.340533,0.000000,0.153939,0.124152,0.082992,-0.074541,0.203262,0.332508,0.362328,0.426345,0.204853,0.299821,0.254848,0.187832,0.206407,0.222252,0.240350,0.066929,0.251161,0.323619,-0.060155,0.045603,0.003552,0.041261,0.052236,0.101897,0.224357,-0.073170,0.224931,-0.174111,0.208638,-0.223354,0.207882,0.229693,0.261827,0.290260,0.235574,0.256527,0.062319,0.160148,0.170316,0.297955,0.117033,0.216772,0.211853,0.266535,0.339255,0.341170,0.235410,0.305636,0.114436,0.309312,-0.046705,0.126034,0.199640,0.264821,0.126846,0.059721,0.278525,0.322612,0.299843,0.234633,0.153890,0.135476,0.272207,0.188093,0.108035,0.013031,0.171483,-0.010089,0.049199,-0.171076,0.145301,0.134141,0.164720,0.231784,0.192899,0.257504,0.224247,0.156709,0.217878,0.183485,0.203699,0.012351,0.108022,0.110105,0.150005,0.145127,0.184222,0.112686,0.324610,0.191984,-0.002290,0.017324
0.194961,0.156307,0.214627,0.208693,0.175880,0.148181,0.190990,0.152053,0.074388,0.166599,0.134718,0.101622,0.164321,0.130968,0.196987,0.272562,0.059169,0.113429,0.203975,0.150575,0.238952,0.279582,0.231436,0.153939,0.000000,0.335634,0.009589,0.026653,0.255568,0.185581,0.234897,0.175860,0.074910,0.050105,0.193772,0.182991,0.261478,0.268978,0.260787,0.234351,0.230149,0.160230,0.203608,0.202543,0.139202,0.150464,0.144385,0.174306,0.175953,0.144959,0.180314,0.119504,0.154581,0.077035,0.163666,0.223900,0.233893,0.178052,0.186439,0.168516,0.157179,0.064537,0.145182,0.109880,0.183759,0.062491,0.211458,0.171856,0.242153,0.202570,0.230432,0.182975,0.252872,0.220988,0.154771,0.147308,0.204407,0.170776,0.265867,0.242626,0.210051,0.210984,0.286679,0.207839,0.224131,0.151170,0.083936,0.089950,0.080170,0.097618,0.146113,0.129699,0.067658,0.078058,0.176450,0.198829,0.224619,0.232127,0.196626,0.214353,0.116514,0.160989,0.055453,0.114923,0.090812,0.158655,0.096976,0.000058,0.177952,-0.022285,0.264500,0.189004,0.217918,0.132606,0.153464,0.101709
0.126520,0.119282,0.150608,0.170714,0.164792,0.230519,0.143753,0.117040,0.033113,0.192201,0.093226,0.075477,0.136423,0.150699,0.150632,0.276335,0.103627,0.104091,0.163839,0.062705,0.215555,0.217456,0.149335,0.124152,0.335634,0.000000,0.105653,0.067518,0.238654,0.138296,0.229712,0.189092,0.107512,0.069823,0.068676,0.145080,0.182715,0.199596,0.117248,0.247433,0.145751,0.065083,0.136035,0.139040,0.153954,0.134816,0.082619,0.115002,0.092280,0.144509,0.064059,0.113159,0.052455,0.087023,0.016741,0.140493,0.156517,0.177272,0.125406,0.158950,0.095971,0.121681,0.168365,0.154734,0.138218,0.103928,0.111921,0.127028,0.174309,0.116341,0.165410,0.226199,0.227159,0.167215,0.109063,0.143714,0.180319,0.187810,0.173175,0.263494,0.138745,0.220664,0.213499,0.202920,0.089587,0.193787,-0.011855,0.146487,-0.045037,0.157665,0.072338,0.135095,-0.000513,0.105660,0.121413,0.163385,0.141653,0.195810,0.148593,0.196323,0.019421,0.183261,0.008446,0.144363,0.010268,0.173112,-0.008615,-0.026626,0.099948,-0.004622,0.175483,0.192901,0.126907,0.111826,0.115580,0.078965
0.081090,0.065687,0.108384,0.068293,0.131228,0.155581,0.112817,0.048860,-0.007480,0.048800,0.037087,0.042806,0.049254,0.057703,0.016718,0.050148,0.047707,-0.049400,0.136063,0.049676,0.082061,-0.052312,0.094464,0.082992,0.009589,0.105653,0.000000,0.219829,-0.002150,-0.062550,0.076971,0.080894,0.142334,0.083692,0.058749,-0.042977,-0.022254,0.001804,0.005991,0.072679,0.022402,-0.057154,-0.089955,-0.063706,-0.094756,0.003491,0.010279,0.026900,-0.002894,0.013055,-0.054806,-0.030632,-0.080245,-0.039492,-0.042547,0.057176,0.090241,0.084225,0.042347,0.040009,0.062218,0.033364,0.109235,0.016194,0.082189,0.019335,0.037542,0.003442,0.064335,0.014752,0.095304,0.098322,0.049775,0.024678,0.012480,0.079957,0.105647,0.056847,-0.066378,-0.082539,0.017526,-0.004207,0.038644,0.109487,-0.034622,0.028116,0.043371,0.177712,-0.040775,0.056651,-0.100260,0.043264,-0.063725,0.019824,0.089390,0.087330,0.003767,0.086632,0.012618,0.056040,-0.060039,0.032556,0.018744,0.118394,0.027862,0.049738,-0.020190,0.077397,-0.052488,0.112365,-0.051493,0.026839,-0.023126,0.033728,-0.020594,-0.090842
0.053627,-0.089154,-0.024987,-0.023365,0.111429,0.181136,-0.006111,-0.060332,-0.033929,0.095131,0.032302,-0.107940,0.055988,-0.103639,0.090961,-0.009066,0.060136,-0.091339,0.024908,-0.087366,0.090319,-0.033201,0.021219,-0.074541,0.026653,0.067518,0.219829,0.000000,0.009105,-0.112024,-0.021882,-0.057897,0.075968,-0.034653,0.031530,-0.064054,0.015566,0.014503,-0.030176,0.061342,0.020703,-0.125249,0.022536,0.018839,0.000541,0.021410,0.069880,0.055974,-0.094990,0.067006,-0.082990,0.074634,-0.079259,0.098333,-0.086597,0.021201,0.071118,-0.019410,0.011156,-0.014460,0.104982,-0.024141,0.061983,-0.066439,0.143131,-0.003448,0.048137,0.006698,0.027295,-0.075997,0.102510,0.029459,0.072579,-0.040827,0.121406,0.103022,0.088975,0.014720,-0.004661,-0.022036,0.008689,-0.078880,0.003241,0.049894,0.020137,0.014478,-0.008018,0.089432,-0.045417,0.069146,-0.058614,0.106006,-0.014293,0.130971,0.059839,0.057293,0.050512,0.075065,0.022085,-0.019561,-0.121023,0.006129,-0.032496,0.041363,-0.003499,0.111985,-0.043264,0.046183,-0.012749,0.056370,-0.031428,0.072838,-0.080375,0.023844,0.071220,-0.042364
0.326603,0.257173,0.231453,0.293357,-0.063939,0.151578,0.281215,0.257325,-0.133326,-0.001849,0.313994,0.206486,0.357412,0.278908,0.217825,0.264420,0.339677,0.237546,0.322604,0.157345,0.167356,0.127972,0.321121,0.203262,0.255568,0.238654,-0.002150,0.009105,0.000000,0.270082,0.320092,0.228788,0.280198,0.210493,0.215599,0.193048,0.351869,0.278769,0.169160,0.279790,0.320975,0.226162,0.199437,0.256572,0.181072,0.212938,0.207983,0.267550,0.258526,0.156487,0.168464,0.128532,0.202557,0.136892,0.031637,0.353396,0.298686,0.315642,0.226799,0.294008,0.195633,0.234084,0.323199,0.306201,0.228228,0.168053,0.245057,0.236192,0.337692,0.236234,0.241331,0.309351,0.304976,0.222240,0.145570,0.233920,0.297319,0.332148,0.239026,0.354786,0.319887,0.370949,0.313824,0.296231,0.152429,0.326158,0.025811,0.214969,-0.081433,0.276555,0.117419,0.287538,0.025459,0.184883,0.207928,0.211256,0.269631,0.312939,0.341300,0.390888,0.069629,0.327841,0.109429,0.277816,0.010803,0.271742,-0.044143,-0.043561,0.234653,0.168699,0.305483,0.319039,0.325945,0.324395,0.261599,0.215112
0.228584,0.347353,0.312589,0.284490,0.043666,-0.049065,0.289594,0.332243,-0.021326,-0.036312,0.221723,0.370680,0.142380,0.342249,0.125775,0.255345,0.117521,0.376005,0.240568,0.324859,0.184970,0.219683,0.256170,0.332508,0.185581,0.138296,-0.062550,-0.112024,0.270082,0.000000,0.326198,0.355558,0.131755,0.245980,0.167707,0.169669,0.217052,0.243973,0.206779,0.062270,0.244817,0.362156,0.069156,0.180319,0.191262,0.087890,0.095743,0.102537,0.250071,-0.030936,0.277250,-0.106654,0.297282,-0.146222,0.239460,0.190946,0.224822,0.244591,0.217443,0.222922,0.032588,0.120262,0.170667,0.329198,0.068717,0.180636,0.146419,0.223414,0.287961,0.325823,0.212030,0.245181,0.117341,0.339468,0.046185,0.161082,0.175267,0.276120,0.243764,0.192365,0.326448,0.352153,0.312505,0.148998,0.232222,0.124886,0.262468,0.079132,0.170317,-0.019634,0.270201,-0.021488,0.137467,-0.136906,0.075252,0.070265,0.218570,0.224631,0.265818,0.238095,0.308814,0.150606,0.246604,0.129707,0.227983,0.004590,0.149766,0.076702,0.178438,0.085417,0.232230,0.194668,0.340222,0.186051,0.068010,0.132540
0.310967,0.371114,0.361310,0.371908,0.019051,0.097779,0.366260,0.362023,-0.107163,-0.033299,0.269708,0.347911,0.244306,0.367083,0.162898,0.281411,0.220326,0.311638,0.357756,0.296340,0.231351,0.140328,0.363026,0.362328,0.234897,0.229712,0.076971,-0.021882,0.320092,0.326198,0.000000,0.388597,0.285110,0.295163,0.259557,0.211705,0.280859,0.252529,0.184732,0.190789,0.294923,0.274803,0.042730,0.124590,0.108754,0.139469,0.106941,0.161934,0.262472,0.044917,0.202879,-0.040975,0.181673,-0.078266,0.110784,0.289267,0.297552,0.334607,0.250353,0.305298,0.139469,0.215214,0.286760,0.342937,0.211080,0.228507,0.251328,0.273467,0.358008,0.314467,0.299899,0.355586,0.231212,0.318166,0.073029,0.196135,0.260828,0.322909,0.174692,0.198811,0.312846,0.357602,0.327154,0.270520,0.163947,0.231095,0.176161,0.248478,0.008790,0.153369,0.136728,0.134393,0.005830,-0.007509,0.159599,0.158976,0.207282,0.281402,0.266345,0.333585,0.146086,0.271543,0.194884,0.253824,0.131283,0.170251,0.061939,0.101004,0.191345,0.181539,0.212486,0.205555,0.331201,0.266121,0.116297,0.150367
0.264329,0.404623,0.393423,0.360761,0.056125,0.000424,0.376231,0.385425,-0.048961,-0.055771,0.197976,0.397158,0.118696,0.395035,0.095710,0.289751,0.109456,0.329538,0.324455,0.365942,0.244444,0.195507,0.318318,0.426345,0.175860,0.189092,0.080894,-0.057897,0.228788,0.355558,0.388597,0.000000,0.201066,0.286591,0.216064,0.202440,0.215238,0.220704,0.227766,0.093708,0.248630,0.314754,-0.047184,0.056985,0.052513,0.042963,0.046814,0.084140,0.209183,-0.074987,0.205568,-0.176318,0.205328,-0.214396,0.193927,0.221733,0.248552,0.282845,0.225864,0.251405,0.035168,0.153490,0.194134,0.312761,0.106276,0.210379,0.182719,0.249667,0.332791,0.329555,0.235518,0.324691,0.118346,0.316133,-0.012817,0.152821,0.217554,0.294383,0.140529,0.114447,0.285619,0.345549,0.309711,0.245001,0.149316,0.153490,0.258856,0.206934,0.089238,0.031157,0.182286,-0.004679,0.043841,-0.157258,0.150100,0.131526,0.174590,0.246084,0.211143,0.272540,0.223214,0.176181,0.217485,0.193422,0.200119,0.037100,0.107693,0.108694,0.151671,0.123303,0.184086,0.136323,0.315041,0.185895,0.004247,0.049134
0.335287,0.276429,0.240948,0.330803,-0.054959,0.149614,0.300557,0.302713,-0.141643,-0.002239,0.302833,0.227225,0.325683,0.274345,0.143706,0.145587,0.314307,0.131188,0.357920,0.195995,0.087487,-0.086533,0.344596,0.204853,0.074910,0.107512,0.142334,0.075968,0.280198,0.131755,0.285110,0.201066,0.000000,0.383028,0.300523,0.222396,0.253547,0.218408,0.067697,0.242698,0.250268,0.136250,0.151097,0.206449,0.017357,0.285651,0.278021,0.325827,0.219649,0.207992,0.149881,0.144939,0.165565,0.138981,-0.010796,0.316336,0.327498,0.378504,0.281141,0.371953,0.299234,0.353451,0.356791,0.306013,0.328943,0.284608,0.335441,0.310201,0.320579,0.263893,0.277080,0.334528,0.273209,0.188431,0.146594,0.213841,0.350690,0.340326,0.085867,0.164152,0.266733,0.263540,0.191896,0.243757,0.107299,0.309017,-0.024774,0.208736,-0.084695,0.289932,0.040164,0.316415,0.060141,0.210736,0.199882,0.259781,0.216877,0.288622,0.286850,0.341155,-0.008755,0.246322,0.087446,0.231756,0.024875,0.216527,-0.092844,-0.064183,0.083179,0.352846,0.206059,0.297382,0.222992,0.354243,0.264098,0.127251
0.290804,0.348782,0.300555,0.353735,-0.003799,0.020105,0.309930,0.372377,-0.035955,0.015871,0.270307,0.343109,0.209726,0.333907,0.108574,0.158978,0.211082,0.225754,0.318725,0.315575,0.061073,-0.036643,0.326871,0.299821,0.050105,0.069823,0.083692,-0.034653,0.210493,0.245980,0.295163,0.286591,0.383028,0.000000,0.308256,0.265265,0.199309,0.239021,0.103767,0.142283,0.217982,0.237289,0.122455,0.212702,0.047892,0.270417,0.259757,0.272227,0.256381,0.153422,0.252282,0.055082,0.269822,0.012776,0.135243,0.244575,0.309843,0.377198,0.307691,0.378116,0.241215,0.339969,0.284643,0.350737,0.261314,0.339926,0.310448,0.344798,0.302778,0.355042,0.264847,0.325852,0.196391,0.275128,0.092048,0.179343,0.306295,0.332955,0.111957,0.103108,0.298049,0.277599,0.191800,0.157388,0.178790,0.224063,0.094309,0.111213,0.070633,0.136664,0.167099,0.160477,0.170728,0.054428,0.138693,0.215392,0.222579,0.265858,0.284150,0.272042,0.156161,0.160192,0.193378,0.163332,0.176325,0.082644,0.005538,-0.014292,0.059462,0.332990,0.213662,0.265513,0.251731,0.309992,0.190410,0.096190
0.286191,0.280378,0.273555,0.332222,0.000442,0.035882,0.281624,0.299942,-0.028532,0.037658,0.225239,0.224612,0.215048,0.241614,0.158661,0.182113,0.169647,0.130908,0.295367,0.255188,0.127439,0.048240,0.358166,0.254848,0.193772,0.068676,0.058749,0.031530,0.215599,0.167707,0.259557,0.216064,0.300523,0.308256,0.000000,0.296830,0.300006,0.277484,0.202787,0.208075,0.299704,0.224276,0.172846,0.218751,0.023806,0.242311,0.256330,0.289210,0.249693,0.157224,0.238661,0.100981,0.222477,0.069872,0.140442,0.313346,0.298530,0.321323,0.246618,0.314201,0.246345,0.254737,0.205019,0.206449,0.307468,0.247665,0.378861,0.329785,0.313394,0.302766,0.266831,0.287523,0.207714,0.203969,0.102336,0.169915,0.305429,0.279038,0.145743,0.120848,0.249078,0.225064,0.234487,0.217609,0.204249,0.227315,0.099327,0.128667,0.038363,0.171211,0.131971,0.202869,0.112593,0.084526,0.211477,0.253108,0.249411,0.275036,0.239545,0.256991,0.085510,0.133916,0.123118,0.128864,0.129299,0.157144,0.061804,-0.000757,0.148572,0.248784,0.248393,0.216117,0.255536,0.274062,0.215691,0.137026
0.205161,0.239929,0.180105,0.299911,0.035548,0.032399,0.199563,0.273490,0.005409,0.112352,0.164671,0.173289,0.134788,0.225720,0.089287,0.236400,0.120214,0.079692,0.211859,0.200141,0.139929,0.140963,0.233516,0.187832,0.182991,0.145080,-0.042977,-0.064054,0.193048,0.169669,0.211705,0.202440,0.222396,0.265265,0.296830,0.000000,0.258789,0.268013,0.190669,0.255696,0.212398,0.221904,0.204925,0.231215,0.043833,0.251765,0.248692,0.268092,0.162071,0.148617,0.202898,0.097207,0.228952,0.081278,0.159964,0.240818,0.222045,0.294151,0.232497,0.327018,0.192238,0.289178,0.181439,0.194950,0.222537,0.260149,0.294147,0.316455,0.237276,0.280054,0.173338,0.255544,0.145733,0.185016,0.123549,0.129922,0.270372,0.274683,0.152943,0.197838,0.204861,0.247964,0.209272,0.196925,0.154114,0.245708,0.007370,0.089090,0.037599,0.178790,0.158843,0.149478,0.159710,0.075096,0.221648,0.267295,0.246060,0.261501,0.219977,0.220151,0.098576,0.097528,0.083978,0.095312,0.109859,0.144767,0.103764,-0.052386,0.146148,0.184279,0.268395,0.220917,0.219045,0.217996,0.167715,0.167330
0.329562,0.237505,0.231084,0.313189,-0.017327,0.114101,0.289812,0.270004,-0.105226,0.033100,0.307389,0.162590,0.323210,0.247765,0.230110,0.286909,0.260590,0.146173,0.293953,0.167518,0.214806,0.196233,0.327080,0.206407,0.261478,0.182715,-0.022254,0.015566,0.351869,0.217052,0.280859,0.215238,0.253547,0.199309,0.300006,0.258789,0.000000,0.363089,0.277166,0.308371,0.365710,0.256108,0.223256,0.277263,0.126327,0.203421,0.228437,0.285810,0.247873,0.142730,0.201138,0.132738,0.215880,0.138552,0.097382,0.372995,0.283516,0.289585,0.219804,0.289154,0.203571,0.225142,0.270998,0.231815,0.259215,0.186380,0.311024,0.292950,0.339343,0.253737,0.253991,0.294243,0.232320,0.193418,0.154213,0.211702,0.313108,0.320378,0.236964,0.282568,0.299652,0.313311,0.333742,0.319428,0.200534,0.325465,0.090199,0.217123,-0.028815,0.254367,0.180776,0.273681,0.084654,0.161385,0.285708,0.269854,0.332939,0.353276,0.324408,0.340532,0.082804,0.259328,0.122598,0.228902,0.087013,0.282679,0.034453,-0.011199,0.242496,0.168890,0.344027,0.287080,0.314095,0.305447,0.267558,0.204878
