0.000000,0.644277,0.596817,-0.063403,-0.384992,-0.492191,0.712680,-0.159123,-0.451301,-0.494197,0.690240,0.726727,0.684161,0.668781,0.301533,0.161432,0.088514,0.504836,0.376088,0.596314,-0.112704,-0.024299,0.533132,0.097365,-0.271997,-0.354542,-0.409236,-0.400168,0.040840,0.700350,0.121536,0.246062,0.648657,0.706753,0.642439,0.689415,0.067684,0.612132,0.194600,0.225000,0.152001,0.525977,0.661712,0.721027,0.692923,0.683865,0.660859,0.661653,0.697800,0.700010,0.584484,0.571451,0.530554,0.269442,0.689879,0.000087,0.718417,0.690116,0.720569,0.682116,0.727124,0.587357,0.269395,0.734981,0.321277,0.605396,0.684612,0.685419,0.732561,0.740614,0.682019,-0.132980,0.073015,0.619381,0.588010,0.528591,0.677020,0.385635,0.604066,-0.121071,0.693361,0.217175,0.264580,-0.235494,0.706288,0.030999,-0.208980,-0.339175,0.608352,-0.238526,0.596790,0.465535,0.526305,0.204633,0.297022,0.021086,0.583967,0.111436,0.679333,0.446322,0.664917,-0.316292,0.180116,-0.258172,0.558695,-0.039604,0.532137,-0.345848,0.166341,0.425664,0.631026,0.693529,0.697119,0.592222,0.447954,0.098682
0.644277,0.000000,0.574863,0.281714,-0.083635,-0.187913,0.638714,0.188928,-0.125188,-0.169755,0.672581,0.607214,0.652585,0.555753,0.331125,0.202072,0.368963,0.602415,0.590657,0.647231,0.099259,0.139278,0.672897,0.327438,0.056363,-0.038540,-0.114309,-0.126543,0.346550,0.589594,0.398199,0.462836,0.722599,0.716873,0.537493,0.585978,0.301988,0.539740,0.326759,0.413953,0.378782,0.478251,0.580272,0.614481,0.690851,0.696311,0.488899,0.561137,0.678927,0.591619,0.383718,0.498452,0.281090,0.380617,0.479720,0.315787,0.717093,0.713943,0.687968,0.710572,0.653914,0.709178,0.521892,0.633609,0.523696,0.671029,0.707449,0.704172,0.659258,0.639819,0.610050,0.197542,0.382684,0.590843,0.388758,0.536760,0.602720,0.545459,0.407911,0.266187,0.508803,0.477384,0.351918,0.039147,0.496728,0.388860,0.046316,-0.091471,0.313537,0.141892,0.345022,0.563883,0.288013,0.363097,0.459781,0.224832,0.592240,0.350570,0.651378,0.608031,0.405585,0.072444,0.231522,0.030737,0.396180,0.237179,0.288287,-0.073994,0.242561,0.502509,0.694196,0.646925,0.551698,0.477636,0.405052,0.134682
0.596817,0.574863,0.000000,0.276722,0.042132,-0.129436,0.716995,-0.000908,-0.086473,-0.147184,0.615185,0.533231,0.677380,0.486902,0.593455,0.439895,0.339804,0.641577,0.611321,0.741297,0.298638,0.351624,0.629435,0.511764,0.122863,0.069369,0.014649,0.045939,0.340208,0.539515,0.462366,0.564076,0.557893,0.547385,0.535218,0.533159,0.384324,0.701855,0.459581,0.449309,0.424064,0.556751,0.352331,0.540441,0.523944,0.496838,0.310468,0.342635,0.495226,0.398802,0.169489,0.177322,0.100151,-0.085679,0.418768,0.248443,0.576231,0.479206,0.598749,0.485440,0.529522,0.511980,0.506987,0.619201,0.497798,0.447285,0.596700,0.665264,0.501635,0.546627,0.648411,0.271830,0.338506,0.611629,0.538340,0.600518,0.678020,0.627337,0.293119,0.141000,0.401579,0.477905,0.543454,0.179432,0.438002,0.202122,0.115301,0.100151,0.262050,-0.001720,0.214307,0.202039,0.093931,-0.118597,0.550620,0.188930,0.660048,0.462062,0.692330,0.626904,0.520269,-0.068654,0.571575,0.190394,0.277761,0.028781,0.569632,0.109357,0.194113,0.423744,0.585618,0.438442,0.442497,0.203531,0.103627,0.094035
-0.063403,0.281714,0.276722,0.000000,0.647790,0.597844,0.137109,0.640634,0.631261,0.593150,0.165497,-0.071748,0.206239,-0.071417,0.455170,0.291569,0.658171,0.414890,0.613664,0.346219,0.629612,0.569274,0.463778,0.671835,0.690963,0.668771,0.619793,0.621540,0.693958,-0.035321,0.682477,0.626290,0.236472,0.098503,-0.039598,-0.068812,0.627470,0.178247,0.525142,0.559822,0.594343,0.150650,-0.151693,-0.076765,0.077845,0.080635,-0.300929,-0.178234,0.034944,-0.172603,-0.430042,-0.237117,-0.524876,-0.052692,-0.266614,0.666865,0.098302,0.051674,0.087005,0.092480,-0.013850,0.319731,0.635520,-0.007943,0.551520,0.184216,0.173190,0.228313,-0.080806,-0.105507,0.114771,0.722968,0.681314,0.167986,-0.082636,0.235408,0.130309,0.541998,-0.284143,0.709901,-0.243262,0.663487,0.508865,0.682791,-0.257279,0.669300,0.623344,0.640399,-0.485823,0.670250,-0.469920,0.087008,-0.509980,0.040863,0.518752,0.435453,0.270427,0.647916,0.176810,0.509043,-0.280233,0.644978,0.414751,0.672263,-0.300342,0.423174,-0.139688,0.638846,0.171834,0.258292,0.243748,-0.056344,-0.192307,-0.283697,-0.190845,0.093529
-0.384992,-0.083635,0.042132,0.647790,0.000000,0.726963,-0.166580,0.517067,0.736659,0.724211,-0.171387,-0.397633,-0.114968,-0.378435,0.303092,0.280207,0.503409,0.159279,0.342586,0.066459,0.626592,0.560598,0.144656,0.574009,0.740980,0.760074,0.757694,0.749746,0.571906,-0.327345,0.562973,0.468430,-0.138786,-0.273152,-0.295350,-0.373636,0.535679,-0.041997,0.370953,0.387092,0.469594,-0.060998,-0.479197,-0.393369,-0.286534,-0.292144,-0.582113,-0.499035,-0.328948,-0.511903,-0.666387,-0.542346,-0.712965,-0.317004,-0.551926,0.495402,-0.255812,-0.305113,-0.264023,-0.282593,-0.358855,-0.062931,0.410581,-0.309015,0.296341,-0.197743,-0.187616,-0.117060,-0.421046,-0.427591,-0.171726,0.693375,0.524376,-0.104099,-0.307233,-0.017903,-0.172768,0.296683,-0.527173,0.601949,-0.529201,0.454330,0.331765,0.696695,-0.544655,0.454442,0.562588,0.704988,-0.685315,0.584201,-0.675273,-0.258647,-0.697626,-0.201961,0.307988,0.344357,-0.002895,0.538542,-0.129754,0.227145,-0.463625,0.615439,0.401185,0.726104,-0.528306,0.272487,-0.248178,0.731076,0.058293,0.003765,-0.102885,-0.410255,-0.491540,-0.584458,-0.459129,0.032249
-0.492191,-0.187913,-0.129436,0.597844,0.726963,0.000000,-0.305599,0.584581,0.743744,0.759857,-0.282149,-0.483088,-0.238270,-0.450081,0.188611,0.142750,0.441406,0.036963,0.224168,-0.093059,0.550660,0.468321,0.030999,0.445583,0.695084,0.721351,0.725441,0.713819,0.488964,-0.415474,0.452568,0.327469,-0.216474,-0.355934,-0.399458,-0.462282,0.438154,-0.191560,0.282219,0.291288,0.391262,-0.137328,-0.516664,-0.490139,-0.370939,-0.361758,-0.612998,-0.533532,-0.408776,-0.564427,-0.669642,-0.548603,-0.701577,-0.251575,-0.599334,0.452931,-0.353986,-0.381636,-0.373604,-0.360325,-0.449390,-0.147546,0.293499,-0.433143,0.194083,-0.256923,-0.285296,-0.236894,-0.503938,-0.531052,-0.280669,0.617310,0.475761,-0.194844,-0.390812,-0.130692,-0.299261,0.162094,-0.542326,0.576526,-0.570293,0.369726,0.231323,0.650907,-0.603325,0.428863,0.561352,0.677442,-0.711561,0.592839,-0.686446,-0.251521,-0.680214,-0.127949,0.203415,0.296820,-0.129076,0.429191,-0.265883,0.101715,-0.572492,0.632558,0.243558,0.659510,-0.549659,0.296912,-0.368860,0.674622,-0.002766,-0.064705,-0.204577,-0.475438,-0.558692,-0.580672,-0.426007,0.044687
0.712680,0.638714,0.716995,0.137109,-0.166580,-0.305599,0.000000,-0.043826,-0.256915,-0.318857,0.701904,0.677809,0.738345,0.629489,0.507257,0.317230,0.240041,0.610199,0.534734,0.698904,0.119550,0.184554,0.635061,0.334657,-0.062748,-0.137659,-0.194915,-0.169793,0.214582,0.656665,0.322799,0.440645,0.651374,0.664934,0.627261,0.648815,0.245114,0.692577,0.369808,0.378036,0.307594,0.583503,0.531284,0.662242,0.642587,0.622769,0.509058,0.530425,0.626566,0.576921,0.389998,0.395706,0.326541,0.105011,0.588547,0.151657,0.677793,0.605868,0.694609,0.614540,0.670069,0.598914,0.417072,0.709971,0.461312,0.578486,0.685576,0.719944,0.641566,0.666275,0.716398,0.084071,0.233740,0.656845,0.608018,0.598972,0.722059,0.544732,0.475832,0.022126,0.582861,0.386220,0.452011,-0.008064,0.609232,0.148055,-0.014522,-0.102268,0.454945,-0.099228,0.424979,0.371674,0.321127,0.057432,0.460023,0.110995,0.654585,0.300833,0.721332,0.573045,0.618842,-0.183936,0.390853,-0.027132,0.436362,0.012030,0.582241,-0.111930,0.188661,0.455096,0.643384,0.593781,0.603275,0.419975,0.297701,0.123421
-0.159123,0.188928,-0.000908,0.640634,0.517067,0.584581,-0.043826,0.000000,0.581152,0.591711,0.055823,-0.124398,0.050917,-0.105751,0.218960,0.021361,0.540024,0.237775,0.403146,0.099882,0.433452,0.354074,0.305512,0.397017,0.566103,0.534360,0.497375,0.470267,0.548442,-0.086803,0.476672,0.375797,0.171870,0.051502,-0.157685,-0.155747,0.430770,-0.048139,0.370361,0.404898,0.439069,0.041294,-0.099743,-0.156067,0.017776,0.047079,-0.241133,-0.133383,-0.005062,-0.161061,-0.310097,-0.124799,-0.388073,0.155286,-0.269499,0.551622,0.026909,0.036048,-0.022763,0.060578,-0.071050,0.252370,0.425758,-0.136641,0.371589,0.174906,0.072794,0.076777,-0.126332,-0.187818,-0.020359,0.533633,0.563645,0.053302,-0.209979,0.048818,-0.050293,0.294854,-0.206416,0.639882,-0.221293,0.491322,0.301789,0.516491,-0.275448,0.602453,0.547818,0.483911,-0.435810,0.638982,-0.372317,0.189432,-0.353643,0.284071,0.300317,0.349119,0.068366,0.407950,-0.021330,0.281716,-0.410911,0.620808,0.080396,0.468852,-0.259988,0.454581,-0.326972,0.450209,0.111618,0.181974,0.118524,-0.068562,-0.217153,-0.170274,-0.036876,0.115459
-0.451301,-0.125188,-0.086473,0.631261,0.736659,0.743744,-0.256915,0.581152,0.000000,0.744647,-0.224475,-0.436923,-0.182749,-0.401051,0.219528,0.186070,0.467393,0.065252,0.277190,-0.044346,0.564074,0.470164,0.091589,0.488012,0.711010,0.730003,0.729263,0.719319,0.526926,-0.392731,0.487941,0.376959,-0.159488,-0.302785,-0.370110,-0.428235,0.460193,-0.173013,0.292979,0.312269,0.394922,-0.158822,-0.473467,-0.441729,-0.310601,-0.305168,-0.590619,-0.500915,-0.347926,-0.512477,-0.649725,-0.496909,-0.692507,-0.216139,-0.582272,0.498908,-0.305913,-0.330478,-0.313214,-0.295185,-0.384735,-0.067788,0.348984,-0.381037,0.277331,-0.175842,-0.224397,-0.178743,-0.462470,-0.485283,-0.249153,0.647387,0.500257,-0.186981,-0.381929,-0.108113,-0.265891,0.205777,-0.538758,0.610711,-0.549928,0.412738,0.259919,0.663291,-0.568189,0.491892,0.581858,0.681608,-0.704783,0.636461,-0.678790,-0.199464,-0.677124,-0.093254,0.225704,0.311518,-0.107688,0.448198,-0.231634,0.145810,-0.558996,0.661780,0.246564,0.667891,-0.523372,0.354317,-0.365041,0.680954,0.025473,-0.027675,-0.155806,-0.423492,-0.516970,-0.544351,-0.392580,0.064485
-0.494197,-0.169755,-0.147184,0.593150,0.724211,0.759857,-0.318857,0.591711,0.744647,0.000000,-0.282136,-0.480908,-0.250651,-0.444735,0.146144,0.154943,0.438046,0.027026,0.216223,-0.100585,0.525972,0.441542,0.026421,0.432886,0.699999,0.719741,0.724048,0.701674,0.494377,-0.416160,0.453828,0.322355,-0.211515,-0.345632,-0.400449,-0.463955,0.429043,-0.210675,0.253735,0.276390,0.384387,-0.157621,-0.502213,-0.486720,-0.364623,-0.354730,-0.605100,-0.523654,-0.401186,-0.556243,-0.654138,-0.525566,-0.690085,-0.216124,-0.609378,0.445375,-0.344110,-0.361130,-0.373823,-0.346195,-0.445923,-0.136989,0.289512,-0.436138,0.188395,-0.245267,-0.284159,-0.242650,-0.490446,-0.521610,-0.295946,0.617395,0.474961,-0.208546,-0.422307,-0.137886,-0.316012,0.149240,-0.545643,0.588783,-0.576578,0.359316,0.188420,0.627670,-0.610923,0.436455,0.532618,0.648406,-0.715352,0.598711,-0.678011,-0.231608,-0.666080,-0.089054,0.186867,0.300164,-0.148232,0.415375,-0.275895,0.091978,-0.584910,0.645142,0.221408,0.651020,-0.543420,0.307770,-0.399206,0.663809,0.001536,-0.065783,-0.200587,-0.464240,-0.554816,-0.564942,-0.407618,0.040272
0.690240,0.672581,0.615185,0.165497,-0.171387,-0.282149,0.701904,0.055823,-0.224475,-0.282136,0.000000,0.690142,0.728540,0.639945,0.445129,0.254152,0.326336,0.592457,0.515752,0.630681,0.076291,0.156135,0.645017,0.263275,-0.041124,-0.143482,-0.210655,-0.200339,0.280727,0.688651,0.325020,0.422454,0.673558,0.682064,0.584580,0.586041,0.248509,0.617233,0.338446,0.370205,0.319283,0.474963,0.595603,0.659606,0.685843,0.673693,0.540508,0.577533,0.684433,0.620639,0.444716,0.499579,0.358099,0.264990,0.580721,0.198269,0.699811,0.660612,0.710328,0.674540,0.706500,0.663041,0.449125,0.685411,0.503458,0.653259,0.693531,0.705927,0.645821,0.647443,0.680001,0.071640,0.247618,0.594609,0.518280,0.552930,0.651436,0.488463,0.525580,0.094587,0.596174,0.385724,0.394606,-0.015655,0.603677,0.231994,0.008504,-0.132346,0.429167,-0.018313,0.424226,0.473372,0.356732,0.233704,0.397147,0.110485,0.597717,0.265590,0.661132,0.541139,0.515074,-0.085555,0.239430,-0.070896,0.445074,0.108555,0.438435,-0.149564,0.176565,0.526512,0.650711,0.639725,0.584681,0.487873,0.360559,0.154017
0.726727,0.607214,0.533231,-0.071748,-0.397633,-0.483088,0.677809,-0.124398,-0.436923,-0.480908,0.690142,0.000000,0.668269,0.734568,0.302011,0.197478,0.077560,0.475582,0.340006,0.540254,-0.128162,-0.055073,0.500912,0.060949,-0.292603,-0.376769,-0.422982,-0.411344,0.027214,0.698347,0.088812,0.218862,0.627592,0.688322,0.591935,0.650850,0.011143,0.555845,0.149221,0.171950,0.109139,0.480673,0.646226,0.698462,0.670096,0.668109,0.640154,0.645174,0.668285,0.690521,0.581372,0.579078,0.533861,0.288813,0.668962,-0.023360,0.675036,0.650771,0.684437,0.659485,0.712426,0.599036,0.231314,0.711918,0.316854,0.629727,0.648794,0.653474,0.700937,0.703943,0.664882,-0.156408,0.063648,0.596622,0.582585,0.512836,0.640474,0.348052,0.600819,-0.140203,0.684660,0.201515,0.235576,-0.243375,0.692203,0.037533,-0.200206,-0.342353,0.600469,-0.227356,0.596585,0.469121,0.532702,0.217609,0.253313,-0.058046,0.507716,0.038162,0.620314,0.382328,0.634182,-0.314966,0.113889,-0.291484,0.548066,-0.039364,0.496183,-0.362260,0.106959,0.405871,0.575074,0.662798,0.677516,0.592379,0.439546,0.143521
0.684161,0.652585,0.677380,0.206239,-0.114968,-0.238270,0.738345,0.050917,-0.182749,-0.250651,0.728540,0.668269,0.000000,0.624942,0.540845,0.302827,0.316556,0.629120,0.565337,0.673807,0.166153,0.231770,0.670706,0.351742,0.003133,-0.084052,-0.144954,-0.122434,0.281585,0.644551,0.365232,0.465755,0.671806,0.663372,0.605056,0.623930,0.289883,0.661749,0.406363,0.424585,0.363943,0.567699,0.540918,0.650810,0.657181,0.646048,0.493350,0.536517,0.633546,0.572896,0.365993,0.411071,0.293058,0.172402,0.565493,0.235524,0.668809,0.604827,0.687134,0.625484,0.668400,0.626556,0.464328,0.674655,0.519650,0.612753,0.697026,0.719542,0.626802,0.625244,0.713620,0.133480,0.302828,0.648338,0.574562,0.588331,0.706281,0.567139,0.458545,0.106501,0.564612,0.444415,0.480027,0.048209,0.586537,0.243161,0.060711,-0.051993,0.403185,-0.000362,0.379916,0.423629,0.283843,0.125524,0.464879,0.133590,0.648929,0.337294,0.699396,0.597686,0.542515,-0.089401,0.352672,0.009572,0.384658,0.071039,0.507724,-0.074614,0.164102,0.482783,0.659667,0.595522,0.582377,0.422345,0.302534,0.136184
0.668781,0.555753,0.486902,-0.071417,-0.378435,-0.450081,0.629489,-0.105751,-0.401051,-0.444735,0.639945,0.734568,0.624942,0.000000,0.293501,0.261512,0.040137,0.440175,0.309094,0.502011,-0.114543,-0.076458,0.457614,0.054862,-0.288844,-0.358955,-0.403640,-0.382268,0.006027,0.638722,0.067402,0.191088,0.595942,0.658253,0.557267,0.611325,-0.028489,0.492217,0.139155,0.148358,0.074919,0.443142,0.601981,0.648875,0.622009,0.629955,0.588809,0.592984,0.618587,0.653792,0.546176,0.544806,0.501004,0.273205,0.630666,-0.005612,0.619124,0.599629,0.635897,0.613152,0.665027,0.565363,0.205423,0.671706,0.292505,0.598788,0.606586,0.620589,0.647670,0.654469,0.609908,-0.150030,0.053189,0.551428,0.566228,0.473305,0.594272,0.327106,0.542852,-0.136429,0.631547,0.197394,0.232668,-0.227637,0.645294,0.050662,-0.151188,-0.308597,0.568004,-0.203119,0.561836,0.440317,0.501496,0.204300,0.218272,-0.081545,0.444504,0.001256,0.562946,0.338873,0.588534,-0.292932,0.080524,-0.285703,0.518556,-0.010377,0.480401,-0.341877,0.109761,0.360552,0.517586,0.608353,0.635470,0.557933,0.415855,0.139335
0.301533,0.331125,0.593455,0.455170,0.303092,0.188611,0.507257,0.218960,0.219528,0.146144,0.445129,0.302011,0.540845,0.293501,0.000000,0.454580,0.492743,0.578770,0.587209,0.556441,0.541652,0.560072,0.540974,0.602027,0.348786,0.318188,0.275404,0.329031,0.484326,0.336031,0.527836,0.591351,0.360462,0.285213,0.295357,0.274536,0.502863,0.543319,0.599258,0.544392,0.500140,0.456894,0.070608,0.263266,0.274211,0.253435,0.032166,0.091580,0.225624,0.108740,-0.137121,-0.091395,-0.189594,-0.233232,0.169836,0.404058,0.293465,0.170313,0.335631,0.215288,0.263829,0.348742,0.513815,0.335047,0.511565,0.271321,0.380730,0.461677,0.192376,0.211234,0.481989,0.427533,0.447803,0.464100,0.410616,0.469725,0.509140,0.612467,0.099547,0.300761,0.157049,0.561986,0.686967,0.458369,0.183277,0.329830,0.403746,0.409808,-0.021880,0.221015,-0.085875,0.037888,-0.198668,-0.236690,0.549514,0.248679,0.535143,0.542937,0.480722,0.551829,0.238467,0.139980,0.571141,0.394279,-0.032589,0.069562,0.406411,0.361416,0.099060,0.363945,0.393888,0.159229,0.158560,-0.066847,-0.106834,0.099680
0.161432,0.202072,0.439895,0.291569,0.280207,0.142750,0.317230,0.021361,0.186070,0.154943,0.254152,0.197478,0.302827,0.261512,0.454580,0.000000,0.256382,0.367860,0.384724,0.416800,0.363289,0.376113,0.310407,0.481880,0.288831,0.277519,0.260261,0.274309,0.307459,0.161506,0.412469,0.449668,0.182466,0.154987,0.140576,0.108821,0.339560,0.378179,0.228080,0.227756,0.334654,0.256014,-0.056995,0.125879,0.115514,0.102702,-0.081653,-0.052729,0.071463,-0.002495,-0.175760,-0.164198,-0.214894,-0.316959,-0.018363,0.171271,0.140643,0.064651,0.184782,0.088302,0.126632,0.200538,0.329928,0.233879,0.310115,0.106289,0.186555,0.296058,0.087651,0.118288,0.287646,0.359148,0.306274,0.277960,0.197656,0.328296,0.286942,0.406687,-0.068249,0.181896,-0.001360,0.383525,0.369661,0.334515,0.037721,0.182900,0.136807,0.262778,-0.097599,0.087089,-0.124050,-0.122481,-0.203639,-0.304810,0.328246,0.117978,0.296802,0.374159,0.273214,0.313836,0.176010,0.059603,0.496474,0.325121,-0.040598,0.006409,0.274877,0.293184,0.088714,0.186337,0.191961,0.003123,0.024773,-0.162671,-0.191425,0.021461
0.088514,0.368963,0.339804,0.658171,0.503409,0.441406,0.240041,0.540024,0.467393,0.438046,0.326336,0.077560,0.316556,0.040137,0.492743,0.256382,0.000000,0.519179,0.601694,0.406185,0.559201,0.560117,0.515935,0.586355,0.594729,0.533663,0.473038,0.465438,0.737123,0.210832,0.633147,0.617232,0.307201,0.195068,0.083249,0.041336,0.639417,0.300302,0.556447,0.610886,0.596893,0.228846,0.012163,0.067724,0.208681,0.201219,-0.103036,0.011509,0.181005,-0.022843,-0.247408,-0.081627,-0.353042,0.020176,-0.092605,0.590715,0.245928,0.197881,0.217476,0.213083,0.129893,0.383242,0.655872,0.122506,0.563472,0.264769,0.282144,0.322894,0.072908,0.052716,0.219197,0.599795,0.595024,0.248676,-0.007371,0.274958,0.233040,0.519170,-0.024818,0.635147,-0.043840,0.634094,0.533155,0.584907,-0.082659,0.590076,0.503138,0.490068,-0.315328,0.542868,-0.298140,0.167972,-0.340886,0.099720,0.519365,0.470595,0.394567,0.626449,0.300624,0.533691,-0.127219,0.520819,0.389007,0.540168,-0.183328,0.338033,-0.052494,0.490319,0.164272,0.417427,0.352782,0.104000,-0.041065,-0.122515,-0.066625,0.112969
0.504836,0.602415,0.641577,0.414890,0.159279,0.036963,0.610199,0.237775,0.065252,0.027026,0.592457,0.475582,0.629120,0.440175,0.578770,0.367860,0.519179,0.000000,0.657737,0.678649,0.400921,0.440630,0.644559,0.521489,0.268750,0.197741,0.137633,0.145014,0.504224,0.520536,0.550755,0.623467,0.574756,0.537292,0.455017,0.465996,0.476507,0.621102,0.554264,0.569116,0.580594,0.608729,0.347058,0.475508,0.518851,0.516540,0.272372,0.363648,0.478520,0.349377,0.106364,0.188854,0.021767,0.083632,0.329522,0.408385,0.544468,0.476944,0.525899,0.474996,0.449360,0.536033,0.606471,0.538790,0.531982,0.456923,0.567087,0.622500,0.463594,0.454317,0.584946,0.384582,0.510854,0.627927,0.414702,0.546211,0.613404,0.660772,0.236822,0.360880,0.344002,0.636467,0.579956,0.301969,0.317427,0.392268,0.245641,0.200524,0.129173,0.216806,0.131112,0.322209,0.029392,0.068633,0.542595,0.244907,0.626009,0.542588,0.633239,0.644075,0.340663,0.126852,0.487228,0.277210,0.110125,0.076028,0.377048,0.198043,0.096181,0.417128,0.594086,0.412974,0.364758,0.177147,0.070432,0.109066
0.376088,0.590657,0.611321,0.613664,0.342586,0.224168,0.534734,0.403146,0.277190,0.216223,0.515752,0.340006,0.565337,0.309094,0.587209,0.384724,0.601694,0.657737,0.000000,0.667746,0.485352,0.479869,0.698895,0.664633,0.439359,0.378596,0.308493,0.320209,0.611417,0.356942,0.664803,0.690048,0.566667,0.471806,0.342507,0.343164,0.576249,0.519551,0.558413,0.597200,0.596346,0.448300,0.223732,0.353710,0.444204,0.441844,0.095652,0.200025,0.401131,0.227261,-0.074429,0.070793,-0.179712,0.046377,0.150552,0.559273,0.479702,0.410249,0.467550,0.431659,0.373815,0.568129,0.702249,0.413466,0.640916,0.455935,0.533741,0.586170,0.340942,0.336038,0.492013,0.559170,0.630474,0.508537,0.279752,0.524076,0.516362,0.708047,0.069201,0.526339,0.164130,0.693376,0.599225,0.460949,0.169969,0.562900,0.415080,0.375088,-0.080721,0.416141,-0.088047,0.288902,-0.174454,0.067876,0.641285,0.387167,0.578138,0.634617,0.557140,0.707908,0.161494,0.352730,0.519665,0.458592,0.047114,0.320387,0.221764,0.375319,0.235517,0.451354,0.564625,0.318421,0.225104,0.061150,0.063526,0.131846
0.596314,0.647231,0.741297,0.346219,0.066459,-0.093059,0.698904,0.099882,-0.044346,-0.100585,0.630681,0.540254,0.673807,0.502011,0.556441,0.416800,0.406185,0.678649,0.667746,0.000000,0.307252,0.345319,0.661066,0.528061,0.161250,0.102194,0.038104,0.056426,0.409075,0.540983,0.497550,0.593423,0.610496,0.601098,0.508090,0.527665,0.417993,0.664807,0.479724,0.489190,0.470798,0.551234,0.392924,0.550143,0.563874,0.550553,0.319990,0.375520,0.537641,0.424481,0.173235,0.223882,0.085598,0.018375,0.395886,0.328608,0.613073,0.539616,0.616405,0.540272,0.540834,0.583130,0.571154,0.620490,0.527372,0.502990,0.623531,0.688705,0.534842,0.565731,0.623746,0.324164,0.417152,0.615776,0.478109,0.598432,0.667927,0.661739,0.279282,0.245381,0.385205,0.540577,0.547917,0.210715,0.410385,0.310475,0.166897,0.118749,0.222588,0.096994,0.191786,0.287116,0.086548,-0.002456,0.568359,0.248771,0.662870,0.494921,0.692639,0.661902,0.451871,0.021031,0.519528,0.212614,0.256645,0.105784,0.480363,0.126871,0.221992,0.455148,0.622324,0.470538,0.437196,0.235694,0.153356,0.078056
-0.112704,0.099259,0.298638,0.629612,0.626592,0.550660,0.119550,0.433452,0.564074,0.525972,0.076291,-0.128162,0.166153,-0.114543,0.541652,0.363289,0.559201,0.400921,0.485352,0.307252,0.000000,0.717513,0.317838,0.645383,0.633412,0.639853,0.628660,0.639754,0.604761,-0.082129,0.581042,0.573438,0.046151,-0.059421,-0.085565,-0.116006,0.643905,0.254475,0.581813,0.547327,0.592976,0.204013,-0.274356,-0.135506,-0.060038,-0.081772,-0.355108,-0.256509,-0.108091,-0.285959,-0.495154,-0.389839,-0.553362,-0.301217,-0.268557,0.555454,-0.041277,-0.122187,-0.020804,-0.085967,-0.122307,0.111807,0.516002,-0.064923,0.412104,-0.016929,0.046058,0.126754,-0.180074,-0.177767,0.072625,0.654805,0.557244,0.141194,-0.001317,0.191578,0.142870,0.494611,-0.344355,0.549179,-0.284902,0.594615,0.595074,0.714992,-0.280453,0.477884,0.595497,0.675510,-0.456744,0.510289,-0.485286,-0.148126,-0.552257,-0.228549,0.454284,0.346863,0.278635,0.646677,0.149693,0.416733,-0.203876,0.455927,0.511093,0.657695,-0.444977,0.109679,0.031404,0.666014,0.056712,0.149222,0.132584,-0.187329,-0.258887,-0.424859,-0.387663,0.008379
-0.024299,0.139278,0.351624,0.569274,0.560598,0.468321,0.184554,0.354074,0.470164,0.441542,0.156135,-0.055073,0.231770,-0.076458,0.560072,0.376113,0.560117,0.440630,0.479869,0.345319,0.717513,0.000000,0.354122,0.606830,0.587286,0.572188,0.558351,0.561897,0.588061,0.035246,0.568027,0.567963,0.074478,-0.016719,-0.005203,-0.056165,0.677692,0.362072,0.563814,0.556972,0.613678,0.266973,-0.201707,-0.060111,0.005637,-0.030103,-0.244069,-0.158374,-0.039258,-0.219099,-0.405845,-0.326294,-0.465858,-0.291396,-0.179260,0.473522,0.023409,-0.059313,0.049348,-0.030769,-0.048378,0.131826,0.504770,-0.001776,0.403001,0.000877,0.094224,0.175731,-0.097490,-0.102651,0.165944,0.596499,0.516096,0.211186,0.034968,0.236140,0.211258,0.491608,-0.222030,0.488648,-0.172229,0.576805,0.584447,0.664349,-0.181031,0.416106,0.469413,0.578816,-0.367696,0.410019,-0.394856,-0.124695,-0.462050,-0.227721,0.438883,0.345942,0.365536,0.659202,0.219054,0.432169,-0.104248,0.366607,0.529886,0.592385,-0.390941,0.008902,0.079035,0.585466,0.042920,0.204555,0.208800,-0.106844,-0.192600,-0.358220,-0.352926,0.000652
0.533132,0.672897,0.629435,0.463778,0.144656,0.030999,0.635061,0.305512,0.091589,0.026421,0.645017,0.500912,0.670706,0.457614,0.540974,0.310407,0.515935,0.644559,0.698895,0.661066,0.317838,0.354122,0.000000,0.521108,0.275354,0.179814,0.104650,0.116028,0.493229,0.524769,0.574735,0.612579,0.680320,0.600826,0.498788,0.498387,0.474549,0.590508,0.474270,0.549030,0.497639,0.489759,0.410348,0.501007,0.596064,0.584300,0.309562,0.386983,0.562689,0.420247,0.167301,0.291026,0.062432,0.189206,0.353404,0.436433,0.625013,0.567424,0.619676,0.586995,0.559307,0.660161,0.640749,0.552556,0.660124,0.596577,0.668967,0.691509,0.498896,0.491885,0.625569,0.378633,0.498689,0.578174,0.392532,0.559426,0.590616,0.639652,0.293934,0.378212,0.396287,0.602767,0.520393,0.269337,0.388897,0.474461,0.238544,0.155404,0.140311,0.271039,0.147924,0.436729,0.065629,0.202677,0.576829,0.299675,0.617348,0.502328,0.638412,0.685063,0.333148,0.207744,0.409986,0.252356,0.265210,0.305289,0.305235,0.152681,0.244708,0.529678,0.659128,0.509243,0.420987,0.277132,0.243445,0.205415
0.097365,0.327438,0.511764,0.671835,0.574009,0.445583,0.334657,0.397017,0.488012,0.432886,0.263275,0.060949,0.351742,0.054862,0.602027,0.481880,0.586355,0.521489,0.664633,0.528061,0.645383,0.606830,0.521108,0.000000,0.610785,0.596235,0.553958,0.575617,0.636139,0.087420,0.706088,0.710505,0.289480,0.178478,0.132681,0.093976,0.618754,0.385880,0.558907,0.562144,0.599558,0.312453,-0.112479,0.070736,0.140677,0.127247,-0.229498,-0.133963,0.082685,-0.103598,-0.386484,-0.269353,-0.463054,-0.243694,-0.132282,0.562559,0.189047,0.091652,0.190631,0.117591,0.076885,0.311708,0.633307,0.161635,0.558039,0.177765,0.267584,0.354056,0.029089,0.047747,0.281692,0.695726,0.631516,0.319165,0.130113,0.398872,0.321220,0.648917,-0.214996,0.561530,-0.137243,0.661071,0.593118,0.626114,-0.117993,0.514040,0.520421,0.592947,-0.340685,0.471282,-0.365992,-0.022487,-0.462618,-0.201902,0.609093,0.375972,0.416832,0.686139,0.355744,0.590512,-0.021201,0.437565,0.641561,0.658370,-0.200721,0.267789,0.156520,0.609541,0.160768,0.276457,0.316455,-0.007877,-0.061393,-0.273386,-0.236934,0.082019
-0.271997,0.056363,0.122863,0.690963,0.740980,0.695084,-0.062748,0.566103,0.711010,0.699999,-0.041124,-0.292603,0.003133,-0.288844,0.348786,0.288831,0.594729,0.268750,0.439359,0.161250,0.633412,0.587286,0.275354,0.610785,0.000000,0.751736,0.731299,0.713908,0.646834,-0.199924,0.638097,0.544369,-0.000954,-0.143396,-0.180451,-0.260581,0.602811,0.053944,0.424435,0.471477,0.552706,0.032521,-0.350571,-0.273368,-0.153252,-0.157217,-0.467780,-0.368284,-0.198005,-0.398895,-0.576076,-0.427938,-0.642872,-0.208915,-0.454133,0.547816,-0.120314,-0.164218,-0.142712,-0.150830,-0.237849,0.056826,0.499684,-0.212169,0.396001,-0.072983,-0.048386,0.006064,-0.292279,-0.312524,-0.058812,0.717245,0.593171,-0.000865,-0.261257,0.061560,-0.073299,0.373633,-0.425557,0.662049,-0.417010,0.538061,0.376367,0.691104,-0.441965,0.528632,0.557271,0.664150,-0.621812,0.613948,-0.599096,-0.129199,-0.627384,-0.098727,0.373353,0.399441,0.107752,0.598914,-0.013101,0.334669,-0.401465,0.639446,0.413201,0.715386,-0.455094,0.316818,-0.221053,0.697261,0.081264,0.111479,0.039525,-0.275779,-0.379392,-0.471166,-0.357268,0.054951
-0.354542,-0.038540,0.069369,0.668771,0.760074,0.721351,-0.137659,0.534360,0.730003,0.719741,-0.143482,-0.376769,-0.084052,-0.358955,0.318188,0.277519,0.533663,0.197741,0.378596,0.102194,0.639853,0.572188,0.179814,0.596235,0.751736,0.000000,0.753143,0.748036,0.599228,-0.302952,0.587376,0.495283,-0.094485,-0.230188,-0.258657,-0.329332,0.559208,-0.020131,0.401514,0.424343,0.499044,-0.024320,-0.441728,-0.358314,-0.248365,-0.251037,-0.552606,-0.458118,-0.291051,-0.479257,-0.647042,-0.510816,-0.700628,-0.277022,-0.521180,0.537267,-0.218930,-0.265271,-0.228977,-0.244056,-0.330691,-0.028696,0.444652,-0.286566,0.325325,-0.164313,-0.142795,-0.078218,-0.381306,-0.393003,-0.146456,0.713063,0.554062,-0.074339,-0.296017,0.004777,-0.135307,0.333753,-0.507469,0.636936,-0.505511,0.492697,0.356967,0.704275,-0.521503,0.494195,0.578931,0.706362,-0.671674,0.611380,-0.660518,-0.212083,-0.688500,-0.171472,0.346088,0.377266,0.041749,0.571864,-0.086538,0.275779,-0.452419,0.634436,0.410343,0.734232,-0.518994,0.289526,-0.240192,0.733349,0.065307,0.036202,-0.051333,-0.369202,-0.457349,-0.550998,-0.430263,0.017414
-0.409236,-0.114309,0.014649,0.619793,0.757694,0.725441,-0.194915,0.497375,0.729263,0.724048,-0.210655,-0.422982,-0.144954,-0.403640,0.275404,0.260261,0.473038,0.137633,0.308493,0.038104,0.628660,0.558351,0.104650,0.553958,0.731299,0.753143,0.000000,0.750515,0.545934,-0.360590,0.537014,0.444688,-0.172687,-0.303347,-0.317940,-0.389322,0.523012,-0.060127,0.355220,0.368300,0.469794,-0.059233,-0.494082,-0.406215,-0.318220,-0.322681,-0.594492,-0.512321,-0.366368,-0.539107,-0.677672,-0.563375,-0.715994,-0.329061,-0.565431,0.471838,-0.289120,-0.335548,-0.304075,-0.320162,-0.395192,-0.108423,0.372299,-0.343680,0.258545,-0.234668,-0.216761,-0.151673,-0.438378,-0.448893,-0.202052,0.682009,0.512831,-0.119615,-0.318797,-0.036824,-0.193508,0.272201,-0.557109,0.584332,-0.549726,0.433241,0.309608,0.684884,-0.564751,0.427405,0.549132,0.700173,-0.691716,0.568993,-0.680286,-0.287780,-0.704859,-0.220840,0.279116,0.316604,-0.029092,0.524136,-0.152491,0.195539,-0.473905,0.597913,0.394053,0.719635,-0.558268,0.229083,-0.244781,0.727037,0.001543,-0.045477,-0.130657,-0.439811,-0.503424,-0.601696,-0.487568,0.026422
-0.400168,-0.126543,0.045939,0.621540,0.749746,0.713819,-0.169793,0.470267,0.719319,0.701674,-0.200339,-0.411344,-0.122434,-0.382268,0.329031,0.274309,0.465438,0.145014,0.320209,0.056426,0.639754,0.561897,0.116028,0.575617,0.713908,0.748036,0.750515,0.000000,0.533232,-0.361165,0.540333,0.455288,-0.165093,-0.299625,-0.287634,-0.359750,0.498588,-0.051899,0.376709,0.374774,0.442037,-0.062315,-0.504883,-0.396914,-0.310446,-0.315349,-0.606376,-0.522994,-0.362563,-0.528990,-0.688245,-0.574515,-0.723560,-0.357480,-0.539880,0.495328,-0.293729,-0.354222,-0.287909,-0.323851,-0.387853,-0.102457,0.386339,-0.323074,0.291124,-0.225184,-0.202580,-0.130562,-0.444111,-0.444917,-0.180655,0.683162,0.499394,-0.115071,-0.258192,-0.013318,-0.163279,0.303466,-0.554555,0.567374,-0.541405,0.439407,0.342996,0.692605,-0.545829,0.430002,0.584881,0.728864,-0.676563,0.569431,-0.682284,-0.295590,-0.721566,-0.272795,0.308701,0.281030,-0.016161,0.525144,-0.124321,0.223222,-0.447717,0.593304,0.421712,0.726934,-0.541943,0.243517,-0.199136,0.741425,-0.004006,-0.046971,-0.121408,-0.433840,-0.487572,-0.604587,-0.507192,0.046501
0.040840,0.346550,0.340208,0.693958,0.571906,0.488964,0.214582,0.548442,0.526926,0.494377,0.280727,0.027214,0.281585,0.006027,0.484326,0.307459,0.737123,0.504224,0.611417,0.409075,0.604761,0.588061,0.493229,0.636139,0.646834,0.599228,0.545934,0.533232,0.000000,0.138053,0.670800,0.649054,0.266855,0.158606,0.049880,-0.010477,0.665494,0.285574,0.561170,0.613421,0.625501,0.211435,-0.048746,0.024073,0.152494,0.144539,-0.176514,-0.060161,0.125878,-0.087496,-0.318726,-0.150339,-0.424551,-0.032401,-0.163973,0.608155,0.196222,0.148669,0.169505,0.162894,0.080315,0.349706,0.663015,0.087075,0.546299,0.216643,0.234550,0.284804,0.022749,0.003999,0.173585,0.661929,0.625767,0.219694,-0.055526,0.259085,0.196719,0.530370,-0.121689,0.664404,-0.128346,0.647541,0.531475,0.628628,-0.159038,0.600597,0.530335,0.543530,-0.385433,0.573822,-0.364952,0.108888,-0.411270,0.055218,0.512077,0.472325,0.362479,0.656690,0.264729,0.527452,-0.172101,0.554365,0.431013,0.603435,-0.253390,0.324280,-0.061814,0.565854,0.184681,0.370652,0.310928,0.038313,-0.104450,-0.204692,-0.144443,0.088623
0.700350,0.589594,0.539515,-0.035321,-0.327345,-0.415474,0.656665,-0.086803,-0.392731,-0.416160,0.688651,0.698347,0.644551,0.638722,0.336031,0.161506,0.210832,0.520536,0.356942,0.540983,-0.082129,0.035246,0.524769,0.087420,-0.199924,-0.302952,-0.360590,-0.361165,0.138053,0.000000,0.151939,0.258911,0.600401,0.644635,0.601529,0.602972,0.117257,0.601261,0.216619,0.265272,0.172918,0.509909,0.603950,0.647263,0.634244,0.624544,0.623013,0.621736,0.643788,0.627198,0.541296,0.518270,0.485840,0.240681,0.629586,-0.021883,0.680024,0.645907,0.659369,0.622468,0.674893,0.549376,0.274935,0.679854,0.305733,0.556982,0.625800,0.630865,0.667490,0.675596,0.662277,-0.121424,0.077816,0.602790,0.519448,0.483388,0.618081,0.341551,0.658775,-0.089612,0.678399,0.217908,0.268161,-0.184503,0.653143,0.018472,-0.198645,-0.312684,0.551199,-0.230600,0.554209,0.423041,0.497993,0.204195,0.291681,0.072274,0.558599,0.110467,0.627574,0.401691,0.612365,-0.283377,0.167767,-0.233162,0.517913,-0.036403,0.475001,-0.316657,0.142034,0.482346,0.580716,0.641148,0.623069,0.543814,0.425828,0.126708
0.121536,0.398199,0.462366,0.682477,0.562973,0.452568,0.322799,0.476672,0.487941,0.453828,0.325020,0.088812,0.365232,0.067402,0.527836,0.412469,0.633147,0.550755,0.664803,0.497550,0.581042,0.568027,0.574735,0.706088,0.638097,0.587376,0.537014,0.540333,0.670800,0.151939,0.000000,0.730777,0.360918,0.239126,0.169501,0.105437,0.610816,0.370958,0.513107,0.568704,0.632527,0.306595,-0.027272,0.107320,0.209035,0.207934,-0.164465,-0.060759,0.158474,-0.043830,-0.304337,-0.159421,-0.397573,-0.086577,-0.111739,0.558186,0.253971,0.183375,0.231483,0.195922,0.131249,0.371948,0.670330,0.191953,0.594823,0.248789,0.314900,0.381420,0.076918,0.071774,0.319918,0.689476,0.659034,0.342896,0.084981,0.381713,0.285927,0.612018,-0.149691,0.609585,-0.073178,0.670618,0.504095,0.580640,-0.093171,0.554328,0.462599,0.519576,-0.326129,0.501501,-0.306915,0.103098,-0.384076,-0.031421,0.567929,0.338582,0.393214,0.662967,0.353051,0.586777,-0.046701,0.493582,0.558013,0.616644,-0.144080,0.323151,0.085938,0.555229,0.125067,0.316567,0.359216,0.067231,-0.028338,-0.198924,-0.190280,0.128839
0.246062,0.462836,0.564076,0.626290,0.468430,0.327469,0.440645,0.375797,0.376959,0.322355,0.422454,0.218862,0.465755,0.191088,0.591351,0.449668,0.617232,0.623467,0.690048,0.593423,0.573438,0.567963,0.612579,0.710505,0.544369,0.495283,0.444688,0.455288,0.649054,0.258911,0.730777,0.000000,0.417953,0.330650,0.266139,0.211181,0.605310,0.476820,0.560959,0.594475,0.625341,0.383602,0.059697,0.219693,0.298353,0.288032,-0.061860,0.038500,0.252945,0.061822,-0.211632,-0.086022,-0.304958,-0.092232,0.014291,0.537703,0.347638,0.260497,0.334205,0.280117,0.240170,0.444308,0.691484,0.316724,0.618777,0.327449,0.396703,0.473562,0.182492,0.192592,0.401639,0.635543,0.620418,0.422348,0.199778,0.464058,0.407709,0.665824,-0.061667,0.536297,0.032604,0.678353,0.574397,0.534913,0.025570,0.516999,0.430800,0.467894,-0.203048,0.425390,-0.201835,0.130714,-0.299582,-0.057891,0.598838,0.327305,0.486666,0.661674,0.463648,0.635462,0.094846,0.382995,0.602750,0.556156,-0.080240,0.246232,0.213294,0.495158,0.144146,0.360684,0.429284,0.156890,0.079238,-0.124330,-0.154267,0.125777
0.648657,0.722599,0.557893,0.236472,-0.138786,-0.216474,0.651374,0.171870,-0.159488,-0.211515,0.673558,0.627592,0.671806,0.595942,0.360462,0.182466,0.307201,0.574756,0.566667,0.610496,0.046151,0.074478,0.680320,0.289480,-0.000954,-0.094485,-0.172687,-0.165093,0.266855,0.600401,0.360918,0.417953,0.000000,0.735734,0.581414,0.633127,0.219978,0.522161,0.297155,0.368467,0.306691,0.495990,0.602053,0.636698,0.700957,0.715947,0.515645,0.577424,0.681097,0.619721,0.411699,0.513394,0.326235,0.390103,0.530165,0.284354,0.713138,0.693186,0.688575,0.700466,0.668087,0.692079,0.471023,0.645671,0.515661,0.677838,0.732215,0.716313,0.655354,0.640194,0.649952,0.136171,0.342525,0.606733,0.458652,0.549170,0.621016,0.527461,0.453652,0.204079,0.558394,0.440201,0.344965,-0.008244,0.549046,0.350690,0.044884,-0.114108,0.369621,0.107106,0.391900,0.589035,0.327598,0.352801,0.458235,0.173058,0.571524,0.273680,0.650864,0.589017,0.444834,0.035344,0.202156,-0.017812,0.468000,0.284052,0.337018,-0.128833,0.225598,0.494325,0.685062,0.656825,0.597532,0.522173,0.454993,0.186097
0.706753,0.716873,0.547385,0.098503,-0.273152,-0.355934,0.664934,0.051502,-0.302785,-0.345632,0.682064,0.688322,0.663372,0.658253,0.285213,0.154987,0.195068,0.537292,0.471806,0.601098,-0.059421,-0.016719,0.600826,0.178478,-0.143396,-0.230188,-0.303347,-0.299625,0.158606,0.644635,0.239126,0.330650,0.735734,0.000000,0.602241,0.666263,0.116843,0.522646,0.231285,0.285898,0.214280,0.496551,0.662419,0.684178,0.718098,0.734892,0.602271,0.643668,0.714889,0.687435,0.520637,0.585162,0.446060,0.408975,0.608985,0.169031,0.731862,0.726570,0.711003,0.727241,0.707439,0.679826,0.370833,0.691528,0.410065,0.684127,0.717117,0.708220,0.713470,0.704984,0.641989,0.006491,0.224841,0.606859,0.490454,0.530661,0.637066,0.458712,0.527727,0.078890,0.621644,0.337501,0.274818,-0.139200,0.618625,0.237348,-0.072867,-0.244684,0.488187,-0.026534,0.508421,0.589388,0.450230,0.360344,0.371251,0.106237,0.556288,0.173911,0.651684,0.513563,0.523513,-0.107880,0.135330,-0.155077,0.525174,0.167409,0.392943,-0.253982,0.209639,0.463167,0.664646,0.696820,0.653798,0.591790,0.490656,0.125586
0.642439,0.537493,0.535218,-0.039598,-0.295350,-0.399458,0.627261,-0.157685,-0.370110,-0.400449,0.584580,0.591935,0.605056,0.557267,0.295357,0.140576,0.083249,0.455017,0.342507,0.508090,-0.085565,-0.005203,0.498788,0.132681,-0.180451,-0.258657,-0.317940,-0.287634,0.049880,0.601529,0.169501,0.266139,0.581414,0.602241,0.000000,0.674799,0.065506,0.563190,0.211565,0.259545,0.135876,0.520548,0.537010,0.615617,0.600493,0.583613,0.547489,0.556782,0.582357,0.577404,0.468761,0.451843,0.430695,0.244820,0.608917,0.050177,0.616978,0.570002,0.609213,0.557417,0.610081,0.467723,0.272012,0.629808,0.320075,0.491301,0.633359,0.611721,0.619682,0.624595,0.609298,-0.076136,0.057120,0.545381,0.535278,0.464496,0.606749,0.380551,0.488626,-0.104905,0.587160,0.196354,0.216712,-0.199893,0.599197,0.037681,-0.164790,-0.266878,0.511887,-0.180249,0.506984,0.425836,0.419963,0.158393,0.313323,0.045696,0.527510,0.126592,0.646794,0.464553,0.614873,-0.227038,0.251747,-0.152034,0.499982,0.021995,0.519491,-0.247431,0.168080,0.341978,0.593478,0.597064,0.622144,0.481794,0.359952,0.134300
0.689415,0.585978,0.533159,-0.068812,-0.373636,-0.462282,0.648815,-0.155747,-0.428235,-0.463955,0.586041,0.650850,0.623930,0.611325,0.274536,0.108821,0.041336,0.465996,0.343164,0.527665,-0.116006,-0.056165,0.498387,0.093976,-0.260581,-0.329332,-0.389322,-0.359750,-0.010477,0.602972,0.105437,0.211181,0.633127,0.666263,0.674799,0.000000,0.024265,0.544295,0.197590,0.232256,0.121988,0.548980,0.623999,0.682460,0.673557,0.663062,0.628877,0.651469,0.647715,0.666162,0.541868,0.549987,0.506834,0.334902,0.679906,0.063216,0.653812,0.624250,0.658915,0.628572,0.647853,0.518872,0.243739,0.660137,0.320716,0.560498,0.682581,0.652966,0.697759,0.694122,0.629149,-0.118515,0.059576,0.574568,0.567661,0.493825,0.657316,0.396930,0.534147,-0.094941,0.658378,0.221330,0.236459,-0.240486,0.666391,0.079737,-0.184991,-0.322186,0.581668,-0.166100,0.574065,0.520731,0.483691,0.216689,0.331290,0.020933,0.559706,0.098017,0.673826,0.468935,0.639734,-0.253866,0.172102,-0.222004,0.534179,0.005875,0.508973,-0.320495,0.153906,0.371508,0.646775,0.678197,0.709185,0.587894,0.456220,0.119014
0.067684,0.301988,0.384324,0.627470,0.535679,0.438154,0.245114,0.430770,0.460193,0.429043,0.248509,0.011143,0.289883,-0.028489,0.502863,0.339560,0.639417,0.476507,0.576249,0.417993,0.643905,0.677692,0.474549,0.618754,0.602811,0.559208,0.523012,0.498588,0.665494,0.117257,0.610816,0.605310,0.219978,0.116843,0.065506,0.024265,0.000000,0.410577,0.585313,0.645933,0.656700,0.283334,-0.079751,0.014182,0.136684,0.100593,-0.132215,-0.037542,0.111759,-0.097136,-0.307282,-0.181396,-0.398449,-0.126003,-0.119995,0.545003,0.183141,0.122242,0.181403,0.137719,0.083267,0.288843,0.606470,0.079373,0.493351,0.143524,0.228582,0.284550,0.033887,0.019657,0.206302,0.610600,0.563522,0.238901,-0.014507,0.268022,0.252939,0.527945,-0.125597,0.578555,-0.088049,0.627543,0.590405,0.642103,-0.107439,0.526288,0.449426,0.513145,-0.335143,0.480747,-0.337109,0.048963,-0.388689,-0.030678,0.515837,0.532512,0.468413,0.709331,0.304748,0.535461,-0.081525,0.439761,0.491573,0.584334,-0.287752,0.162512,0.013334,0.540937,0.222188,0.363515,0.351015,0.046375,-0.098474,-0.223076,-0.153665,0.014259
