0.000000 0.782583 0.520797 0.426565 0.042036 0.080080 0.533099 0.646810 0.192358 0.414082 0.659079 0.656535 0.541201 0.480444 0.408536 0.160585 0.504389 0.402878 0.759113 0.679754 0.181627 0.305396 0.475697 0.326766 -0.016797 0.138699 0.139209 0.166274 0.577323 0.291764 0.426496 0.480764 0.732285 0.695112 0.446129 0.394068 0.355817 0.368411 0.201585 0.173387 0.325937 0.229429 0.572562 0.616367 0.557643 0.535793 0.608956 0.626125 0.493282 0.587562 0.300091 0.390992 0.339730 0.540964 0.551101 0.422353 0.780401 0.611064 0.683498 0.539174 0.572677 0.531495 0.681902 0.591736 0.555971 0.568109 0.592442 0.560190 0.734645 0.603473 0.597174 0.299467 0.423719 0.583348 0.302923 0.400152 0.517513 0.473659 0.533309 0.403482 0.679788 0.635126 0.332132 0.293158 0.716258 0.522058 0.190131 0.216597 0.607147 0.299392 0.462565 0.606594 0.202529 0.325313 0.343662 0.497614 0.689354 0.541544 0.711624 0.674204 0.592800 0.453604 0.604283 0.399111 0.556770 0.574897 0.113369 0.188740 -0.009561 0.511473 0.647249 0.635766 0.471997 0.666361 0.487633 0.033626
0.782583 0.000000 0.529534 0.474225 0.090982 0.091827 0.537909 0.685379 0.200016 0.411277 0.635965 0.693558 0.531216 0.427614 0.449429 0.224796 0.513189 0.376964 0.716607 0.714128 0.205995 0.354223 0.472966 0.360226 -0.055673 0.182328 0.179331 0.220894 0.584615 0.226827 0.455982 0.484492 0.735398 0.712323 0.446883 0.446464 0.387426 0.421990 0.261854 0.243870 0.352124 0.260353 0.563744 0.626668 0.544441 0.527294 0.587606 0.638318 0.470003 0.579474 0.240160 0.378881 0.264868 0.533743 0.596729 0.485795 0.759942 0.610617 0.678861 0.529416 0.514920 0.551601 0.685911 0.639205 0.502034 0.509106 0.600264 0.595090 0.700135 0.635268 0.596004 0.342966 0.443707 0.569887 0.355848 0.404435 0.539093 0.503496 0.479218 0.425395 0.644098 0.676145 0.377151 0.344517 0.708647 0.589500 0.255310 0.292601 0.550155 0.359843 0.412033 0.615334 0.132887 0.327403 0.360802 0.515805 0.700253 0.575250 0.740775 0.691837 0.573513 0.496747 0.635862 0.438539 0.555496 0.573371 0.078431 0.242405 -0.000728 0.495331 0.631134 0.623439 0.454281 0.665867 0.470879 0.003288
0.520797 0.529534 0.000000 0.763943 -0.035269 -0.093541 0.790179 0.737716 0.304077 0.546122 0.695041 0.408225 0.719200 -0.011983 0.761011 0.597269 0.631561 -0.089704 0.595806 0.705908 0.480188 0.631780 0.752554 0.760373 -0.544441 -0.130845 0.459337 0.601528 0.735048 -0.203236 0.753760 0.762954 0.521273 0.623769 0.701689 0.725312 0.580771 0.567101 0.362461 0.440001 0.491110 0.456090 0.194814 0.451096 0.173103 0.118167 0.231120 0.439633 -0.009984 0.212804 -0.284050 -0.146457 -0.254442 0.057356 0.670804 0.733218 0.388058 0.051213 0.451495 -0.000486 0.098571 0.193816 0.640428 0.310683 0.513160 0.405289 0.700105 0.679692 0.405917 0.707505 0.693541 0.676961 0.612149 0.655475 0.549895 0.553651 0.764886 0.747595 0.249171 0.254873 0.423694 0.630551 0.549887 0.561645 0.641339 0.669336 0.422639 0.609434 0.607876 0.699725 -0.091352 0.423431 -0.389034 0.643592 0.608733 0.607891 0.650240 0.713903 0.639160 0.729484 0.547819 0.635556 0.694622 0.741655 0.237106 0.347031 -0.229719 0.600599 0.005736 0.500440 0.543628 0.220934 -0.037921 0.536448 0.085169 -0.282633
0.426565 0.474225 0.763943 0.000000 0.063589 -0.013210 0.715340 0.723961 0.369442 0.576646 0.621718 0.330587 0.583433 -0.069505 0.734161 0.714822 0.620344 -0.181385 0.495651 0.680947 0.539452 0.699476 0.788096 0.800296 -0.588332 -0.081939 0.542354 0.678963 0.657777 -0.277057 0.756673 0.747344 0.472864 0.582024 0.680360 0.738095 0.592576 0.633561 0.440614 0.537486 0.507868 0.496444 0.077356 0.359398 0.069160 0.023635 0.089817 0.356922 -0.161379 0.083262 -0.423005 -0.233424 -0.401121 -0.065939 0.651730 0.757441 0.279131 -0.003878 0.440819 -0.074221 0.014456 0.218251 0.554481 0.323724 0.467172 0.390751 0.682404 0.672389 0.350006 0.690010 0.673719 0.760287 0.597641 0.605805 0.558916 0.412574 0.747895 0.753755 0.119971 0.211280 0.275138 0.635102 0.578530 0.652879 0.566599 0.740084 0.468795 0.681929 0.512187 0.780682 -0.234289 0.379984 -0.508576 0.710165 0.638087 0.622412 0.599328 0.743192 0.577734 0.682132 0.539633 0.672910 0.695722 0.795361 0.186359 0.315761 -0.278249 0.688755 0.002775 0.507152 0.482714 0.112258 -0.158201 0.458549 -0.025238 -0.320160
0.042036 0.090982 -0.035269 0.063589 0.000000 0.659669 0.044774 0.104777 0.414649 0.357512 -0.181561 0.143528 -0.023243 0.251328 -0.002895 0.129641 -0.201153 -0.120647 0.082535 0.023299 0.031360 0.017931 0.069462 -0.064145 0.323998 0.608231 0.014137 0.034898 -0.145949 0.116892 -0.080156 -0.072241 0.110794 0.079070 0.069190 0.038370 -0.085586 -0.014318 -0.046068 -0.057876 -0.052650 -0.041962 0.225986 0.193818 0.252090 0.235875 0.166559 0.169610 0.192756 0.207529 0.141454 0.219649 0.093460 0.114354 -0.007644 -0.021996 0.080966 0.215937 0.203102 0.159195 0.131594 0.160154 -0.002144 0.190013 0.100015 0.246035 0.064303 0.133481 0.121073 0.049725 -0.018671 -0.068335 -0.240151 0.069684 0.138709 0.073225 -0.039939 -0.075381 0.058127 0.003355 0.105447 0.171994 0.095610 0.027093 0.118729 0.119463 -0.028079 -0.015864 0.037629 -0.035168 0.097867 0.110718 0.112106 0.029091 -0.062139 -0.058203 -0.015443 -0.074395 0.050589 -0.026627 0.106034 -0.069100 -0.002734 -0.080195 0.106282 0.087961 0.182376 0.014562 -0.053346 0.057329 0.065245 0.061070 0.168977 0.030166 0.145209 0.204132
0.080080 0.091827 -0.093541 -0.013210 0.659669 0.000000 -0.031314 0.032888 0.293353 0.312452 -0.149397 0.151109 -0.079941 0.247625 -0.071194 0.034693 -0.162963 -0.000280 0.094812 -0.020330 0.076635 -0.074674 0.039116 -0.127338 0.329751 0.610223 0.117259 0.058893 -0.118301 0.183202 -0.095022 -0.074167 0.119135 0.072425 0.045162 0.014688 -0.184636 -0.129630 -0.165268 -0.197395 -0.070532 -0.094283 0.265060 0.209594 0.299681 0.239638 0.203408 0.178495 0.238231 0.233836 0.200809 0.234665 0.153178 0.153296 -0.076269 -0.064178 0.124635 0.245865 0.219995 0.219882 0.161976 0.193300 -0.006409 0.094329 0.138566 0.270396 0.056600 0.098091 0.155811 0.039626 0.002484 -0.106070 -0.156784 0.068081 0.064629 -0.030505 -0.051476 -0.076545 0.151042 0.099645 0.104545 0.127570 -0.063773 -0.064228 0.035949 0.057781 -0.235892 -0.163594 -0.005998 -0.085690 0.163862 0.126510 0.187930 0.043475 -0.131441 0.005629 -0.005396 -0.086965 0.025930 -0.030817 0.136393 -0.048405 -0.082777 -0.110828 0.033762 0.007049 0.167152 0.000065 0.000314 0.058661 0.072540 0.080389 0.213472 0.047962 0.130760 0.162183
0.533099 0.537909 0.790179 0.715340 0.044774 -0.031314 0.000000 0.746682 0.350457 0.594970 0.641192 0.492038 0.779237 0.100318 0.697302 0.522277 0.521159 -0.133565 0.579182 0.679132 0.408254 0.545218 0.703330 0.689179 -0.442811 -0.053193 0.417978 0.536857 0.668750 -0.150255 0.699472 0.721815 0.548580 0.625207 0.663099 0.671868 0.489287 0.476151 0.271117 0.332777 0.407559 0.380239 0.268940 0.502266 0.269418 0.210607 0.295986 0.476349 0.083512 0.298813 -0.195726 -0.068221 -0.181771 0.087223 0.625510 0.658414 0.428792 0.135582 0.543155 0.095366 0.220711 0.231986 0.635874 0.366850 0.521201 0.477286 0.716385 0.726785 0.449545 0.727467 0.669443 0.604262 0.488533 0.706881 0.538921 0.620279 0.695990 0.654130 0.331726 0.187747 0.510261 0.655790 0.499699 0.454025 0.674608 0.616624 0.319712 0.494478 0.690338 0.604814 -0.009618 0.449262 -0.283627 0.611725 0.532989 0.547069 0.598067 0.622901 0.629525 0.679771 0.626948 0.585080 0.669998 0.660141 0.234347 0.326070 -0.224437 0.528371 0.009504 0.468231 0.531115 0.236684 0.050173 0.529907 0.113380 -0.251640
0.646810 0.685379 0.737716 0.723961 0.104777 0.032888 0.746682 0.000000 0.369664 0.572310 0.692535 0.612195 0.672749 0.242454 0.641819 0.480801 0.599649 0.083304 0.675000 0.750790 0.349739 0.524259 0.698706 0.634240 -0.323167 0.062220 0.349569 0.453639 0.680361 0.014527 0.649780 0.674842 0.677888 0.728983 0.648737 0.656216 0.494949 0.528974 0.315215 0.363453 0.436203 0.380648 0.385734 0.575537 0.387802 0.360395 0.409371 0.571581 0.210306 0.413409 -0.060461 0.111970 -0.039995 0.270476 0.649884 0.644390 0.562435 0.337047 0.647921 0.287818 0.360980 0.469945 0.687145 0.543451 0.582581 0.575438 0.738639 0.749588 0.610970 0.734119 0.685545 0.571483 0.522025 0.668888 0.483896 0.500587 0.679905 0.652538 0.341636 0.338955 0.549339 0.726660 0.521152 0.500682 0.713464 0.701227 0.359026 0.491251 0.635234 0.592604 0.126849 0.528318 -0.176665 0.542080 0.533192 0.592685 0.694505 0.685944 0.712746 0.736865 0.614891 0.612103 0.712693 0.649442 0.416882 0.485661 -0.093851 0.474991 -0.012838 0.553101 0.640426 0.403561 0.169675 0.630834 0.280321 -0.139485
0.192358 0.200016 0.304077 0.369442 0.414649 0.293353 0.350457 0.369664 0.000000 0.580946 0.163966 0.262262 0.276230 0.131863 0.310636 0.368482 0.179707 -0.132452 0.291779 0.284456 0.143609 0.226424 0.398460 0.312547 -0.018029 0.275631 0.224994 0.278988 0.227651 0.054795 0.235815 0.268055 0.267832 0.244546 0.363715 0.296011 0.224157 0.278215 0.118996 0.153288 0.142872 0.101475 0.187711 0.278456 0.167496 0.181092 0.159828 0.265287 0.021140 0.169659 -0.093231 0.054513 -0.108257 0.033639 0.244334 0.276076 0.137504 0.129488 0.377091 0.121590 0.132703 0.163844 0.172789 0.249253 0.296947 0.364190 0.345117 0.352138 0.276559 0.338026 0.204457 0.289185 0.089540 0.307084 0.189168 0.238824 0.271430 0.281698 0.078196 -0.026842 0.132415 0.388936 0.298892 0.262165 0.276600 0.355820 0.181065 0.236367 0.253286 0.295533 -0.074603 0.189380 -0.159196 0.333136 0.247624 0.223148 0.229353 0.227373 0.253986 0.246292 0.261809 0.271222 0.265382 0.273716 0.162481 0.215345 0.068647 0.278769 -0.002608 0.332670 0.234146 0.066414 -0.009218 0.188106 0.118967 -0.008730
0.414082 0.411277 0.546122 0.576646 0.357512 0.312452 0.594970 0.572310 0.580946 0.000000 0.401838 0.362135 0.500181 0.080835 0.555243 0.522126 0.373603 -0.103194 0.471251 0.482395 0.367437 0.439004 0.586558 0.525595 -0.242270 0.215556 0.379511 0.464817 0.471223 -0.048405 0.518798 0.527006 0.388659 0.426417 0.542872 0.536507 0.324106 0.368189 0.126615 0.180730 0.223652 0.259980 0.257796 0.413841 0.250259 0.198255 0.256341 0.421880 0.066904 0.253308 -0.137582 -0.020743 -0.146442 0.068715 0.436996 0.521004 0.332430 0.178723 0.468577 0.115385 0.156661 0.245974 0.450745 0.278240 0.443109 0.473199 0.532271 0.551998 0.353534 0.539433 0.546167 0.505808 0.357843 0.561254 0.363589 0.394945 0.542529 0.517977 0.242260 0.174340 0.370331 0.581978 0.366213 0.358428 0.488490 0.545020 0.145932 0.354110 0.506421 0.499281 -0.022362 0.355487 -0.228054 0.521013 0.416991 0.447374 0.483692 0.482609 0.479387 0.527129 0.502515 0.449784 0.483963 0.514029 0.161628 0.250643 -0.084416 0.472858 0.010911 0.432839 0.458789 0.184644 0.066525 0.405064 0.108868 -0.131249
0.659079 0.635965 0.695041 0.621718 -0.181561 -0.149397 0.641192 0.692535 0.163966 0.401838 0.000000 0.473979 0.641451 0.161057 0.646836 0.387816 0.671712 0.159233 0.631733 0.706677 0.380352 0.540170 0.636426 0.606131 -0.391729 -0.139596 0.325404 0.433570 0.747209 -0.023310 0.642075 0.677802 0.610041 0.678874 0.563423 0.575764 0.564258 0.550561 0.389515 0.405240 0.507623 0.434603 0.300010 0.481781 0.267608 0.234440 0.356279 0.498907 0.158805 0.320281 -0.051311 0.054879 0.001045 0.264171 0.675793 0.635991 0.532849 0.232347 0.507290 0.190103 0.290364 0.336723 0.671018 0.408617 0.484741 0.404486 0.649077 0.587166 0.551492 0.674303 0.684706 0.560369 0.656928 0.584526 0.407010 0.426344 0.707175 0.685177 0.359871 0.348624 0.506279 0.593756 0.476549 0.494045 0.650868 0.604775 0.387633 0.494644 0.602016 0.573455 0.132312 0.491612 -0.164538 0.511226 0.563863 0.611537 0.696440 0.696565 0.680773 0.737732 0.555701 0.637083 0.689060 0.636948 0.403821 0.471248 -0.098558 0.444828 0.038565 0.506016 0.577633 0.412116 0.134765 0.620036 0.241333 -0.193862
0.656535 0.693558 0.408225 0.330587 0.143528 0.151109 0.492038 0.612195 0.262262 0.362135 0.473979 0.000000 0.521688 0.544158 0.293752 0.072776 0.299088 0.326109 0.599961 0.543585 0.077845 0.104393 0.318683 0.202131 0.102762 0.286020 0.086263 0.067253 0.434825 0.351403 0.302948 0.325794 0.641355 0.595229 0.336380 0.294458 0.182543 0.204386 0.042734 0.011806 0.173975 0.053083 0.560235 0.572976 0.580965 0.565344 0.591083 0.553325 0.525796 0.591058 0.319578 0.425106 0.331546 0.510492 0.408291 0.279343 0.656687 0.610807 0.671268 0.603592 0.592126 0.569361 0.576063 0.610592 0.446246 0.545967 0.519712 0.554146 0.639832 0.512291 0.461845 0.160643 0.233033 0.520819 0.245143 0.435438 0.356592 0.307382 0.452180 0.274537 0.583341 0.553558 0.201767 0.110024 0.616043 0.414548 0.076931 0.083968 0.522059 0.169078 0.448718 0.490199 0.228966 0.173579 0.188832 0.308271 0.518950 0.342285 0.594993 0.522101 0.518390 0.314120 0.464708 0.245473 0.447714 0.414919 0.155918 0.079807 0.003426 0.431387 0.493912 0.556187 0.462913 0.564476 0.480094 0.081136
0.541201 0.531216 0.719200 0.583433 -0.023243 -0.079941 0.779237 0.672749 0.276230 0.500181 0.641451 0.521688 0.000000 0.204579 0.660849 0.394821 0.455758 -0.085113 0.561129 0.624143 0.325361 0.461266 0.592140 0.567736 -0.337084 -0.080554 0.328381 0.424916 0.644860 -0.067019 0.582129 0.634411 0.522368 0.581056 0.587304 0.573896 0.512287 0.462429 0.303367 0.319008 0.440850 0.384415 0.301130 0.479317 0.288572 0.241049 0.336428 0.461289 0.167047 0.343169 -0.079253 0.007293 -0.056902 0.187247 0.610036 0.561876 0.458002 0.180839 0.516939 0.164109 0.298993 0.197553 0.626840 0.339302 0.473569 0.424322 0.615665 0.629698 0.457405 0.666054 0.569208 0.447839 0.395822 0.650418 0.523858 0.709935 0.622092 0.561263 0.364290 0.124644 0.569770 0.587198 0.507229 0.393060 0.685600 0.491061 0.338762 0.428900 0.711308 0.487765 0.121230 0.496912 -0.124719 0.543792 0.474776 0.486824 0.568262 0.521155 0.625258 0.639375 0.610850 0.558464 0.625102 0.539841 0.282732 0.341146 -0.118742 0.414458 0.066378 0.426549 0.515908 0.317426 0.138964 0.502245 0.186981 -0.176559
0.480444 0.427614 -0.011983 -0.069505 0.251328 0.247625 0.100318 0.242454 0.131863 0.080835 0.161057 0.544158 0.204579 0.000000 -0.088534 -0.189531 0.000319 0.402688 0.401461 0.222152 -0.167595 -0.124267 0.004643 -0.220496 0.509228 0.342897 -0.196254 -0.300107 0.035429 0.577489 -0.150380 -0.053521 0.460994 0.340693 0.015741 -0.113279 0.002131 0.025452 0.027101 -0.083751 0.092537 -0.054345 0.556636 0.419347 0.621861 0.628529 0.563688 0.423035 0.646391 0.597851 0.594539 0.627783 0.612792 0.584056 0.133007 -0.120960 0.560054 0.667884 0.539403 0.661769 0.668829 0.508403 0.290766 0.522911 0.316079 0.450337 0.190334 0.214083 0.578829 0.196944 0.061998 -0.290603 -0.190247 0.195024 0.081995 0.183623 -0.056207 -0.122313 0.397073 0.096263 0.502559 0.292031 0.084694 -0.054646 0.415012 0.064810 -0.025770 -0.205324 0.318269 -0.238431 0.639607 0.397287 0.607862 -0.084210 -0.105195 0.044944 0.237064 -0.023576 0.317641 0.156599 0.392656 0.022280 0.151045 -0.175461 0.474804 0.378170 0.407012 -0.283613 0.009379 0.259282 0.327057 0.536400 0.565250 0.300200 0.504356 0.366635
0.408536 0.449429 0.761011 0.734161 -0.002895 -0.071194 0.697302 0.641819 0.310636 0.555243 0.646836 0.293752 0.660849 -0.088534 0.000000 0.675491 0.615810 -0.135903 0.461531 0.629426 0.575915 0.709731 0.705821 0.752717 -0.586641 -0.179528 0.506325 0.650669 0.734083 -0.239825 0.714524 0.739027 0.407008 0.537384 0.648132 0.698150 0.646692 0.627530 0.468339 0.527341 0.539281 0.527242 0.098203 0.367709 0.058498 0.020171 0.140074 0.383663 -0.098230 0.120923 -0.348135 -0.211536 -0.324008 -0.005557 0.686674 0.743264 0.284393 -0.053814 0.346967 -0.112162 -0.003292 0.150183 0.589805 0.253973 0.423464 0.301623 0.611221 0.587178 0.306341 0.656716 0.627707 0.683249 0.615397 0.553979 0.570713 0.497452 0.760782 0.752919 0.159944 0.234870 0.335917 0.589572 0.619535 0.619771 0.571303 0.653426 0.505858 0.684604 0.515728 0.717607 -0.142277 0.410902 -0.420753 0.651710 0.664033 0.583234 0.606799 0.689136 0.597854 0.691470 0.499273 0.649669 0.671844 0.727831 0.202542 0.315689 -0.215422 0.635721 0.043108 0.479883 0.474318 0.185493 -0.080130 0.466993 0.040281 -0.287550
0.160585 0.224796 0.597269 0.714822 0.129641 0.034693 0.522277 0.480801 0.368482 0.522126 0.387816 0.072776 0.394821 -0.189531 0.675491 0.000000 0.488287 -0.322137 0.257776 0.482453 0.606368 0.715705 0.672929 0.722250 -0.611964 -0.122281 0.575439 0.706782 0.480815 -0.342742 0.632168 0.611860 0.195249 0.336579 0.550029 0.611407 0.556937 0.594104 0.482789 0.581648 0.478192 0.514850 -0.136394 0.150352 -0.139890 -0.184916 -0.135165 0.173216 -0.345091 -0.125236 -0.574980 -0.406439 -0.564575 -0.280475 0.516414 0.673330 0.024700 -0.222893 0.192810 -0.314298 -0.245428 0.024888 0.340760 0.140442 0.309814 0.168879 0.461065 0.447328 0.085923 0.513593 0.461029 0.674902 0.435027 0.411257 0.557610 0.288682 0.611188 0.641166 -0.046077 0.088091 0.043943 0.484675 0.571067 0.672503 0.360884 0.616378 0.486079 0.706445 0.303437 0.733212 -0.419322 0.217790 -0.591228 0.688172 0.611296 0.497886 0.398772 0.600838 0.365018 0.489003 0.399096 0.564435 0.526478 0.702750 -0.017489 0.121698 -0.312572 0.687612 0.024979 0.396155 0.298514 -0.086629 -0.322267 0.230327 -0.218860 -0.325738
0.504389 0.513189 0.631561 0.620344 -0.201153 -0.162963 0.521159 0.599649 0.179707 0.373603 0.671712 0.299088 0.455758 0.000319 0.615810 0.488287 0.000000 0.242530 0.558332 0.653155 0.427270 0.555530 0.629496 0.617023 -0.479953 -0.222402 0.350992 0.451058 0.718589 0.001507 0.602184 0.653355 0.480322 0.544750 0.560843 0.607638 0.602955 0.605088 0.442789 0.460968 0.538901 0.515245 0.236201 0.442120 0.177432 0.183333 0.290595 0.492469 0.049376 0.211811 -0.154332 -0.015002 -0.105991 0.188382 0.618000 0.657217 0.409275 0.108685 0.365143 0.046414 0.097280 0.247901 0.614696 0.353662 0.445545 0.350010 0.601189 0.544638 0.432399 0.575212 0.561375 0.581906 0.678603 0.481487 0.359722 0.295322 0.674905 0.694506 0.244692 0.432315 0.383803 0.608856 0.541666 0.598574 0.529963 0.655229 0.419421 0.546467 0.413091 0.611346 0.028284 0.409365 -0.277535 0.515979 0.617474 0.668996 0.697454 0.729047 0.623321 0.680173 0.448194 0.627250 0.641489 0.667827 0.350130 0.443834 -0.147485 0.450886 -0.006855 0.535703 0.607221 0.310132 0.052759 0.556404 0.197195 -0.246313
0.402878 0.376964 -0.089704 -0.181385 -0.120647 -0.000280 -0.133565 0.083304 -0.132452 -0.103194 0.159233 0.326109 -0.085113 0.402688 -0.135903 -0.322137 0.242530 0.000000 0.330940 0.169504 -0.165996 -0.210128 -0.144717 -0.258295 0.324569 0.072847 -0.262008 -0.351219 0.165383 0.608976 -0.174749 -0.112360 0.292592 0.190053 -0.134037 -0.152121 -0.067888 -0.056045 -0.101976 -0.197050 -0.025705 -0.105833 0.439379 0.297102 0.431758 0.485645 0.505473 0.371580 0.540937 0.428748 0.568409 0.554024 0.598016 0.567442 0.009704 -0.102354 0.496365 0.549339 0.228400 0.514489 0.456604 0.415112 0.313577 0.412185 0.136134 0.182651 0.051624 0.031939 0.428110 0.009856 0.032140 -0.243628 0.129375 -0.003983 -0.235366 -0.124860 -0.044137 -0.044893 0.315043 0.456714 0.347892 0.178438 -0.092109 -0.126881 0.144700 0.034858 -0.153038 -0.247358 0.019823 -0.241537 0.557550 0.189197 0.472920 -0.289040 -0.081285 0.147624 0.321949 0.071988 0.251207 0.174947 0.041339 -0.049322 0.030761 -0.145742 0.410757 0.331029 0.349130 -0.280018 0.012717 0.229608 0.347985 0.518315 0.518437 0.288647 0.508541 0.285325
0.759113 0.716607 0.595806 0.495651 0.082535 0.094812 0.579182 0.675000 0.291779 0.471251 0.631733 0.599961 0.561129 0.401461 0.461531 0.257776 0.558332 0.330940 0.000000 0.704865 0.232205 0.358622 0.554825 0.403634 -0.082806 0.110823 0.176602 0.229647 0.600461 0.248785 0.464809 0.524099 0.707746 0.670265 0.525347 0.479587 0.398433 0.402126 0.217957 0.210667 0.349882 0.273241 0.566025 0.644353 0.531932 0.511685 0.595398 0.661127 0.436773 0.557391 0.219306 0.340229 0.255141 0.486653 0.561556 0.485245 0.705513 0.505297 0.639604 0.451794 0.483655 0.451283 0.680246 0.540385 0.592196 0.572947 0.615748 0.589489 0.684134 0.598753 0.584200 0.352839 0.433144 0.604913 0.360751 0.444736 0.563803 0.519743 0.502436 0.412735 0.652607 0.664030 0.400792 0.359666 0.698253 0.564351 0.223190 0.279177 0.572471 0.365365 0.373793 0.599194 0.105777 0.392410 0.408381 0.514768 0.695180 0.572663 0.699722 0.677906 0.560813 0.473201 0.604990 0.449919 0.526926 0.573679 0.111014 0.264767 -0.026294 0.548294 0.679358 0.567546 0.417699 0.665210 0.489850 0.034111
0.679754 0.714128 0.705908 0.680947 0.023299 -0.020330 0.679132 0.750790 0.284456 0.482395 0.706677 0.543585 0.624143 0.222152 0.629426 0.482453 0.653155 0.169504 0.704865 0.000000 0.367188 0.567059 0.669259 0.614449 -0.345147 -0.006621 0.399013 0.471071 0.689695 0.015922 0.626817 0.662500 0.662915 0.703730 0.602679 0.631269 0.548040 0.580402 0.415381 0.446787 0.530967 0.453248 0.360377 0.558644 0.343159 0.334191 0.412990 0.579282 0.209027 0.377142 -0.061455 0.115009 -0.022585 0.286545 0.703416 0.681407 0.588681 0.316992 0.589043 0.231408 0.290844 0.356003 0.712782 0.569760 0.521161 0.438081 0.688663 0.673269 0.589844 0.732860 0.654634 0.562900 0.574896 0.686398 0.517308 0.492783 0.696244 0.689182 0.336230 0.335068 0.561507 0.737883 0.577881 0.570867 0.729380 0.695461 0.438473 0.535641 0.616506 0.590258 0.126637 0.530445 -0.169788 0.541620 0.569698 0.639780 0.717678 0.718969 0.724785 0.742354 0.615232 0.617191 0.736717 0.657754 0.430433 0.498263 -0.110245 0.469869 -0.024861 0.588073 0.660411 0.400563 0.186085 0.622831 0.285818 -0.177223
0.181627 0.205995 0.480188 0.539452 0.031360 0.076635 0.408254 0.349739 0.143609 0.367437 0.380352 0.077845 0.325361 -0.167595 0.575915 0.606368 0.427270 -0.165996 0.232205 0.367188 0.000000 0.639878 0.543371 0.571612 -0.529274 -0.156687 0.435130 0.579532 0.493049 -0.179193 0.567109 0.584857 0.195153 0.336635 0.484745 0.519059 0.496328 0.462447 0.343069 0.375635 0.317366 0.494309 -0.057971 0.165347 -0.114489 -0.186719 -0.075384 0.183792 -0.226008 -0.091700 -0.388296 -0.338607 -0.373428 -0.201371 0.420919 0.560911 0.075718 -0.167287 0.135700 -0.293456 -0.108077 0.103397 0.414451 0.109940 0.304886 0.168661 0.402598 0.349236 0.096988 0.390148 0.451231 0.564283 0.477984 0.348475 0.421751 0.192060 0.592213 0.578945 0.114885 0.267138 0.072874 0.406228 0.343778 0.447190 0.296423 0.489000 0.299106 0.535431 0.262024 0.587688 -0.238625 0.226270 -0.409172 0.595117 0.584920 0.361172 0.386650 0.508269 0.315452 0.459368 0.383646 0.490059 0.435362 0.564797 -0.024126 0.090675 -0.271695 0.556185 0.018770 0.342756 0.210577 -0.001433 -0.178937 0.251535 -0.101735 -0.216696
0.305396 0.354223 0.631780 0.699476 0.017931 -0.074674 0.545218 0.524259 0.226424 0.439004 0.540170 0.104393 0.461266 -0.124267 0.709731 0.715705 0.555530 -0.210128 0.358622 0.567059 0.639878 0.000000 0.675611 0.722532 -0.588094 -0.230829 0.463519 0.648880 0.589240 -0.321545 0.675837 0.697822 0.354153 0.489799 0.596903 0.652477 0.683124 0.687391 0.598157 0.669270 0.549142 0.602326 -0.013969 0.258493 -0.055188 -0.093917 -0.017414 0.284245 -0.213961 -0.013461 -0.436165 -0.302083 -0.404778 -0.119714 0.658949 0.730678 0.182380 -0.140171 0.248872 -0.228980 -0.118455 0.102574 0.478046 0.208974 0.357594 0.207352 0.526252 0.487072 0.215738 0.593868 0.550190 0.671636 0.538820 0.436803 0.584347 0.337526 0.704288 0.706064 0.120680 0.208633 0.207130 0.523805 0.629355 0.712585 0.482794 0.642036 0.592370 0.752869 0.390450 0.726162 -0.227330 0.372072 -0.441859 0.678701 0.678055 0.521325 0.512105 0.685643 0.488416 0.591154 0.475076 0.636794 0.649478 0.717971 0.167247 0.308534 -0.278388 0.660437 0.020086 0.410421 0.359045 0.096836 -0.154969 0.370885 -0.070537 -0.270489
0.475697 0.472966 0.752554 0.788096 0.069462 0.039116 0.703330 0.698706 0.398460 0.586558 0.636426 0.318683 0.592140 0.004643 0.705821 0.672929 0.629496 -0.144717 0.554825 0.669259 0.543371 0.675611 0.000000 0.778327 -0.514844 -0.050710 0.515907 0.644577 0.643107 -0.208949 0.740393 0.763488 0.510411 0.612070 0.734699 0.721365 0.589180 0.613978 0.420669 0.498793 0.505167 0.489230 0.166981 0.424336 0.145170 0.074832 0.160619 0.408327 -0.084695 0.146652 -0.336125 -0.169212 -0.312508 -0.002180 0.650447 0.727778 0.325865 0.028950 0.447319 -0.058636 0.049959 0.206971 0.558194 0.307395 0.575227 0.438867 0.690018 0.648441 0.423401 0.698071 0.675480 0.718427 0.573476 0.623437 0.516209 0.397335 0.736714 0.723535 0.220022 0.230911 0.326308 0.651852 0.550187 0.630455 0.598929 0.709139 0.426939 0.625490 0.551154 0.735007 -0.162646 0.417692 -0.423664 0.726757 0.632999 0.629066 0.610749 0.729027 0.577641 0.671701 0.573773 0.651104 0.684059 0.756851 0.220375 0.350731 -0.234707 0.636750 0.018006 0.531004 0.505887 0.147941 -0.093044 0.497102 0.038041 -0.267165
0.326766 0.360226 0.760373 0.800296 -0.064145 -0.127338 0.689179 0.634240 0.312547 0.525595 0.606131 0.202131 0.567736 -0.220496 0.752717 0.722250 0.617023 -0.258295 0.403634 0.614449 0.571612 0.722532 0.778327 0.000000 -0.685083 -0.205113 0.549287 0.711265 0.654604 -0.395567 0.788233 0.772468 0.358481 0.505493 0.681610 0.736493 0.611324 0.624921 0.447576 0.552098 0.508999 0.524008 -0.021913 0.282827 -0.056651 -0.113695 -0.008611 0.276611 -0.269337 -0.030298 -0.515783 -0.362453 -0.491063 -0.175655 0.638748 0.770548 0.161139 -0.173164 0.283236 -0.243165 -0.147995 0.058390 0.488667 0.175058 0.409255 0.269188 0.619111 0.587854 0.219864 0.646340 0.648792 0.791271 0.640578 0.570508 0.522280 0.390245 0.757653 0.766990 0.077163 0.163208 0.192186 0.553036 0.554819 0.649918 0.494559 0.679133 0.484486 0.714128 0.473447 0.796871 -0.339037 0.289003 -0.594209 0.709981 0.658077 0.589104 0.539478 0.727826 0.499654 0.635127 0.464446 0.641540 0.655651 0.802676 0.079817 0.222424 -0.370945 0.704365 0.016619 0.435372 0.390653 0.011314 -0.259602 0.395706 -0.119352 -0.404579
-0.016797 -0.055673 -0.544441 -0.588332 0.323998 0.329751 -0.442811 -0.323167 -0.018029 -0.242270 -0.391729 0.102762 -0.337084 0.509228 -0.586641 -0.611964 -0.479953 0.324569 -0.082806 -0.345147 -0.529274 -0.588094 -0.514844 -0.685083 0.000000 0.503937 -0.449889 -0.625608 -0.485345 0.495973 -0.610179 -0.566202 0.003555 -0.166805 -0.411878 -0.517548 -0.438347 -0.413328 -0.320150 -0.431306 -0.333370 -0.448093 0.361280 0.066976 0.378607 0.403974 0.311518 0.043917 0.514507 0.339284 0.667502 0.588621 0.646644 0.431717 -0.370769 -0.586863 0.152685 0.448802 0.052140 0.486916 0.393655 0.189642 -0.262669 0.076828 -0.113594 0.079574 -0.325842 -0.287120 0.122701 -0.343478 -0.420219 -0.672354 -0.553755 -0.294735 -0.359853 -0.199013 -0.551574 -0.598170 0.140461 -0.118258 0.077983 -0.257423 -0.362383 -0.482206 -0.159278 -0.430831 -0.348836 -0.602640 -0.198904 -0.670629 0.544999 0.021311 0.700488 -0.531003 -0.568844 -0.385439 -0.264465 -0.526073 -0.192937 -0.378791 -0.185006 -0.476571 -0.401026 -0.660842 0.198999 0.035422 0.478919 -0.606803 0.004634 -0.180317 -0.134103 0.258385 0.481257 -0.141636 0.340905 0.490029
0.138699 0.182328 -0.130845 -0.081939 0.608231 0.610223 -0.053193 0.062220 0.275631 0.215556 -0.139596 0.286020 -0.080554 0.342897 -0.179528 -0.122281 -0.222402 0.072847 0.110823 -0.006621 -0.156687 -0.230829 -0.050710 -0.205113 0.503937 0.000000 0.018658 -0.074124 -0.190365 0.214454 -0.107727 -0.147935 0.201035 0.132224 0.000696 -0.041418 -0.226765 -0.125854 -0.223495 -0.250898 -0.150584 -0.201488 0.367690 0.244980 0.388511 0.340859 0.285182 0.194483 0.355590 0.330850 0.329604 0.390119 0.278603 0.318636 -0.089285 -0.131315 0.209586 0.417779 0.262576 0.373406 0.260051 0.270116 -0.051740 0.190699 0.099622 0.274998 0.024639 0.082204 0.217829 0.012551 0.023967 -0.141842 -0.211183 0.080435 -0.053911 -0.010915 -0.126834 -0.154010 0.090867 -0.015066 0.115940 0.114735 -0.153613 -0.166113 0.075285 0.027649 -0.241425 -0.258238 0.015092 -0.165094 0.250659 0.149466 0.256412 -0.085199 -0.285385 -0.035858 0.000689 -0.136791 0.071579 -0.026476 0.078413 -0.139108 -0.075868 -0.189902 0.114644 0.029775 0.203641 -0.130601 0.003987 0.035106 0.063058 0.193809 0.283563 0.024796 0.171907 0.205779
0.139209 0.179331 0.459337 0.542354 0.014137 0.117259 0.417978 0.349569 0.224994 0.379511 0.325404 0.086263 0.328381 -0.196254 0.506325 0.575439 0.350992 -0.262008 0.176602 0.399013 0.435130 0.463519 0.515907 0.549287 -0.449889 0.018658 0.000000 0.725452 0.374921 -0.300853 0.496287 0.465869 0.171537 0.268301 0.464416 0.528285 0.364575 0.412756 0.312084 0.409735 0.433867 0.332372 -0.087765 0.147048 -0.088879 -0.155899 -0.088450 0.116602 -0.278925 -0.083598 -0.459199 -0.328292 -0.453295 -0.208148 0.429071 0.526652 0.066963 -0.165134 0.191910 -0.224464 -0.146285 0.016316 0.232343 0.047358 0.263674 0.143947 0.384790 0.382255 0.079154 0.452668 0.395005 0.548649 0.373350 0.406214 0.443352 0.240341 0.468699 0.503782 -0.103229 -0.086065 0.024060 0.360045 0.366405 0.484496 0.271179 0.426416 0.301095 0.464536 0.289184 0.560410 -0.319446 0.236496 -0.473557 0.587071 0.356310 0.454138 0.288927 0.429511 0.302451 0.407610 0.345065 0.441254 0.381337 0.553323 -0.042681 -0.015140 -0.271329 0.554975 0.052074 0.355562 0.261495 -0.097601 -0.259569 0.124393 -0.258178 -0.329748
0.166274 0.220894 0.601528 0.678963 0.034898 0.058893 0.536857 0.453639 0.278988 0.464817 0.433570 0.067253 0.424916 -0.300107 0.650669 0.706782 0.451058 -0.351219 0.229647 0.471071 0.579532 0.648880 0.644577 0.711265 -0.625608 -0.074124 0.725452 0.000000 0.503069 -0.408134 0.655443 0.614896 0.198770 0.338735 0.560759 0.639379 0.484705 0.513463 0.383918 0.497659 0.454232 0.459504 -0.140889 0.157432 -0.166734 -0.226313 -0.140630 0.136441 -0.362228 -0.132079 -0.580404 -0.438254 -0.572534 -0.280847 0.511748 0.666423 0.040248 -0.243126 0.189234 -0.311647 -0.222242 -0.031252 0.317080 0.068594 0.264888 0.130156 0.455349 0.441181 0.075361 0.535096 0.516082 0.709485 0.492373 0.448075 0.512426 0.313587 0.620121 0.648408 -0.027580 0.058550 0.059596 0.437776 0.466622 0.594990 0.320085 0.548305 0.388172 0.626843 0.339572 0.717997 -0.418778 0.221087 -0.611140 0.682294 0.543290 0.519319 0.359327 0.567489 0.352945 0.496060 0.373344 0.565532 0.487198 0.702007 -0.073372 0.038471 -0.379673 0.692747 0.046140 0.327145 0.281234 -0.128729 -0.339304 0.194199 -0.279740 -0.401629
0.577323 0.584615 0.735048 0.657777 -0.145949 -0.118301 0.668750 0.680361 0.227651 0.471223 0.747209 0.434825 0.644860 0.035429 0.734083 0.480815 0.718589 0.165383 0.600461 0.689695 0.493049 0.589240 0.643107 0.654604 -0.485345 -0.190365 0.374921 0.503069 0.000000 -0.018745 0.669276 0.719867 0.547677 0.626847 0.593269 0.640297 0.587180 0.550693 0.370752 0.394883 0.482026 0.443098 0.252564 0.464955 0.211659 0.185871 0.324121 0.501467 0.101009 0.263959 -0.131236 -0.029769 -0.088270 0.199426 0.660919 0.691990 0.477062 0.146994 0.444297 0.094897 0.204302 0.297408 0.724573 0.386256 0.463798 0.385758 0.663258 0.617094 0.462448 0.666057 0.667243 0.607784 0.706149 0.568558 0.427884 0.464179 0.756542 0.748745 0.341805 0.425424 0.474320 0.619179 0.500591 0.508502 0.594762 0.637884 0.370819 0.539219 0.535536 0.621635 0.071383 0.468426 -0.245047 0.539664 0.622414 0.616180 0.720469 0.711843 0.676595 0.755066 0.513979 0.644179 0.669645 0.678298 0.327251 0.414537 -0.127548 0.531249 0.041946 0.541288 0.587130 0.366758 0.091576 0.577333 0.213269 -0.214704
0.291764 0.226827 -0.203236 -0.277057 0.116892 0.183202 -0.150255 0.014527 0.054795 -0.048405 -0.023310 0.351403 -0.067019 0.577489 -0.239825 -0.342742 0.001507 0.608976 0.248785 0.015922 -0.179193 -0.321545 -0.208949 -0.395567 0.495973 0.214454 -0.300853 -0.408134 -0.018745 0.000000 -0.355769 -0.251051 0.213220 0.071516 -0.155996 -0.277116 -0.176867 -0.189227 -0.199668 -0.317218 -0.158475 -0.221812 0.416834 0.241139 0.424142 0.512861 0.471084 0.284492 0.550178 0.427358 0.611491 0.565205 0.636731 0.482000 -0.139827 -0.327972 0.397203 0.560143 0.279366 0.558946 0.587404 0.434847 0.176928 0.417133 0.157965 0.298329 -0.017499 -0.016606 0.403714 -0.111953 -0.133261 -0.407892 -0.220285 -0.025312 -0.245212 -0.043365 -0.221562 -0.257070 0.333038 0.267792 0.327795 0.109078 -0.120029 -0.266231 0.093999 -0.153752 -0.215997 -0.393468 0.065237 -0.419878 0.587014 0.157241 0.594579 -0.310343 -0.073215 -0.086285 0.106580 -0.177083 0.105857 -0.022863 0.077949 -0.177148 -0.072889 -0.332796 0.377016 0.268087 0.442479 -0.452705 -0.050966 0.223689 0.260861 0.408813 0.512630 0.162263 0.506915 0.430151
0.426496 0.455982 0.753760 0.756673 -0.080156 -0.095022 0.699472 0.649780 0.235815 0.518798 0.642075 0.302948 0.582129 -0.150380 0.714524 0.632168 0.602184 -0.174749 0.464809 0.626817 0.567109 0.675837 0.740393 0.788233 -0.610179 -0.107727 0.496287 0.655443 0.669276 -0.355769 0.000000 0.801527 0.453895 0.589292 0.658462 0.725286 0.570861 0.575554 0.379996 0.464355 0.440589 0.483498 0.085535 0.354797 0.054731 -0.034125 0.081455 0.343066 -0.147690 0.060336 -0.406469 -0.272313 -0.389288 -0.069556 0.628812 0.755601 0.276614 -0.049435 0.352787 -0.132472 -0.063531 0.132591 0.542298 0.216773 0.437110 0.311949 0.650263 0.615049 0.286035 0.678107 0.720228 0.772231 0.666590 0.604612 0.495465 0.404453 0.771522 0.763985 0.200217 0.244128 0.279790 0.580364 0.474286 0.572709 0.540354 0.684730 0.387844 0.635021 0.487188 0.750112 -0.225737 0.350954 -0.498720 0.666402 0.592288 0.587979 0.583650 0.723740 0.552216 0.677496 0.494768 0.614181 0.662610 0.771763 0.092147 0.231194 -0.391750 0.661331 0.018769 0.408715 0.395083 0.133262 -0.143859 0.458157 -0.057720 -0.403994
0.480764 0.484492 0.762954 0.747344 -0.072241 -0.074167 0.721815 0.674842 0.268055 0.527006 0.677802 0.325794 0.634411 -0.053521 0.739027 0.611860 0.653355 -0.112360 0.524099 0.662500 0.584857 0.697822 0.763488 0.772468 -0.566202 -0.147935 0.465869 0.614896 0.719867 -0.251051 0.801527 0.000000 0.515708 0.635638 0.703035 0.744146 0.622306 0.605095 0.421445 0.476313 0.494539 0.524677 0.175852 0.441557 0.133462 0.058825 0.180613 0.436637 -0.055178 0.145941 -0.307326 -0.187601 -0.284929 0.024741 0.673991 0.753238 0.347190 -0.001039 0.409568 -0.080727 0.038341 0.185272 0.618125 0.268613 0.516505 0.402149 0.712670 0.672466 0.376648 0.714215 0.696080 0.723956 0.652128 0.630816 0.521475 0.462218 0.789999 0.767140 0.287744 0.289444 0.379103 0.636219 0.535566 0.591112 0.608203 0.701207 0.409750 0.630137 0.550517 0.720440 -0.104936 0.436698 -0.391420 0.689303 0.637748 0.605715 0.640540 0.732843 0.613803 0.708131 0.564784 0.659469 0.691224 0.750453 0.197907 0.325924 -0.315968 0.625739 0.019117 0.477017 0.479234 0.213520 -0.047865 0.523945 0.051682 -0.329245
0.732285 0.735398 0.521273 0.472864 0.110794 0.119135 0.548580 0.677888 0.267832 0.388659 0.610041 0.641355 0.522368 0.460994 0.407008 0.195249 0.480322 0.292592 0.707746 0.662915 0.195153 0.354153 0.510411 0.358481 0.003555 0.201035 0.171537 0.198770 0.547677 0.213220 0.453895 0.515708 0.000000 0.787633 0.512345 0.462023 0.387667 0.412650 0.267217 0.247704 0.322496 0.203611 0.586261 0.651525 0.573820 0.534111 0.578254 0.639446 0.456510 0.560393 0.256633 0.378049 0.280182 0.512217 0.575497 0.459108 0.723858 0.565818 0.690110 0.499604 0.564758 0.588607 0.651722 0.617808 0.576797 0.596798 0.660159 0.642875 0.732123 0.642633 0.595924 0.334312 0.387927 0.581046 0.354080 0.387238 0.529006 0.472921 0.542621 0.369860 0.625476 0.643010 0.360258 0.322287 0.691350 0.564281 0.238726 0.261838 0.550157 0.334827 0.415308 0.619748 0.163441 0.361136 0.314454 0.487389 0.670166 0.539643 0.702950 0.639430 0.590538 0.459398 0.627049 0.413279 0.577493 0.580795 0.127787 0.253016 0.066068 0.523857 0.586155 0.599867 0.419791 0.633869 0.467919 0.070196
0.695112 0.712323 0.623769 0.582024 0.079070 0.072425 0.625207 0.728983 0.244546 0.426417 0.678874 0.595229 0.581056 0.340693 0.537384 0.336579 0.544750 0.190053 0.670265 0.703730 0.336635 0.489799 0.612070 0.505493 -0.166805 0.132224 0.268301 0.338735 0.626847 0.071516 0.589292 0.635638 0.787633 0.000000 0.599840 0.563845 0.477124 0.492979 0.330907 0.333345 0.388761 0.307870 0.496104 0.625139 0.484394 0.422555 0.486532 0.600906 0.342089 0.483431 0.106122 0.237218 0.124484 0.394151 0.643138 0.578130 0.644122 0.426765 0.631410 0.349029 0.431017 0.544762 0.679745 0.575731 0.590157 0.560390 0.694191 0.675935 0.670096 0.710311 0.664445 0.469474 0.501480 0.624712 0.426174 0.410669 0.638034 0.591236 0.473578 0.373440 0.572349 0.673982 0.421968 0.421012 0.707656 0.634266 0.322131 0.396397 0.577358 0.475920 0.277604 0.572880 -0.003797 0.453521 0.417633 0.544848 0.702390 0.634155 0.714450 0.703578 0.598456 0.525166 0.686981 0.539007 0.498960 0.526254 0.009395 0.383417 0.096178 0.536744 0.565007 0.521834 0.294569 0.654396 0.372407 -0.048947
0.446129 0.446883 0.701689 0.680360 0.069190 0.045162 0.663099 0.648737 0.363715 0.542872 0.563423 0.336380 0.587304 0.015741 0.648132 0.550029 0.560843 -0.134037 0.525347 0.602679 0.484745 0.596903 0.734699 0.681610 -0.411878 0.000696 0.464416 0.560759 0.593269 -0.155996 0.658462 0.703035 0.512345 0.599840 0.000000 0.755731 0.568145 0.569665 0.352847 0.412628 0.461616 0.457652 0.267483 0.481707 0.223228 0.144055 0.230266 0.438950 0.012011 0.213822 -0.222481 -0.117571 -0.202115 0.077832 0.623718 0.654504 0.347669 0.050426 0.413688 -0.023515 0.128702 0.253482 0.538296 0.230560 0.651735 0.540321 0.697685 0.669753 0.418053 0.633690 0.598805 0.605580 0.501445 0.620122 0.491869 0.469480 0.689768 0.656636 0.232210 0.195959 0.370008 0.608033 0.509136 0.537788 0.608920 0.633284 0.396007 0.543955 0.568884 0.631455 -0.028901 0.460324 -0.303635 0.653395 0.564535 0.553802 0.575484 0.632545 0.578016 0.631432 0.543901 0.580892 0.643966 0.647585 0.303346 0.371100 -0.177130 0.519593 0.009343 0.513041 0.512254 0.199554 0.018984 0.511433 0.130753 -0.233581
0.394068 0.446464 0.725312 0.738095 0.038370 0.014688 0.671868 0.656216 0.296011 0.536507 0.575764 0.294458 0.573896 -0.113279 0.698150 0.611407 0.607638 -0.152121 0.479587 0.631269 0.519059 0.652477 0.721365 0.736493 -0.517548 -0.041418 0.528285 0.639379 0.640297 -0.277116 0.725286 0.744146 0.462023 0.563845 0.755731 0.000000 0.592854 0.610410 0.397196 0.479252 0.506191 0.501142 0.186432 0.443418 0.137752 0.062920 0.171669 0.420972 -0.071787 0.136572 -0.329791 -0.197156 -0.311046 0.024342 0.639081 0.738488 0.311771 -0.014828 0.367256 -0.087144 0.017756 0.174487 0.530826 0.189140 0.524819 0.432874 0.686087 0.687006 0.318412 0.659418 0.617249 0.677289 0.581227 0.588089 0.549041 0.464520 0.740130 0.729204 0.173920 0.232159 0.332441 0.602735 0.557867 0.617765 0.562509 0.690765 0.428426 0.631199 0.505212 0.713570 -0.114783 0.448133 -0.411933 0.681750 0.585076 0.617372 0.588284 0.692317 0.585640 0.671145 0.504372 0.636458 0.641804 0.722001 0.226712 0.296606 -0.285128 0.628308 0.002974 0.448128 0.515352 0.162259 -0.044929 0.480541 0.038104 -0.315743
0.355817 0.387426 0.580771 0.592576 -0.085586 -0.184636 0.489287 0.494949 0.224157 0.324106 0.564258 0.182543 0.512287 0.002131 0.646692 0.556937 0.602955 -0.067888 0.398433 0.548040 0.496328 0.683124 0.589180 0.611324 -0.438347 -0.226765 0.364575 0.484705 0.587180 -0.176867 0.570861 0.622306 0.387667 0.477124 0.568145 0.592854 0.000000 0.806600 0.739162 0.733178 0.691512 0.668355 0.108789 0.299584 0.014477 -0.002669 0.091577 0.341600 -0.100571 0.066371 -0.283452 -0.157603 -0.241852 0.047243 0.694018 0.634007 0.251743 -0.054136 0.252414 -0.127946 -0.006490 0.085052 0.477713 0.201688 0.349025 0.232995 0.491165 0.443549 0.273443 0.538792 0.403627 0.520466 0.488126 0.416827 0.549219 0.433580 0.656128 0.638935 0.126786 0.099347 0.260117 0.495570 0.708931 0.708901 0.536236 0.551024 0.715612 0.725993 0.398213 0.606313 -0.058999 0.448250 -0.277019 0.600013 0.626526 0.509407 0.554602 0.613016 0.542961 0.579492 0.410170 0.617517 0.640796 0.604926 0.343935 0.424115 -0.114327 0.485424 0.082788 0.427505 0.393749 0.240470 -0.032603 0.363863 0.099138 -0.183340
