0.000000,0.547378,0.595321,0.565148,0.201537,0.217289,0.528274,0.599800,0.057306,0.307095,0.579961,0.614632,0.490997,0.543206,0.213183,0.403079,0.407492,0.523849,0.618758,0.604821,0.455730,0.490265,0.576556,0.468203,0.325888,0.234435,0.221357,0.223249,0.448698,0.594127,0.553103,0.457937,0.592605,0.562928,0.413627,0.474649,0.407889,0.494920,0.529927,0.453642,0.367905,0.506389,0.543944,0.589703,0.495192,0.567612,0.591203,0.559673,0.514709,0.474834,0.509813,0.580965,0.513127,0.401045,0.599829,0.396761,0.624387,0.572564,0.622474,0.616410,0.616555,0.570762,0.460513,0.600345,0.434268,0.601861,0.568439,0.606259,0.612151,0.561466,0.535983,0.340270,0.278952,0.497345,0.361317,0.289116,0.548563,0.479955,0.554413,0.415191,0.596259,0.591136,0.533796,0.398809,0.567058,0.491432,0.487521,0.432269,0.530360,0.256713,0.409328,0.325851,0.366746,0.289824,0.570358,0.530400,0.597363,0.559862,0.565243,0.593432,0.393402,0.202309,0.502751,0.446848,0.584715,0.437430,0.521502,0.444874,0.417357,0.536740,0.592343,0.564933,0.535243,0.528790,0.515685,0.441173
0.547378,0.000000,0.530577,0.573015,0.467626,0.377387,0.308009,0.589712,0.359752,0.505327,0.534518,0.486620,0.239786,0.585586,0.439370,0.557997,0.579213,0.358820,0.555633,0.610202,0.429966,0.403344,0.450551,0.562632,0.537203,0.477239,0.395455,0.377776,0.601515,0.438199,0.523600,0.555137,0.562125,0.613534,0.461019,0.551757,0.549327,0.371356,0.550402,0.592147,0.531663,0.542244,0.605872,0.587407,0.576444,0.603194,0.598764,0.606896,0.626385,0.597418,0.605093,0.548809,0.396242,0.575195,0.464359,0.572649,0.577580,0.642171,0.516314,0.471431,0.523555,0.498644,0.579419,0.463964,0.508031,0.425100,0.566811,0.508207,0.588557,0.633829,0.319013,0.551035,0.508886,0.488430,0.164077,0.238826,0.511249,0.557970,0.408245,0.589346,0.480205,0.610128,0.373026,0.585898,0.441199,0.597878,0.311632,0.532859,0.321167,0.498222,0.142459,0.547588,0.067849,0.525771,0.548039,0.531216,0.506617,0.544997,0.559807,0.494831,0.093367,0.472184,0.567651,0.574789,0.575224,0.587592,0.420728,0.345974,0.416331,0.536423,0.544084,0.472425,0.406020,0.540314,0.524656,0.457611
0.595321,0.530577,0.000000,0.619583,0.234154,0.247678,0.545597,0.572408,0.105503,0.344494,0.595450,0.559312,0.499111,0.500837,0.304514,0.471017,0.369366,0.453514,0.598338,0.551186,0.563720,0.574678,0.630925,0.554568,0.368802,0.276143,0.274755,0.235549,0.428312,0.557539,0.577728,0.486823,0.595517,0.538730,0.521134,0.509084,0.468041,0.561269,0.580883,0.495265,0.409927,0.502557,0.547268,0.592177,0.525569,0.555490,0.570760,0.541426,0.498777,0.443168,0.453667,0.523644,0.416142,0.381952,0.552448,0.400673,0.568580,0.544060,0.555150,0.549664,0.544814,0.508869,0.404033,0.528174,0.498745,0.580258,0.598108,0.611835,0.596785,0.541456,0.542250,0.371887,0.277883,0.444779,0.384856,0.335000,0.583908,0.536226,0.498464,0.417789,0.507307,0.576391,0.548850,0.450299,0.543482,0.510128,0.536786,0.511886,0.492382,0.289604,0.367072,0.357823,0.347745,0.345749,0.584311,0.568339,0.608684,0.592143,0.586321,0.595351,0.368459,0.245138,0.541907,0.507925,0.582012,0.483257,0.562858,0.532988,0.402260,0.522961,0.597439,0.580748,0.578462,0.551834,0.490364,0.360453
0.565148,0.573015,0.619583,0.000000,0.379674,0.384471,0.466508,0.631168,0.262206,0.473299,0.603823,0.547573,0.405507,0.582697,0.421456,0.579192,0.457531,0.328584,0.592365,0.570365,0.501915,0.539025,0.574552,0.624309,0.480760,0.421290,0.372666,0.339038,0.523224,0.479259,0.590719,0.580191,0.595971,0.599064,0.547322,0.583661,0.542224,0.477850,0.589174,0.578722,0.499522,0.515702,0.602511,0.610118,0.543719,0.566483,0.581402,0.572019,0.562312,0.504765,0.527330,0.529579,0.353197,0.498325,0.480750,0.513111,0.530773,0.569674,0.520993,0.495540,0.524592,0.554891,0.489136,0.509691,0.517893,0.540489,0.592331,0.582166,0.570650,0.567211,0.446534,0.501942,0.417418,0.493051,0.290763,0.303949,0.597885,0.602119,0.413611,0.494890,0.450361,0.587196,0.467370,0.551127,0.469313,0.592021,0.423487,0.580765,0.385727,0.440756,0.232917,0.481235,0.198085,0.478010,0.589105,0.593802,0.572085,0.600215,0.619195,0.568512,0.232393,0.402840,0.601482,0.596890,0.599039,0.559074,0.551639,0.484413,0.397388,0.529712,0.607051,0.538572,0.512897,0.601526,0.571181,0.404657
0.201537,0.467626,0.234154,0.379674,0.000000,0.562668,-0.050725,0.361366,0.612683,0.572448,0.306789,0.159936,-0.118343,0.428544,0.585328,0.527574,0.553327,-0.051988,0.234858,0.327367,0.226644,0.160412,0.127503,0.482182,0.622235,0.643992,0.554300,0.526634,0.567489,0.059680,0.362409,0.537562,0.294950,0.427775,0.392772,0.469315,0.522481,0.097156,0.392944,0.547973,0.558301,0.311266,0.449142,0.342977,0.428321,0.381725,0.332853,0.403507,0.483113,0.483261,0.487519,0.285157,0.049716,0.575252,0.095870,0.584460,0.231524,0.414326,0.161313,0.090920,0.199465,0.247987,0.517586,0.116769,0.413723,0.089542,0.322627,0.193569,0.289057,0.414238,-0.059100,0.604941,0.606357,0.353881,-0.167875,0.059801,0.301271,0.444737,0.029107,0.514748,0.134065,0.371191,0.030655,0.568488,0.092186,0.536220,-0.025179,0.456719,-0.084466,0.630252,-0.282211,0.609925,-0.358227,0.626120,0.323462,0.361688,0.210767,0.332272,0.344943,0.159355,-0.311778,0.636667,0.454989,0.516638,0.329151,0.530841,0.190010,0.078799,0.218977,0.337510,0.274947,0.150348,0.057505,0.388218,0.373443,0.262429
0.217289,0.377387,0.247678,0.384471,0.562668,0.000000,0.087972,0.372090,0.451935,0.513056,0.335640,0.192760,0.016060,0.385804,0.464303,0.456873,0.466980,-0.015084,0.247497,0.308985,0.214936,0.237310,0.194331,0.459658,0.565122,0.575258,0.529994,0.522792,0.487215,0.122592,0.412087,0.523387,0.301224,0.411612,0.387880,0.470096,0.424115,0.099948,0.350245,0.483369,0.465627,0.250364,0.425780,0.327651,0.337930,0.319921,0.302993,0.349021,0.384911,0.376093,0.419088,0.239530,0.080102,0.492448,0.112567,0.508493,0.192275,0.345290,0.178277,0.101297,0.194391,0.290139,0.448696,0.153792,0.366773,0.162886,0.312599,0.240259,0.284573,0.371920,0.049894,0.514279,0.515998,0.419617,-0.131488,0.085743,0.312119,0.392992,0.055143,0.385190,0.146348,0.311836,0.117630,0.463345,0.119377,0.492120,0.084210,0.425009,-0.019902,0.542829,-0.162352,0.510667,-0.234470,0.515400,0.328504,0.355217,0.223045,0.337636,0.358789,0.188460,-0.163238,0.518883,0.405543,0.455813,0.297882,0.447676,0.272677,0.067139,0.228441,0.248909,0.283267,0.172540,0.054589,0.381410,0.360291,0.223251
0.528274,0.308009,0.545597,0.466508,-0.050725,0.087972,0.000000,0.453645,-0.210591,0.075152,0.526366,0.523638,0.644569,0.336893,0.022061,0.221175,0.152080,0.502045,0.510785,0.412160,0.429907,0.509547,0.614923,0.361175,0.093616,-0.011929,0.087926,0.074662,0.211335,0.580117,0.458891,0.263539,0.486843,0.390027,0.373699,0.347993,0.205786,0.479442,0.398401,0.246730,0.148008,0.353994,0.378945,0.458313,0.315302,0.384011,0.431703,0.359211,0.265110,0.214869,0.258062,0.410521,0.431509,0.148604,0.513213,0.150298,0.455519,0.355924,0.524219,0.511114,0.505919,0.455189,0.232652,0.515732,0.359449,0.576318,0.484699,0.570040,0.471919,0.374571,0.625551,0.119993,0.040443,0.396744,0.439953,0.353421,0.469108,0.316811,0.523314,0.185618,0.501869,0.413166,0.561261,0.159313,0.544141,0.297444,0.583507,0.278844,0.553524,0.010966,0.517191,0.085773,0.526040,0.051441,0.447835,0.423955,0.518570,0.438697,0.453321,0.527900,0.546592,-0.046501,0.345018,0.259716,0.447939,0.214087,0.516540,0.455307,0.296301,0.342663,0.485923,0.502132,0.525365,0.383538,0.348973,0.255841
0.599800,0.589712,0.572408,0.631168,0.361366,0.372090,0.453645,0.000000,0.232305,0.474720,0.588865,0.595389,0.394205,0.627926,0.355332,0.554022,0.475034,0.363210,0.600009,0.610706,0.412317,0.477121,0.531416,0.565488,0.454336,0.400490,0.334134,0.331044,0.534057,0.498708,0.554971,0.554280,0.596398,0.628397,0.468346,0.564224,0.485874,0.404104,0.536916,0.552046,0.466724,0.518348,0.611425,0.616380,0.519428,0.572440,0.595264,0.587518,0.576803,0.535816,0.572004,0.580934,0.423839,0.520872,0.510253,0.520763,0.557857,0.594357,0.568836,0.536701,0.581110,0.616303,0.517898,0.567901,0.478241,0.553477,0.570837,0.575145,0.573495,0.580021,0.439388,0.495466,0.429139,0.531157,0.266869,0.296535,0.556121,0.563283,0.436405,0.491116,0.489233,0.588128,0.441268,0.528300,0.467250,0.578362,0.382491,0.541473,0.406774,0.432892,0.270814,0.469894,0.212243,0.447120,0.564864,0.566092,0.554283,0.574901,0.616222,0.575359,0.253469,0.383770,0.572038,0.562509,0.600251,0.528409,0.522162,0.433126,0.419558,0.531289,0.614185,0.541267,0.486343,0.587416,0.593412,0.459312
0.057306,0.359752,0.105503,0.262206,0.612683,0.451935,-0.210591,0.232305,0.000000,0.483576,0.159376,0.031273,-0.278294,0.325073,0.606197,0.463145,0.478855,-0.192547,0.098255,0.196424,0.112194,0.058589,-0.028942,0.384411,0.537487,0.594114,0.465393,0.459811,0.480235,-0.097332,0.203150,0.434972,0.136374,0.291832,0.271223,0.361272,0.470011,-0.012659,0.288098,0.456536,0.511787,0.233190,0.328482,0.217154,0.333087,0.265056,0.204427,0.303968,0.393971,0.404559,0.381789,0.171890,-0.097987,0.504736,-0.046063,0.519751,0.085375,0.289708,0.009649,-0.042617,0.047548,0.114108,0.427198,-0.021551,0.286826,-0.065572,0.165053,0.031788,0.130255,0.264425,-0.218470,0.549446,0.550369,0.206760,-0.229616,-0.030626,0.181481,0.365748,-0.114875,0.444065,-0.017557,0.251045,-0.108134,0.519307,-0.065111,0.432997,-0.181274,0.396615,-0.225448,0.592492,-0.422303,0.548945,-0.474231,0.585889,0.194370,0.241437,0.085702,0.205691,0.236116,0.039905,-0.446757,0.615679,0.383078,0.445420,0.211217,0.462323,0.064580,-0.000701,0.128500,0.254399,0.165144,0.037778,-0.030845,0.299922,0.288329,0.178782
0.307095,0.505327,0.344494,0.473299,0.572448,0.513056,0.075152,0.474720,0.483576,0.000000,0.347037,0.283829,0.014585,0.494360,0.478602,0.584259,0.470941,0.024450,0.352939,0.419767,0.290686,0.266524,0.240042,0.503216,0.600811,0.602913,0.467974,0.438592,0.511692,0.164816,0.400164,0.544696,0.407145,0.501222,0.420387,0.500359,0.479352,0.190818,0.419094,0.561047,0.495405,0.347720,0.515398,0.442369,0.459889,0.442182,0.427772,0.455435,0.521485,0.500148,0.510478,0.375458,0.168857,0.548578,0.233725,0.570905,0.323022,0.478442,0.286190,0.237170,0.306179,0.393245,0.444264,0.264605,0.409274,0.254158,0.405057,0.325414,0.382064,0.466111,0.082458,0.567680,0.534706,0.380711,-0.037201,0.137582,0.385646,0.501049,0.115135,0.474820,0.190620,0.415144,0.133238,0.580331,0.170679,0.544986,0.078970,0.506618,0.074268,0.591641,-0.069711,0.574224,-0.155808,0.575905,0.384688,0.421459,0.292103,0.404518,0.444583,0.307598,-0.104762,0.570200,0.463091,0.560138,0.408460,0.536843,0.290061,0.209369,0.239468,0.380001,0.405068,0.296318,0.203786,0.460203,0.459778,0.330468
0.579961,0.534518,0.595450,0.603823,0.306789,0.335640,0.526366,0.588865,0.159376,0.347037,0.000000,0.557429,0.492946,0.547359,0.338147,0.473729,0.455850,0.431197,0.578546,0.554207,0.485766,0.504948,0.587962,0.562908,0.393674,0.314875,0.325821,0.301543,0.509268,0.538226,0.591790,0.525671,0.581645,0.568800,0.513556,0.538828,0.490191,0.483287,0.548343,0.506173,0.444533,0.505071,0.553229,0.569775,0.496311,0.531472,0.550372,0.538894,0.508754,0.454300,0.496405,0.506485,0.404295,0.441171,0.488581,0.435230,0.549031,0.538068,0.526807,0.490367,0.556260,0.523005,0.492791,0.514084,0.528250,0.548536,0.576519,0.580263,0.569523,0.558469,0.482932,0.426498,0.362248,0.492170,0.283580,0.326649,0.564255,0.519581,0.486876,0.459865,0.516417,0.584583,0.493676,0.447592,0.526220,0.547586,0.480234,0.478795,0.433161,0.347970,0.285416,0.416049,0.254724,0.395637,0.563177,0.557189,0.567978,0.557553,0.563159,0.540333,0.287661,0.311860,0.547665,0.508307,0.571841,0.479526,0.540861,0.431038,0.378771,0.510060,0.560110,0.512046,0.484302,0.532243,0.495643,0.370305
0.614632,0.486620,0.559312,0.547573,0.159936,0.192760,0.523638,0.595389,0.031273,0.283829,0.557429,0.000000,0.492089,0.556692,0.198752,0.407200,0.350317,0.470006,0.578175,0.564920,0.384606,0.462035,0.542509,0.427760,0.255766,0.192098,0.192340,0.168391,0.405084,0.572914,0.509631,0.424453,0.537301,0.517691,0.346942,0.419288,0.371753,0.450861,0.461098,0.407096,0.331007,0.440909,0.516210,0.575856,0.429248,0.506409,0.536278,0.516348,0.458186,0.422790,0.452424,0.564741,0.422399,0.350824,0.528838,0.354899,0.561970,0.512256,0.585012,0.595320,0.592533,0.594103,0.397008,0.609009,0.370892,0.588637,0.489481,0.549165,0.537065,0.487543,0.524774,0.313277,0.238989,0.457594,0.388049,0.348534,0.498067,0.462814,0.483915,0.351327,0.499589,0.526385,0.497778,0.378664,0.472818,0.442712,0.471878,0.439839,0.475995,0.226340,0.394528,0.270556,0.377556,0.256414,0.515345,0.505667,0.560806,0.535353,0.551361,0.572874,0.400155,0.170983,0.469649,0.419601,0.537479,0.385481,0.530714,0.476866,0.400266,0.508331,0.572465,0.548256,0.542794,0.514729,0.490589,0.394764
0.490997,0.239786,0.499111,0.405507,-0.118343,0.016060,0.644569,0.394205,-0.278294,0.014585,0.492946,0.492089,0.000000,0.291324,-0.050731,0.157439,0.084850,0.490774,0.465636,0.360160,0.403051,0.467179,0.585096,0.292885,0.021497,-0.087921,0.023578,0.002501,0.143350,0.552931,0.416033,0.204268,0.448656,0.330001,0.339429,0.286922,0.149925,0.470397,0.343813,0.181677,0.078622,0.302675,0.309692,0.397367,0.257963,0.322311,0.371560,0.296685,0.198724,0.142998,0.187247,0.353660,0.404569,0.068027,0.484814,0.071954,0.421626,0.294109,0.476651,0.482301,0.473137,0.416860,0.160557,0.483571,0.318104,0.560385,0.437235,0.532258,0.429402,0.314624,0.605757,0.040384,-0.034930,0.326251,0.446211,0.323023,0.437452,0.269222,0.505848,0.130605,0.474545,0.371489,0.534172,0.089880,0.522490,0.232464,0.571274,0.215220,0.552934,-0.060689,0.533886,0.016402,0.550621,-0.015261,0.397210,0.373520,0.474316,0.384063,0.383000,0.480820,0.565260,-0.112802,0.271900,0.188233,0.400061,0.142445,0.473543,0.430980,0.244880,0.304779,0.431197,0.460692,0.495813,0.315962,0.298084,0.219460
0.543206,0.585586,0.500837,0.582697,0.428544,0.385804,0.336893,0.627926,0.325073,0.494360,0.547359,0.556692,0.291324,0.000000,0.409200,0.570644,0.522438,0.292178,0.538265,0.579797,0.355659,0.391937,0.447471,0.549487,0.483712,0.449429,0.375884,0.362858,0.575065,0.425441,0.525825,0.563965,0.544183,0.611124,0.437676,0.536907,0.512806,0.328145,0.495656,0.558819,0.504874,0.502066,0.595921,0.579799,0.516662,0.561930,0.551061,0.580333,0.585534,0.566600,0.580383,0.572084,0.338113,0.559429,0.426615,0.551733,0.508732,0.578384,0.510638,0.479065,0.528049,0.572122,0.552101,0.519997,0.457695,0.465356,0.511284,0.488690,0.513137,0.554019,0.326019,0.533660,0.492875,0.503614,0.184159,0.244400,0.506307,0.568046,0.358403,0.541118,0.434619,0.581090,0.340622,0.562569,0.383067,0.587790,0.272640,0.540731,0.291454,0.487128,0.139288,0.505196,0.078909,0.498381,0.513577,0.529435,0.485661,0.522940,0.555750,0.486218,0.117323,0.452136,0.554247,0.550448,0.551872,0.527264,0.437750,0.377239,0.397532,0.538832,0.546341,0.457300,0.410379,0.544998,0.589167,0.441228
0.213183,0.439370,0.304514,0.421456,0.585328,0.464303,0.022061,0.355332,0.606197,0.478602,0.338147,0.198752,-0.050731,0.409200,0.000000,0.546987,0.516946,-0.033130,0.266547,0.308987,0.289895,0.260044,0.191048,0.516708,0.557129,0.577517,0.511384,0.488253,0.542800,0.100327,0.362507,0.515680,0.275340,0.384744,0.406223,0.468044,0.567807,0.192591,0.442915,0.541553,0.573858,0.339317,0.440191,0.369112,0.437348,0.373769,0.334637,0.408292,0.455297,0.440872,0.417307,0.279086,-0.018308,0.514597,0.096584,0.550125,0.214923,0.381862,0.160695,0.118119,0.183338,0.239383,0.486771,0.128390,0.397516,0.116314,0.310490,0.211604,0.268405,0.358260,-0.001954,0.572492,0.535669,0.302773,-0.052674,0.120387,0.340073,0.477466,0.050955,0.498355,0.122493,0.378178,0.110775,0.576065,0.097550,0.524850,0.050589,0.512022,-0.060340,0.574604,-0.274344,0.548440,-0.293754,0.595027,0.352070,0.391946,0.275407,0.357457,0.384155,0.206261,-0.270180,0.583515,0.506634,0.534085,0.350498,0.530243,0.256637,0.187253,0.208466,0.378958,0.321282,0.200751,0.177860,0.433389,0.381485,0.238041
0.403079,0.557997,0.471017,0.579192,0.527574,0.456873,0.221175,0.554022,0.463145,0.584259,0.473729,0.407200,0.157439,0.570644,0.546987,0.000000,0.512114,0.108805,0.452871,0.487565,0.386040,0.397122,0.380345,0.593313,0.566298,0.551509,0.453335,0.418763,0.563876,0.288998,0.467077,0.576027,0.474426,0.550312,0.484734,0.551918,0.587853,0.314073,0.523184,0.619693,0.570031,0.459316,0.564017,0.526451,0.520764,0.501166,0.502994,0.526356,0.555109,0.529071,0.514812,0.449171,0.178897,0.552422,0.304242,0.590069,0.394288,0.530816,0.372251,0.338950,0.390203,0.475995,0.498011,0.351581,0.469030,0.349868,0.479081,0.412226,0.432898,0.500569,0.207131,0.592108,0.529215,0.418971,0.102485,0.251198,0.472812,0.588906,0.231448,0.537560,0.273976,0.501414,0.289323,0.637504,0.268963,0.594960,0.208994,0.620277,0.156354,0.577345,-0.004293,0.570082,-0.054926,0.593887,0.483173,0.512035,0.425923,0.506895,0.537195,0.413459,-0.025856,0.556671,0.559524,0.615248,0.505248,0.580531,0.417707,0.375159,0.342355,0.480497,0.503025,0.397110,0.368423,0.553366,0.532681,0.396876
0.407492,0.579213,0.369366,0.457531,0.553327,0.466980,0.152080,0.475034,0.478855,0.470941,0.455850,0.350317,0.084850,0.522438,0.516946,0.512114,0.000000,0.228112,0.406782,0.494165,0.315859,0.274967,0.292896,0.506460,0.559316,0.536367,0.466169,0.456302,0.642511,0.325554,0.471595,0.551590,0.415286,0.523536,0.402186,0.511034,0.558066,0.229847,0.468862,0.561801,0.561136,0.450850,0.521530,0.460412,0.509436,0.503632,0.467033,0.520054,0.543839,0.551781,0.556546,0.429635,0.224582,0.583687,0.281005,0.589073,0.423723,0.545434,0.354425,0.297502,0.375178,0.375837,0.617397,0.304024,0.460491,0.254108,0.432293,0.345736,0.450500,0.539263,0.131394,0.567877,0.566272,0.463549,-0.023260,0.160631,0.391482,0.468980,0.288202,0.579204,0.376643,0.521984,0.232765,0.562517,0.291851,0.586132,0.156939,0.481218,0.119614,0.560065,-0.086469,0.568750,-0.155206,0.564757,0.443225,0.445102,0.371126,0.429862,0.445134,0.307583,-0.124964,0.543286,0.511506,0.513916,0.450817,0.552226,0.317418,0.164467,0.355849,0.447551,0.401316,0.293186,0.217497,0.461061,0.444869,0.383470
0.523849,0.358820,0.453514,0.328584,-0.051988,-0.015084,0.502045,0.363210,-0.192547,0.024450,0.431197,0.470006,0.490774,0.292178,-0.033130,0.108805,0.228112,0.000000,0.486567,0.454148,0.362633,0.337658,0.483620,0.225869,0.065821,-0.046964,0.014346,-0.010239,0.233959,0.589723,0.398012,0.192594,0.442283,0.347008,0.234555,0.229982,0.166216,0.439125,0.327671,0.195706,0.108796,0.343496,0.320499,0.409742,0.314622,0.388238,0.415770,0.350610,0.295311,0.248958,0.287387,0.406683,0.487766,0.136471,0.517449,0.104630,0.549354,0.389430,0.506054,0.508703,0.488133,0.340569,0.278298,0.499745,0.278839,0.477785,0.417010,0.479670,0.503850,0.417239,0.521530,0.064833,0.040775,0.305911,0.386382,0.277394,0.358378,0.228731,0.558807,0.248237,0.562252,0.449490,0.476607,0.115461,0.537588,0.237900,0.526159,0.147034,0.534270,-0.043342,0.492927,0.066270,0.473838,0.008985,0.397935,0.333990,0.473283,0.388863,0.349754,0.458269,0.473676,-0.076947,0.269718,0.177531,0.400765,0.200135,0.362820,0.324111,0.306836,0.358335,0.389558,0.440021,0.437974,0.274933,0.230924,0.257925
0.618758,0.555633,0.598338,0.592365,0.234858,0.247497,0.510785,0.600009,0.098255,0.352939,0.578546,0.578175,0.465636,0.538265,0.266547,0.452871,0.406782,0.486567,0.000000,0.627343,0.453054,0.477645,0.572768,0.510968,0.352754,0.270600,0.241078,0.237090,0.460859,0.563744,0.554165,0.464255,0.596309,0.562349,0.421412,0.481615,0.426652,0.490629,0.516336,0.477050,0.367038,0.489043,0.548558,0.595712,0.477119,0.529784,0.570417,0.528856,0.513787,0.439230,0.476640,0.525212,0.438166,0.392810,0.524965,0.387341,0.598864,0.559936,0.579009,0.578398,0.548818,0.547762,0.446483,0.593227,0.398445,0.560997,0.551875,0.584134,0.609628,0.569451,0.502977,0.364684,0.311414,0.464267,0.347611,0.312016,0.550248,0.510344,0.513089,0.449493,0.533089,0.587614,0.516148,0.431602,0.508935,0.495721,0.490057,0.460951,0.459776,0.280795,0.358109,0.346029,0.328489,0.319882,0.576655,0.541250,0.580891,0.571994,0.569756,0.575822,0.356081,0.243209,0.513525,0.489673,0.566758,0.451886,0.513957,0.455875,0.405449,0.510709,0.576903,0.535122,0.530303,0.537876,0.513708,0.414825
0.604821,0.610202,0.551186,0.570365,0.327367,0.308985,0.412160,0.610706,0.196424,0.419767,0.554207,0.564920,0.360160,0.579797,0.308987,0.487565,0.494165,0.454148,0.627343,0.000000,0.406747,0.406206,0.498241,0.501665,0.419073,0.348231,0.288890,0.275044,0.523368,0.522832,0.539239,0.499185,0.587697,0.598876,0.397249,0.502110,0.456927,0.411983,0.497154,0.509630,0.422395,0.500059,0.569698,0.587958,0.500006,0.544789,0.577385,0.557974,0.561865,0.505438,0.544759,0.540233,0.439350,0.472165,0.503089,0.457489,0.608766,0.596311,0.561674,0.543448,0.554687,0.548852,0.508338,0.558110,0.418215,0.502079,0.541735,0.540242,0.611471,0.602150,0.412171,0.432392,0.400218,0.484104,0.268549,0.292006,0.519412,0.519659,0.477990,0.508460,0.518624,0.592821,0.439881,0.483747,0.468198,0.523678,0.405239,0.475332,0.407309,0.367926,0.283758,0.426832,0.224019,0.395360,0.561445,0.531879,0.546111,0.558987,0.557620,0.543233,0.252798,0.331851,0.518249,0.508737,0.557933,0.494667,0.466728,0.390283,0.427524,0.524995,0.562867,0.509508,0.461258,0.530413,0.523640,0.454316
0.455730,0.429966,0.563720,0.501915,0.226644,0.214936,0.429907,0.412317,0.112194,0.290686,0.485766,0.384606,0.403051,0.355659,0.289895,0.386040,0.315859,0.362633,0.453054,0.406747,0.000000,0.535729,0.535695,0.480513,0.343600,0.244612,0.294784,0.170239,0.348174,0.446539,0.526491,0.438065,0.521272,0.425350,0.545264,0.445082,0.442806,0.548800,0.544890,0.452609,0.346549,0.445276,0.454414,0.466301,0.491245,0.478889,0.469511,0.438488,0.396155,0.355183,0.346878,0.366815,0.346844,0.313235,0.468907,0.337033,0.453542,0.423045,0.401956,0.387251,0.396491,0.339515,0.319691,0.332217,0.474235,0.448258,0.537723,0.528806,0.523586,0.437429,0.432284,0.322458,0.259789,0.370103,0.313798,0.250545,0.544797,0.483754,0.399059,0.394515,0.433169,0.493250,0.483518,0.386075,0.471310,0.442486,0.462797,0.408653,0.414528,0.258928,0.297384,0.329862,0.262432,0.315344,0.518962,0.542467,0.525280,0.524644,0.461042,0.465330,0.276442,0.229782,0.447467,0.424333,0.472281,0.418516,0.462802,0.439145,0.281255,0.442001,0.476496,0.480022,0.457828,0.411851,0.379091,0.273035
0.490265,0.403344,0.574678,0.539025,0.160412,0.237310,0.509547,0.477121,0.058589,0.266524,0.504948,0.462035,0.467179,0.391937,0.260044,0.397122,0.274967,0.337658,0.477645,0.406206,0.535729,0.000000,0.566292,0.489331,0.321076,0.223829,0.239918,0.216869,0.325858,0.477319,0.506865,0.422739,0.488777,0.441903,0.479961,0.465327,0.404832,0.490173,0.532358,0.424022,0.355432,0.469044,0.456635,0.489792,0.409293,0.460095,0.489676,0.469304,0.373561,0.339634,0.343379,0.412000,0.343211,0.293863,0.480821,0.343657,0.426895,0.418873,0.454991,0.442004,0.446270,0.436733,0.328539,0.410674,0.436466,0.517401,0.516642,0.553224,0.478696,0.410006,0.511577,0.302112,0.190331,0.409601,0.356300,0.249869,0.536664,0.461085,0.402205,0.305460,0.435689,0.466941,0.551006,0.371573,0.487459,0.428185,0.481614,0.469684,0.446657,0.228937,0.323579,0.260821,0.329377,0.261580,0.494011,0.483892,0.512498,0.495315,0.504288,0.506966,0.347478,0.168056,0.469829,0.424335,0.495420,0.390476,0.516215,0.452781,0.299040,0.381872,0.518595,0.503426,0.501270,0.467060,0.422578,0.304734
0.576556,0.450551,0.630925,0.574552,0.127503,0.194331,0.614923,0.531416,-0.028942,0.240042,0.587962,0.542509,0.585096,0.447471,0.191048,0.380345,0.292896,0.483620,0.572768,0.498241,0.535695,0.566292,0.000000,0.508344,0.277070,0.164849,0.211833,0.176041,0.349378,0.579907,0.558670,0.413313,0.584304,0.501345,0.507943,0.470465,0.376297,0.542886,0.520234,0.412041,0.315145,0.469324,0.490599,0.543905,0.450014,0.500681,0.531385,0.479522,0.411737,0.355591,0.380212,0.483728,0.434005,0.296828,0.550614,0.306938,0.534020,0.481861,0.553818,0.536684,0.541117,0.496955,0.352227,0.531628,0.483513,0.596922,0.590955,0.624191,0.561755,0.496044,0.595067,0.279436,0.192396,0.443999,0.403078,0.343557,0.562072,0.467242,0.522850,0.347373,0.529545,0.532501,0.574060,0.339704,0.580618,0.444552,0.571376,0.422533,0.535784,0.184587,0.437196,0.259790,0.425244,0.238102,0.544962,0.519998,0.580994,0.540801,0.534474,0.571276,0.444750,0.136577,0.466672,0.412226,0.548227,0.383377,0.554831,0.503378,0.366095,0.458843,0.556342,0.549322,0.560617,0.480981,0.449704,0.341966
0.468203,0.562632,0.554568,0.624309,0.482182,0.459658,0.361175,0.565488,0.384411,0.503216,0.562908,0.427760,0.292885,0.549487,0.516708,0.593313,0.506460,0.225869,0.510968,0.501665,0.480513,0.489331,0.508344,0.000000,0.555867,0.507772,0.463759,0.437477,0.563293,0.369123,0.559104,0.598795,0.546074,0.585258,0.586513,0.616654,0.572059,0.390280,0.575776,0.606319,0.552358,0.513762,0.590581,0.556662,0.532583,0.538532,0.529410,0.547226,0.553188,0.505715,0.520765,0.459953,0.263557,0.546397,0.373624,0.554164,0.441537,0.542298,0.421548,0.368082,0.427866,0.456755,0.530830,0.400248,0.554054,0.421639,0.567676,0.516635,0.506598,0.543264,0.324732,0.573254,0.501567,0.487304,0.153643,0.225459,0.562251,0.599576,0.301179,0.537224,0.376462,0.557392,0.380856,0.587770,0.397378,0.618622,0.331038,0.579848,0.255322,0.520258,0.070803,0.546113,0.028802,0.551695,0.545756,0.555778,0.491723,0.549265,0.570047,0.468264,0.072091,0.498389,0.609038,0.615124,0.550937,0.577682,0.480315,0.389133,0.350194,0.472938,0.533163,0.441231,0.402934,0.569680,0.540361,0.360868
0.325888,0.537203,0.368802,0.480760,0.622235,0.565122,0.093616,0.454336,0.537487,0.600811,0.393674,0.255766,0.021497,0.483712,0.557129,0.566298,0.559316,0.065821,0.352754,0.419073,0.343600,0.321076,0.277070,0.555867,0.000000,0.638677,0.543765,0.535104,0.580198,0.188385,0.469784,0.590530,0.418522,0.519819,0.482156,0.547314,0.550503,0.210627,0.489578,0.595970,0.573011,0.411078,0.519745,0.432930,0.494529,0.475376,0.439695,0.491487,0.537432,0.527282,0.530501,0.367940,0.168864,0.585941,0.239299,0.608750,0.341705,0.494246,0.285831,0.214707,0.309729,0.345616,0.546390,0.225331,0.486520,0.232149,0.448663,0.343088,0.406115,0.502122,0.100698,0.609524,0.583189,0.437027,-0.057533,0.093432,0.416602,0.513286,0.151994,0.545125,0.264148,0.466443,0.180996,0.598979,0.235450,0.587868,0.106617,0.519878,0.070922,0.610348,-0.140455,0.603391,-0.215057,0.609758,0.422917,0.432073,0.315863,0.414928,0.430165,0.279268,-0.169034,0.594966,0.510158,0.560175,0.431512,0.572108,0.290349,0.166445,0.278425,0.397153,0.380431,0.266216,0.178055,0.457014,0.451520,0.346262
0.234435,0.477239,0.276143,0.421290,0.643992,0.575258,-0.011929,0.400490,0.594114,0.602913,0.314875,0.192098,-0.087921,0.449429,0.577517,0.551509,0.536367,-0.046964,0.270600,0.348231,0.244612,0.223829,0.164849,0.507772,0.638677,0.000000,0.542658,0.540516,0.560934,0.091152,0.391852,0.564249,0.320532,0.451654,0.409406,0.493689,0.518834,0.126598,0.414149,0.560255,0.553135,0.324342,0.472140,0.373927,0.441843,0.406002,0.362556,0.431751,0.496493,0.494331,0.495509,0.312733,0.065735,0.578972,0.137224,0.600970,0.244261,0.436823,0.194571,0.138503,0.216217,0.295311,0.503872,0.157842,0.401589,0.142114,0.341265,0.234391,0.312902,0.423293,-0.015378,0.601486,0.588126,0.378122,-0.135274,0.063054,0.330242,0.471731,0.049652,0.498912,0.151592,0.389909,0.073393,0.588602,0.111171,0.557275,0.001867,0.498106,-0.050251,0.636147,-0.245157,0.602380,-0.316946,0.618192,0.350327,0.379355,0.238698,0.357537,0.383665,0.200235,-0.266889,0.626462,0.475664,0.541067,0.355043,0.549652,0.222001,0.112732,0.233651,0.350119,0.319361,0.189075,0.095251,0.427744,0.415977,0.291405
0.221357,0.395455,0.274755,0.372666,0.554300,0.529994,0.087926,0.334134,0.465393,0.467974,0.325821,0.192340,0.023578,0.375884,0.511384,0.453335,0.466169,0.014346,0.241078,0.288890,0.294784,0.239918,0.211833,0.463759,0.543765,0.542658,0.000000,0.527052,0.502743,0.150264,0.405342,0.484762,0.289117,0.383906,0.418513,0.452681,0.448733,0.160340,0.399563,0.472217,0.481577,0.282397,0.420703,0.346852,0.399062,0.352354,0.300471,0.345616,0.382420,0.387379,0.389736,0.261608,0.036185,0.462761,0.125719,0.489183,0.214362,0.358660,0.191289,0.124700,0.208622,0.241748,0.462216,0.144727,0.402570,0.134029,0.326609,0.239547,0.278246,0.359344,0.069763,0.506161,0.492893,0.388918,-0.064446,0.122524,0.327871,0.399567,0.088692,0.436541,0.174691,0.344411,0.121874,0.471320,0.141660,0.481863,0.113589,0.417435,-0.026271,0.501691,-0.188046,0.478103,-0.227304,0.499444,0.329725,0.374901,0.256647,0.326371,0.336061,0.167085,-0.174438,0.495342,0.418443,0.429785,0.304605,0.432004,0.220059,0.131832,0.189819,0.315614,0.269529,0.155712,0.108424,0.357582,0.339384,0.197342
0.223249,0.377776,0.235549,0.339038,0.526634,0.522792,0.074662,0.331044,0.459811,0.438592,0.301543,0.168391,0.002501,0.362858,0.488253,0.418763,0.456302,-0.010239,0.237090,0.275044,0.170239,0.216869,0.176041,0.437477,0.535104,0.540516,0.527052,0.000000,0.493230,0.104565,0.341849,0.444489,0.248195,0.381775,0.341783,0.438884,0.396971,0.079390,0.363459,0.434029,0.469359,0.268213,0.380266,0.304125,0.337440,0.330297,0.281263,0.343536,0.375337,0.387041,0.398267,0.273299,0.060480,0.467337,0.113910,0.495307,0.184787,0.364374,0.210594,0.143805,0.217199,0.272153,0.487276,0.164913,0.364240,0.135894,0.290239,0.215473,0.244591,0.346058,0.040985,0.489920,0.469078,0.386890,-0.155265,0.039931,0.262413,0.335512,0.086033,0.391075,0.191695,0.328401,0.099623,0.445728,0.132311,0.469781,0.055814,0.397666,-0.040608,0.492219,-0.226350,0.450471,-0.252975,0.465104,0.277326,0.275011,0.202612,0.246856,0.295671,0.127062,-0.193912,0.471861,0.401625,0.403749,0.301933,0.394671,0.184883,0.055153,0.185340,0.295933,0.244287,0.100936,0.057371,0.345994,0.345004,0.257557
0.448698,0.601515,0.428312,0.523224,0.567489,0.487215,0.211335,0.534057,0.480235,0.511692,0.509268,0.405084,0.143350,0.575065,0.542800,0.563876,0.642511,0.233959,0.460859,0.523368,0.348174,0.325858,0.349378,0.563293,0.580198,0.560934,0.502743,0.493230,0.000000,0.350981,0.510773,0.587648,0.462266,0.566603,0.452073,0.556094,0.584595,0.283737,0.518206,0.598573,0.590015,0.478141,0.569805,0.525360,0.541620,0.538619,0.509802,0.555352,0.585627,0.575050,0.586802,0.479736,0.251053,0.608983,0.321398,0.607782,0.454693,0.574584,0.405947,0.350584,0.423028,0.433030,0.631536,0.366317,0.486269,0.318259,0.475502,0.400936,0.479115,0.563603,0.189234,0.596045,0.584349,0.487876,0.034179,0.196667,0.443013,0.526809,0.312031,0.593798,0.395633,0.560431,0.274798,0.596061,0.328222,0.623671,0.206380,0.526813,0.157094,0.574379,-0.052110,0.587240,-0.111734,0.585910,0.487668,0.492642,0.425688,0.479852,0.498634,0.363820,-0.074005,0.557393,0.567437,0.566805,0.504963,0.583556,0.364410,0.244322,0.373019,0.492138,0.452239,0.338050,0.280648,0.515877,0.500986,0.399782
0.594127,0.438199,0.557539,0.479259,0.059680,0.122592,0.580117,0.498708,-0.097332,0.164816,0.538226,0.572914,0.552931,0.425441,0.100327,0.288998,0.325554,0.589723,0.563744,0.522832,0.446539,0.477319,0.579907,0.369123,0.188385,0.091152,0.150264,0.104565,0.350981,0.000000,0.511232,0.335672,0.512083,0.447932,0.352606,0.364700,0.304061,0.503735,0.448219,0.340772,0.245342,0.413985,0.445379,0.526635,0.423220,0.483120,0.514935,0.459321,0.380054,0.348927,0.372035,0.503798,0.469036,0.249811,0.563633,0.259803,0.566276,0.480729,0.580897,0.582750,0.553713,0.485416,0.356451,0.560058,0.367462,0.565979,0.504232,0.564879,0.554107,0.481777,0.579019,0.187734,0.137770,0.428197,0.405517,0.358240,0.459196,0.357795,0.599497,0.317680,0.581681,0.517063,0.570568,0.263408,0.566324,0.381539,0.560977,0.335259,0.541366,0.106901,0.471476,0.175444,0.459623,0.141111,0.505645,0.461697,0.558540,0.490220,0.479682,0.531125,0.467711,0.046097,0.387792,0.309335,0.502746,0.319751,0.499331,0.436639,0.390678,0.437430,0.509193,0.518367,0.525767,0.422073,0.376774,0.354966
0.553103,0.523600,0.577728,0.590719,0.362409,0.412087,0.458891,0.554971,0.203150,0.400164,0.591790,0.509631,0.416033,0.525825,0.362507,0.467077,0.471595,0.398012,0.554165,0.539239,0.526491,0.506865,0.558670,0.559104,0.469784,0.391852,0.405342,0.341849,0.510773,0.511232,0.000000,0.590706,0.583895,0.559952,0.542470,0.535534,0.500179,0.491625,0.560822,0.520919,0.444730,0.449489,0.551021,0.549241,0.511499,0.527458,0.523283,0.524493,0.493903,0.446078,0.479675,0.463539,0.339813,0.438642,0.464288,0.451393,0.530717,0.513605,0.476618,0.455626,0.490012,0.484981,0.493599,0.461329,0.504381,0.519468,0.560825,0.554998,0.576158,0.545398,0.451365,0.432205,0.388408,0.505821,0.272350,0.290458,0.575354,0.542161,0.436810,0.468192,0.493447,0.573694,0.466292,0.464202,0.473658,0.554716,0.452291,0.481206,0.372932,0.374557,0.223496,0.419831,0.188567,0.407450,0.566642,0.567727,0.548818,0.572214,0.526066,0.482570,0.226787,0.334367,0.525008,0.493907,0.530962,0.489262,0.496246,0.384686,0.389915,0.506277,0.516097,0.463542,0.424844,0.510810,0.479685,0.367553
0.457937,0.555137,0.486823,0.580191,0.537562,0.523387,0.263539,0.554280,0.434972,0.544696,0.525671,0.424453,0.204268,0.563965,0.515680,0.576027,0.551590,0.192594,0.464255,0.499185,0.438065,0.422739,0.413313,0.598795,0.590530,0.564249,0.484762,0.444489,0.587648,0.335672,0.590706,0.000000,0.522756,0.577549,0.534841,0.583689,0.580429,0.358991,0.550149,0.602929,0.555697,0.448381,0.579110,0.520352,0.521667,0.518174,0.502008,0.541731,0.553861,0.520076,0.550468,0.432674,0.241269,0.566756,0.347810,0.583536,0.439106,0.521393,0.372498,0.334475,0.414982,0.465147,0.547195,0.356201,0.512099,0.403723,0.505856,0.453985,0.494689,0.524856,0.249379,0.582014,0.538384,0.489436,0.106631,0.211109,0.529074,0.588919,0.271852,0.529670,0.360377,0.536870,0.313303,0.588712,0.326544,0.620724,0.250252,0.555777,0.200900,0.562624,0.015841,0.574006,-0.047869,0.573245,0.520609,0.544200,0.456892,0.540332,0.524972,0.408107,0.000075,0.534084,0.567925,0.589914,0.504378,0.576887,0.428215,0.289643,0.363401,0.490186,0.492751,0.394084,0.309792,0.549236,0.521716,0.385613
0.592605,0.562125,0.595517,0.595971,0.294950,0.301224,0.486843,0.596398,0.136374,0.407145,0.581645,0.537301,0.448656,0.544183,0.275340,0.474426,0.415286,0.442283,0.596309,0.587697,0.521272,0.488777,0.584304,0.546074,0.418522,0.320532,0.289117,0.248195,0.462266,0.512083,0.583895,0.522756,0.000000,0.617183,0.536746,0.538435,0.451518,0.491794,0.544792,0.515273,0.395818,0.517492,0.569988,0.573197,0.518924,0.559566,0.582103,0.547472,0.536333,0.476001,0.518668,0.512525,0.478284,0.444159,0.547859,0.433526,0.589531,0.561192,0.547773,0.513077,0.567862,0.540437,0.456650,0.525723,0.523025,0.569543,0.622547,0.616907,0.614123,0.579574,0.482938,0.429755,0.373983,0.496107,0.297175,0.302164,0.591518,0.554590,0.474036,0.478222,0.534823,0.591758,0.491989,0.456964,0.533085,0.535334,0.455078,0.454254,0.478644,0.345478,0.356797,0.428690,0.281010,0.385296,0.581399,0.566840,0.572846,0.588864,0.565062,0.566037,0.317844,0.310194,0.515888,0.510407,0.584854,0.479821,0.509314,0.426813,0.414848,0.517419,0.578633,0.542375,0.478852,0.518430,0.523992,0.443917
0.562928,0.613534,0.538730,0.599064,0.427775,0.411612,0.390027,0.628397,0.291832,0.501222,0.568800,0.517691,0.330001,0.611124,0.384744,0.550312,0.523536,0.347008,0.562349,0.598876,0.425350,0.441903,0.501345,0.585258,0.519819,0.451654,0.383906,0.381775,0.566603,0.447932,0.559952,0.577549,0.617183,0.000000,0.513320,0.594540,0.502773,0.357949,0.539750,0.574573,0.494895,0.545059,0.609803,0.583262,0.527999,0.578573,0.585025,0.589712,0.590207,0.556232,0.589746,0.540908,0.417701,0.555447,0.478688,0.546295,0.551409,0.601064,0.531002,0.466949,0.556374,0.560240,0.561273,0.502484,0.537645,0.500209,0.597277,0.565460,0.571330,0.601798,0.377484,0.544370,0.499757,0.547302,0.184230,0.250850,0.551302,0.570713,0.403623,0.544924,0.491944,0.595510,0.401003,0.545985,0.459145,0.596745,0.340004,0.521585,0.362006,0.476503,0.199311,0.520204,0.121049,0.490398,0.556316,0.544606,0.511973,0.552261,0.569402,0.514939,0.165534,0.439095,0.559928,0.561832,0.578096,0.537029,0.456381,0.348511,0.412135,0.510772,0.563832,0.480749,0.403710,0.545909,0.567281,0.469928
0.413627,0.461019,0.521134,0.547322,0.392772,0.387880,0.373699,0.468346,0.271223,0.420387,0.513556,0.346942,0.339429,0.437676,0.406223,0.484734,0.402186,0.234555,0.421412,0.397249,0.545264,0.479961,0.507943,0.586513,0.482156,0.409406,0.418513,0.341783,0.452073,0.352606,0.542470,0.534841,0.536746,0.513320,0.000000,0.578256,0.502168,0.440008,0.551433,0.535008,0.443730,0.449351,0.517556,0.478325,0.513135,0.495746,0.463667,0.461796,0.462550,0.418637,0.441384,0.382482,0.288574,0.449541,0.390114,0.453275,0.402374,0.454005,0.365040,0.313660,0.387635,0.371119,0.428033,0.313039,0.578329,0.419651,0.580555,0.524047,0.477118,0.470291,0.340550,0.473027,0.412889,0.429652,0.180243,0.226676,0.558826,0.540550,0.307054,0.467589,0.379505,0.502911,0.380275,0.478248,0.428631,0.546500,0.355606,0.465109,0.309849,0.424160,0.141979,0.475017,0.084813,0.464179,0.516083,0.534813,0.464519,0.512244,0.480026,0.411801,0.125619,0.403435,0.512120,0.511012,0.500361,0.500173,0.443673,0.347458,0.298837,0.417559,0.470031,0.407607,0.351364,0.470104,0.459524,0.317124
0.474649,0.551757,0.509084,0.583661,0.469315,0.470096,0.347993,0.564224,0.361272,0.500359,0.538828,0.419288,0.286922,0.536907,0.468044,0.551918,0.511034,0.229982,0.481615,0.502110,0.445082,0.465327,0.470465,0.616654,0.547314,0.493689,0.452681,0.438884,0.556094,0.364700,0.535534,0.583689,0.538435,0.594540,0.578256,0.000000,0.529006,0.343291,0.563171,0.585213,0.524803,0.495862,0.592474,0.545950,0.510822,0.529759,0.529634,0.549635,0.537649,0.495749,0.540265,0.454408,0.326274,0.553685,0.400701,0.557977,0.441045,0.532388,0.429122,0.359394,0.454417,0.479394,0.537568,0.388091,0.553697,0.432061,0.570671,0.532147,0.504353,0.532478,0.306697,0.552435,0.490658,0.502231,0.137919,0.226707,0.547383,0.560009,0.312423,0.508561,0.401362,0.534394,0.363880,0.551038,0.408982,0.603394,0.308976,0.530359,0.289268,0.515432,0.100065,0.539204,0.038510,0.526144,0.529235,0.540036,0.474249,0.518661,0.553070,0.453193,0.091125,0.479129,0.577619,0.574649,0.538624,0.553298,0.459082,0.308406,0.344870,0.453931,0.536981,0.438016,0.355160,0.545432,0.546198,0.378135
0.407889,0.549327,0.468041,0.542224,0.522481,0.424115,0.205786,0.485874,0.470011,0.479352,0.490191,0.371753,0.149925,0.512806,0.567807,0.587853,0.558066,0.166216,0.426652,0.456927,0.442806,0.404832,0.376297,0.572059,0.550503,0.518834,0.448733,0.396971,0.584595,0.304061,0.500179,0.580429,0.451518,0.502773,0.502168,0.529006,0.000000,0.400909,0.569867,0.616213,0.613900,0.483435,0.526014,0.497100,0.544573,0.515123,0.497882,0.535644,0.550353,0.529111,0.508067,0.421322,0.180657,0.536763,0.307986,0.564926,0.418758,0.518638,0.341649,0.323639,0.366211,0.388282,0.530632,0.296701,0.484650,0.326341,0.478723,0.396024,0.441409,0.499141,0.201436,0.565674,0.521152,0.394798,0.116926,0.216647,0.485255,0.576962,0.273821,0.546650,0.324193,0.524657,0.332525,0.608733,0.316053,0.591790,0.242679,0.581342,0.164027,0.540590,-0.038953,0.560739,-0.076523,0.591912,0.505486,0.512266,0.461534,0.522296,0.497567,0.382650,-0.060225,0.537198,0.575601,0.591296,0.508551,0.600288,0.417754,0.347675,0.368770,0.502953,0.455633,0.370922,0.354417,0.534161,0.481201,0.367375
0.494920,0.371356,0.561269,0.477850,0.097156,0.099948,0.479442,0.404104,-0.012659,0.190818,0.483287,0.450861,0.470397,0.328145,0.192591,0.314073,0.229847,0.439125,0.490629,0.411983,0.548800,0.490173,0.542886,0.390280,0.210627,0.126598,0.160340,0.079390,0.283737,0.503735,0.491625,0.358991,0.491794,0.357949,0.440008,0.343291,0.400909,0.000000,0.501962,0.371184,0.282377,0.370088,0.392096,0.467694,0.449241,0.443819,0.467565,0.414350,0.370221,0.307822,0.312393,0.397360,0.365925,0.213719,0.501613,0.236404,0.493890,0.407507,0.445585,0.498980,0.430989,0.380973,0.249597,0.426380,0.372365,0.523565,0.480533,0.513035,0.506071,0.405442,0.490493,0.188475,0.123929,0.278524,0.406302,0.333541,0.499968,0.423642,0.477665,0.280547,0.450743,0.467829,0.535605,0.292205,0.494589,0.375709,0.541892,0.355133,0.475623,0.132480,0.395971,0.216439,0.392063,0.209428,0.503458,0.482436,0.574830,0.531982,0.453885,0.497263,0.394519,0.105520,0.416368,0.374594,0.486147,0.368009,0.504170,0.496186,0.341109,0.478619,0.473720,0.496259,0.526473,0.440264,0.344104,0.279566
