0.000000,0.659902,0.509550,0.458352,0.414363,0.431327,0.497460,0.498485,0.445684,0.349076,0.600464,0.637264,0.613946,0.572869,0.490799,0.479082,0.400273,0.420431,0.642417,0.628254,0.389625,0.383222,0.553613,0.470106,0.345627,0.234415,0.329432,0.400622,0.400222,0.415877,0.441866,0.500302,0.612966,0.580092,0.501191,0.490582,0.439036,0.400710,0.298733,0.311751,0.329416,0.340378,0.272940,0.323415,0.469370,0.347131,0.311763,0.279566,0.269250,0.306754,0.044592,0.009620,-0.050009,-0.084569,0.449850,0.491344,0.598465,0.606155,0.577739,0.608101,0.490382,0.517122,0.605329,0.579503,0.476060,0.504637,0.568059,0.556669,0.604843,0.611866,0.582419,0.493075,0.431542,0.463271,0.376519,0.368982,0.556560,0.522836,0.257355,0.487045,0.398294,0.593002,0.510250,0.432321,0.450762,0.563298,0.473660,0.360386,0.203719,0.421858,0.148424,0.301554,0.314019,0.235232,0.256882,0.302270,0.443375,0.474060,0.495640,0.488841,0.302768,0.228158,0.262919,0.312430,0.298490,0.272519,0.125536,0.179275,0.153777,0.382542,0.471890,0.521094,0.492626,0.200201,0.088434,0.253291
0.659902,0.000000,0.456254,0.450204,0.386041,0.416950,0.441427,0.494530,0.409164,0.303045,0.554343,0.628752,0.587376,0.574980,0.486499,0.447575,0.409071,0.373698,0.649542,0.623240,0.367274,0.349483,0.542738,0.440562,0.342751,0.230500,0.370560,0.424527,0.396583,0.368131,0.430681,0.466967,0.615771,0.579839,0.481849,0.490015,0.395796,0.362102,0.232874,0.272303,0.274146,0.302036,0.301917,0.350508,0.480511,0.386616,0.331526,0.311958,0.283937,0.326161,0.054462,0.046966,-0.037001,-0.025952,0.399271,0.475979,0.623279,0.649035,0.540806,0.610492,0.480748,0.538063,0.608633,0.552186,0.443555,0.467440,0.545558,0.543569,0.609897,0.619877,0.546351,0.487673,0.437303,0.450299,0.321288,0.325676,0.516020,0.520749,0.211064,0.509361,0.394850,0.596973,0.482255,0.428900,0.426589,0.590836,0.415448,0.339210,0.166983,0.463645,0.106921,0.321089,0.277577,0.232390,0.214228,0.252333,0.368098,0.434590,0.452492,0.437749,0.235266,0.218053,0.206922,0.276014,0.238516,0.257947,0.076499,0.142653,0.103867,0.331460,0.419529,0.471167,0.435247,0.237203,0.127222,0.211603
0.509550,0.456254,0.000000,0.628110,0.536603,0.514687,0.687383,0.634688,0.583499,0.531532,0.530869,0.524931,0.557197,0.411292,0.575147,0.566445,0.412741,0.450282,0.475061,0.606565,0.553249,0.548875,0.586653,0.667916,0.430771,0.330643,0.318676,0.249540,0.404143,0.478547,0.600905,0.602131,0.387628,0.405315,0.485694,0.445009,0.561804,0.568563,0.466881,0.350910,0.341873,0.196309,-0.132301,-0.039196,0.221362,-0.054206,-0.040198,-0.115027,-0.096668,-0.106473,-0.327468,-0.395662,-0.403320,-0.496402,0.244192,0.269325,0.286932,0.342538,0.371318,0.405144,0.173658,0.281102,0.466773,0.512109,0.470230,0.547453,0.562746,0.543778,0.430539,0.422774,0.570796,0.611381,0.289286,0.284268,0.389525,0.350075,0.526337,0.544189,0.052590,0.454741,0.072911,0.461826,0.499490,0.533626,0.110627,0.477122,0.525381,0.559191,-0.112326,0.203884,0.120867,0.050341,0.421072,0.252952,0.516033,0.537390,0.554809,0.538502,0.593000,0.626170,0.527785,0.333913,0.588780,0.570382,0.506166,0.470655,0.459865,0.507701,0.477898,0.576017,0.474055,0.583569,0.549832,-0.186755,-0.243438,0.508076
0.458352,0.450204,0.628110,0.000000,0.580355,0.548974,0.640251,0.687345,0.624125,0.512719,0.434285,0.465577,0.498782,0.328033,0.607083,0.596356,0.501160,0.308109,0.439264,0.595340,0.580260,0.575150,0.629445,0.656864,0.383507,0.272582,0.373100,0.344020,0.425308,0.391158,0.645662,0.586273,0.374824,0.362635,0.525320,0.429400,0.563898,0.578277,0.440657,0.449813,0.379845,0.213506,-0.184455,-0.113114,0.150363,-0.109292,-0.145906,-0.186041,-0.194664,-0.162708,-0.438300,-0.433838,-0.510309,-0.473326,0.090023,0.261779,0.236837,0.295187,0.266134,0.343518,0.080778,0.260958,0.477838,0.402386,0.433970,0.463270,0.534621,0.513677,0.398960,0.379527,0.524466,0.629601,0.391781,0.251178,0.396128,0.391327,0.475103,0.585524,-0.103643,0.455274,-0.054239,0.428757,0.501834,0.616887,0.024314,0.494447,0.543553,0.646728,-0.272725,0.329862,-0.062875,0.163611,0.320689,0.417204,0.583121,0.548155,0.497235,0.540605,0.554572,0.559078,0.396477,0.507358,0.574443,0.606734,0.425847,0.536855,0.482245,0.552690,0.536122,0.558731,0.381861,0.513461,0.478603,-0.230599,-0.252632,0.542622
0.414363,0.386041,0.536603,0.580355,0.000000,0.589694,0.543674,0.577405,0.626086,0.504373,0.361291,0.398000,0.416281,0.274186,0.550261,0.564234,0.372725,0.202965,0.378193,0.506253,0.508227,0.502151,0.525240,0.559403,0.461697,0.350200,0.459042,0.417013,0.339749,0.262725,0.543339,0.504759,0.334869,0.322986,0.507588,0.384685,0.477720,0.468740,0.400881,0.417113,0.357842,0.216945,-0.139098,-0.101770,0.161212,-0.091237,-0.121257,-0.157652,-0.123615,-0.080962,-0.348156,-0.348177,-0.427099,-0.387172,0.129695,0.266011,0.209158,0.248944,0.256219,0.293290,0.081097,0.207256,0.419886,0.343176,0.393571,0.395646,0.500996,0.473945,0.350541,0.362688,0.450343,0.561503,0.391427,0.224750,0.393181,0.356651,0.434502,0.511674,-0.112594,0.353728,-0.052604,0.368454,0.444097,0.556837,0.083354,0.435963,0.536108,0.575154,-0.201489,0.345440,-0.043831,0.214926,0.287534,0.430151,0.528539,0.460262,0.402301,0.458458,0.485370,0.467601,0.343433,0.509983,0.517158,0.544941,0.377896,0.470291,0.420846,0.498685,0.481026,0.473816,0.331160,0.414511,0.432288,-0.187728,-0.205601,0.477862
0.431327,0.416950,0.514687,0.548974,0.589694,0.000000,0.514804,0.546706,0.580838,0.561583,0.384859,0.411462,0.438058,0.343182,0.475863,0.585711,0.409565,0.213516,0.407289,0.501418,0.488249,0.463397,0.510958,0.544799,0.474460,0.380408,0.485681,0.357667,0.376237,0.260291,0.517961,0.479638,0.355744,0.345420,0.479155,0.417705,0.438008,0.453397,0.293439,0.333003,0.310746,0.125146,-0.040897,0.017793,0.272653,0.036647,0.016028,-0.010292,0.011876,0.033635,-0.232649,-0.236265,-0.334957,-0.301696,0.159840,0.281343,0.264124,0.303643,0.318108,0.348165,0.145245,0.273441,0.436816,0.368254,0.386394,0.414551,0.497807,0.497081,0.376687,0.360321,0.463922,0.554859,0.428170,0.274717,0.416421,0.348455,0.440691,0.509094,-0.076284,0.366500,0.014696,0.380783,0.426933,0.491233,0.153395,0.483421,0.504961,0.516121,-0.133535,0.350933,-0.056632,0.197087,0.243965,0.351584,0.428662,0.393367,0.403070,0.483604,0.484987,0.460427,0.269235,0.450733,0.434592,0.475393,0.350655,0.430306,0.298256,0.377550,0.378366,0.464807,0.364609,0.429627,0.412968,-0.071293,-0.114631,0.376744
0.497460,0.441427,0.687383,0.640251,0.543674,0.514804,0.000000,0.648629,0.599396,0.540579,0.525691,0.521413,0.559862,0.408414,0.588609,0.575771,0.429195,0.439765,0.466377,0.598217,0.560137,0.547798,0.607176,0.671744,0.413307,0.309916,0.312290,0.262612,0.410035,0.477748,0.619308,0.608041,0.390857,0.407705,0.505494,0.455818,0.573301,0.576747,0.479933,0.381742,0.368876,0.226570,-0.140889,-0.053126,0.189162,-0.070863,-0.062872,-0.131922,-0.127435,-0.125103,-0.346470,-0.405533,-0.415688,-0.497137,0.231900,0.279916,0.264209,0.318642,0.345573,0.387277,0.172993,0.280286,0.470205,0.499402,0.491888,0.554517,0.566057,0.543241,0.414103,0.397871,0.581766,0.611557,0.314368,0.298827,0.412347,0.372928,0.531018,0.557811,0.034632,0.446863,0.059796,0.457171,0.508462,0.540770,0.110118,0.474198,0.533014,0.575293,-0.119429,0.225120,0.107661,0.088357,0.418385,0.284879,0.535484,0.541305,0.557269,0.537352,0.600358,0.626383,0.522807,0.363179,0.592423,0.580134,0.495412,0.475054,0.474260,0.518722,0.495906,0.578111,0.472439,0.578585,0.549374,-0.199861,-0.254056,0.517567
0.498485,0.494530,0.634688,0.687345,0.577405,0.546706,0.648629,0.000000,0.623181,0.513129,0.478148,0.519656,0.544430,0.395666,0.619768,0.605032,0.499979,0.333933,0.484730,0.621579,0.571344,0.557127,0.644343,0.663065,0.381336,0.266451,0.382613,0.368769,0.441245,0.408057,0.650149,0.607121,0.429911,0.426796,0.552519,0.476268,0.578298,0.574520,0.460466,0.455674,0.396916,0.257721,-0.121647,-0.057500,0.177194,-0.054144,-0.085224,-0.130521,-0.153193,-0.117918,-0.387752,-0.393003,-0.455085,-0.435309,0.164928,0.318353,0.283691,0.346080,0.304821,0.383249,0.150137,0.320116,0.522243,0.457768,0.467784,0.506520,0.559465,0.542260,0.437142,0.419577,0.557640,0.638273,0.416759,0.306900,0.418019,0.403518,0.520801,0.611651,-0.058443,0.470618,0.013570,0.475492,0.530249,0.610195,0.091358,0.529014,0.555019,0.627437,-0.196891,0.366498,0.003439,0.200998,0.373081,0.410605,0.565299,0.537709,0.511400,0.543335,0.583544,0.582796,0.426377,0.479433,0.559909,0.596321,0.429252,0.514679,0.465006,0.527843,0.508102,0.556944,0.419508,0.540956,0.504887,-0.176927,-0.224965,0.520670
0.445684,0.409164,0.583499,0.624125,0.626086,0.580838,0.599396,0.623181,0.000000,0.561673,0.432642,0.447284,0.494396,0.342504,0.583014,0.601128,0.468600,0.286776,0.412879,0.544263,0.551760,0.535284,0.596501,0.622616,0.394276,0.328813,0.369330,0.370621,0.397894,0.356918,0.599440,0.597409,0.387211,0.377430,0.541640,0.420404,0.530954,0.534678,0.433377,0.450677,0.416163,0.232969,-0.122553,-0.070665,0.179387,-0.066622,-0.107758,-0.140043,-0.130083,-0.094024,-0.355537,-0.359181,-0.431991,-0.403129,0.154822,0.287512,0.235242,0.280184,0.291882,0.334863,0.120777,0.255340,0.480436,0.404987,0.464574,0.461833,0.539446,0.511060,0.357570,0.363151,0.519346,0.612307,0.424027,0.267927,0.430883,0.419109,0.485975,0.558452,-0.071287,0.398925,-0.021947,0.427359,0.477078,0.571640,0.112887,0.484444,0.557495,0.608683,-0.179903,0.356925,-0.006046,0.221317,0.333762,0.419998,0.542217,0.487372,0.476891,0.509308,0.541133,0.541199,0.391984,0.509658,0.541814,0.568517,0.406718,0.502540,0.438629,0.499520,0.504680,0.520465,0.391624,0.493209,0.482816,-0.169374,-0.187485,0.490658
0.349076,0.303045,0.531532,0.512719,0.504373,0.561583,0.540579,0.513129,0.561673,0.000000,0.418430,0.385308,0.436339,0.383468,0.485657,0.591622,0.386876,0.316111,0.335209,0.434469,0.511358,0.458363,0.488699,0.562204,0.413775,0.380597,0.329409,0.196496,0.370990,0.357311,0.505699,0.524578,0.288839,0.302045,0.449402,0.386861,0.476959,0.496420,0.375990,0.341588,0.341180,0.112857,-0.080640,-0.009588,0.183651,-0.031835,-0.018490,-0.062435,-0.029868,-0.048500,-0.217388,-0.250916,-0.299153,-0.344337,0.202727,0.240486,0.175316,0.218094,0.309359,0.307310,0.150636,0.258796,0.396860,0.376575,0.416970,0.473253,0.464209,0.457889,0.256843,0.222090,0.467749,0.548449,0.359894,0.280503,0.436928,0.426269,0.440636,0.467910,-0.024551,0.357549,0.015616,0.338893,0.426230,0.445563,0.138176,0.428242,0.448770,0.475066,-0.099992,0.240962,0.124816,0.182855,0.362171,0.297479,0.441061,0.448851,0.478527,0.497348,0.536710,0.529041,0.369672,0.371073,0.472035,0.448473,0.441622,0.467935,0.365996,0.410098,0.416726,0.485164,0.394550,0.481249,0.463566,-0.081924,-0.125888,0.416245
0.600464,0.554343,0.530869,0.434285,0.361291,0.384859,0.525691,0.478148,0.432642,0.418430,0.000000,0.629461,0.633446,0.605000,0.489435,0.476551,0.395651,0.488207,0.556297,0.554740,0.372362,0.349872,0.542060,0.484653,0.360874,0.269395,0.277086,0.262563,0.436511,0.501522,0.464339,0.542090,0.537634,0.535778,0.427429,0.435727,0.449142,0.416318,0.344921,0.288468,0.341510,0.246863,0.207755,0.276597,0.346251,0.252151,0.257806,0.208906,0.197614,0.201082,0.031927,-0.031970,-0.042057,-0.147987,0.434005,0.379758,0.484960,0.509954,0.531657,0.554215,0.471703,0.470733,0.547001,0.581814,0.483471,0.534216,0.497270,0.480456,0.465970,0.472760,0.604457,0.474273,0.294153,0.403913,0.399742,0.339358,0.538861,0.476653,0.321916,0.458546,0.390118,0.522177,0.499700,0.368691,0.381232,0.467394,0.434428,0.310715,0.215966,0.268174,0.276155,0.211712,0.397760,0.134597,0.246356,0.337222,0.489947,0.456868,0.506756,0.533392,0.402184,0.140581,0.290627,0.299065,0.351525,0.294074,0.162086,0.186551,0.177037,0.398326,0.484668,0.546894,0.516101,0.172029,0.073464,0.270271
0.637264,0.628752,0.524931,0.465577,0.398000,0.411462,0.521413,0.519656,0.447284,0.385308,0.629461,0.000000,0.613079,0.620534,0.530646,0.472045,0.424286,0.490252,0.623796,0.616665,0.389486,0.377480,0.568546,0.501886,0.349230,0.251215,0.311104,0.354028,0.425716,0.484133,0.473419,0.541321,0.592347,0.594041,0.488045,0.518014,0.468297,0.425934,0.346383,0.301830,0.330055,0.357515,0.254004,0.307077,0.398480,0.303998,0.298380,0.253666,0.216628,0.249710,0.026608,-0.025481,-0.048132,-0.119164,0.474060,0.479005,0.541914,0.573577,0.540057,0.579859,0.484272,0.503820,0.621756,0.627373,0.475413,0.555030,0.549065,0.556038,0.557999,0.570862,0.614649,0.504746,0.389728,0.502511,0.396547,0.369935,0.579074,0.536255,0.281800,0.496650,0.411034,0.611299,0.523612,0.423828,0.415995,0.556727,0.430205,0.344795,0.213655,0.391169,0.247664,0.271552,0.396567,0.163562,0.264688,0.320672,0.460118,0.467207,0.531734,0.530495,0.388831,0.164030,0.286319,0.327673,0.312277,0.257338,0.154435,0.197826,0.170960,0.402563,0.516903,0.552323,0.532597,0.196323,0.066518,0.258244
0.613946,0.587376,0.557197,0.498782,0.416281,0.438058,0.559862,0.544430,0.494396,0.436339,0.633446,0.613079,0.000000,0.597942,0.528423,0.527047,0.438773,0.422479,0.601309,0.605955,0.430252,0.397852,0.587574,0.546395,0.350209,0.244318,0.319447,0.333072,0.457983,0.446196,0.511048,0.559462,0.553329,0.555663,0.509685,0.496781,0.509231,0.460590,0.364629,0.340472,0.365092,0.298281,0.185157,0.256620,0.343526,0.234591,0.235591,0.187169,0.146869,0.163072,-0.036512,-0.082356,-0.111462,-0.173348,0.409724,0.433412,0.494575,0.510495,0.480199,0.517892,0.418938,0.463246,0.588367,0.553490,0.532299,0.529877,0.547380,0.521548,0.520564,0.503385,0.594019,0.537505,0.413998,0.430843,0.412798,0.353574,0.564578,0.546534,0.204845,0.482981,0.329657,0.556541,0.535911,0.452338,0.384314,0.537217,0.488924,0.401125,0.151661,0.362767,0.216236,0.288753,0.412908,0.255937,0.326398,0.375052,0.500362,0.489005,0.554525,0.563195,0.391252,0.252087,0.348895,0.376018,0.376848,0.354674,0.229341,0.263095,0.240875,0.438656,0.481758,0.566688,0.516438,0.133458,0.018521,0.318934
0.572869,0.574980,0.411292,0.328033,0.274186,0.343182,0.408414,0.395666,0.342504,0.383468,0.605000,0.620534,0.597942,0.000000,0.419418,0.424057,0.351305,0.466579,0.581657,0.513048,0.309485,0.254189,0.479650,0.404119,0.281533,0.199755,0.257274,0.277303,0.392008,0.441881,0.371465,0.465139,0.570193,0.581699,0.419960,0.493084,0.376558,0.321119,0.255968,0.204473,0.298507,0.303020,0.377295,0.427078,0.417013,0.414442,0.419162,0.377370,0.330077,0.332049,0.197781,0.136134,0.135967,0.037592,0.513875,0.460844,0.547840,0.577045,0.514417,0.552043,0.543123,0.533962,0.557320,0.586893,0.454727,0.527434,0.471384,0.480686,0.498365,0.478462,0.562616,0.413029,0.366159,0.513102,0.373968,0.359429,0.532435,0.453892,0.345991,0.430661,0.503589,0.564635,0.477914,0.292809,0.512141,0.508305,0.341470,0.191372,0.351228,0.346522,0.347152,0.319997,0.404263,0.114639,0.116534,0.212495,0.396627,0.379394,0.463495,0.447216,0.312270,0.054277,0.145559,0.165372,0.268940,0.176793,0.033670,0.043748,0.029121,0.284328,0.452497,0.476941,0.434747,0.334132,0.173748,0.139238
0.490799,0.486499,0.575147,0.607083,0.550261,0.475863,0.588609,0.619768,0.583014,0.485657,0.489435,0.530646,0.528423,0.419418,0.000000,0.583339,0.523694,0.397908,0.477522,0.575101,0.554678,0.518330,0.603374,0.591387,0.425533,0.295428,0.379641,0.382538,0.495163,0.467800,0.587408,0.568417,0.417398,0.401481,0.493611,0.429276,0.562873,0.547491,0.453170,0.422913,0.422113,0.273378,-0.070817,0.001468,0.203955,0.016428,-0.036224,-0.065683,-0.084733,-0.042057,-0.300203,-0.307589,-0.368606,-0.356857,0.200097,0.316089,0.341984,0.373974,0.338293,0.402330,0.197548,0.289639,0.537535,0.446024,0.446520,0.456367,0.533564,0.506102,0.424004,0.417095,0.546597,0.597790,0.390577,0.339280,0.401667,0.404045,0.487187,0.568868,0.025119,0.527614,0.088857,0.493063,0.542102,0.574245,0.135752,0.519772,0.483014,0.561935,-0.145212,0.374512,0.038346,0.230103,0.337436,0.354465,0.531162,0.490626,0.495193,0.502359,0.527986,0.533160,0.383328,0.404466,0.486885,0.508135,0.338542,0.430220,0.395489,0.458036,0.452354,0.524335,0.387729,0.514046,0.482334,-0.117554,-0.205359,0.494461
0.479082,0.447575,0.566445,0.596356,0.564234,0.585711,0.575771,0.605032,0.601128,0.591622,0.476551,0.472045,0.527047,0.424057,0.583339,0.000000,0.505205,0.296480,0.438115,0.546254,0.571018,0.526627,0.581089,0.589427,0.431882,0.315122,0.404489,0.369758,0.466575,0.382661,0.591133,0.578578,0.415159,0.399769,0.532516,0.451631,0.576131,0.574151,0.476892,0.498454,0.460794,0.249884,-0.037578,0.026228,0.219628,0.026776,-0.010822,-0.039999,-0.038587,-0.012695,-0.265351,-0.269162,-0.352878,-0.329494,0.215407,0.354549,0.288615,0.327280,0.342207,0.377735,0.195352,0.323034,0.516327,0.419938,0.455203,0.468454,0.525549,0.507181,0.381457,0.345969,0.520043,0.606545,0.466173,0.320851,0.511544,0.463208,0.514816,0.586082,-0.026463,0.449839,0.054679,0.464010,0.559483,0.580906,0.199382,0.529478,0.601065,0.580015,-0.111398,0.404076,0.029325,0.285116,0.345019,0.447051,0.528936,0.492203,0.539180,0.557591,0.579964,0.551380,0.338485,0.493244,0.482323,0.522981,0.405397,0.515831,0.389684,0.444508,0.460714,0.542887,0.409621,0.525540,0.473768,-0.075781,-0.143124,0.488653
0.400273,0.409071,0.412741,0.501160,0.372725,0.409565,0.429195,0.499979,0.468600,0.386876,0.395651,0.424286,0.438773,0.351305,0.523694,0.505205,0.000000,0.362487,0.392476,0.467082,0.478038,0.430811,0.538232,0.458125,0.247151,0.114880,0.335912,0.364276,0.589022,0.469672,0.500546,0.462224,0.375869,0.344547,0.422378,0.379262,0.500353,0.486950,0.308177,0.380138,0.438413,0.264823,0.007403,0.085830,0.224787,0.112481,0.027958,0.021594,-0.023202,0.014447,-0.226540,-0.187959,-0.284862,-0.206856,0.105181,0.302979,0.309293,0.307612,0.251706,0.321929,0.131797,0.251540,0.517618,0.363034,0.324186,0.359132,0.427741,0.424752,0.334875,0.313349,0.454033,0.454704,0.443154,0.324009,0.357863,0.411063,0.376954,0.451763,0.085823,0.495669,0.110488,0.462800,0.526639,0.505804,0.155379,0.446955,0.427414,0.464287,-0.142118,0.372043,-0.037700,0.280124,0.240578,0.391025,0.434352,0.410519,0.483303,0.495429,0.437481,0.415377,0.212141,0.420538,0.335524,0.381219,0.210227,0.369871,0.261494,0.311079,0.361870,0.442677,0.334711,0.435074,0.370916,-0.004896,-0.080084,0.422699
0.420431,0.373698,0.450282,0.308109,0.202965,0.213516,0.439765,0.333933,0.286776,0.316111,0.488207,0.490252,0.422479,0.466579,0.397908,0.296480,0.362487,0.000000,0.408878,0.414677,0.344602,0.330423,0.388394,0.387070,0.233888,0.128036,0.089268,0.090350,0.361212,0.628619,0.333570,0.393397,0.352958,0.373906,0.257162,0.350056,0.376137,0.366284,0.269820,0.091393,0.223406,0.235635,0.096252,0.196130,0.295697,0.194036,0.202777,0.141084,0.146192,0.122596,0.024636,-0.082177,-0.016305,-0.204804,0.377376,0.253304,0.369238,0.399422,0.390174,0.412322,0.302851,0.251768,0.370632,0.552967,0.306099,0.496978,0.408168,0.431459,0.357183,0.355716,0.489887,0.301791,0.140110,0.395298,0.245329,0.308679,0.398456,0.285488,0.407627,0.402703,0.376915,0.482626,0.429074,0.266353,0.269972,0.316800,0.239978,0.183323,0.192592,0.042963,0.330669,0.006838,0.389741,-0.036907,0.186520,0.318919,0.451989,0.359158,0.383982,0.420955,0.434499,-0.036854,0.278262,0.206725,0.318307,0.136664,0.175191,0.165030,0.141612,0.336930,0.429255,0.435040,0.414793,0.080831,-0.032530,0.267648
0.642417,0.649542,0.475061,0.439264,0.378193,0.407289,0.466377,0.484730,0.412879,0.335209,0.556297,0.623796,0.601309,0.581657,0.477522,0.438115,0.392476,0.408878,0.000000,0.634453,0.352379,0.350708,0.558569,0.459353,0.321894,0.191938,0.348599,0.409889,0.362456,0.378252,0.444229,0.473872,0.609017,0.593041,0.496668,0.513841,0.425674,0.361985,0.262133,0.263118,0.256421,0.343392,0.305984,0.355316,0.459217,0.373883,0.342783,0.309436,0.262910,0.297820,0.056607,0.026351,-0.019737,-0.047748,0.433355,0.494517,0.601733,0.595409,0.501937,0.552244,0.466197,0.477896,0.617602,0.553207,0.462803,0.472418,0.559880,0.557135,0.638437,0.613123,0.549301,0.457177,0.442537,0.506231,0.351722,0.366918,0.542921,0.515357,0.201625,0.457865,0.412691,0.592847,0.492184,0.411179,0.444461,0.558214,0.400762,0.322495,0.199029,0.430213,0.204795,0.346091,0.349049,0.217117,0.208529,0.266856,0.384994,0.427162,0.495190,0.478199,0.303642,0.199092,0.239226,0.288927,0.303065,0.262448,0.119252,0.172254,0.115939,0.329218,0.463329,0.505743,0.483620,0.240502,0.116945,0.211216
0.628254,0.623240,0.606565,0.595340,0.506253,0.501418,0.598217,0.621579,0.544263,0.434469,0.554740,0.616665,0.605955,0.513048,0.575101,0.546254,0.467082,0.414677,0.634453,0.000000,0.486541,0.487843,0.626581,0.601749,0.364814,0.239293,0.383285,0.417175,0.417108,0.428579,0.570591,0.578724,0.562512,0.557485,0.557171,0.524654,0.532399,0.496330,0.382629,0.365432,0.324188,0.316098,0.096889,0.157228,0.364735,0.174459,0.138535,0.090848,0.069965,0.102076,-0.179861,-0.207994,-0.259322,-0.276182,0.330177,0.428340,0.487077,0.514801,0.445327,0.506985,0.319861,0.418632,0.608610,0.557892,0.475744,0.523184,0.604442,0.600406,0.596038,0.591276,0.587468,0.588178,0.444236,0.429541,0.401075,0.400758,0.569818,0.591369,0.091601,0.492358,0.233340,0.578001,0.537458,0.544335,0.280162,0.574901,0.518108,0.507228,0.000448,0.400925,0.112699,0.249333,0.385679,0.311909,0.405938,0.429598,0.485355,0.522209,0.572159,0.566600,0.404645,0.345553,0.436676,0.479209,0.396014,0.408509,0.309131,0.371341,0.331196,0.475397,0.487422,0.563172,0.536075,0.021501,-0.064181,0.391341
0.389625,0.367274,0.553249,0.580260,0.508227,0.488249,0.560137,0.571344,0.551760,0.511358,0.372362,0.389486,0.430252,0.309485,0.554678,0.571018,0.478038,0.344602,0.352379,0.486541,0.000000,0.627953,0.532335,0.571708,0.390119,0.344207,0.322786,0.255586,0.461901,0.427327,0.566007,0.530668,0.292815,0.262256,0.438247,0.388057,0.563633,0.620210,0.422552,0.420598,0.406271,0.272736,-0.157102,-0.038713,0.141773,-0.071407,-0.094612,-0.114615,-0.137414,-0.125730,-0.342634,-0.358945,-0.409911,-0.409060,0.109899,0.233846,0.194113,0.257216,0.263113,0.321960,0.071897,0.223979,0.405955,0.371199,0.374574,0.436781,0.460279,0.439170,0.308182,0.262497,0.489694,0.575779,0.352864,0.230632,0.351870,0.397779,0.438316,0.511626,-0.018422,0.482147,-0.004561,0.420044,0.536763,0.607891,0.092196,0.475873,0.509327,0.567719,-0.212066,0.293006,-0.011362,0.146030,0.312783,0.376323,0.550883,0.516425,0.511786,0.553384,0.512705,0.519668,0.364747,0.435930,0.508969,0.513021,0.466515,0.529331,0.446841,0.504016,0.458489,0.571184,0.376546,0.489141,0.438175,-0.144043,-0.188152,0.582048
0.383222,0.349483,0.548875,0.575150,0.502151,0.463397,0.547798,0.557127,0.535284,0.458363,0.349872,0.377480,0.397852,0.254189,0.518330,0.526627,0.430811,0.330423,0.350708,0.487843,0.627953,0.000000,0.523116,0.553519,0.342775,0.295253,0.301351,0.263786,0.384696,0.418340,0.547426,0.514321,0.276335,0.234946,0.420580,0.346610,0.555810,0.608819,0.439303,0.439644,0.343126,0.306129,-0.203550,-0.095125,0.097532,-0.132146,-0.155353,-0.179625,-0.190676,-0.166945,-0.377023,-0.400326,-0.435226,-0.431421,0.102640,0.222363,0.168518,0.229681,0.244596,0.296610,0.023357,0.167669,0.379036,0.367364,0.339461,0.411612,0.435979,0.415525,0.313649,0.283887,0.463036,0.534930,0.293504,0.191472,0.346869,0.366794,0.413334,0.483909,-0.011284,0.461852,-0.026605,0.404198,0.534045,0.630464,0.050422,0.424074,0.518304,0.567395,-0.215320,0.258289,-0.011288,0.101602,0.300171,0.340448,0.551184,0.547177,0.479922,0.529332,0.472984,0.491289,0.394378,0.420100,0.513426,0.512996,0.495030,0.529909,0.473353,0.524479,0.465126,0.549102,0.361225,0.460238,0.446694,-0.171965,-0.165239,0.578337
0.553613,0.542738,0.586653,0.629445,0.525240,0.510958,0.607176,0.644343,0.596501,0.488699,0.542060,0.568546,0.587574,0.479650,0.603374,0.581089,0.538232,0.388394,0.558569,0.626581,0.532335,0.523116,0.000000,0.613584,0.365559,0.261210,0.355763,0.392881,0.459923,0.447092,0.634732,0.613385,0.523268,0.490480,0.557372,0.480140,0.555388,0.546306,0.404715,0.457775,0.406539,0.323928,0.026608,0.095404,0.271566,0.093717,0.037814,0.017344,-0.027261,0.020320,-0.241724,-0.239540,-0.315548,-0.286870,0.241901,0.384818,0.387511,0.420900,0.363792,0.447455,0.255541,0.363040,0.580383,0.490989,0.518192,0.519858,0.585423,0.557756,0.472903,0.460905,0.620596,0.585683,0.455202,0.382510,0.445944,0.463859,0.545833,0.594325,0.081610,0.479800,0.171944,0.543378,0.558883,0.570420,0.246450,0.552302,0.538027,0.550240,-0.061503,0.416394,0.045791,0.308483,0.336615,0.374393,0.462780,0.455583,0.502155,0.540083,0.564552,0.564981,0.369440,0.429466,0.443054,0.495853,0.399356,0.472429,0.345038,0.413856,0.394189,0.504694,0.466342,0.548994,0.529518,-0.008081,-0.045818,0.449931
0.470106,0.440562,0.667916,0.656864,0.559403,0.544799,0.671744,0.663065,0.622616,0.562204,0.484653,0.501886,0.546395,0.404119,0.591387,0.589427,0.458125,0.387070,0.459353,0.601749,0.571708,0.553519,0.613584,0.000000,0.390021,0.299238,0.342542,0.298458,0.413814,0.433235,0.633097,0.627834,0.389473,0.413261,0.527385,0.469320,0.577948,0.576130,0.467080,0.388965,0.377180,0.217735,-0.151813,-0.073662,0.170891,-0.084867,-0.086073,-0.150448,-0.158300,-0.154800,-0.379827,-0.425679,-0.444676,-0.492724,0.194040,0.271549,0.251432,0.312973,0.302212,0.355281,0.118884,0.274241,0.484888,0.475960,0.470945,0.533985,0.561129,0.545411,0.417340,0.398618,0.556479,0.643155,0.371325,0.301718,0.407880,0.394204,0.525731,0.580202,-0.038187,0.438312,0.013231,0.458210,0.495063,0.569333,0.084955,0.499725,0.533889,0.605709,-0.171955,0.268943,0.090207,0.106097,0.428749,0.322487,0.551801,0.538972,0.533369,0.536162,0.597790,0.613901,0.503522,0.407003,0.599297,0.598828,0.484961,0.504877,0.488774,0.539719,0.522007,0.575821,0.451184,0.565409,0.531900,-0.205809,-0.261283,0.519876
0.345627,0.342751,0.430771,0.383507,0.461697,0.474460,0.413307,0.381336,0.394276,0.413775,0.360874,0.349230,0.350209,0.281533,0.425533,0.431882,0.247151,0.233888,0.321894,0.364814,0.390119,0.342775,0.365559,0.390021,0.000000,0.577295,0.392904,0.170392,0.267795,0.248872,0.388329,0.351248,0.211295,0.187085,0.224876,0.207689,0.280443,0.346252,0.219097,0.175430,0.210715,-0.006707,-0.037801,0.070095,0.283783,0.052702,0.020236,0.010852,0.095021,0.081718,-0.111512,-0.132989,-0.231270,-0.249484,0.107963,0.090186,0.273815,0.289624,0.346728,0.349185,0.165251,0.176288,0.288449,0.255873,0.342697,0.312283,0.405667,0.373427,0.279150,0.281277,0.373012,0.418187,0.166084,0.130170,0.200835,0.140622,0.254758,0.303081,0.006852,0.357172,0.068331,0.288029,0.297510,0.336020,0.123017,0.379663,0.314422,0.337491,-0.100764,0.150022,-0.048241,0.022107,0.098173,0.096579,0.271798,0.220085,0.267705,0.333373,0.315473,0.346890,0.201270,0.211952,0.312422,0.307524,0.256575,0.300373,0.165611,0.259573,0.212277,0.318171,0.220988,0.305808,0.354454,-0.042832,-0.081523,0.298959
0.234415,0.230500,0.330643,0.272582,0.350200,0.380408,0.309916,0.266451,0.328813,0.380597,0.269395,0.251215,0.244318,0.199755,0.295428,0.315122,0.114880,0.128036,0.191938,0.239293,0.344207,0.295253,0.261210,0.299238,0.577295,0.000000,0.210628,0.018247,0.159906,0.147466,0.265653,0.307559,0.116738,0.075401,0.139035,0.094859,0.177139,0.288852,0.113833,0.112949,0.122002,-0.082538,-0.048295,0.062142,0.237248,0.007786,0.011807,0.022037,0.099348,0.079243,-0.058115,-0.071076,-0.177497,-0.186851,0.054600,-0.003701,0.172277,0.198977,0.314328,0.298533,0.123418,0.150704,0.187068,0.171428,0.318875,0.272582,0.312365,0.280633,0.133525,0.183815,0.290559,0.366015,0.055635,-0.002192,0.099196,0.068355,0.163357,0.200098,0.010428,0.290150,0.020497,0.189630,0.145099,0.244142,0.102320,0.338040,0.208373,0.258249,-0.095631,0.102004,-0.097176,-0.038089,-0.020914,-0.029456,0.179274,0.128622,0.179644,0.288598,0.221674,0.285758,0.114154,0.134806,0.216028,0.224350,0.229996,0.267208,0.054054,0.182394,0.129054,0.275483,0.204408,0.248742,0.314965,0.001152,0.049649,0.203677
0.329432,0.370560,0.318676,0.373100,0.459042,0.485681,0.312290,0.382613,0.369330,0.329409,0.277086,0.311104,0.319447,0.257274,0.379641,0.404489,0.335912,0.089268,0.348599,0.383285,0.322786,0.301351,0.355763,0.342542,0.392904,0.210628,0.000000,0.497286,0.309274,0.128912,0.367209,0.277013,0.301803,0.290766,0.345156,0.320697,0.285835,0.257568,0.190152,0.226626,0.158276,0.084888,0.027826,0.064960,0.200544,0.100371,0.043225,0.026912,0.038044,0.065205,-0.147369,-0.121156,-0.206500,-0.143792,0.110296,0.222235,0.267425,0.275953,0.204552,0.257892,0.136301,0.219357,0.358215,0.239068,0.233770,0.221747,0.328532,0.318406,0.323166,0.306422,0.306931,0.372127,0.317762,0.192962,0.304866,0.176455,0.297514,0.374445,-0.096037,0.322979,0.048939,0.278843,0.339894,0.364741,0.116333,0.358244,0.336657,0.343755,-0.095529,0.317973,-0.037249,0.213089,0.199896,0.320415,0.284270,0.253325,0.214785,0.273766,0.304826,0.271074,0.156957,0.329956,0.268544,0.311638,0.194686,0.299799,0.194918,0.242173,0.238523,0.262099,0.163664,0.265258,0.234460,-0.013205,-0.094398,0.254889
0.400622,0.424527,0.249540,0.344020,0.417013,0.357667,0.262612,0.368769,0.370621,0.196496,0.262563,0.354028,0.333072,0.277303,0.382538,0.369758,0.364276,0.090350,0.409889,0.417175,0.255586,0.263786,0.392881,0.298458,0.170392,0.018247,0.497286,0.000000,0.267401,0.122322,0.360966,0.336035,0.444755,0.420697,0.451168,0.380592,0.344004,0.246720,0.250315,0.338849,0.282915,0.317234,0.123595,0.098219,0.198104,0.169315,0.098161,0.077955,0.027693,0.119246,-0.129253,-0.081896,-0.157403,-0.048970,0.198835,0.381972,0.345715,0.346428,0.227518,0.289604,0.208685,0.288164,0.454148,0.302023,0.296138,0.242736,0.381916,0.371075,0.428380,0.426541,0.305714,0.340027,0.439322,0.314405,0.318014,0.293967,0.365426,0.423561,-0.059224,0.278334,0.106379,0.382774,0.349220,0.393753,0.224303,0.392002,0.382309,0.355956,0.001816,0.487416,-0.010034,0.382362,0.214784,0.413353,0.282084,0.211305,0.225536,0.239822,0.318962,0.242645,0.139100,0.370470,0.219205,0.306928,0.138283,0.243341,0.184997,0.224838,0.243245,0.239959,0.228058,0.269574,0.247498,0.032823,-0.041179,0.213017
0.400222,0.396583,0.404143,0.425308,0.339749,0.376237,0.410035,0.441245,0.397894,0.370990,0.436511,0.425716,0.457983,0.392008,0.495163,0.466575,0.589022,0.361212,0.362456,0.417108,0.461901,0.384696,0.459923,0.413814,0.267795,0.159906,0.309274,0.267401,0.000000,0.490925,0.429876,0.413720,0.347009,0.313267,0.361959,0.344367,0.481846,0.477614,0.297391,0.309755,0.489329,0.259751,0.033974,0.129690,0.204701,0.140857,0.099043,0.087550,0.030723,0.035559,-0.128246,-0.136989,-0.180244,-0.171371,0.158172,0.290588,0.294304,0.320411,0.304904,0.348414,0.202038,0.308830,0.478659,0.399137,0.311427,0.362310,0.369762,0.347913,0.281534,0.253481,0.447522,0.437722,0.354324,0.272397,0.301943,0.339955,0.372115,0.412850,0.228790,0.528092,0.176506,0.439559,0.545091,0.451755,0.183552,0.410130,0.391133,0.375033,-0.054925,0.303268,0.079198,0.219016,0.293930,0.299161,0.401866,0.400331,0.489904,0.505868,0.420684,0.424812,0.252323,0.300413,0.287767,0.306388,0.211754,0.310519,0.230044,0.259321,0.287142,0.475597,0.351369,0.421426,0.353428,0.041739,-0.060829,0.405244
0.415877,0.368131,0.478547,0.391158,0.262725,0.260291,0.477748,0.408057,0.356918,0.357311,0.501522,0.484133,0.446196,0.441881,0.467800,0.382661,0.469672,0.628619,0.378252,0.428579,0.427327,0.418340,0.447092,0.433235,0.248872,0.147466,0.128912,0.122322,0.490925,0.000000,0.403627,0.444436,0.336466,0.339923,0.290587,0.330788,0.453467,0.458239,0.336938,0.208680,0.363360,0.271283,0.015174,0.123935,0.209764,0.113306,0.091471,0.046213,0.033017,0.016805,-0.092391,-0.170322,-0.126027,-0.256414,0.285203,0.226147,0.311121,0.348888,0.350357,0.384724,0.249189,0.261098,0.400051,0.520082,0.335145,0.485504,0.391609,0.390835,0.303029,0.301887,0.523983,0.373551,0.182299,0.348204,0.308945,0.356841,0.401587,0.340644,0.402134,0.506760,0.316141,0.487843,0.524449,0.372269,0.215345,0.337977,0.317711,0.283264,0.085105,0.091864,0.236602,0.050230,0.368439,0.089361,0.312863,0.435329,0.538391,0.458106,0.413991,0.451614,0.417102,0.095515,0.327850,0.270759,0.306873,0.222263,0.250085,0.239190,0.237044,0.414001,0.408562,0.461349,0.420185,0.014043,-0.068295,0.379766
0.441866,0.430681,0.600905,0.645662,0.543339,0.517961,0.619308,0.650149,0.599440,0.505699,0.464339,0.473419,0.511048,0.371465,0.587408,0.591133,0.500546,0.333570,0.444229,0.570591,0.566007,0.547426,0.634732,0.633097,0.388329,0.265653,0.367209,0.360966,0.429876,0.403627,0.000000,0.635138,0.424879,0.422447,0.511485,0.430080,0.597417,0.592559,0.489693,0.470096,0.422563,0.275145,-0.130287,-0.058867,0.141447,-0.070248,-0.101200,-0.137472,-0.174629,-0.143027,-0.382863,-0.389930,-0.440984,-0.428873,0.148726,0.289622,0.241513,0.301000,0.260479,0.331903,0.105473,0.256265,0.491265,0.425853,0.444798,0.474339,0.529064,0.505708,0.384990,0.359522,0.550299,0.592239,0.378341,0.291011,0.425929,0.418564,0.507009,0.578121,-0.050138,0.402087,-0.001022,0.465197,0.523776,0.588137,0.080263,0.475605,0.548893,0.598664,-0.192679,0.325827,0.038706,0.200737,0.375289,0.394370,0.545454,0.493207,0.505749,0.505751,0.570522,0.567711,0.434633,0.467072,0.548785,0.579614,0.475897,0.554974,0.491050,0.537015,0.517134,0.562538,0.436066,0.519977,0.509303,-0.178189,-0.201075,0.535240
0.500302,0.466967,0.602131,0.586273,0.504759,0.479638,0.608041,0.607121,0.597409,0.524578,0.542090,0.541321,0.559462,0.465139,0.568417,0.578578,0.462224,0.393397,0.473872,0.578724,0.530668,0.514321,0.613385,0.627834,0.351248,0.307559,0.277013,0.336035,0.413720,0.444436,0.635138,0.000000,0.485187,0.495918,0.529117,0.452817,0.588393,0.572933,0.492427,0.440892,0.429935,0.296853,-0.033022,0.023417,0.195276,0.009718,-0.000833,-0.046399,-0.074520,-0.054777,-0.266709,-0.304123,-0.327459,-0.363609,0.278654,0.330807,0.316437,0.375851,0.377766,0.417803,0.222556,0.350033,0.533877,0.516953,0.493327,0.546133,0.553165,0.532605,0.410700,0.419807,0.577970,0.605872,0.373116,0.342788,0.427151,0.439715,0.555274,0.575059,0.061972,0.418937,0.111659,0.519285,0.507598,0.544883,0.197834,0.512027,0.542806,0.543712,-0.051185,0.340065,0.151839,0.204542,0.423138,0.307280,0.480044,0.456279,0.537558,0.515532,0.587326,0.601083,0.471083,0.373591,0.505641,0.529536,0.478403,0.506945,0.420958,0.459891,0.452148,0.551753,0.505277,0.573262,0.563125,-0.078167,-0.106618,0.466041
0.612966,0.615771,0.387628,0.374824,0.334869,0.355744,0.390857,0.429911,0.387211,0.288839,0.537634,0.592347,0.553329,0.570193,0.417398,0.415159,0.375869,0.352958,0.609017,0.562512,0.292815,0.276335,0.523268,0.389473,0.211295,0.116738,0.301803,0.444755,0.347009,0.336466,0.424879,0.485187,0.000000,0.661082,0.529949,0.525192,0.406299,0.333198,0.282615,0.332703,0.291973,0.382337,0.362629,0.369580,0.440939,0.409044,0.363830,0.347665,0.281905,0.339117,0.109175,0.101816,0.048388,0.048533,0.487135,0.547511,0.575942,0.597559,0.503598,0.563886,0.514522,0.554850,0.607747,0.561156,0.462574,0.490637,0.541023,0.539975,0.538789,0.563236,0.540367,0.416612,0.458710,0.503312,0.406921,0.403448,0.565331,0.514534,0.250923,0.395455,0.432969,0.592176,0.472084,0.364709,0.493531,0.540934,0.423698,0.284669,0.279982,0.487160,0.207152,0.408814,0.336131,0.254201,0.170877,0.213867,0.380921,0.389594,0.468136,0.432211,0.250253,0.204406,0.164965,0.241609,0.266500,0.256925,0.081234,0.103809,0.094489,0.303912,0.476731,0.477212,0.449602,0.299217,0.189336,0.161429
0.580092,0.579839,0.405315,0.362635,0.322986,0.345420,0.407705,0.426796,0.377430,0.302045,0.535778,0.594041,0.555663,0.581699,0.401481,0.399769,0.344547,0.373906,0.593041,0.557485,0.262256,0.234946,0.490480,0.413261,0.187085,0.075401,0.290766,0.420697,0.313267,0.339923,0.422447,0.495918,0.661082,0.000000,0.521300,0.553549,0.411712,0.310242,0.326735,0.292390,0.274179,0.387981,0.350528,0.346286,0.396246,0.377308,0.359058,0.314286,0.246540,0.293650,0.088762,0.054295,0.047950,-0.003962,0.522009,0.542137,0.530198,0.557048,0.472458,0.518299,0.496895,0.532714,0.588184,0.579781,0.441293,0.508216,0.519846,0.536110,0.542191,0.556437,0.523311,0.410610,0.432514,0.539480,0.416743,0.380891,0.585880,0.517707,0.218424,0.348305,0.419949,0.573935,0.445672,0.326089,0.459059,0.497419,0.402780,0.264009,0.300568,0.429430,0.293974,0.355180,0.414953,0.209057,0.170726,0.212144,0.388497,0.347532,0.496619,0.447559,0.329764,0.150152,0.202601,0.259132,0.275688,0.214066,0.126992,0.119686,0.119182,0.293888,0.491120,0.487373,0.462167,0.256098,0.105350,0.151062
0.501191,0.481849,0.485694,0.525320,0.507588,0.479155,0.505494,0.552519,0.541640,0.449402,0.427429,0.488045,0.509685,0.419960,0.493611,0.532516,0.422378,0.257162,0.496668,0.557171,0.438247,0.420580,0.557372,0.527385,0.224876,0.139035,0.345156,0.451168,0.361959,0.290587,0.511485,0.529117,0.529949,0.521300,0.000000,0.602069,0.538761,0.474156,0.390852,0.460996,0.346732,0.356320,0.097873,0.088671,0.265294,0.121375,0.116199,0.071571,0.019460,0.069672,-0.183667,-0.181581,-0.235346,-0.205843,0.335124,0.503825,0.340832,0.382797,0.344060,0.396744,0.279376,0.414947,0.551383,0.461377,0.493610,0.494663,0.579744,0.559797,0.454609,0.453699,0.490361,0.546990,0.526246,0.428629,0.487249,0.469092,0.592990,0.618950,-0.025144,0.368430,0.136959,0.485204,0.485036,0.512310,0.287036,0.536785,0.528497,0.511464,0.018591,0.511199,0.088994,0.399125,0.376283,0.444580,0.426138,0.438141,0.460338,0.490179,0.574584,0.524855,0.318411,0.437685,0.403931,0.480430,0.388794,0.430135,0.331767,0.370989,0.365819,0.461724,0.470466,0.523268,0.472934,0.037694,-0.052302,0.363510
0.490582,0.490015,0.445009,0.429400,0.384685,0.417705,0.455818,0.476268,0.420404,0.386861,0.435727,0.518014,0.496781,0.493084,0.429276,0.451631,0.379262,0.350056,0.513841,0.524654,0.388057,0.346610,0.480140,0.469320,0.207689,0.094859,0.320697,0.380592,0.344367,0.330788,0.430080,0.452817,0.525192,0.553549,0.602069,0.000000,0.476445,0.390743,0.346621,0.344162,0.277329,0.355382,0.191675,0.211060,0.311349,0.231004,0.272781,0.200088,0.116724,0.152018,-0.053911,-0.078622,-0.084922,-0.132113,0.438444,0.548122,0.389808,0.431680,0.375868,0.431787,0.366490,0.447749,0.523629,0.519309,0.418389,0.526004,0.534311,0.572685,0.494240,0.458059,0.484773,0.471679,0.482062,0.515832,0.464291,0.414543,0.607237,0.574657,0.060437,0.373521,0.264888,0.490449,0.474958,0.401404,0.346882,0.520027,0.441548,0.370415,0.178573,0.446068,0.212547,0.354373,0.420526,0.308505,0.299971,0.376192,0.429816,0.417570,0.559269,0.485623,0.325954,0.240252,0.309111,0.352356,0.357380,0.292535,0.246876,0.233772,0.228505,0.381748,0.460330,0.513227,0.424048,0.158207,-0.033240,0.265067
0.439036,0.395796,0.561804,0.563898,0.477720,0.438008,0.573301,0.578298,0.530954,0.476959,0.449142,0.468297,0.509231,0.376558,0.562873,0.576131,0.500353,0.376137,0.425674,0.532399,0.563633,0.555810,0.555388,0.577948,0.280443,0.177139,0.285835,0.344004,0.481846,0.453467,0.597417,0.588393,0.406299,0.411712,0.538761,0.476445,0.000000,0.646303,0.566907,0.513992,0.485136,0.390119,-0.082890,-0.013477,0.117304,-0.044314,-0.026937,-0.075809,-0.141044,-0.113355,-0.311920,-0.346971,-0.351164,-0.383172,0.259722,0.387504,0.240211,0.282026,0.283946,0.313174,0.139809,0.269571,0.511812,0.460868,0.429125,0.478878,0.504208,0.480637,0.378902,0.341696,0.503979,0.553957,0.393950,0.342593,0.470989,0.447728,0.553071,0.576923,0.019887,0.425663,0.052015,0.492097,0.581479,0.598386,0.159610,0.472152,0.566640,0.557066,-0.089579,0.354780,0.166911,0.256810,0.466813,0.413241,0.570058,0.559103,0.608668,0.564504,0.615950,0.598233,0.462522,0.427041,0.533642,0.550355,0.504472,0.521632,0.500515,0.519478,0.504072,0.610940,0.505422,0.581965,0.517851,-0.110319,-0.202231,0.548636
