0.000000,0.425385,0.574953,0.332892,0.204887,0.228537,0.608268,0.413736,-0.040890,0.179904,0.451763,0.456612,0.587630,0.381636,0.034043,0.351303,0.274560,0.429709,0.411685,0.583513,0.170264,0.181220,0.516827,0.339355,0.352490,0.282726,0.026669,0.243306,0.231135,0.385459,0.366645,0.305758,0.508980,0.508628,0.447445,0.391468,0.436382,0.224307,0.461510,0.261877,0.267711,0.062768,0.471480,0.497407,0.438632,0.439898,0.480053,0.375081,0.485328,0.469080,0.454088,0.386854,0.280109,0.039098,0.470721,0.240939,0.581490,0.385440,0.541438,0.465853,0.560263,0.404896,0.349113,0.351888,0.410793,0.453873,0.500848,0.554076,0.573387,0.550634,0.541786,0.225933,0.126516,0.479392,0.377174,0.062435,0.546481,0.343937,0.344094,0.225792,0.441988,0.232766,0.445895,0.193348,0.463100,0.155264,0.275576,0.107170,0.250737,0.006976,0.253649,0.224627,0.112366,0.102064,0.236007,0.360622,0.514123,0.252392,0.529518,0.440442,0.488208,0.190720,0.353861,0.094600,0.377492,0.171802,0.345588,0.025741,0.154014,0.371447,0.442007,0.387941,0.432614,0.511202,0.391771,0.318339
0.425385,0.000000,0.457864,0.579627,-0.199781,0.343051,0.464897,0.610505,-0.196904,0.379927,0.286166,0.572876,0.411602,0.521650,0.330856,0.535104,0.495771,0.432806,0.567005,0.548392,0.198486,0.157451,0.548402,0.540983,0.309746,0.451371,-0.122908,0.126849,0.496765,0.244545,0.458707,0.521065,0.563846,0.533935,0.469975,0.388102,0.432240,0.539669,0.345936,0.476718,0.398067,0.102332,0.503526,0.535701,0.508840,0.527538,0.286628,0.539871,0.427012,0.472088,0.257487,0.584052,-0.127156,0.455611,0.128905,0.547909,0.518980,0.621331,0.468389,0.481492,0.451267,0.545926,0.557075,0.527110,0.564480,0.546228,0.559831,0.465761,0.524702,0.341669,0.199992,0.497973,0.424168,0.286601,-0.010303,0.434381,0.493260,0.565035,-0.057672,0.529281,0.030321,0.559764,0.057241,0.507333,0.046456,0.527695,-0.185109,0.479657,-0.208462,0.436000,-0.050822,0.259737,-0.159696,0.128223,0.378505,0.404886,0.484683,0.526019,0.467822,0.530578,0.255574,0.463820,0.309192,0.459021,-0.016973,0.507455,-0.042088,0.378156,0.149829,0.310516,0.352591,0.162612,0.202794,0.440110,0.103255,0.207178
0.574953,0.457864,0.000000,0.476278,0.151764,0.400714,0.619464,0.489220,-0.078136,0.358036,0.490709,0.488230,0.554666,0.365213,0.217030,0.433412,0.343945,0.371382,0.526264,0.581147,0.255735,0.243467,0.599734,0.495871,0.478096,0.401073,0.068844,0.244806,0.367927,0.347549,0.519177,0.429108,0.552908,0.530934,0.499208,0.428726,0.506588,0.345647,0.473634,0.355820,0.346779,0.118224,0.408664,0.496404,0.417106,0.445176,0.329628,0.375869,0.394115,0.396067,0.293121,0.374302,0.084657,0.101710,0.394485,0.330086,0.535780,0.384084,0.477455,0.414013,0.499579,0.398508,0.398110,0.388925,0.484897,0.511741,0.539740,0.546673,0.547638,0.435567,0.486042,0.344083,0.232449,0.389814,0.292089,0.201586,0.560765,0.445911,0.216930,0.317312,0.313403,0.322576,0.364600,0.309640,0.385160,0.285767,0.195072,0.258928,0.104149,0.148584,0.061107,0.115253,-0.093237,-0.030946,0.355241,0.418479,0.575689,0.408118,0.479812,0.480313,0.464382,0.212119,0.490794,0.275625,0.243596,0.289525,0.269716,0.227232,0.165183,0.340247,0.423496,0.235781,0.297760,0.475457,0.218627,0.273223
0.332892,0.579627,0.476278,0.000000,-0.196524,0.438434,0.435013,0.607923,-0.216720,0.475823,0.281991,0.531320,0.341887,0.434499,0.447626,0.542179,0.485237,0.306364,0.612747,0.473600,0.267832,0.211812,0.573030,0.612779,0.392223,0.492345,-0.053497,0.090375,0.541873,0.193287,0.547191,0.557615,0.545262,0.487146,0.480246,0.378460,0.456299,0.579062,0.337246,0.517687,0.429287,0.139521,0.388327,0.464491,0.422013,0.456574,0.122267,0.475154,0.295120,0.338798,0.087830,0.490705,-0.273581,0.447289,0.063884,0.561985,0.413433,0.529385,0.354211,0.371218,0.355605,0.472608,0.523205,0.475644,0.578767,0.548255,0.532628,0.414597,0.451633,0.198886,0.154132,0.544408,0.453228,0.177834,-0.087658,0.500893,0.468071,0.597032,-0.141579,0.550430,-0.067081,0.565500,0.006715,0.551166,-0.002993,0.570029,-0.209981,0.557435,-0.295588,0.498776,-0.197612,0.153614,-0.311195,0.005714,0.449951,0.422574,0.492163,0.599791,0.384908,0.522115,0.199978,0.435878,0.390270,0.559943,-0.115933,0.557004,-0.070857,0.512421,0.143672,0.241370,0.310805,0.024451,0.065830,0.373358,-0.054702,0.139261
0.204887,-0.199781,0.151764,-0.196524,0.000000,-0.071153,0.168947,-0.135341,0.277008,-0.095983,0.196311,-0.042275,0.152132,-0.031819,-0.306567,-0.099849,-0.235310,0.008960,-0.154295,0.059697,-0.000357,0.046992,0.013164,-0.184498,0.152252,-0.213124,0.294386,0.062287,-0.288400,0.217228,-0.055424,-0.258387,-0.025408,0.003639,-0.002233,-0.000150,0.068084,-0.281840,0.227826,-0.103262,-0.110206,-0.010264,-0.029221,-0.028906,-0.029220,-0.086590,0.220102,-0.157503,0.086135,0.056827,0.247635,-0.181837,0.431765,-0.457268,0.422404,-0.295162,0.064516,-0.220789,0.144367,0.056366,0.152253,-0.061041,-0.215501,-0.083052,-0.117000,-0.068521,0.006870,0.141726,0.096112,0.257717,0.369377,-0.317631,-0.386246,0.108556,0.414889,-0.330188,0.042899,-0.190493,0.407044,-0.251561,0.456466,-0.299928,0.461303,-0.248319,0.472869,-0.350711,0.580438,-0.301459,0.512472,-0.439499,0.364683,0.052214,0.315993,0.040631,-0.127919,-0.026251,0.081336,-0.255776,0.120818,-0.016215,0.285081,-0.183812,0.088398,-0.351017,0.441908,-0.319716,0.462800,-0.345021,0.013500,0.077992,0.143902,0.287766,0.279231,0.105757,0.271068,0.132766
0.228537,0.343051,0.400714,0.438434,-0.071153,0.000000,0.329836,0.326526,0.020722,0.580235,0.278842,0.266811,0.310915,0.097820,0.514870,0.382985,0.433356,0.222095,0.445144,0.337011,0.290082,0.214210,0.394132,0.515024,0.520831,0.528855,0.032596,0.314496,0.481885,0.136834,0.539692,0.489948,0.335056,0.328139,0.261080,0.217556,0.362125,0.382069,0.192088,0.256340,0.346112,0.215151,0.175623,0.350516,0.237131,0.344436,-0.020745,0.257007,0.077617,0.155341,-0.087194,0.250837,-0.274383,0.222761,0.089761,0.363506,0.327478,0.259764,0.125436,0.102741,0.158401,0.146023,0.427241,0.286295,0.288146,0.290775,0.268036,0.218488,0.208865,0.020920,0.184311,0.462388,0.428583,0.205125,0.001312,0.293611,0.319903,0.378678,-0.015174,0.339209,-0.010949,0.378997,0.030574,0.344852,0.028949,0.381916,-0.060978,0.372461,-0.217360,0.348204,-0.367440,-0.243203,-0.468000,-0.374260,0.427746,0.336864,0.388378,0.459176,0.132199,0.227421,0.212996,0.037530,0.491601,0.443596,-0.153109,0.292766,-0.041230,0.442353,0.115757,0.182363,0.080781,-0.220820,-0.135832,0.127139,-0.225400,0.033333
0.608268,0.464897,0.619464,0.435013,0.168947,0.329836,0.000000,0.483148,-0.026383,0.289505,0.433833,0.478603,0.580378,0.389521,0.157280,0.422320,0.332809,0.420560,0.494313,0.593704,0.234157,0.220638,0.587507,0.437247,0.435664,0.371570,0.074634,0.259009,0.317772,0.371537,0.464653,0.394681,0.555130,0.546935,0.499722,0.424491,0.492471,0.320442,0.469723,0.341866,0.332862,0.105858,0.480661,0.534929,0.454608,0.460765,0.416527,0.404499,0.448549,0.438640,0.373233,0.401040,0.163347,0.106410,0.416789,0.314602,0.561925,0.415031,0.518990,0.453458,0.541213,0.425335,0.395670,0.369624,0.478682,0.514645,0.550250,0.575893,0.578752,0.491685,0.497052,0.300269,0.204069,0.421710,0.318031,0.162375,0.561583,0.411824,0.281762,0.310161,0.367908,0.317589,0.392450,0.284134,0.412347,0.261689,0.219898,0.225879,0.155303,0.114886,0.155468,0.187670,0.005047,0.049184,0.321913,0.397745,0.562937,0.351445,0.513698,0.476824,0.459832,0.235979,0.421963,0.215449,0.292275,0.259969,0.298675,0.146833,0.176571,0.371328,0.439951,0.317943,0.365348,0.509751,0.295220,0.300489
0.413736,0.610505,0.489220,0.607923,-0.135341,0.326526,0.483148,0.000000,-0.222871,0.379728,0.298792,0.599012,0.378244,0.549765,0.304570,0.559402,0.447030,0.384206,0.579597,0.532115,0.221417,0.186374,0.583829,0.556579,0.334820,0.423717,-0.052351,0.055807,0.472518,0.273346,0.472700,0.499241,0.583239,0.538453,0.520496,0.407213,0.464829,0.546423,0.395493,0.521988,0.400060,0.096116,0.478877,0.504583,0.480390,0.478423,0.277376,0.523783,0.415370,0.443070,0.255491,0.549530,-0.121899,0.421257,0.155241,0.536057,0.470103,0.583619,0.469913,0.496159,0.458387,0.569099,0.496759,0.525740,0.603666,0.594045,0.601503,0.507088,0.541064,0.344156,0.206141,0.462987,0.359459,0.218304,0.007068,0.444395,0.497431,0.580998,-0.063940,0.534893,0.032121,0.537122,0.094888,0.524618,0.080172,0.522760,-0.143400,0.496886,-0.181130,0.419607,-0.006227,0.320931,-0.125300,0.180584,0.386574,0.412789,0.508055,0.536809,0.499524,0.580822,0.249801,0.511965,0.312869,0.459358,0.014688,0.523695,0.010374,0.386976,0.149128,0.293130,0.401879,0.208697,0.228270,0.476116,0.121521,0.215198
-0.040890,-0.196904,-0.078136,-0.216720,0.277008,0.020722,-0.026383,-0.222871,0.000000,0.021779,-0.069057,-0.241546,0.061835,-0.199002,0.011234,-0.139075,-0.058735,0.020748,-0.166185,-0.109787,-0.025300,-0.050784,-0.123362,-0.173384,0.062891,-0.035691,0.142216,0.135738,-0.115341,-0.029032,-0.103315,-0.131989,-0.174028,-0.135409,-0.161573,-0.137781,-0.090987,-0.170720,-0.104527,-0.189403,-0.073600,0.017094,-0.075251,-0.051344,-0.075253,-0.098997,-0.013022,-0.147104,-0.113218,-0.067371,-0.046271,-0.162107,0.082299,-0.174351,0.040345,-0.183323,-0.061338,-0.185050,-0.108366,-0.169571,-0.121593,-0.219309,-0.091264,-0.244208,-0.200659,-0.179693,-0.164609,-0.117333,-0.137501,-0.040999,0.020786,-0.152105,-0.054391,0.061912,0.129704,-0.181863,-0.129609,-0.227172,0.199439,-0.141032,0.097588,-0.128319,0.035763,-0.166882,0.066905,-0.160854,0.194470,-0.129580,0.116772,-0.160647,0.005812,-0.168424,0.041240,-0.139111,-0.039296,-0.098905,-0.105580,-0.212493,-0.188133,-0.203866,-0.034746,-0.248470,-0.051829,-0.173329,0.054721,-0.204474,0.023446,-0.176114,-0.007365,0.002696,-0.168051,-0.082241,-0.069000,-0.139122,0.012350,-0.079152
0.179904,0.379927,0.358036,0.475823,-0.095983,0.580235,0.289505,0.379728,0.021779,0.000000,0.201973,0.296785,0.253944,0.191229,0.524712,0.431838,0.433183,0.210539,0.455702,0.307407,0.255354,0.168527,0.392684,0.531421,0.469226,0.483376,0.003693,0.207260,0.482005,0.070875,0.489896,0.481933,0.326490,0.318727,0.279591,0.189392,0.339981,0.450904,0.169732,0.324085,0.357713,0.172289,0.191972,0.322461,0.256979,0.341216,-0.046928,0.282702,0.094411,0.181645,-0.087937,0.312499,-0.346342,0.335160,0.001285,0.426062,0.294089,0.329202,0.133936,0.150398,0.148895,0.228977,0.440992,0.313096,0.348355,0.335983,0.295409,0.202238,0.205892,-0.012753,0.087825,0.498643,0.460592,0.117625,-0.098139,0.375726,0.302194,0.425544,-0.125975,0.429121,-0.122011,0.454681,-0.060622,0.432451,-0.081782,0.473455,-0.154207,0.467757,-0.305937,0.441245,-0.368085,-0.139480,-0.448079,-0.259810,0.409930,0.305406,0.344458,0.481469,0.138720,0.263881,0.103820,0.168023,0.383377,0.492054,-0.205927,0.400254,-0.118663,0.487914,0.081795,0.152829,0.064702,-0.206147,-0.146661,0.106653,-0.241578,0.025325
0.451763,0.286166,0.490709,0.281991,0.196311,0.278842,0.433833,0.298792,-0.069057,0.201973,0.000000,0.401297,0.483113,0.259675,0.053483,0.274385,0.249518,0.305411,0.318811,0.423138,0.190870,0.149890,0.406166,0.324455,0.341959,0.244209,0.056314,0.196079,0.289415,0.347353,0.383909,0.277550,0.374585,0.381375,0.332615,0.343270,0.382810,0.169996,0.378520,0.176044,0.222225,0.165751,0.195112,0.274828,0.238023,0.288713,0.244094,0.187749,0.272048,0.299382,0.232620,0.209377,0.139366,-0.072820,0.394030,0.164246,0.399322,0.197386,0.371027,0.287087,0.362477,0.261950,0.255597,0.330235,0.288274,0.317628,0.365096,0.386595,0.374787,0.373763,0.433120,0.177003,0.085153,0.363530,0.390541,0.069697,0.431866,0.300180,0.247283,0.118101,0.318656,0.131607,0.324341,0.128962,0.380655,0.103420,0.255751,0.053699,0.192091,-0.015204,0.090093,0.057086,-0.045509,-0.078296,0.223865,0.292186,0.450544,0.254761,0.378400,0.333844,0.483120,0.068698,0.429243,0.126164,0.240746,0.081307,0.256757,0.094593,0.116480,0.279449,0.347352,0.186337,0.268838,0.348069,0.206583,0.170363
0.456612,0.572876,0.488230,0.531320,-0.042275,0.266811,0.478603,0.599012,-0.241546,0.296785,0.401297,0.000000,0.406792,0.580938,0.179779,0.532786,0.419471,0.442090,0.508141,0.547321,0.193606,0.145912,0.549654,0.496875,0.322295,0.365050,-0.018722,0.051779,0.414888,0.376893,0.443151,0.439354,0.573601,0.542273,0.494917,0.430209,0.458867,0.453877,0.423248,0.456275,0.354858,0.131194,0.453958,0.478106,0.470814,0.473572,0.345552,0.484233,0.449636,0.481290,0.333148,0.514282,0.006899,0.298360,0.266898,0.457292,0.496387,0.540993,0.513059,0.518821,0.494890,0.572107,0.459199,0.569007,0.553292,0.557976,0.586302,0.525172,0.557208,0.429294,0.281671,0.367677,0.250984,0.273375,0.122627,0.362844,0.493365,0.527460,0.032860,0.436845,0.153353,0.452580,0.187347,0.426868,0.187906,0.410760,-0.029620,0.380099,-0.044878,0.286464,0.102002,0.353172,-0.031534,0.200176,0.307647,0.380360,0.510560,0.458444,0.542516,0.573553,0.353330,0.460401,0.319248,0.349990,0.102569,0.392571,0.102487,0.266578,0.182971,0.324098,0.445779,0.291989,0.323549,0.499850,0.197245,0.241338
0.587630,0.411602,0.554666,0.341887,0.152132,0.310915,0.580378,0.378244,0.061835,0.253944,0.483113,0.406792,0.000000,0.306615,0.156842,0.350397,0.348999,0.424869,0.419577,0.534484,0.211906,0.169742,0.504110,0.376951,0.386400,0.358270,0.024358,0.295491,0.320484,0.330701,0.415114,0.371987,0.466687,0.477863,0.407261,0.376816,0.432080,0.256789,0.388882,0.227719,0.310694,0.148835,0.417003,0.477102,0.405379,0.438269,0.381489,0.346651,0.400630,0.412719,0.329736,0.363159,0.159880,0.077304,0.389315,0.273101,0.546783,0.362695,0.461513,0.364085,0.475238,0.334946,0.404089,0.291967,0.383351,0.419973,0.442504,0.476168,0.484844,0.439786,0.474164,0.293395,0.235072,0.486962,0.331873,0.097407,0.531610,0.348452,0.309886,0.235311,0.363359,0.270903,0.341153,0.210978,0.384306,0.213786,0.207665,0.147638,0.151356,0.081330,0.106521,0.094593,-0.028565,-0.038606,0.294977,0.346505,0.505825,0.289657,0.432364,0.373632,0.460668,0.131282,0.397932,0.170621,0.251841,0.175995,0.238435,0.101716,0.169574,0.355696,0.354365,0.232267,0.302370,0.423293,0.266175,0.258388
0.381636,0.521650,0.365213,0.434499,-0.031819,0.097820,0.389521,0.549765,-0.199002,0.191229,0.259675,0.580938,0.306615,0.000000,0.059165,0.501497,0.328919,0.419943,0.395975,0.467497,0.131401,0.077329,0.457396,0.372855,0.177904,0.215234,-0.018070,-0.050476,0.302063,0.345805,0.273797,0.311962,0.500108,0.485815,0.439043,0.351172,0.385383,0.415747,0.377678,0.438787,0.294469,0.084758,0.473329,0.420457,0.475065,0.417151,0.391512,0.463357,0.493088,0.502930,0.407408,0.523301,0.065451,0.316768,0.213886,0.406205,0.419519,0.544692,0.526368,0.574694,0.489052,0.606686,0.383483,0.541436,0.511965,0.518085,0.557901,0.492690,0.518703,0.433578,0.168483,0.252005,0.155849,0.165579,0.067728,0.315726,0.384558,0.434276,0.000377,0.417331,0.121847,0.426472,0.145437,0.408462,0.133532,0.374845,-0.054280,0.355390,-0.026709,0.250377,0.222057,0.485623,0.133016,0.387771,0.221778,0.306727,0.412551,0.360984,0.517852,0.532239,0.248904,0.540153,0.121440,0.255019,0.136208,0.378906,0.069079,0.158578,0.137287,0.309915,0.435796,0.394139,0.403582,0.484633,0.266229,0.242849
0.034043,0.330856,0.217030,0.447626,-0.306567,0.514870,0.157280,0.304570,0.011234,0.524712,0.053483,0.179779,0.156842,0.059165,0.000000,0.362533,0.465321,0.120583,0.440879,0.173177,0.289241,0.173649,0.304000,0.486529,0.358820,0.509626,-0.048982,0.172759,0.525331,-0.026735,0.454754,0.499111,0.250380,0.209922,0.182575,0.119828,0.260836,0.468758,0.034815,0.290472,0.372532,0.224435,0.133271,0.270260,0.187334,0.279212,-0.187726,0.264630,-0.038912,0.034922,-0.266048,0.254047,-0.500811,0.425675,-0.194168,0.445802,0.166258,0.280064,-0.026495,-0.014707,-0.002171,0.106744,0.433718,0.190128,0.299941,0.252743,0.178626,0.051835,0.074348,-0.194449,-0.077806,0.546228,0.556025,0.054499,-0.286649,0.432333,0.202683,0.391857,-0.225010,0.426418,-0.281879,0.472143,-0.235068,0.438520,-0.246777,0.504671,-0.350353,0.506075,-0.481633,0.534566,-0.521882,-0.222611,-0.560026,-0.327987,0.449535,0.290266,0.247535,0.498512,-0.017858,0.180160,-0.046692,0.129939,0.318316,0.556472,-0.401733,0.422602,-0.302098,0.558088,0.104650,0.091271,-0.082901,-0.380815,-0.316376,-0.003959,-0.387996,-0.085374
0.351303,0.535104,0.433412,0.542179,-0.099849,0.382985,0.422320,0.559402,-0.139075,0.431838,0.274385,0.532786,0.350397,0.501497,0.362533,0.000000,0.524608,0.426592,0.512783,0.460883,0.382167,0.248959,0.527811,0.541655,0.426180,0.451486,0.066804,0.109909,0.515174,0.377469,0.474387,0.485768,0.516684,0.500735,0.440863,0.305203,0.517647,0.554415,0.375896,0.486485,0.490450,0.312116,0.475557,0.502996,0.497364,0.495000,0.288071,0.524208,0.389334,0.425810,0.226656,0.529929,-0.136685,0.402323,0.169226,0.515450,0.435082,0.527380,0.407407,0.443773,0.410729,0.498637,0.514380,0.507208,0.545477,0.532321,0.530174,0.450700,0.441302,0.254565,0.167990,0.460263,0.381715,0.202077,-0.012901,0.404305,0.421771,0.518478,0.016423,0.526324,0.048045,0.547936,0.098128,0.541824,0.062636,0.514413,-0.128309,0.498099,-0.184336,0.407799,-0.056281,0.250656,-0.161998,0.098102,0.474972,0.448874,0.505566,0.528488,0.420588,0.496193,0.225021,0.445848,0.289621,0.437538,-0.047861,0.443672,-0.019451,0.373726,0.180466,0.346005,0.275932,0.132671,0.181803,0.374005,0.036161,0.149492
0.274560,0.495771,0.343945,0.485237,-0.235310,0.433356,0.332809,0.447030,-0.058735,0.433183,0.249518,0.419471,0.348999,0.328919,0.465321,0.524608,0.000000,0.460742,0.479422,0.397019,0.335998,0.185369,0.432935,0.507123,0.393864,0.521577,-0.023254,0.168147,0.588083,0.313878,0.479626,0.529509,0.432595,0.426065,0.321855,0.268777,0.433253,0.513736,0.242636,0.371144,0.473087,0.333802,0.402223,0.472695,0.451408,0.498416,0.171973,0.471494,0.274875,0.346225,0.078296,0.473711,-0.236370,0.421486,0.077216,0.508531,0.417538,0.476834,0.278435,0.280342,0.283724,0.350414,0.580057,0.435722,0.434237,0.401885,0.389453,0.302304,0.316721,0.127950,0.104188,0.507003,0.495130,0.260139,-0.056621,0.418948,0.366339,0.460712,0.028587,0.501511,-0.012138,0.554796,-0.021283,0.468432,-0.036859,0.496343,-0.219273,0.464708,-0.274844,0.444794,-0.232214,0.047879,-0.321050,-0.111935,0.488463,0.418420,0.442134,0.504960,0.283113,0.368084,0.189940,0.281233,0.328298,0.471677,-0.181561,0.394640,-0.114710,0.412007,0.205939,0.329219,0.136506,-0.065810,0.026459,0.244955,-0.102782,0.066538
0.429709,0.432806,0.371382,0.306364,0.008960,0.222095,0.420560,0.384206,0.020748,0.210539,0.305411,0.442090,0.424869,0.419943,0.120583,0.426592,0.460742,0.000000,0.329702,0.465846,0.167028,0.049823,0.409648,0.334164,0.338127,0.371561,-0.000425,0.201652,0.326745,0.433672,0.335885,0.373850,0.454383,0.506245,0.384113,0.381217,0.402122,0.308623,0.316501,0.254033,0.340278,0.247388,0.486137,0.501381,0.473779,0.515822,0.449240,0.444430,0.423476,0.499117,0.355273,0.435463,0.129307,0.192697,0.341368,0.343451,0.507822,0.430690,0.434136,0.411668,0.442827,0.398964,0.455767,0.448473,0.364646,0.395902,0.443978,0.466609,0.428211,0.408983,0.301247,0.270806,0.235678,0.416137,0.220642,0.240223,0.403948,0.336230,0.236676,0.333216,0.285547,0.378910,0.244858,0.248008,0.226705,0.251630,0.063687,0.204567,0.084189,0.145825,0.148877,0.243140,0.026158,0.079742,0.247068,0.274642,0.425490,0.269352,0.453683,0.395265,0.367022,0.247440,0.254657,0.182640,0.120413,0.158125,0.141647,0.081263,0.190795,0.361765,0.294530,0.265317,0.318903,0.379062,0.204125,0.133569
0.411685,0.567005,0.526264,0.612747,-0.154295,0.445144,0.494313,0.579597,-0.166185,0.455702,0.318811,0.508141,0.419577,0.395975,0.440879,0.512783,0.479422,0.329702,0.000000,0.506979,0.263880,0.207275,0.597111,0.596915,0.409975,0.506296,-0.048974,0.166226,0.534660,0.206825,0.560311,0.567017,0.571663,0.515031,0.503879,0.406543,0.466142,0.543918,0.343051,0.471338,0.420628,0.141369,0.407122,0.486797,0.410248,0.453601,0.156224,0.453668,0.303676,0.327732,0.101904,0.465371,-0.224757,0.400375,0.102711,0.530069,0.454977,0.507850,0.358720,0.354067,0.371903,0.444242,0.513264,0.429283,0.567990,0.556236,0.530951,0.434092,0.475164,0.236381,0.238970,0.544806,0.464243,0.263089,-0.007949,0.440937,0.520702,0.582698,-0.060941,0.517047,0.002076,0.532153,0.065562,0.500154,0.070403,0.523404,-0.153719,0.501933,-0.242174,0.449277,-0.168084,0.127767,-0.289342,-0.026748,0.454748,0.444390,0.520327,0.578142,0.395570,0.518422,0.237725,0.371672,0.413510,0.520034,-0.061892,0.520810,-0.027438,0.470441,0.160918,0.284099,0.311994,0.049936,0.095223,0.400567,-0.001535,0.145766
0.583513,0.548392,0.581147,0.473600,0.059697,0.337011,0.593704,0.532115,-0.109787,0.307407,0.423138,0.547321,0.534484,0.467497,0.173177,0.460883,0.397019,0.465846,0.506979,0.000000,0.187243,0.185988,0.569100,0.466568,0.389295,0.389826,-0.017298,0.206497,0.366120,0.366299,0.456337,0.424926,0.573996,0.566792,0.466749,0.407481,0.463405,0.366643,0.453430,0.363013,0.322962,0.075276,0.510294,0.563914,0.515397,0.521498,0.421584,0.459623,0.495468,0.504901,0.404215,0.494069,0.132608,0.193358,0.372610,0.368110,0.606142,0.507588,0.557757,0.522866,0.560826,0.495470,0.469626,0.486939,0.486137,0.511861,0.566624,0.567302,0.597825,0.506209,0.443057,0.338800,0.241743,0.410767,0.250301,0.220387,0.535015,0.450582,0.195285,0.364301,0.313632,0.381812,0.324879,0.333021,0.334798,0.321439,0.118966,0.274293,0.088019,0.179268,0.120357,0.210599,-0.017044,0.088679,0.310171,0.405172,0.542492,0.389416,0.524447,0.487329,0.449825,0.291232,0.406901,0.257569,0.256650,0.318437,0.223228,0.180930,0.162154,0.377625,0.439000,0.304040,0.370440,0.505039,0.276237,0.303631
0.170264,0.198486,0.255735,0.267832,-0.000357,0.290082,0.234157,0.221417,-0.025300,0.255354,0.190870,0.193606,0.211906,0.131401,0.289241,0.382167,0.335998,0.167028,0.263880,0.187243,0.000000,0.534337,0.272117,0.285414,0.367693,0.283506,0.241149,0.181317,0.361512,0.302702,0.295114,0.220496,0.209475,0.164595,0.170360,0.028025,0.438755,0.341900,0.331651,0.333926,0.479472,0.388740,0.246518,0.285004,0.273610,0.235664,0.141530,0.319833,0.159300,0.137508,0.054107,0.225385,-0.097783,0.157924,0.156500,0.269117,0.190409,0.185268,0.143890,0.154743,0.169501,0.131804,0.277052,0.174708,0.267200,0.240676,0.224650,0.186939,0.165232,0.049223,0.110462,0.240812,0.230228,0.082514,-0.006516,0.125459,0.200262,0.208063,0.158273,0.277067,0.075076,0.271062,0.140244,0.375624,0.077109,0.265310,-0.014719,0.279050,-0.096669,0.202330,-0.119250,0.006594,-0.168705,-0.100684,0.447386,0.371382,0.345856,0.333265,0.152670,0.222075,0.146241,0.144259,0.230693,0.258689,-0.040901,0.208946,0.003016,0.276559,0.076618,0.136293,0.059703,-0.052207,0.039696,0.166413,-0.033056,0.064476
0.181220,0.157451,0.243467,0.211812,0.046992,0.214210,0.220638,0.186374,-0.050784,0.168527,0.149890,0.145912,0.169742,0.077329,0.173649,0.248959,0.185369,0.049823,0.207275,0.185988,0.534337,0.000000,0.220256,0.200424,0.292700,0.196115,0.178142,0.148807,0.233998,0.209398,0.196829,0.101363,0.148311,0.066513,0.142440,-0.024632,0.351509,0.244836,0.376868,0.332893,0.373641,0.102400,0.196360,0.246168,0.213642,0.152703,0.141518,0.283415,0.146404,0.118216,0.091927,0.167755,-0.013980,0.065362,0.198010,0.184448,0.167911,0.130819,0.138522,0.145683,0.151391,0.070195,0.162876,0.100786,0.198602,0.165720,0.183535,0.167020,0.175691,0.100915,0.160608,0.145482,0.126480,0.061892,0.034538,0.043021,0.190876,0.158139,0.155112,0.196239,0.099188,0.142172,0.230903,0.320250,0.112533,0.160940,0.041422,0.181238,-0.015187,0.107685,-0.049638,0.001497,-0.092388,-0.051659,0.375111,0.362954,0.285453,0.242646,0.167277,0.215110,0.162672,0.100304,0.216892,0.167125,0.079302,0.181981,0.072607,0.221930,-0.029536,0.025422,0.093980,-0.013883,0.050302,0.188474,0.091247,0.132029
0.516827,0.548402,0.599734,0.573030,0.013164,0.394132,0.587507,0.583829,-0.123362,0.392684,0.406166,0.549654,0.504110,0.457396,0.304000,0.527811,0.432935,0.409648,0.597111,0.569100,0.272117,0.220256,0.000000,0.562537,0.456588,0.459380,0.022722,0.182891,0.455615,0.337288,0.548486,0.510375,0.612915,0.576559,0.562758,0.461538,0.527376,0.479231,0.449662,0.462853,0.418345,0.157129,0.472668,0.532196,0.467380,0.485756,0.309127,0.465194,0.410885,0.420418,0.259793,0.469255,-0.040443,0.276278,0.283581,0.462536,0.522216,0.493290,0.479097,0.450594,0.495241,0.488468,0.479975,0.451734,0.577486,0.588239,0.599038,0.553684,0.560472,0.385905,0.371307,0.440439,0.339004,0.338513,0.150489,0.359260,0.566519,0.546088,0.095813,0.457789,0.187393,0.467457,0.241658,0.439804,0.247467,0.431732,0.026543,0.410140,-0.050408,0.307062,0.008398,0.211053,-0.137926,0.049172,0.420279,0.448292,0.582183,0.507272,0.500171,0.552997,0.365807,0.368660,0.429837,0.400725,0.113985,0.425899,0.139509,0.335899,0.179215,0.351055,0.420998,0.215609,0.262109,0.492310,0.148095,0.221012
0.339355,0.540983,0.495871,0.612779,-0.184498,0.515024,0.437247,0.556579,-0.173384,0.531421,0.324455,0.496875,0.376951,0.372855,0.486529,0.541655,0.507123,0.334164,0.596915,0.466568,0.285414,0.200424,0.562537,0.000000,0.464040,0.550255,-0.046546,0.173826,0.562789,0.196084,0.583234,0.598385,0.523570,0.491175,0.473817,0.390171,0.466586,0.552021,0.310375,0.450059,0.444773,0.187796,0.349361,0.459739,0.391897,0.470352,0.099342,0.439975,0.255927,0.317864,0.043380,0.448626,-0.285802,0.399212,0.087609,0.535905,0.420309,0.477565,0.306279,0.311781,0.321195,0.400279,0.529477,0.443987,0.531025,0.522453,0.493287,0.399214,0.406075,0.168585,0.185227,0.568015,0.497159,0.239341,-0.046016,0.472252,0.466863,0.572216,-0.109037,0.510979,-0.049873,0.540400,0.018148,0.511886,0.011825,0.546166,-0.180531,0.522427,-0.281758,0.476095,-0.254542,0.040710,-0.376209,-0.117810,0.461674,0.413725,0.491806,0.591441,0.336682,0.464211,0.227603,0.332774,0.441955,0.549960,-0.136513,0.491856,-0.062725,0.510843,0.155611,0.245326,0.263347,-0.043970,0.018779,0.310987,-0.097145,0.112494
0.352490,0.309746,0.478096,0.392223,0.152252,0.520831,0.435664,0.334820,0.062891,0.469226,0.341959,0.322295,0.386400,0.177904,0.358820,0.426180,0.393864,0.338127,0.409975,0.389295,0.367693,0.292700,0.456588,0.464040,0.000000,0.486094,0.202586,0.319997,0.386847,0.342420,0.524631,0.411985,0.394300,0.395126,0.369347,0.287171,0.476888,0.336139,0.373209,0.318101,0.416194,0.276412,0.283042,0.410436,0.318136,0.378178,0.180733,0.309277,0.199681,0.240671,0.079437,0.236113,-0.065006,0.089219,0.316109,0.314527,0.385224,0.230322,0.238679,0.195892,0.285705,0.190042,0.374041,0.294384,0.326848,0.341798,0.356627,0.360602,0.323525,0.188271,0.349399,0.355739,0.292959,0.306833,0.169587,0.240181,0.399106,0.357198,0.212155,0.327482,0.213117,0.322096,0.275596,0.313505,0.234291,0.276748,0.150800,0.291953,0.011267,0.191210,-0.135698,-0.082068,-0.265985,-0.250634,0.421331,0.365191,0.473308,0.385493,0.277662,0.315617,0.340656,0.080944,0.490929,0.316378,0.034209,0.192370,0.183051,0.302682,0.170195,0.227113,0.190896,-0.013606,0.062613,0.245352,-0.051539,0.112454
0.282726,0.451371,0.401073,0.492345,-0.213124,0.528855,0.371570,0.423717,-0.035691,0.483376,0.244209,0.365050,0.358270,0.215234,0.509626,0.451486,0.521577,0.371561,0.506296,0.389826,0.283506,0.196115,0.459380,0.550255,0.486094,0.000000,-0.047988,0.308307,0.533766,0.188291,0.547681,0.579074,0.434260,0.424419,0.385745,0.340493,0.399851,0.463932,0.213347,0.324503,0.413825,0.226833,0.323255,0.460535,0.341649,0.446664,0.093131,0.408169,0.173143,0.253377,-0.017206,0.366776,-0.270676,0.354677,0.070328,0.476823,0.379968,0.380357,0.195609,0.179240,0.229513,0.252436,0.507647,0.330297,0.402723,0.407384,0.372318,0.311847,0.295780,0.098685,0.151833,0.521519,0.506353,0.283407,-0.027562,0.409361,0.403307,0.480446,-0.024565,0.442248,-0.027545,0.483417,0.003466,0.404473,-0.002871,0.468702,-0.185444,0.426933,-0.265725,0.426817,-0.296773,-0.084518,-0.411033,-0.242877,0.448415,0.348843,0.426846,0.507049,0.237140,0.340477,0.198715,0.181926,0.430222,0.489242,-0.187146,0.363307,-0.090658,0.448366,0.138285,0.231004,0.138140,-0.133301,-0.061131,0.231837,-0.144189,0.033391
0.026669,-0.122908,0.068844,-0.053497,0.294386,0.032596,0.074634,-0.052351,0.142216,0.003693,0.056314,-0.018722,0.024358,-0.018070,-0.048982,0.066804,-0.023254,-0.000425,-0.048974,-0.017298,0.241149,0.178142,0.022722,-0.046546,0.202586,-0.047988,0.000000,0.056803,-0.035424,0.262892,0.036714,-0.114066,-0.000596,-0.000201,-0.021730,-0.069036,0.128342,-0.042358,0.115901,0.050735,0.088432,0.227574,0.019722,0.005350,0.030439,-0.062825,0.083857,-0.027970,0.022977,-0.058807,0.051084,-0.109089,0.142416,-0.181232,0.164357,-0.110132,-0.041268,-0.119323,-0.000836,0.004049,0.015717,-0.034833,-0.113677,-0.025885,-0.028626,-0.012771,0.012487,0.059412,0.013246,0.041422,0.097295,-0.160326,-0.162684,-0.072528,0.160189,-0.144205,-0.045077,-0.119450,0.274886,-0.053445,0.187396,-0.078457,0.170556,-0.036594,0.181130,-0.104784,0.272323,-0.043847,0.183365,-0.156516,0.121467,0.025597,0.117935,0.000695,0.060837,0.033489,0.079724,-0.063019,-0.001438,-0.001449,0.068977,-0.060209,0.032945,-0.098467,0.094259,-0.143626,0.205659,-0.108829,0.219947,0.103801,0.011776,0.098019,0.112889,0.041281,0.038554,0.051674
0.243306,0.126849,0.244806,0.090375,0.062287,0.314496,0.259009,0.055807,0.135738,0.207260,0.196079,0.051779,0.295491,-0.050476,0.172759,0.109909,0.168147,0.201652,0.166226,0.206497,0.181317,0.148807,0.182891,0.173826,0.319997,0.308307,0.056803,0.000000,0.166567,0.110494,0.253886,0.227386,0.153329,0.204221,0.156463,0.162850,0.190658,0.077750,0.105786,0.015745,0.177494,0.129522,0.126418,0.223252,0.094338,0.200079,0.111616,0.086976,0.057891,0.080998,0.018499,0.048426,0.022617,-0.031280,0.177279,0.086475,0.219319,0.055316,0.072213,-0.003577,0.098262,-0.042403,0.170357,0.026298,0.061175,0.091620,0.088809,0.144138,0.128555,0.123476,0.259659,0.180701,0.209590,0.324429,0.206185,-0.003465,0.247778,0.119491,0.203067,0.051202,0.175430,0.090392,0.163087,0.045070,0.176059,0.055224,0.118534,0.015915,0.058968,0.021272,-0.088340,-0.201756,-0.156939,-0.279381,0.155360,0.111686,0.195904,0.103489,0.072397,0.045438,0.201008,-0.148228,0.275863,0.083174,0.027902,-0.035168,0.072728,0.085182,0.022806,0.095155,0.015650,-0.051847,0.002298,0.091825,-0.003092,-0.016172
0.231135,0.496765,0.367927,0.541873,-0.288400,0.481885,0.317772,0.472518,-0.115341,0.482005,0.289415,0.414888,0.320484,0.302063,0.525331,0.515174,0.588083,0.326745,0.534660,0.366120,0.361512,0.233998,0.455615,0.562789,0.386847,0.533766,-0.035424,0.166567,0.000000,0.216038,0.513114,0.563578,0.428141,0.402211,0.344702,0.276205,0.429341,0.561920,0.228490,0.414814,0.479340,0.296401,0.319591,0.405431,0.372392,0.429074,0.051733,0.427392,0.204178,0.259618,-0.031702,0.434855,-0.355587,0.452164,-0.015033,0.532409,0.349316,0.453541,0.220286,0.235769,0.217224,0.334194,0.539976,0.402073,0.460954,0.427227,0.390591,0.262837,0.287404,0.057694,0.048424,0.553046,0.541380,0.190533,-0.095305,0.462579,0.368384,0.508542,-0.094281,0.512144,-0.128412,0.554558,-0.103531,0.517836,-0.103432,0.553641,-0.287142,0.520850,-0.375365,0.515853,-0.330145,-0.005757,-0.411617,-0.149672,0.531174,0.443960,0.442582,0.580195,0.228961,0.374176,0.138889,0.298120,0.358116,0.555505,-0.248907,0.476058,-0.193988,0.520745,0.159902,0.276348,0.141964,-0.146554,-0.055718,0.225459,-0.160381,0.033520
0.385459,0.244545,0.347549,0.193287,0.217228,0.136834,0.371537,0.273346,-0.029032,0.070875,0.347353,0.376893,0.330701,0.345805,-0.026735,0.377469,0.313878,0.433672,0.206825,0.366299,0.302702,0.209398,0.337288,0.196084,0.342420,0.188291,0.262892,0.110494,0.216038,0.000000,0.268718,0.150004,0.369379,0.379745,0.261961,0.221917,0.416101,0.158116,0.388794,0.215842,0.282480,0.319453,0.378288,0.363312,0.394147,0.325496,0.441934,0.305971,0.399192,0.357114,0.396064,0.268398,0.284677,-0.043571,0.446391,0.125790,0.376057,0.235450,0.414206,0.375403,0.422334,0.308347,0.231029,0.370333,0.285129,0.287111,0.369308,0.415886,0.388301,0.401191,0.361122,0.042297,-0.027946,0.274166,0.325065,0.035307,0.280448,0.166694,0.436385,0.174724,0.425912,0.173397,0.386187,0.140027,0.391260,0.052641,0.278629,0.060264,0.264648,-0.079483,0.277194,0.266087,0.180927,0.141892,0.257450,0.325533,0.425815,0.164730,0.405170,0.327396,0.379652,0.166038,0.212702,0.002196,0.260851,0.000231,0.318726,-0.061708,0.252745,0.416975,0.313084,0.358595,0.409116,0.380119,0.263137,0.190583
0.366645,0.458707,0.519177,0.547191,-0.055424,0.539692,0.464653,0.472700,-0.103315,0.489896,0.383909,0.443151,0.415114,0.273797,0.454754,0.474387,0.479626,0.335885,0.560311,0.456337,0.295114,0.196829,0.548486,0.583234,0.524631,0.547681,0.036714,0.253886,0.513114,0.268718,0.000000,0.574598,0.515783,0.489723,0.434677,0.392568,0.470201,0.449333,0.324272,0.367593,0.403855,0.248439,0.304401,0.441852,0.346347,0.441140,0.106958,0.353017,0.213314,0.266712,0.040424,0.347133,-0.201927,0.249519,0.182740,0.440854,0.421881,0.368684,0.293772,0.247047,0.332016,0.325233,0.490035,0.409911,0.460338,0.460642,0.446041,0.392663,0.387229,0.176504,0.288534,0.491888,0.405579,0.280810,0.055190,0.380288,0.466084,0.505225,0.030162,0.414315,0.085507,0.444149,0.129712,0.394748,0.148060,0.426734,-0.032228,0.409298,-0.151959,0.351685,-0.230976,-0.048447,-0.370329,-0.219884,0.446736,0.409761,0.515037,0.524893,0.320221,0.410070,0.313878,0.196432,0.525090,0.472639,-0.078340,0.354937,0.053244,0.430687,0.177194,0.292031,0.250790,-0.038219,0.026995,0.305888,-0.116956,0.095398
0.305758,0.521065,0.429108,0.557615,-0.258387,0.489948,0.394681,0.499241,-0.131989,0.481933,0.277550,0.439354,0.371987,0.311962,0.499111,0.485768,0.529509,0.373850,0.567017,0.424926,0.220496,0.101363,0.510375,0.598385,0.411985,0.579074,-0.114066,0.227386,0.563578,0.150004,0.574598,0.000000,0.495602,0.491039,0.447704,0.418433,0.404923,0.518041,0.215844,0.370057,0.411317,0.203265,0.339764,0.445142,0.354181,0.473674,0.082138,0.408280,0.214154,0.287209,-0.003753,0.423353,-0.311404,0.419098,0.031706,0.535057,0.398395,0.459309,0.254171,0.244867,0.276633,0.358821,0.541048,0.405189,0.479124,0.483450,0.437423,0.348647,0.349418,0.125116,0.134616,0.573872,0.536626,0.275008,-0.065820,0.485284,0.447421,0.551987,-0.115682,0.488064,-0.076134,0.537284,-0.045029,0.448236,-0.034258,0.531252,-0.239362,0.484812,-0.308845,0.490509,-0.285150,-0.009347,-0.403662,-0.168093,0.430541,0.367008,0.444561,0.554248,0.290182,0.402626,0.197433,0.281283,0.417263,0.544565,-0.202109,0.448226,-0.109048,0.485741,0.145661,0.247598,0.210876,-0.087594,-0.028811,0.268757,-0.136522,0.061537
0.508980,0.563846,0.552908,0.545262,-0.025408,0.335056,0.555130,0.583239,-0.174028,0.326490,0.374585,0.573601,0.466687,0.500108,0.250380,0.516684,0.432595,0.454383,0.571663,0.573996,0.209475,0.148311,0.612915,0.523570,0.394300,0.434260,-0.000596,0.153329,0.428141,0.369379,0.515783,0.495602,0.000000,0.612887,0.555589,0.462086,0.476912,0.451435,0.415144,0.426430,0.367550,0.139391,0.495271,0.532041,0.468078,0.486324,0.344686,0.465603,0.433385,0.432714,0.306402,0.488195,0.002433,0.282260,0.268627,0.442528,0.532077,0.516653,0.499446,0.481729,0.515417,0.525643,0.473604,0.501670,0.561036,0.583393,0.604414,0.568008,0.575991,0.415459,0.359570,0.408847,0.304878,0.341202,0.150583,0.348078,0.543430,0.535024,0.098953,0.455249,0.205280,0.460743,0.231601,0.403544,0.240387,0.407703,0.006429,0.370991,-0.032798,0.281862,0.068172,0.276558,-0.069469,0.123156,0.365570,0.421996,0.550567,0.473787,0.518878,0.552489,0.345772,0.388589,0.366241,0.357214,0.127353,0.401334,0.144497,0.275801,0.189275,0.390984,0.423914,0.278012,0.303733,0.509867,0.178142,0.227216
0.508628,0.533935,0.530934,0.487146,0.003639,0.328139,0.546935,0.538453,-0.135409,0.318727,0.381375,0.542273,0.477863,0.485815,0.209922,0.500735,0.426065,0.506245,0.515031,0.566792,0.164595,0.066513,0.576559,0.491175,0.395126,0.424419,-0.000201,0.204221,0.402211,0.379745,0.489723,0.491039,0.612887,0.000000,0.532749,0.466400,0.459679,0.406234,0.375520,0.351746,0.341251,0.172526,0.503377,0.528371,0.466313,0.508694,0.383781,0.435975,0.453691,0.457955,0.334602,0.476711,0.047529,0.252814,0.292288,0.409269,0.539298,0.494159,0.501452,0.483141,0.520186,0.516379,0.474480,0.494687,0.509475,0.557887,0.578557,0.571544,0.549451,0.426305,0.366852,0.382980,0.287506,0.377254,0.201110,0.311310,0.524915,0.494143,0.144373,0.423089,0.249489,0.442058,0.237016,0.342878,0.262987,0.374661,0.043677,0.314613,0.016976,0.244794,0.099071,0.254242,-0.042176,0.102894,0.317134,0.364927,0.528674,0.420880,0.508775,0.493429,0.366545,0.345792,0.354257,0.308089,0.142719,0.333270,0.167640,0.215889,0.173532,0.414882,0.407795,0.295068,0.322112,0.472503,0.178538,0.196211
0.447445,0.469975,0.499208,0.480246,-0.002233,0.261080,0.499722,0.520496,-0.161573,0.279591,0.332615,0.494917,0.407261,0.439043,0.182575,0.440863,0.321855,0.384113,0.503879,0.466749,0.170360,0.142440,0.562758,0.473817,0.369347,0.385745,-0.021730,0.156463,0.344702,0.261961,0.434677,0.447704,0.555589,0.532749,0.000000,0.528689,0.456306,0.421741,0.416972,0.436421,0.371571,0.061951,0.433755,0.444123,0.364986,0.410647,0.318198,0.423871,0.377404,0.379840,0.247463,0.400725,-0.010609,0.253637,0.271489,0.437589,0.417067,0.423126,0.409273,0.410609,0.430504,0.458514,0.365156,0.382890,0.527071,0.568577,0.564335,0.536944,0.500144,0.370745,0.306759,0.362855,0.285434,0.316659,0.151323,0.353476,0.554844,0.520692,0.048045,0.419414,0.142744,0.396765,0.223620,0.371792,0.207359,0.371014,0.006281,0.340199,-0.018916,0.267224,0.101997,0.293116,-0.045378,0.132470,0.324245,0.358112,0.505887,0.429283,0.511971,0.545880,0.316589,0.403599,0.323093,0.339273,0.114100,0.378245,0.155804,0.272547,0.131700,0.248467,0.440219,0.275084,0.273424,0.493966,0.195130,0.198994
0.391468,0.388102,0.428726,0.378460,-0.000150,0.217556,0.424491,0.407213,-0.137781,0.189392,0.343270,0.430209,0.376816,0.351172,0.119828,0.305203,0.268777,0.381217,0.406543,0.407481,0.028025,-0.024632,0.461538,0.390171,0.287171,0.340493,-0.069036,0.162850,0.276205,0.221917,0.392568,0.418433,0.462086,0.466400,0.528689,0.000000,0.351035,0.287270,0.309729,0.311044,0.237261,0.043649,0.304689,0.362138,0.279935,0.381326,0.238423,0.302651,0.294105,0.346294,0.168259,0.275064,0.004456,0.137366,0.271058,0.352866,0.364951,0.326201,0.332423,0.294739,0.342320,0.354648,0.300323,0.347516,0.399062,0.443640,0.448351,0.445151,0.412636,0.345487,0.262620,0.284428,0.229711,0.328935,0.214642,0.330058,0.481369,0.422871,0.015442,0.261819,0.142859,0.297533,0.178773,0.193713,0.213271,0.246731,0.056799,0.243203,0.026244,0.184730,0.082150,0.179951,-0.073474,0.016592,0.174135,0.224277,0.424215,0.333996,0.435421,0.455380,0.397020,0.271840,0.382778,0.286570,0.068121,0.222356,0.167834,0.206532,0.191172,0.158409,0.495062,0.218906,0.245098,0.433021,0.143251,0.166087
0.436382,0.432240,0.506588,0.456299,0.068084,0.362125,0.492471,0.464829,-0.090987,0.339981,0.382810,0.458867,0.432080,0.385383,0.260836,0.517647,0.433253,0.402122,0.466142,0.463405,0.438755,0.351509,0.527376,0.466586,0.476888,0.399851,0.128342,0.190658,0.429341,0.416101,0.470201,0.404923,0.476912,0.459679,0.456306,0.351035,0.000000,0.460755,0.536864,0.484995,0.553226,0.328660,0.454082,0.488936,0.480817,0.471512,0.364145,0.496646,0.418032,0.429453,0.273302,0.428189,0.010433,0.218938,0.371610,0.439531,0.460859,0.397874,0.426519,0.417395,0.454687,0.401558,0.445325,0.421779,0.484930,0.484797,0.511337,0.480136,0.449733,0.323591,0.314104,0.351854,0.265650,0.290699,0.140741,0.285909,0.469844,0.428904,0.187597,0.419830,0.225259,0.406587,0.311497,0.444202,0.272274,0.353343,0.081042,0.368008,0.013355,0.245862,0.029824,0.184853,-0.107428,0.018404,0.496286,0.490201,0.594460,0.484277,0.461677,0.489747,0.402751,0.331709,0.418791,0.349304,0.106980,0.321337,0.162752,0.302641,0.165111,0.317721,0.359847,0.178057,0.273774,0.433212,0.115194,0.207861
0.224307,0.539669,0.345647,0.579062,-0.281840,0.382069,0.320442,0.546423,-0.170720,0.450904,0.169996,0.453877,0.256789,0.415747,0.468758,0.554415,0.513736,0.308623,0.543918,0.366643,0.341900,0.244836,0.479231,0.552021,0.336139,0.463932,-0.042358,0.077750,0.561920,0.158116,0.449333,0.518041,0.451435,0.406234,0.421741,0.287270,0.460755,0.000000,0.300054,0.550908,0.515308,0.237426,0.399652,0.428949,0.422446,0.439426,0.120237,0.516082,0.277149,0.325753,0.050803,0.507659,-0.337653,0.537054,-0.015488,0.605162,0.338769,0.529123,0.277436,0.341016,0.276289,0.442777,0.530094,0.436398,0.538076,0.495410,0.464909,0.321866,0.344028,0.095105,0.001314,0.545221,0.500934,0.110193,-0.194678,0.523109,0.389160,0.556430,-0.191812,0.592343,-0.170083,0.602706,-0.088671,0.617660,-0.136169,0.609174,-0.325494,0.603107,-0.385399,0.563366,-0.229148,0.177550,-0.307440,0.037552,0.504153,0.426448,0.436496,0.601543,0.317706,0.470922,0.089031,0.482476,0.263141,0.575655,-0.226775,0.568196,-0.203272,0.531171,0.136892,0.210328,0.205042,-0.033346,0.018886,0.297084,-0.107718,0.069903
0.461510,0.345936,0.473634,0.337246,0.227826,0.192088,0.469723,0.395493,-0.104527,0.169732,0.378520,0.423248,0.388882,0.377678,0.034815,0.375896,0.242636,0.316501,0.343051,0.453430,0.331651,0.376868,0.449662,0.310375,0.373209,0.213347,0.115901,0.105786,0.228490,0.388794,0.324272,0.215844,0.415144,0.375520,0.416972,0.309729,0.536864,0.300054,0.000000,0.459886,0.402791,0.123948,0.394065,0.412980,0.410917,0.361234,0.415362,0.406472,0.425877,0.423539,0.381358,0.340812,0.199734,0.045145,0.469027,0.292129,0.433691,0.310942,0.458927,0.437798,0.476860,0.366421,0.287334,0.363837,0.389337,0.401477,0.468566,0.484598,0.471601,0.428845,0.392732,0.164714,0.056228,0.283626,0.250584,0.137589,0.446040,0.332823,0.250568,0.274405,0.340000,0.222080,0.455875,0.326149,0.380770,0.173706,0.239445,0.204090,0.199878,0.054046,0.221516,0.271650,0.091227,0.144334,0.347694,0.448723,0.525261,0.321538,0.506895,0.470127,0.449487,0.296399,0.350156,0.160761,0.316351,0.214483,0.311272,0.130072,0.032577,0.226391,0.430113,0.322207,0.388189,0.478485,0.294776,0.318564
0.261877,0.476718,0.355820,0.517687,-0.103262,0.256340,0.341866,0.521988,-0.189403,0.324085,0.176044,0.456275,0.227719,0.438787,0.290472,0.486485,0.371144,0.254033,0.471338,0.363013,0.333926,0.332893,0.462853,0.450059,0.318101,0.324503,0.050735,0.015745,0.414814,0.215842,0.367593,0.370057,0.426430,0.351746,0.436421,0.311044,0.484995,0.550908,0.459886,0.000000,0.487260,0.129119,0.386536,0.395581,0.412399,0.373645,0.194294,0.492124,0.321535,0.346381,0.143252,0.434122,-0.182499,0.391450,0.125516,0.531579,0.318614,0.463621,0.321660,0.378469,0.319973,0.434081,0.398694,0.418971,0.504465,0.463771,0.477251,0.364104,0.391435,0.200051,0.079141,0.391421,0.316937,0.088171,-0.090805,0.447960,0.387415,0.492215,-0.098608,0.514015,-0.050803,0.480713,0.087581,0.565819,-0.008862,0.470914,-0.148249,0.522041,-0.210326,0.418126,-0.049065,0.287248,-0.139721,0.154461,0.448147,0.445739,0.451017,0.515962,0.400815,0.528494,0.180897,0.509255,0.261701,0.466266,-0.062730,0.495163,-0.018929,0.430732,0.118005,0.136125,0.333266,0.109368,0.151538,0.390523,0.035153,0.172829
0.267711,0.398067,0.346779,0.429287,-0.110206,0.346112,0.332862,0.400060,-0.073600,0.357713,0.222225,0.354858,0.310694,0.294469,0.372532,0.490450,0.473087,0.340278,0.420628,0.322962,0.479472,0.373641,0.418345,0.444773,0.416194,0.413825,0.088432,0.177494,0.479340,0.282480,0.403855,0.411317,0.367550,0.341251,0.371571,0.237261,0.553226,0.515308,0.402791,0.487260,0.000000,0.344060,0.387252,0.415703,0.408841,0.419050,0.223033,0.488898,0.287175,0.318941,0.105791,0.409417,-0.177014,0.348982,0.179967,0.496698,0.341290,0.386570,0.256524,0.286598,0.283603,0.301870,0.461317,0.338234,0.421979,0.402028,0.390786,0.317527,0.293609,0.126748,0.125316,0.428125,0.399298,0.214591,-0.068138,0.358051,0.364736,0.411227,0.049223,0.462064,0.015286,0.461241,0.114866,0.511459,0.027771,0.434637,-0.131124,0.448521,-0.189517,0.377382,-0.141652,0.104960,-0.231964,-0.047051,0.538624,0.455448,0.466983,0.498771,0.307903,0.394202,0.204710,0.322891,0.298486,0.428645,-0.103374,0.374075,-0.056276,0.404188,0.143923,0.204228,0.173728,-0.016239,0.082986,0.274150,-0.042496,0.065119
0.062768,0.102332,0.118224,0.139521,-0.010264,0.215151,0.105858,0.096116,0.017094,0.172289,0.165751,0.131194,0.148835,0.084758,0.224435,0.312116,0.333802,0.247388,0.141369,0.075276,0.388740,0.102400,0.157129,0.187796,0.276412,0.226833,0.227574,0.129522,0.296401,0.319453,0.248439,0.203265,0.139391,0.172526,0.061951,0.043649,0.328660,0.237426,0.123948,0.129119,0.344060,0.000000,0.168982,0.178927,0.213117,0.224264,0.118744,0.204586,0.092778,0.105268,0.006864,0.151252,-0.081837,0.123183,0.084379,0.187295,0.128767,0.108622,0.069134,0.059528,0.099530,0.099324,0.243566,0.167702,0.166137,0.148588,0.119121,0.103156,0.033891,-0.033600,0.034806,0.181205,0.175010,0.097336,-0.010019,0.125115,0.080207,0.114048,0.141768,0.163103,0.077476,0.223070,0.015465,0.187807,0.053255,0.177530,-0.017326,0.177560,-0.068605,0.129815,-0.107513,0.006387,-0.151562,-0.129023,0.295831,0.200861,0.240991,0.230450,0.065662,0.091664,0.091891,0.066857,0.140300,0.168255,-0.146877,0.032874,-0.059083,0.130294,0.219096,0.262375,-0.066187,-0.062813,0.021440,0.018187,-0.171233,-0.079022
0.471480,0.503526,0.408664,0.388327,-0.029221,0.175623,0.480661,0.478877,-0.075251,0.191972,0.195112,0.453958,0.417003,0.473329,0.133271,0.475557,0.402223,0.486137,0.407122,0.510294,0.246518,0.196360,0.472668,0.349361,0.283042,0.323255,0.019722,0.126418,0.319591,0.378288,0.304401,0.339764,0.495271,0.503377,0.433755,0.304689,0.454082,0.399652,0.394065,0.386536,0.387252,0.168982,0.000000,0.582966,0.587514,0.532625,0.527710,0.563250,0.571779,0.540215,0.463312,0.559089,0.150650,0.323904,0.299798,0.404748,0.529642,0.534582,0.526397,0.539531,0.537105,0.511596,0.450964,0.413650,0.472289,0.489687,0.529247,0.521890,0.520060,0.438093,0.284795,0.294620,0.233821,0.316039,0.121022,0.219746,0.428321,0.379881,0.211294,0.434920,0.260008,0.429945,0.254466,0.372268,0.230798,0.352629,0.009441,0.300375,0.035150,0.222948,0.198698,0.357210,0.102900,0.256406,0.330172,0.376512,0.469068,0.342038,0.499987,0.446009,0.299996,0.404684,0.186374,0.219360,0.188549,0.334412,0.146927,0.124275,0.165893,0.390113,0.347963,0.350507,0.385249,0.468935,0.288150,0.274923
0.497407,0.535701,0.496404,0.464491,-0.028906,0.350516,0.534929,0.504583,-0.051344,0.322461,0.274828,0.478106,0.477102,0.420457,0.270260,0.502996,0.472695,0.501381,0.486797,0.563914,0.285004,0.246168,0.532196,0.459739,0.410436,0.460535,0.005350,0.223252,0.405431,0.363312,0.441852,0.445142,0.532041,0.528371,0.444123,0.362138,0.488936,0.428949,0.412980,0.395581,0.415703,0.178927,0.582966,0.000000,0.575174,0.585650,0.436688,0.559801,0.485462,0.526747,0.361272,0.534019,0.061291,0.295355,0.317802,0.443749,0.570310,0.521461,0.491461,0.471734,0.510184,0.455934,0.516510,0.442770,0.484445,0.495961,0.533698,0.531527,0.521206,0.412277,0.338376,0.383944,0.321341,0.368331,0.132451,0.272958,0.479205,0.441027,0.183859,0.424576,0.246497,0.456356,0.265731,0.391297,0.240568,0.389063,0.016730,0.343150,-0.007420,0.266445,0.053890,0.198594,-0.076739,0.057073,0.382869,0.412108,0.525595,0.420213,0.478507,0.465387,0.380154,0.307976,0.370164,0.311777,0.138283,0.340475,0.132349,0.228738,0.173734,0.367940,0.336434,0.221068,0.288840,0.454671,0.192600,0.235893
0.438632,0.508840,0.417106,0.422013,-0.029220,0.237131,0.454608,0.480390,-0.075253,0.256979,0.238023,0.470814,0.405379,0.475065,0.187334,0.497364,0.451408,0.473779,0.410248,0.515397,0.273610,0.213642,0.467380,0.391897,0.318136,0.341649,0.030439,0.094338,0.372392,0.394147,0.346347,0.354181,0.468078,0.466313,0.364986,0.279935,0.480817,0.422446,0.410917,0.412399,0.408841,0.213117,0.587514,0.575174,0.000000,0.575739,0.457899,0.559940,0.555228,0.560075,0.419951,0.564864,0.094639,0.315950,0.291146,0.417236,0.531078,0.534740,0.526825,0.528470,0.521708,0.502110,0.487497,0.470012,0.481979,0.455552,0.511530,0.479081,0.495591,0.405738,0.254884,0.312036,0.241787,0.268975,0.089086,0.264359,0.382317,0.377253,0.174266,0.429675,0.223195,0.449403,0.224940,0.398292,0.213014,0.372384,0.001345,0.350720,-0.002989,0.244806,0.102935,0.280111,0.012509,0.180889,0.365529,0.408450,0.484737,0.386185,0.450438,0.437602,0.326850,0.375556,0.255027,0.267958,0.147877,0.346803,0.115633,0.176980,0.188536,0.398322,0.334748,0.269018,0.355187,0.429900,0.205279,0.262795
0.439898,0.527538,0.445176,0.456574,-0.086590,0.344436,0.460765,0.478423,-0.098997,0.341216,0.288713,0.473572,0.438269,0.417151,0.279212,0.495000,0.498416,0.515822,0.453601,0.521498,0.235664,0.152703,0.485756,0.470352,0.378178,0.446664,-0.062825,0.200079,0.429074,0.325496,0.441140,0.473674,0.486324,0.508694,0.410647,0.381326,0.471512,0.439426,0.361234,0.373645,0.419050,0.224264,0.532625,0.585650,0.575739,0.000000,0.390334,0.544572,0.473640,0.549490,0.316164,0.544991,0.001406,0.326062,0.281643,0.472201,0.547773,0.518725,0.467169,0.447541,0.476627,0.452933,0.547799,0.480246,0.478746,0.471560,0.492404,0.477440,0.457738,0.350773,0.277325,0.420950,0.350100,0.358829,0.070748,0.333139,0.446322,0.448456,0.102002,0.429342,0.179701,0.481545,0.188551,0.387378,0.177692,0.412390,-0.041111,0.362925,-0.054375,0.303938,-0.016060,0.157461,-0.142817,0.009846,0.365225,0.385060,0.490673,0.434263,0.439082,0.430949,0.376914,0.305950,0.366360,0.347544,0.053383,0.335516,0.079001,0.260771,0.178498,0.347839,0.309875,0.151343,0.234290,0.382222,0.104054,0.190521
0.480053,0.286628,0.329628,0.122267,0.220102,-0.020745,0.416527,0.277376,-0.013022,-0.046928,0.244094,0.345552,0.381489,0.391512,-0.187726,0.288071,0.171973,0.449240,0.156224,0.421584,0.141530,0.141518,0.309127,0.099342,0.180733,0.093131,0.083857,0.111616,0.051733,0.441934,0.106958,0.082138,0.344686,0.383781,0.318198,0.238423,0.364145,0.120237,0.415362,0.194294,0.223033,0.118744,0.527710,0.436688,0.457899,0.390334,0.000000,0.408066,0.559820,0.523607,0.595502,0.384249,0.447704,0.015181,0.494466,0.144049,0.457599,0.322415,0.523985,0.505468,0.529662,0.390840,0.223443,0.306795,0.273747,0.330100,0.407092,0.494507,0.455216,0.542658,0.394626,-0.001485,-0.071130,0.348300,0.333792,-0.056517,0.337587,0.152914,0.397538,0.158790,0.474236,0.134068,0.454888,0.108275,0.434360,0.034873,0.277288,-0.015948,0.353970,-0.115203,0.459748,0.397562,0.361478,0.325744,0.127815,0.247726,0.376366,0.072056,0.509913,0.337592,0.403688,0.245679,0.100235,-0.100072,0.422438,0.028830,0.346422,-0.186357,0.112884,0.354307,0.369061,0.515086,0.532997,0.456312,0.478453,0.296573
0.375081,0.539871,0.375869,0.475154,-0.157503,0.257007,0.404499,0.523783,-0.147104,0.282702,0.187749,0.484233,0.346651,0.463357,0.264630,0.524208,0.471494,0.444430,0.453668,0.459623,0.319833,0.283415,0.465194,0.439975,0.309277,0.408169,-0.027970,0.086976,0.427392,0.305971,0.353017,0.408280,0.465603,0.435975,0.423871,0.302651,0.496646,0.516082,0.406472,0.492124,0.488898,0.204586,0.563250,0.559801,0.559940,0.544572,0.408066,0.000000,0.469318,0.521713,0.324725,0.585671,-0.031387,0.432271,0.216374,0.531625,0.469670,0.553504,0.438721,0.474325,0.438521,0.481467,0.502665,0.450842,0.515332,0.495841,0.515429,0.456631,0.455777,0.325132,0.160497,0.401478,0.345488,0.246937,-0.026069,0.360691,0.420821,0.466416,0.034895,0.505323,0.077027,0.503975,0.136753,0.501054,0.078564,0.464389,-0.147278,0.430792,-0.136695,0.368991,0.033698,0.315252,-0.070780,0.177307,0.418011,0.410528,0.475397,0.470416,0.472667,0.507310,0.255360,0.462548,0.241562,0.376894,0.020393,0.431467,-0.005377,0.304565,0.153143,0.277703,0.304548,0.186769,0.237566,0.425679,0.159344,0.209876
0.485328,0.427012,0.394115,0.295120,0.086135,0.077617,0.448549,0.415370,-0.113218,0.094411,0.272048,0.449636,0.400630,0.493088,-0.038912,0.389334,0.274875,0.423476,0.303676,0.495468,0.159300,0.146404,0.410885,0.255927,0.199681,0.173143,0.022977,0.057891,0.204178,0.399192,0.213314,0.214154,0.433385,0.453691,0.377404,0.294105,0.418032,0.277149,0.425877,0.321535,0.287175,0.092778,0.571779,0.485462,0.555228,0.473640,0.559820,0.469318,0.000000,0.573753,0.560113,0.507635,0.291333,0.188020,0.396484,0.295093,0.509817,0.459372,0.583510,0.584974,0.574025,0.515272,0.351766,0.423706,0.402379,0.432511,0.495789,0.504692,0.516056,0.505939,0.325480,0.152337,0.063923,0.286303,0.226358,0.104106,0.385561,0.285552,0.250310,0.307090,0.349017,0.298238,0.330600,0.256529,0.340863,0.216909,0.138065,0.180379,0.181760,0.076316,0.317583,0.382605,0.227875,0.321582,0.219361,0.328017,0.440684,0.244597,0.513373,0.411006,0.381004,0.367834,0.167716,0.091503,0.321091,0.236069,0.251113,0.000503,0.138060,0.371705,0.441431,0.446526,0.503165,0.489201,0.377464,0.346303
0.469080,0.472088,0.396067,0.338798,0.056827,0.155341,0.438640,0.443070,-0.067371,0.181645,0.299382,0.481290,0.412719,0.502930,0.034922,0.425810,0.346225,0.499117,0.327732,0.504901,0.137508,0.118216,0.420418,0.317864,0.240671,0.253377,-0.058807,0.080998,0.259618,0.357114,0.266712,0.287209,0.432714,0.457955,0.379840,0.346294,0.429453,0.325753,0.423539,0.346381,0.318941,0.105268,0.540215,0.526747,0.560075,0.549490,0.523607,0.521713,0.573753,0.000000,0.502292,0.543197,0.206086,0.229133,0.390877,0.374602,0.531864,0.491450,0.561339,0.552198,0.545859,0.505364,0.429533,0.476558,0.423161,0.434276,0.502408,0.506228,0.493925,0.492238,0.302591,0.228504,0.144444,0.323098,0.190893,0.198184,0.413422,0.356666,0.162080,0.331548,0.281600,0.357680,0.293209,0.303337,0.275761,0.275490,0.088055,0.233383,0.116156,0.145485,0.235376,0.346555,0.115997,0.235965,0.231789,0.317238,0.451296,0.293112,0.531156,0.457914,0.419234,0.367590,0.237901,0.168620,0.239374,0.254392,0.177641,0.073856,0.099719,0.331764,0.416749,0.360580,0.416411,0.466675,0.318570,0.255464
0.454088,0.257487,0.293121,0.087830,0.247635,-0.087194,0.373233,0.255491,-0.046271,-0.087937,0.232620,0.333148,0.329736,0.407408,-0.266048,0.226656,0.078296,0.355273,0.101904,0.404215,0.054107,0.091927,0.259793,0.043380,0.079437,-0.017206,0.051084,0.018499,-0.031702,0.396064,0.040424,-0.003753,0.306402,0.334602,0.247463,0.168259,0.273302,0.050803,0.381358,0.143252,0.105791,0.006864,0.463312,0.361272,0.419951,0.316164,0.595502,0.324725,0.560113,0.502292,0.000000,0.369401,0.494111,-0.020677,0.461968,0.064103,0.418736,0.301077,0.552611,0.532614,0.541421,0.406834,0.156115,0.310305,0.244605,0.282878,0.380511,0.459077,0.454046,0.550606,0.375305,-0.082290,-0.172333,0.256953,0.326675,-0.119611,0.274183,0.097739,0.360305,0.091605,0.463138,0.067513,0.428793,0.059594,0.436097,-0.017436,0.300806,-0.063313,0.384129,-0.173321,0.501451,0.423355,0.429109,0.400357,0.038354,0.200405,0.310609,0.008902,0.482960,0.297896,0.356986,0.238684,0.025484,-0.171339,0.479205,0.017021,0.359611,-0.252950,0.077224,0.346078,0.384914,0.561821,0.568200,0.437547,0.512026,0.337164
0.386854,0.584052,0.374302,0.490705,-0.181837,0.250837,0.401040,0.549530,-0.162107,0.312499,0.209377,0.514282,0.363159,0.523301,0.254047,0.529929,0.473711,0.435463,0.465371,0.494069,0.225385,0.167755,0.469255,0.448626,0.236113,0.366776,-0.109089,0.048426,0.434855,0.268398,0.347133,0.423353,0.488195,0.476711,0.400725,0.275064,0.428189,0.507659,0.340812,0.434122,0.409417,0.151252,0.559089,0.534019,0.564864,0.544991,0.384249,0.585671,0.507635,0.543197,0.369401,0.000000,-0.036017,0.472635,0.156468,0.517316,0.495804,0.609461,0.500331,0.534392,0.482118,0.558481,0.535329,0.504375,0.530349,0.510543,0.529355,0.451209,0.479813,0.339693,0.151623,0.414364,0.345550,0.229597,-0.043443,0.350423,0.408924,0.478255,-0.011707,0.511387,0.058625,0.532055,0.070945,0.490825,0.053174,0.494833,-0.183988,0.431611,-0.162545,0.387007,0.030906,0.327292,-0.054329,0.224490,0.375739,0.397859,0.447190,0.459387,0.461734,0.478516,0.216469,0.476606,0.186370,0.366421,0.032729,0.473001,-0.044761,0.279458,0.113211,0.355374,0.299753,0.216658,0.257677,0.413850,0.165172,0.213598
0.280109,-0.127156,0.084657,-0.273581,0.431765,-0.274383,0.163347,-0.121899,0.082299,-0.346342,0.139366,0.006899,0.159880,0.065451,-0.500811,-0.136685,-0.236370,0.129307,-0.224757,0.132608,-0.097783,-0.013980,-0.040443,-0.285802,-0.065006,-0.270676,0.142416,0.022617,-0.355587,0.284677,-0.201927,-0.311404,0.002433,0.047529,-0.010609,0.004456,0.010433,-0.337653,0.199734,-0.182499,-0.177014,-0.081837,0.150650,0.061291,0.094639,0.001406,0.447704,-0.031387,0.291333,0.206086,0.494111,-0.036017,0.000000,-0.392241,0.462366,-0.315267,0.163084,-0.098236,0.284443,0.222324,0.288275,0.046148,-0.196774,-0.018921,-0.118316,-0.051537,0.048730,0.217751,0.187772,0.419900,0.368467,-0.402897,-0.451113,0.193239,0.447102,-0.426819,0.036731,-0.252110,0.479005,-0.292529,0.546497,-0.324938,0.478728,-0.325116,0.511424,-0.406599,0.513808,-0.426240,0.601488,-0.515226,0.570615,0.229796,0.539885,0.270425,-0.237878,-0.057584,0.049896,-0.341122,0.234590,-0.012101,0.307378,-0.113358,-0.072072,-0.489485,0.564051,-0.359158,0.476627,-0.528392,0.019822,0.155726,0.221245,0.495586,0.481312,0.210951,0.501626,0.258198
0.039098,0.455611,0.101710,0.447289,-0.457268,0.222761,0.106410,0.421257,-0.174351,0.335160,-0.072820,0.298360,0.077304,0.316768,0.425675,0.402323,0.421486,0.192697,0.400375,0.193358,0.157924,0.065362,0.276278,0.399212,0.089219,0.354677,-0.181232,-0.031280,0.452164,-0.043571,0.249519,0.419098,0.282260,0.252814,0.253637,0.137366,0.218938,0.537054,0.045145,0.391450,0.348982,0.123183,0.323904,0.295355,0.315950,0.326062,0.015181,0.432271,0.188020,0.229133,-0.020677,0.472635,-0.392241,0.000000,-0.249730,0.547031,0.189307,0.490831,0.137241,0.231971,0.125840,0.361875,0.447005,0.303515,0.404681,0.354075,0.295997,0.129201,0.181620,-0.054883,-0.214360,0.491480,0.494364,-0.018492,-0.359956,0.482579,0.198829,0.430687,-0.327706,0.535128,-0.341244,0.556679,-0.323035,0.517541,-0.344335,0.581741,-0.505067,0.546317,-0.503590,0.595586,-0.268699,0.176171,-0.280788,0.110661,0.339452,0.240561,0.198317,0.470826,0.157168,0.303587,-0.147052,0.460786,0.028015,0.512790,-0.349269,0.554062,-0.365786,0.462451,0.056700,0.110085,0.041556,-0.113062,-0.107638,0.132806,-0.170615,0.004406
0.470721,0.128905,0.394485,0.063884,0.422404,0.089761,0.416789,0.155241,0.040345,0.001285,0.394030,0.266898,0.389315,0.213886,-0.194168,0.169226,0.077216,0.341368,0.102711,0.372610,0.156500,0.198010,0.283581,0.087609,0.316109,0.070328,0.164357,0.177279,-0.015033,0.446391,0.182740,0.031706,0.268627,0.292288,0.271489,0.271058,0.371610,-0.015488,0.469027,0.125516,0.179967,0.084379,0.299798,0.317802,0.291146,0.281643,0.494466,0.216374,0.396484,0.390877,0.461968,0.156468,0.462366,-0.249730,0.000000,0.016389,0.398171,0.094084,0.421625,0.344203,0.448508,0.200118,0.117801,0.237879,0.152918,0.205279,0.304961,0.428552,0.379433,0.490267,0.519267,-0.076359,-0.170831,0.373619,0.464858,-0.126790,0.343181,0.083150,0.465765,-0.012381,0.561978,-0.037229,0.593809,-0.026151,0.568707,-0.136652,0.491478,-0.126761,0.494030,-0.264929,0.382822,0.166790,0.248957,0.065103,0.099617,0.220834,0.391615,0.023089,0.441382,0.273366,0.555269,0.017662,0.316641,-0.141879,0.474658,-0.132731,0.498781,-0.179065,0.093122,0.227105,0.394827,0.401424,0.457794,0.389895,0.388042,0.257839
0.240939,0.547909,0.330086,0.561985,-0.295162,0.363506,0.314602,0.536057,-0.183323,0.426062,0.164246,0.457292,0.273101,0.406205,0.445802,0.515450,0.508531,0.343451,0.530069,0.368110,0.269117,0.184448,0.462536,0.535905,0.314527,0.476823,-0.110132,0.086475,0.532409,0.125790,0.440854,0.535057,0.442528,0.409269,0.437589,0.352866,0.439531,0.605162,0.292129,0.531579,0.496698,0.187295,0.404748,0.443749,0.417236,0.472201,0.144049,0.531625,0.295093,0.374602,0.064103,0.517316,-0.315267,0.547031,0.016389,0.000000,0.360400,0.532509,0.277473,0.329981,0.285438,0.439812,0.547799,0.444180,0.516666,0.488263,0.454786,0.322154,0.340452,0.116136,0.012182,0.555576,0.505924,0.163025,-0.187407,0.536692,0.416415,0.566241,-0.198492,0.573931,-0.155809,0.597261,-0.078807,0.571085,-0.128149,0.589902,-0.323414,0.575873,-0.361035,0.565255,-0.211059,0.182143,-0.312759,0.023917,0.449234,0.379237,0.428294,0.583552,0.357661,0.489732,0.143986,0.479332,0.296670,0.580010,-0.224811,0.551965,-0.176597,0.522547,0.103434,0.150625,0.241921,-0.029743,0.017112,0.317431,-0.097691,0.067976
0.581490,0.518980,0.535780,0.413433,0.064516,0.327478,0.561925,0.470103,-0.061338,0.294089,0.399322,0.496387,0.546783,0.419519,0.166258,0.435082,0.417538,0.507822,0.454977,0.606142,0.190409,0.167911,0.522216,0.420309,0.385224,0.379968,-0.041268,0.219319,0.349316,0.376057,0.421881,0.398395,0.532077,0.539298,0.417067,0.364951,0.460859,0.338769,0.433691,0.318614,0.341290,0.128767,0.529642,0.570310,0.531078,0.547773,0.457599,0.469670,0.509817,0.531864,0.418736,0.495804,0.163084,0.189307,0.398171,0.360400,0.000000,0.496154,0.541498,0.497705,0.563652,0.459317,0.497570,0.464250,0.432461,0.464068,0.512885,0.528821,0.551822,0.482477,0.447619,0.338907,0.245597,0.457188,0.249865,0.181500,0.513406,0.402425,0.249475,0.342415,0.354048,0.371232,0.344325,0.298775,0.338181,0.285136,0.136898,0.235918,0.112199,0.154650,0.120603,0.183903,-0.012556,0.056076,0.306563,0.391811,0.521687,0.351390,0.506058,0.436244,0.463486,0.244181,0.385430,0.221803,0.246711,0.263439,0.224971,0.143235,0.159367,0.386919,0.388580,0.281528,0.358575,0.461724,0.261334,0.295692
0.385440,0.621331,0.384084,0.529385,-0.220789,0.259764,0.415031,0.583619,-0.185050,0.329202,0.197386,0.540993,0.362695,0.544692,0.280064,0.527380,0.476834,0.430690,0.507850,0.507588,0.185268,0.130819,0.493290,0.477565,0.230322,0.380357,-0.119323,0.055316,0.453541,0.235450,0.368684,0.459309,0.516653,0.494159,0.423126,0.326201,0.397874,0.529123,0.310942,0.463621,0.386570,0.108622,0.534582,0.521461,0.534740,0.518725,0.322415,0.553504,0.459372,0.491450,0.301077,0.609461,-0.098236,0.490831,0.094084,0.532509,0.496154,0.000000,0.470333,0.515533,0.452195,0.570063,0.539576,0.516244,0.543399,0.527288,0.535885,0.440339,0.496036,0.329994,0.129392,0.448296,0.386865,0.224040,-0.057558,0.405100,0.424796,0.508457,-0.063118,0.524772,0.011473,0.558387,0.022433,0.504607,0.003593,0.521794,-0.214577,0.474640,-0.212447,0.430279,-0.000094,0.324002,-0.082983,0.219883,0.346425,0.373711,0.430819,0.477528,0.450893,0.495135,0.193025,0.502133,0.194557,0.413169,-0.015645,0.502924,-0.068851,0.321921,0.160057,0.316489,0.327968,0.201765,0.235636,0.420356,0.133641,0.218763
0.541438,0.468389,0.477455,0.354211,0.144367,0.125436,0.518990,0.469913,-0.108366,0.133936,0.371027,0.513059,0.461513,0.526368,-0.026495,0.407407,0.278435,0.434136,0.358720,0.557757,0.143890,0.138522,0.479097,0.306279,0.238679,0.195609,-0.000836,0.072213,0.220286,0.414206,0.293772,0.254171,0.499446,0.501452,0.409273,0.332423,0.426519,0.277436,0.458927,0.321660,0.256524,0.069134,0.526397,0.491461,0.526825,0.467169,0.523985,0.438721,0.583510,0.561339,0.552611,0.500331,0.284443,0.137241,0.421625,0.277473,0.541498,0.470333,0.000000,0.601138,0.621067,0.544105,0.370681,0.471115,0.460434,0.469665,0.553121,0.559375,0.583044,0.562101,0.393353,0.158523,0.047368,0.310571,0.263469,0.127567,0.446681,0.340039,0.245648,0.290426,0.377597,0.294567,0.368168,0.265760,0.390175,0.220777,0.176759,0.174772,0.205374,0.057244,0.311497,0.378521,0.199792,0.296136,0.216865,0.344357,0.483469,0.267288,0.553793,0.464352,0.427858,0.356714,0.232936,0.102892,0.363838,0.244184,0.275475,0.012538,0.124312,0.406236,0.475988,0.465251,0.513328,0.528519,0.394381,0.347854
0.465853,0.481492,0.414013,0.371218,0.056366,0.102741,0.453458,0.496159,-0.169571,0.150398,0.287087,0.518821,0.364085,0.574694,-0.014707,0.443773,0.280342,0.411668,0.354067,0.522866,0.154743,0.145683,0.450594,0.311781,0.195892,0.179240,0.004049,-0.003577,0.235769,0.375403,0.247047,0.244867,0.481729,0.483141,0.410609,0.294739,0.417395,0.341016,0.437798,0.378469,0.286598,0.059528,0.539531,0.471734,0.528470,0.447541,0.505468,0.474325,0.584974,0.552198,0.532614,0.534392,0.222324,0.231971,0.344203,0.329981,0.497705,0.515533,0.601138,0.000000,0.587252,0.591931,0.369319,0.512436,0.466111,0.492247,0.557906,0.540346,0.553112,0.509817,0.282644,0.171184,0.066195,0.217774,0.165268,0.173612,0.395445,0.352057,0.146723,0.352734,0.275080,0.343959,0.287125,0.334776,0.281004,0.285805,0.075261,0.247472,0.121409,0.136376,0.299605,0.437222,0.208660,0.374900,0.229330,0.336826,0.450369,0.300288,0.544981,0.472931,0.338802,0.450488,0.156854,0.148690,0.300155,0.318823,0.206648,0.057926,0.119864,0.370878,0.460289,0.464662,0.502987,0.517751,0.369269,0.323652
0.560263,0.451267,0.499579,0.355605,0.152253,0.158401,0.541213,0.458387,-0.121593,0.148895,0.362477,0.494890,0.475238,0.489052,-0.002171,0.410729,0.283724,0.442827,0.371903,0.560826,0.169501,0.151391,0.495241,0.321195,0.285705,0.229513,0.015717,0.098262,0.217224,0.422334,0.332016,0.276633,0.515417,0.520186,0.430504,0.342320,0.454687,0.276289,0.476860,0.319973,0.283603,0.099530,0.537105,0.510184,0.521708,0.476627,0.529662,0.438521,0.574025,0.545859,0.541421,0.482118,0.288275,0.125840,0.448508,0.285438,0.563652,0.452195,0.621067,0.587252,0.000000,0.528605,0.387747,0.467575,0.454749,0.480993,0.551354,0.576049,0.578014,0.544405,0.428223,0.178198,0.054609,0.336263,0.263877,0.117325,0.469811,0.346401,0.274702,0.291328,0.411250,0.292413,0.410290,0.258647,0.420325,0.210242,0.202899,0.169154,0.226349,0.051934,0.300483,0.346663,0.178807,0.254107,0.239435,0.355022,0.505057,0.275135,0.559729,0.457563,0.446895,0.331237,0.268618,0.110208,0.362629,0.231261,0.317178,0.019999,0.130064,0.408025,0.467522,0.456094,0.501310,0.528696,0.367391,0.341201
0.404896,0.545926,0.398508,0.472608,-0.061041,0.146023,0.425335,0.569099,-0.219309,0.228977,0.261950,0.572107,0.334946,0.606686,0.106744,0.498637,0.350414,0.398964,0.444242,0.495470,0.131804,0.070195,0.488468,0.400279,0.190042,0.252436,-0.034833,-0.042403,0.334194,0.308347,0.325233,0.358821,0.525643,0.516379,0.458514,0.354648,0.401558,0.442777,0.366421,0.434081,0.301870,0.099324,0.511596,0.455934,0.502110,0.452933,0.390840,0.481467,0.515272,0.505364,0.406834,0.558481,0.046148,0.361875,0.200118,0.439812,0.459317,0.570063,0.544105,0.591931,0.528605,0.000000,0.431692,0.547106,0.543771,0.557334,0.577091,0.508067,0.529096,0.412308,0.182609,0.295374,0.184378,0.162414,0.052432,0.323032,0.418797,0.465714,-0.002966,0.443658,0.123885,0.453718,0.134338,0.414436,0.146337,0.416771,-0.072321,0.373558,-0.045851,0.291324,0.177868,0.443179,0.080541,0.347538,0.259999,0.335588,0.447466,0.400065,0.524993,0.523941,0.254764,0.534294,0.162026,0.296338,0.128668,0.428396,0.080610,0.192516,0.145179,0.360715,0.431372,0.375861,0.389326,0.491410,0.234527,0.254957
0.349113,0.557075,0.398110,0.523205,-0.215501,0.427241,0.395670,0.496759,-0.091264,0.440992,0.255597,0.459199,0.404089,0.383483,0.433718,0.514380,0.580057,0.455767,0.513264,0.469626,0.277052,0.162876,0.479975,0.529477,0.374041,0.507647,-0.113677,0.170357,0.539976,0.231029,0.490035,0.541048,0.473604,0.474480,0.365156,0.300323,0.445325,0.530094,0.287334,0.398694,0.461317,0.243566,0.450964,0.516510,0.487497,0.547799,0.223443,0.502665,0.351766,0.429533,0.156115,0.535329,-0.196774,0.447005,0.117801,0.547799,0.497570,0.539576,0.370681,0.369319,0.387747,0.431692,0.000000,0.476845,0.469913,0.451393,0.445649,0.359498,0.391362,0.200264,0.155274,0.530216,0.482103,0.293036,-0.076419,0.419552,0.432271,0.503833,-0.021564,0.516254,0.030046,0.574639,0.027498,0.489369,0.008987,0.520283,-0.200678,0.474937,-0.241351,0.455257,-0.198517,0.073299,-0.299956,-0.070947,0.441333,0.393146,0.462000,0.521675,0.347424,0.402558,0.249833,0.332631,0.358794,0.485972,-0.114703,0.445861,-0.092362,0.418450,0.123594,0.294362,0.211936,-0.011730,0.077491,0.296889,-0.064927,0.109622
0.351888,0.527110,0.388925,0.475644,-0.083052,0.286295,0.369624,0.525740,-0.244208,0.313096,0.330235,0.569007,0.291967,0.541436,0.190128,0.507208,0.435722,0.448473,0.429283,0.486939,0.174708,0.100786,0.451734,0.443987,0.294384,0.330297,-0.025885,0.026298,0.402073,0.370333,0.409911,0.405189,0.501670,0.494687,0.382890,0.347516,0.421779,0.436398,0.363837,0.418971,0.338234,0.167702,0.413650,0.442770,0.470012,0.480246,0.306795,0.450842,0.423706,0.476558,0.310305,0.504375,-0.018921,0.303515,0.237879,0.444180,0.464250,0.516244,0.471115,0.512436,0.467575,0.547106,0.476845,0.000000,0.469306,0.465120,0.511779,0.446208,0.465342,0.349301,0.189221,0.329596,0.213025,0.183699,0.041597,0.365300,0.379412,0.456053,-0.004096,0.424905,0.120497,0.453951,0.145084,0.404855,0.125546,0.387715,-0.061186,0.373230,-0.062213,0.291146,0.045748,0.284615,-0.063995,0.157074,0.303387,0.356868,0.456779,0.435315,0.470877,0.488643,0.326391,0.415861,0.302287,0.345808,0.045685,0.361657,0.067585,0.261910,0.175016,0.331078,0.377313,0.234289,0.289713,0.419321,0.096585,0.178955
0.410793,0.564480,0.484897,0.578767,-0.117000,0.288146,0.478682,0.603666,-0.200659,0.348355,0.288274,0.553292,0.383351,0.511965,0.299941,0.545477,0.434237,0.364646,0.567990,0.486137,0.267200,0.198602,0.577486,0.531025,0.326848,0.402723,-0.028626,0.061175,0.460954,0.285129,0.460338,0.479124,0.561036,0.509475,0.527071,0.399062,0.484930,0.538076,0.389337,0.504465,0.421979,0.166137,0.472289,0.484445,0.481979,0.478746,0.273747,0.515332,0.402379,0.423161,0.244605,0.530349,-0.118316,0.404681,0.152918,0.516666,0.432461,0.543399,0.460434,0.466111,0.454749,0.543771,0.469913,0.469306,0.000000,0.599175,0.590406,0.495117,0.518261,0.325109,0.201715,0.444931,0.347508,0.202137,-0.005682,0.435563,0.498493,0.561063,-0.036867,0.508671,0.034962,0.523640,0.096853,0.510954,0.104660,0.507490,-0.137494,0.482164,-0.174366,0.395069,-0.000966,0.327857,-0.114894,0.178442,0.405105,0.420670,0.511474,0.527666,0.478645,0.576017,0.222061,0.498925,0.273828,0.437615,0.011218,0.511676,0.007585,0.363437,0.172926,0.324071,0.367464,0.213234,0.235219,0.473282,0.126535,0.195078
0.453873,0.546228,0.511741,0.548255,-0.068521,0.290775,0.514645,0.594045,-0.179693,0.335983,0.317628,0.557976,0.419973,0.518085,0.252743,0.532321,0.401885,0.395902,0.556236,0.511861,0.240676,0.165720,0.588239,0.522453,0.341798,0.407384,-0.012771,0.091620,0.427227,0.287111,0.460642,0.483450,0.583393,0.557887,0.568577,0.443640,0.484797,0.495410,0.401477,0.463771,0.402028,0.148588,0.489687,0.495961,0.455552,0.471560,0.330100,0.495841,0.432511,0.434276,0.282878,0.510543,-0.051537,0.354075,0.205279,0.488263,0.464068,0.527288,0.469665,0.492247,0.480993,0.557334,0.451393,0.465120,0.599175,0.000000,0.604643,0.550821,0.531335,0.367730,0.258302,0.415091,0.319444,0.263465,0.072856,0.372980,0.515285,0.541358,0.011644,0.477231,0.104439,0.483595,0.157258,0.456334,0.168160,0.469437,-0.071742,0.424380,-0.099847,0.346512,0.059411,0.321816,-0.070079,0.177208,0.372834,0.405031,0.527164,0.492309,0.508122,0.559633,0.271329,0.465721,0.293624,0.391402,0.081393,0.465210,0.076612,0.310676,0.160153,0.334417,0.409107,0.266644,0.285017,0.497436,0.178073,0.221563
0.500848,0.559831,0.539740,0.532628,0.006870,0.268036,0.550250,0.601503,-0.164609,0.295409,0.365096,0.586302,0.442504,0.557901,0.178626,0.530174,0.389453,0.443978,0.530951,0.566624,0.224650,0.183535,0.599038,0.493287,0.356627,0.372318,0.012487,0.088809,0.390591,0.369308,0.446041,0.437423,0.604414,0.578557,0.564335,0.448351,0.511337,0.464909,0.468566,0.477251,0.390786,0.119121,0.529247,0.533698,0.511530,0.492404,0.407092,0.515429,0.495789,0.502408,0.380511,0.529355,0.048730,0.295997,0.304961,0.454786,0.512885,0.535885,0.553121,0.557906,0.551354,0.577091,0.445649,0.511779,0.590406,0.604643,0.000000,0.599364,0.595039,0.468082,0.320540,0.348873,0.244835,0.290575,0.154663,0.340926,0.525837,0.518247,0.090679,0.461014,0.199708,0.454681,0.247913,0.434357,0.249066,0.413481,0.016133,0.382057,-0.003435,0.272674,0.147598,0.370165,0.011998,0.229934,0.354900,0.412794,0.556312,0.460835,0.563725,0.586790,0.351910,0.469257,0.316585,0.333423,0.180202,0.425920,0.163280,0.246906,0.159560,0.365563,0.474916,0.348566,0.377252,0.551701,0.258811,0.259375
0.554076,0.465761,0.546673,0.414597,0.141726,0.218488,0.575893,0.507088,-0.117333,0.202238,0.386595,0.525172,0.476168,0.492690,0.051835,0.450700,0.302304,0.466609,0.434092,0.567302,0.186939,0.167020,0.553684,0.399214,0.360602,0.311847,0.059412,0.144138,0.262837,0.415886,0.392663,0.348647,0.568008,0.571544,0.536944,0.445151,0.480136,0.321866,0.484598,0.364104,0.317527,0.103156,0.521890,0.531527,0.479081,0.477440,0.494507,0.456631,0.504692,0.506228,0.459077,0.451209,0.217751,0.129201,0.428552,0.322154,0.528821,0.440339,0.559375,0.540346,0.576049,0.508067,0.359498,0.446208,0.495117,0.550821,0.599364,0.000000,0.590042,0.541593,0.440338,0.232236,0.120899,0.367657,0.284512,0.184404,0.512580,0.412340,0.234105,0.327609,0.356551,0.318723,0.393438,0.287527,0.394839,0.257729,0.183947,0.214675,0.178981,0.094911,0.270510,0.346557,0.121160,0.211914,0.267434,0.365920,0.536620,0.327979,0.580458,0.524517,0.436220,0.342786,0.320155,0.171114,0.321780,0.260564,0.303067,0.085526,0.156450,0.380862,0.479683,0.431818,0.450352,0.553069,0.359893,0.277555
0.573387,0.524702,0.547638,0.451633,0.096112,0.208865,0.578752,0.541064,-0.137501,0.205892,0.374787,0.557208,0.484844,0.518703,0.074348,0.441302,0.316721,0.428211,0.475164,0.597825,0.165232,0.175691,0.560472,0.406075,0.323525,0.295780,0.013246,0.128555,0.287404,0.388301,0.387229,0.349418,0.575991,0.549451,0.500144,0.412636,0.449733,0.344028,0.471601,0.391435,0.293609,0.033891,0.520060,0.521206,0.495591,0.457738,0.455216,0.455777,0.516056,0.493925,0.454046,0.479813,0.187772,0.181620,0.379433,0.340452,0.551822,0.496036,0.583044,0.553112,0.578014,0.529096,0.391362,0.465342,0.518261,0.531335,0.595039,0.590042,0.000000,0.554472,0.425672,0.265373,0.156446,0.363067,0.241194,0.208875,0.526777,0.431661,0.204590,0.361061,0.325993,0.353487,0.344039,0.324183,0.353411,0.286154,0.136101,0.257466,0.125316,0.135393,0.238555,0.352364,0.110978,0.237127,0.260602,0.380814,0.522412,0.347859,0.568672,0.536245,0.404326,0.375509,0.307483,0.205161,0.300986,0.321277,0.256310,0.122442,0.159904,0.363121,0.492467,0.417206,0.440093,0.567772,0.357068,0.338282
0.550634,0.341669,0.435567,0.198886,0.257717,0.020920,0.491685,0.344156,-0.040999,-0.012753,0.373763,0.429294,0.439786,0.433578,-0.194449,0.254565,0.127950,0.408983,0.236381,0.506209,0.049223,0.100915,0.385905,0.168585,0.188271,0.098685,0.041422,0.123476,0.057694,0.401191,0.176504,0.125116,0.415459,0.426305,0.370745,0.345487,0.323591,0.095105,0.428845,0.200051,0.126748,-0.033600,0.438093,0.412277,0.405738,0.350773,0.542658,0.325132,0.505939,0.492238,0.550606,0.339693,0.419900,-0.054883,0.490267,0.116136,0.482477,0.329994,0.562101,0.509817,0.544405,0.412308,0.200264,0.349301,0.325109,0.367730,0.468082,0.541593,0.554472,0.000000,0.472001,0.008920,-0.077954,0.384789,0.409819,-0.024120,0.410099,0.213301,0.340389,0.119769,0.470582,0.114570,0.459794,0.080621,0.477523,0.025084,0.318772,-0.011544,0.358089,-0.134336,0.442900,0.372714,0.328321,0.297278,0.054194,0.224290,0.397234,0.089325,0.532521,0.406389,0.460001,0.226796,0.196523,-0.070766,0.475426,0.065852,0.374189,-0.153313,0.108090,0.316479,0.477771,0.533113,0.552227,0.534381,0.519681,0.319523
0.541786,0.199992,0.486042,0.154132,0.369377,0.184311,0.497052,0.206141,0.020786,0.087825,0.433120,0.281671,0.474164,0.168483,-0.077806,0.167990,0.104188,0.301247,0.238970,0.443057,0.110462,0.160608,0.371307,0.185227,0.349399,0.151833,0.097295,0.259659,0.048424,0.361122,0.288534,0.134616,0.359570,0.366852,0.306759,0.262620,0.314104,0.001314,0.392732,0.079141,0.125316,0.034806,0.284795,0.338376,0.254884,0.277325,0.394626,0.160497,0.325480,0.302591,0.375305,0.151623,0.368467,-0.214360,0.519267,0.012182,0.447619,0.129392,0.393353,0.282644,0.428223,0.182609,0.155274,0.189221,0.201715,0.258302,0.320540,0.440338,0.425672,0.472001,0.000000,0.071798,-0.038706,0.472735,0.448583,-0.118965,0.415975,0.167715,0.438539,0.022174,0.530294,0.001577,0.538911,-0.015398,0.546630,-0.072816,0.444791,-0.107179,0.403702,-0.211679,0.270078,0.081720,0.139323,-0.020477,0.109224,0.244975,0.388430,0.066686,0.398894,0.265069,0.485526,-0.047585,0.353969,-0.086943,0.448100,-0.052958,0.455608,-0.112412,0.089618,0.291671,0.300085,0.330288,0.352123,0.356474,0.339163,0.211172
0.225933,0.497973,0.344083,0.544408,-0.317631,0.462388,0.300269,0.462987,-0.152105,0.498643,0.177003,0.367677,0.293395,0.252005,0.546228,0.460263,0.507003,0.270806,0.544806,0.338800,0.240812,0.145482,0.440439,0.568015,0.355739,0.521519,-0.160326,0.180701,0.553046,0.042297,0.491888,0.573872,0.408847,0.382980,0.362855,0.284428,0.351854,0.545221,0.164714,0.391421,0.428125,0.181205,0.294620,0.383944,0.312036,0.420950,-0.001485,0.401478,0.152337,0.228504,-0.082290,0.414364,-0.402897,0.491480,-0.076359,0.555576,0.338907,0.448296,0.158523,0.171184,0.178198,0.295374,0.530216,0.329596,0.444931,0.415091,0.348873,0.232236,0.265373,0.008920,0.071798,0.000000,0.596181,0.233462,-0.185027,0.487729,0.399722,0.542988,-0.201366,0.519482,-0.188226,0.554626,-0.129720,0.505120,-0.161871,0.562025,-0.330437,0.529779,-0.416636,0.552750,-0.368232,-0.025042,-0.451613,-0.170170,0.434603,0.347379,0.360226,0.556019,0.213203,0.360764,0.076996,0.294957,0.336215,0.574434,-0.292719,0.501538,-0.226772,0.551872,0.091501,0.149785,0.086775,-0.189873,-0.152056,0.168377,-0.216213,-0.021246
0.126516,0.424168,0.232449,0.453228,-0.386246,0.428583,0.204069,0.359459,-0.054391,0.460592,0.085153,0.250984,0.235072,0.155849,0.556025,0.381715,0.495130,0.235678,0.464243,0.241743,0.230228,0.126480,0.339004,0.497159,0.292959,0.506353,-0.162684,0.209590,0.541380,-0.027946,0.405579,0.536626,0.304878,0.287506,0.285434,0.229711,0.265650,0.500934,0.056228,0.316937,0.399298,0.175010,0.233821,0.321341,0.241787,0.350100,-0.071130,0.345488,0.063923,0.144444,-0.172333,0.345550,-0.451113,0.494364,-0.170831,0.505924,0.245597,0.386865,0.047368,0.066195,0.054609,0.184378,0.482103,0.213025,0.347508,0.319444,0.244835,0.120899,0.156446,-0.077954,-0.038706,0.596181,0.000000,0.218360,-0.222559,0.460777,0.304614,0.454463,-0.222445,0.468744,-0.267851,0.517468,-0.237943,0.457044,-0.262204,0.534491,-0.397132,0.499467,-0.473328,0.554201,-0.425599,-0.104769,-0.476426,-0.221694,0.414060,0.286064,0.264705,0.493780,0.087541,0.248743,-0.020253,0.222495,0.254852,0.545540,-0.364756,0.453699,-0.314290,0.529456,0.087343,0.093724,0.000128,-0.279984,-0.227264,0.072868,-0.257802,-0.069825
0.479392,0.286601,0.389814,0.177834,0.108556,0.205125,0.421710,0.218304,0.061912,0.117625,0.363530,0.273375,0.486962,0.165579,0.054499,0.202077,0.260139,0.416137,0.263089,0.410767,0.082514,0.061892,0.338513,0.239341,0.306833,0.283407,-0.072528,0.324429,0.190533,0.274166,0.280810,0.275008,0.341202,0.377254,0.316659,0.328935,0.290699,0.110193,0.283626,0.088171,0.214591,0.097336,0.316039,0.368331,0.268975,0.358829,0.348300,0.246937,0.286303,0.323098,0.256953,0.229597,0.193239,-0.018492,0.373619,0.163025,0.457188,0.224040,0.310571,0.217774,0.336263,0.162414,0.293036,0.183699,0.202137,0.263465,0.290575,0.367657,0.363067,0.384789,0.472735,0.233462,0.218360,0.000000,0.328256,0.045037,0.424613,0.243157,0.318289,0.127368,0.364416,0.145838,0.337048,0.061308,0.332148,0.060802,0.201567,0.001775,0.197327,-0.024764,0.114619,0.029327,-0.001915,-0.092984,0.164653,0.229353,0.351415,0.141165,0.338651,0.241330,0.400498,-0.003942,0.316789,0.050285,0.237010,0.024029,0.230299,0.005232,0.056938,0.228818,0.234998,0.178614,0.221772,0.289958,0.233830,0.097568
0.377174,-0.010303,0.292089,-0.087658,0.414889,0.001312,0.318031,0.007068,0.129704,-0.098139,0.390541,0.122627,0.331873,0.067728,-0.286649,-0.012901,-0.056621,0.220642,-0.007949,0.250301,-0.006516,0.034538,0.150489,-0.046016,0.169587,-0.027562,0.160189,0.206185,-0.095305,0.325065,0.055190,-0.065820,0.150583,0.201110,0.151323,0.214642,0.140741,-0.194678,0.250584,-0.090805,-0.068138,-0.010019,0.121022,0.132451,0.089086,0.070748,0.333792,-0.026069,0.226358,0.190893,0.326675,-0.043443,0.447102,-0.359956,0.464858,-0.187407,0.249865,-0.057558,0.263469,0.165268,0.263877,0.052432,-0.076419,0.041597,-0.005682,0.072856,0.154663,0.284512,0.241194,0.409819,0.448583,-0.185027,-0.222559,0.328256,0.000000,-0.261015,0.227212,-0.056045,0.462787,-0.178129,0.497424,-0.197252,0.447061,-0.224707,0.502045,-0.265071,0.505743,-0.286079,0.484298,-0.370556,0.376581,0.077784,0.289827,0.032633,-0.079441,0.045976,0.212805,-0.151577,0.258836,0.097496,0.412245,-0.144525,0.189907,-0.275369,0.459630,-0.250332,0.458111,-0.300639,0.053366,0.200402,0.294260,0.355129,0.377549,0.263116,0.407039,0.193896
0.062435,0.434381,0.201586,0.500893,-0.330188,0.293611,0.162375,0.444395,-0.181863,0.375726,0.069697,0.362844,0.097407,0.315726,0.432333,0.404305,0.418948,0.240223,0.440937,0.220387,0.125459,0.043021,0.359260,0.472252,0.240181,0.409361,-0.144205,-0.003465,0.462579,0.035307,0.380288,0.485284,0.348078,0.311310,0.353476,0.330058,0.285909,0.523109,0.137589,0.447960,0.358051,0.125115,0.219746,0.272958,0.264359,0.333139,-0.056517,0.360691,0.104106,0.198184,-0.119611,0.350423,-0.426819,0.482579,-0.126790,0.536692,0.181500,0.405100,0.127567,0.173612,0.117325,0.323032,0.419552,0.365300,0.435563,0.372980,0.340926,0.184404,0.208875,-0.024120,-0.118965,0.487729,0.460777,0.045037,-0.261015,0.000000,0.276679,0.509178,-0.324311,0.507548,-0.286949,0.527689,-0.206832,0.485074,-0.250825,0.531031,-0.383755,0.549528,-0.426967,0.548652,-0.294326,0.112254,-0.364368,-0.021186,0.336454,0.238937,0.268573,0.506685,0.201192,0.384355,0.008740,0.414189,0.230717,0.560097,-0.339628,0.494589,-0.239902,0.522197,0.093924,0.057012,0.154946,-0.134365,-0.107768,0.161282,-0.231199,-0.052318
0.546481,0.493260,0.560765,0.468071,0.042899,0.319903,0.561583,0.497431,-0.129609,0.302194,0.431866,0.493365,0.531610,0.384558,0.202683,0.421771,0.366339,0.403948,0.520702,0.535015,0.200262,0.190876,0.566519,0.466863,0.399106,0.403307,-0.045077,0.247778,0.368384,0.280448,0.466084,0.447421,0.543430,0.524915,0.554844,0.481369,0.469844,0.389160,0.446040,0.387415,0.364736,0.080207,0.428321,0.479205,0.382317,0.446322,0.337587,0.420821,0.385561,0.413422,0.274183,0.408924,0.036731,0.198829,0.343181,0.416415,0.513406,0.424796,0.446681,0.395445,0.469811,0.418797,0.432271,0.379412,0.498493,0.515285,0.525837,0.512580,0.526777,0.410099,0.415975,0.399722,0.304614,0.424613,0.227212,0.276679,0.000000,0.525841,0.133779,0.367778,0.235153,0.374370,0.293187,0.344134,0.284282,0.330477,0.081288,0.285823,0.035214,0.223229,0.076946,0.202875,-0.081896,0.028382,0.330699,0.380668,0.539754,0.415603,0.523337,0.520824,0.422841,0.310582,0.416799,0.316616,0.161207,0.330622,0.188199,0.259888,0.112371,0.266596,0.425800,0.237123,0.265155,0.497463,0.216569,0.218251
0.343937,0.565035,0.445911,0.597032,-0.190493,0.378678,0.411824,0.580998,-0.227172,0.425544,0.300180,0.527460,0.348452,0.434276,0.391857,0.518478,0.460712,0.336230,0.582698,0.450582,0.208063,0.158139,0.546088,0.572216,0.357198,0.480446,-0.119450,0.119491,0.508542,0.166694,0.505225,0.551987,0.535024,0.494143,0.520692,0.422871,0.428904,0.556430,0.332823,0.492215,0.411227,0.114048,0.379881,0.441027,0.377253,0.448456,0.152914,0.466416,0.285552,0.356666,0.097739,0.478255,-0.252110,0.430687,0.083150,0.566241,0.402425,0.508457,0.340039,0.352057,0.346401,0.465714,0.503833,0.456053,0.561063,0.541358,0.518247,0.412340,0.431661,0.213301,0.167715,0.542988,0.454463,0.243157,-0.056045,0.509178,0.525841,0.000000,-0.151544,0.533671,-0.062472,0.541425,0.025793,0.521596,-0.006154,0.541653,-0.213999,0.507702,-0.268656,0.476981,-0.145212,0.196600,-0.272530,0.029311,0.411693,0.390444,0.472736,0.565071,0.421238,0.533826,0.214018,0.444957,0.357944,0.527363,-0.105144,0.525679,-0.066479,0.478073,0.071704,0.218952,0.307599,0.054149,0.071487,0.385407,-0.015516,0.086619
0.344094,-0.057672,0.216930,-0.141579,0.407044,-0.015174,0.281762,-0.063940,0.199439,-0.125975,0.247283,0.032860,0.309886,0.000377,-0.225010,0.016423,0.028587,0.236676,-0.060941,0.195285,0.158273,0.155112,0.095813,-0.109037,0.212155,-0.024565,0.274886,0.203067,-0.094281,0.436385,0.030162,-0.115682,0.098953,0.144373,0.048045,0.015442,0.187597,-0.191812,0.250568,-0.098608,0.049223,0.141768,0.211294,0.183859,0.174266,0.102002,0.397538,0.034895,0.250310,0.162080,0.360305,-0.011707,0.479005,-0.327706,0.465765,-0.198492,0.249475,-0.063118,0.245648,0.146723,0.274702,-0.002966,-0.021564,-0.004096,-0.036867,0.011644,0.090679,0.234105,0.204590,0.340389,0.438539,-0.201366,-0.222445,0.318289,0.462787,-0.324311,0.133779,-0.151544,0.000000,-0.131931,0.567817,-0.162771,0.486416,-0.186891,0.502150,-0.269603,0.492358,-0.292901,0.491707,-0.380277,0.357345,0.057817,0.305233,0.022504,0.032809,0.122736,0.206089,-0.175382,0.201137,0.012204,0.338116,-0.182203,0.110342,-0.312855,0.436268,-0.287492,0.453073,-0.338990,0.117794,0.276027,0.133229,0.319328,0.347076,0.190891,0.350907,0.200719
0.225792,0.529281,0.317312,0.550430,-0.251561,0.339209,0.310161,0.534893,-0.141032,0.429121,0.118101,0.436845,0.235311,0.417331,0.426418,0.526324,0.501511,0.333216,0.517047,0.364301,0.277067,0.196239,0.457789,0.510979,0.327482,0.442248,-0.053445,0.051202,0.512144,0.174724,0.414315,0.488064,0.455249,0.423089,0.419414,0.261819,0.419830,0.592343,0.274405,0.514015,0.462064,0.163103,0.434920,0.424576,0.429675,0.429342,0.158790,0.505323,0.307090,0.331548,0.091605,0.511387,-0.292529,0.535128,-0.012381,0.573931,0.342415,0.524772,0.290426,0.352734,0.291328,0.443658,0.516254,0.424905,0.508671,0.477231,0.461014,0.327609,0.361061,0.119769,0.022174,0.519482,0.468744,0.127368,-0.178129,0.507548,0.367778,0.533671,-0.131931,0.000000,-0.125851,0.602296,-0.063228,0.580566,-0.122417,0.580491,-0.302862,0.565031,-0.348778,0.536294,-0.175658,0.213576,-0.243819,0.091746,0.463520,0.388409,0.403103,0.543027,0.325137,0.450263,0.064297,0.484305,0.223128,0.530502,-0.183942,0.559334,-0.150476,0.484956,0.102893,0.220243,0.195420,0.008290,0.026191,0.297100,-0.075057,0.086804
0.441988,0.030321,0.313403,-0.067081,0.456466,-0.010949,0.367908,0.032121,0.097588,-0.122011,0.318656,0.153353,0.363359,0.121847,-0.281879,0.048045,-0.012138,0.285547,0.002076,0.313632,0.075076,0.099188,0.187393,-0.049873,0.213117,-0.027545,0.187396,0.175430,-0.128412,0.425912,0.085507,-0.076134,0.205280,0.249489,0.142744,0.142859,0.225259,-0.170083,0.340000,-0.050803,0.015286,0.077476,0.260008,0.246497,0.223195,0.179701,0.474236,0.077027,0.349017,0.281600,0.463138,0.058625,0.546497,-0.341244,0.561978,-0.155809,0.354048,0.011473,0.377597,0.275080,0.411250,0.123885,0.030046,0.120497,0.034962,0.104439,0.199708,0.356551,0.325993,0.470582,0.530294,-0.188226,-0.267851,0.364416,0.497424,-0.286949,0.235153,-0.062472,0.567817,-0.125851,0.000000,-0.140626,0.578598,-0.177489,0.600036,-0.255882,0.544805,-0.278037,0.559291,-0.392087,0.436588,0.131969,0.345673,0.085245,-0.027661,0.122340,0.272010,-0.134573,0.330295,0.116112,0.470334,-0.105218,0.198716,-0.296344,0.534436,-0.248312,0.520939,-0.338385,0.087184,0.277548,0.287320,0.428452,0.459797,0.308259,0.413549,0.265421
0.232766,0.559764,0.322576,0.565500,-0.299928,0.378997,0.317589,0.537122,-0.128319,0.454681,0.131607,0.452580,0.270903,0.426472,0.472143,0.547936,0.554796,0.378910,0.532153,0.381812,0.271062,0.142172,0.467457,0.540400,0.322096,0.483417,-0.078457,0.090392,0.554558,0.173397,0.444149,0.537284,0.460743,0.442058,0.396765,0.297533,0.406587,0.602706,0.222080,0.480713,0.461241,0.223070,0.429945,0.456356,0.449403,0.481545,0.134068,0.503975,0.298238,0.357680,0.067513,0.532055,-0.324938,0.556679,-0.037229,0.597261,0.371232,0.558387,0.294567,0.343959,0.292413,0.453718,0.574639,0.453951,0.523640,0.483595,0.454681,0.318723,0.353487,0.114570,0.001577,0.554626,0.517468,0.145838,-0.197252,0.527689,0.374370,0.541425,-0.162771,0.602296,-0.140626,0.000000,-0.118261,0.570131,-0.143177,0.609220,-0.333526,0.588851,-0.386907,0.565159,-0.226636,0.169823,-0.301821,0.031886,0.445766,0.368812,0.403666,0.562085,0.304717,0.441045,0.083803,0.459171,0.246463,0.560398,-0.235455,0.550897,-0.207752,0.495404,0.152216,0.242027,0.191773,-0.029067,0.016189,0.283457,-0.115318,0.059471
0.445895,0.057241,0.364600,0.006715,0.461303,0.030574,0.392450,0.094888,0.035763,-0.060622,0.324341,0.187347,0.341153,0.145437,-0.235068,0.098128,-0.021283,0.244858,0.065562,0.324879,0.140244,0.230903,0.241658,0.018148,0.275596,0.003466,0.170556,0.163087,-0.103531,0.386187,0.129712,-0.045029,0.231601,0.237016,0.223620,0.178773,0.311497,-0.088671,0.455875,0.087581,0.114866,0.015465,0.254466,0.265731,0.224940,0.188551,0.454888,0.136753,0.330600,0.293209,0.428793,0.070945,0.478728,-0.323035,0.593809,-0.078807,0.344325,0.022433,0.368168,0.287125,0.410290,0.134338,0.027498,0.145084,0.096853,0.157258,0.247913,0.393438,0.344039,0.459794,0.538911,-0.129720,-0.237943,0.337048,0.447061,-0.206832,0.293187,0.025793,0.486416,-0.063228,0.578598,-0.118261,0.000000,-0.067770,0.583407,-0.207183,0.520890,-0.194346,0.523303,-0.332049,0.401849,0.144686,0.291388,0.081012,0.068193,0.213168,0.327754,-0.048746,0.381791,0.214630,0.492861,-0.041016,0.264348,-0.214021,0.523092,-0.167490,0.521249,-0.225775,0.027410,0.201501,0.319460,0.401116,0.432946,0.347948,0.405033,0.250475
0.193348,0.507333,0.309640,0.551166,-0.248319,0.344852,0.284134,0.524618,-0.166882,0.432451,0.128962,0.426868,0.210978,0.408462,0.438520,0.541824,0.468432,0.248008,0.500154,0.333021,0.375624,0.320250,0.439804,0.511886,0.313505,0.404473,-0.036594,0.045070,0.517836,0.140027,0.394748,0.448236,0.403544,0.342878,0.371792,0.193713,0.444202,0.617660,0.326149,0.565819,0.511459,0.187807,0.372268,0.391297,0.398292,0.387378,0.108275,0.501054,0.256529,0.303337,0.059594,0.490825,-0.325116,0.517541,-0.026151,0.571085,0.298775,0.504607,0.265760,0.334776,0.258647,0.414436,0.489369,0.404855,0.510954,0.456334,0.434357,0.287527,0.324183,0.080621,-0.015398,0.505120,0.457044,0.061308,-0.224707,0.485074,0.344134,0.521596,-0.186891,0.580566,-0.177489,0.570131,-0.067770,0.000000,-0.153615,0.586000,-0.314780,0.589905,-0.377592,0.539425,-0.211567,0.196538,-0.271644,0.078153,0.498950,0.427671,0.396598,0.567270,0.296789,0.453111,0.047578,0.487854,0.211928,0.540680,-0.197515,0.567482,-0.199586,0.518135,0.065069,0.156350,0.168115,-0.036456,0.004369,0.272599,-0.086373,0.085835
0.463100,0.046456,0.385160,-0.002993,0.472869,0.028949,0.412347,0.080172,0.066905,-0.081782,0.380655,0.187906,0.384306,0.133532,-0.246777,0.062636,-0.036859,0.226705,0.070403,0.334798,0.077109,0.112533,0.247467,0.011825,0.234291,-0.002871,0.181130,0.176059,-0.103432,0.391260,0.148060,-0.034258,0.240387,0.262987,0.207359,0.213271,0.272274,-0.136169,0.380770,-0.008862,0.027771,0.053255,0.230798,0.240568,0.213014,0.177692,0.434360,0.078564,0.340863,0.275761,0.436097,0.053174,0.511424,-0.344335,0.568707,-0.128149,0.338181,0.003593,0.390175,0.281004,0.420325,0.146337,0.008987,0.125546,0.104660,0.168160,0.249066,0.394839,0.353411,0.477523,0.546630,-0.161871,-0.262204,0.332148,0.502045,-0.250825,0.284282,-0.006154,0.502150,-0.122417,0.600036,-0.143177,0.583407,-0.153615,0.000000,-0.223359,0.550877,-0.234077,0.543783,-0.364818,0.410402,0.125386,0.301028,0.073875,0.007705,0.155757,0.329024,-0.066911,0.353355,0.179497,0.502418,-0.075817,0.271687,-0.240419,0.537918,-0.194613,0.529124,-0.279310,0.093783,0.269612,0.347938,0.424044,0.462659,0.352315,0.403798,0.276612
0.155264,0.527695,0.285767,0.570029,-0.350711,0.381916,0.261689,0.522760,-0.160854,0.473455,0.103420,0.410760,0.213786,0.374845,0.504671,0.514413,0.496343,0.251630,0.523404,0.321439,0.265310,0.160940,0.431732,0.546166,0.276748,0.468702,-0.104784,0.055224,0.553641,0.052641,0.426734,0.531252,0.407703,0.374661,0.371014,0.246731,0.353343,0.609174,0.173706,0.470914,0.434637,0.177530,0.352629,0.389063,0.372384,0.412390,0.034873,0.464389,0.216909,0.275490,-0.017436,0.494833,-0.406599,0.581741,-0.136652,0.589902,0.285136,0.521794,0.220777,0.285805,0.210242,0.416771,0.520283,0.387715,0.507490,0.469437,0.413481,0.257729,0.286154,0.025084,-0.072816,0.562025,0.534491,0.060802,-0.265071,0.531031,0.330477,0.541653,-0.269603,0.580491,-0.255882,0.609220,-0.207183,0.586000,-0.223359,0.000000,-0.407409,0.603756,-0.463345,0.608292,-0.300324,0.123309,-0.360426,0.011339,0.440915,0.343136,0.347004,0.575218,0.234787,0.396904,0.002197,0.454514,0.220229,0.589463,-0.290608,0.589772,-0.274963,0.543447,0.095008,0.175989,0.132608,-0.107270,-0.072418,0.219689,-0.168026,0.036531
0.275576,-0.185109,0.195072,-0.209981,0.580438,-0.060978,0.219898,-0.143400,0.194470,-0.154207,0.255751,-0.029620,0.207665,-0.054280,-0.350353,-0.128309,-0.219273,0.063687,-0.153719,0.118966,-0.014719,0.041422,0.026543,-0.180531,0.150800,-0.185444,0.272323,0.118534,-0.287142,0.278629,-0.032228,-0.239362,0.006429,0.043677,0.006281,0.056799,0.081042,-0.325494,0.239445,-0.148249,-0.131124,-0.017326,0.009441,0.016730,0.001345,-0.041111,0.277288,-0.147278,0.138065,0.088055,0.300806,-0.183988,0.513808,-0.505067,0.491478,-0.323414,0.136898,-0.214577,0.176759,0.075261,0.202899,-0.072321,-0.200678,-0.061186,-0.137494,-0.071742,0.016133,0.183947,0.136101,0.318772,0.444791,-0.330437,-0.397132,0.201567,0.505743,-0.383755,0.081288,-0.213999,0.492358,-0.302862,0.544805,-0.333526,0.520890,-0.314780,0.550877,-0.407409,0.000000,-0.371635,0.589369,-0.499730,0.400541,0.018391,0.337045,0.005611,-0.152167,-0.020540,0.115541,-0.273320,0.158687,-0.025490,0.377626,-0.242953,0.146379,-0.388469,0.500130,-0.379289,0.538103,-0.392769,0.052194,0.105179,0.213891,0.327950,0.337995,0.149752,0.328051,0.195947
0.107170,0.479657,0.258928,0.557435,-0.301459,0.372461,0.225879,0.496886,-0.129580,0.467757,0.053699,0.380099,0.147638,0.355390,0.506075,0.498099,0.464708,0.204567,0.501933,0.274293,0.279050,0.181238,0.410140,0.522427,0.291953,0.426933,-0.043847,0.015915,0.520850,0.060264,0.409298,0.484812,0.370991,0.314613,0.340199,0.243203,0.368008,0.603107,0.204090,0.522041,0.448521,0.177560,0.300375,0.343150,0.350720,0.362925,-0.015948,0.430792,0.180379,0.233383,-0.063313,0.431611,-0.426240,0.546317,-0.126761,0.575873,0.235918,0.474640,0.174772,0.247472,0.169154,0.373558,0.474937,0.373230,0.482164,0.424380,0.382057,0.214675,0.257466,-0.011544,-0.107179,0.529779,0.499467,0.001775,-0.286079,0.549528,0.285823,0.507702,-0.292901,0.565031,-0.278037,0.588851,-0.194346,0.589905,-0.234077,0.603756,-0.371635,0.000000,-0.463444,0.594863,-0.310975,0.116611,-0.361716,0.005658,0.448527,0.349335,0.336248,0.571654,0.199158,0.401460,-0.009856,0.457660,0.227093,0.596907,-0.312698,0.574106,-0.265241,0.562887,0.127086,0.113013,0.155589,-0.131662,-0.078653,0.206644,-0.212669,0.034094
0.250737,-0.208462,0.104149,-0.295588,0.512472,-0.217360,0.155303,-0.181130,0.116772,-0.305937,0.192091,-0.044878,0.151356,-0.026709,-0.481633,-0.184336,-0.274844,0.084189,-0.242174,0.088019,-0.096669,-0.015187,-0.050408,-0.281758,0.011267,-0.265725,0.183365,0.058968,-0.375365,0.264648,-0.151959,-0.308845,-0.032798,0.016976,-0.018916,0.026244,0.013355,-0.385399,0.199878,-0.210326,-0.189517,-0.068605,0.035150,-0.007420,-0.002989,-0.054375,0.353970,-0.136695,0.181760,0.116156,0.384129,-0.162545,0.601488,-0.503590,0.494030,-0.361035,0.112199,-0.212447,0.205374,0.121409,0.226349,-0.045851,-0.241351,-0.062213,-0.174366,-0.099847,-0.003435,0.178981,0.125316,0.358089,0.403702,-0.416636,-0.473328,0.197327,0.484298,-0.426967,0.035214,-0.268656,0.491707,-0.348778,0.559291,-0.386907,0.523303,-0.377592,0.543783,-0.463345,0.589369,-0.463444,0.000000,-0.555860,0.507857,0.110425,0.457624,0.129223,-0.238651,-0.077204,0.046637,-0.356457,0.186097,-0.051670,0.353036,-0.212971,0.026773,-0.483113,0.549001,-0.425306,0.535606,-0.499058,0.006864,0.096711,0.204212,0.417288,0.414512,0.153869,0.415285,0.197369
0.006976,0.436000,0.148584,0.498776,-0.439499,0.348204,0.114886,0.419607,-0.160647,0.441245,-0.015204,0.286464,0.081330,0.250377,0.534566,0.407799,0.444794,0.145825,0.449277,0.179268,0.202330,0.107685,0.307062,0.476095,0.191210,0.426817,-0.156516,0.021272,0.515853,-0.079483,0.351685,0.490509,0.281862,0.244794,0.267224,0.184730,0.245862,0.563366,0.054046,0.418126,0.377382,0.129815,0.222948,0.266445,0.244806,0.303938,-0.115203,0.368991,0.076316,0.145485,-0.173321,0.387007,-0.515226,0.595586,-0.264929,0.565255,0.154650,0.430279,0.057244,0.136376,0.051934,0.291324,0.455257,0.291146,0.395069,0.346512,0.272674,0.094911,0.135393,-0.134336,-0.211679,0.552750,0.554201,-0.024764,-0.370556,0.548652,0.223229,0.476981,-0.380277,0.536294,-0.392087,0.565159,-0.332049,0.539425,-0.364818,0.608292,-0.499730,0.594863,-0.555860,0.000000,-0.406407,0.030234,-0.438156,-0.061404,0.393109,0.258658,0.223451,0.532962,0.100434,0.296709,-0.109726,0.395033,0.170190,0.607395,-0.424102,0.561897,-0.375047,0.581576,0.055143,0.041074,0.033031,-0.246438,-0.218200,0.089205,-0.294471,-0.045786
0.253649,-0.050822,0.061107,-0.197612,0.364683,-0.367440,0.155468,-0.006227,0.005812,-0.368085,0.090093,0.102002,0.106521,0.222057,-0.521882,-0.056281,-0.232214,0.148877,-0.168084,0.120357,-0.119250,-0.049638,0.008398,-0.254542,-0.135698,-0.296773,0.121467,-0.088340,-0.330145,0.277194,-0.230976,-0.285150,0.068172,0.099071,0.101997,0.082150,0.029824,-0.229148,0.221516,-0.049065,-0.141652,-0.107513,0.198698,0.053890,0.102935,-0.016060,0.459748,0.033698,0.317583,0.235376,0.501451,0.030906,0.570615,-0.268699,0.382822,-0.211059,0.120603,-0.000094,0.311497,0.299605,0.300483,0.177868,-0.198517,0.045748,-0.000966,0.059411,0.147598,0.270510,0.238555,0.442900,0.270078,-0.368232,-0.425599,0.114619,0.376581,-0.294326,0.076946,-0.145212,0.357345,-0.175658,0.436588,-0.226636,0.401849,-0.211567,0.410402,-0.300324,0.400541,-0.310975,0.507857,-0.406407,0.000000,0.446801,0.612960,0.465770,-0.235145,-0.057497,0.054715,-0.280393,0.324812,0.125518,0.225348,0.107740,-0.177467,-0.414089,0.506817,-0.231071,0.407836,-0.471147,0.028171,0.139006,0.299000,0.590843,0.526192,0.304566,0.546383,0.242921
0.224627,0.259737,0.115253,0.153614,0.052214,-0.243203,0.187670,0.320931,-0.168424,-0.139480,0.057086,0.353172,0.094593,0.485623,-0.222611,0.250656,0.047879,0.243140,0.127767,0.210599,0.006594,0.001497,0.211053,0.040710,-0.082068,-0.084518,0.025597,-0.201756,-0.005757,0.266087,-0.048447,-0.009347,0.276558,0.254242,0.293116,0.179951,0.184853,0.177550,0.271650,0.287248,0.104960,0.006387,0.357210,0.198594,0.280111,0.157461,0.397562,0.315252,0.382605,0.346555,0.423355,0.327292,0.229796,0.176171,0.166790,0.182143,0.183903,0.324002,0.378521,0.437222,0.346663,0.443179,0.073299,0.284615,0.327857,0.321816,0.370165,0.346557,0.352364,0.372714,0.081720,-0.025042,-0.104769,0.029327,0.077784,0.112254,0.202875,0.196600,0.057817,0.213576,0.131969,0.169823,0.144686,0.196538,0.125386,0.123309,0.018391,0.116611,0.110425,0.030234,0.446801,0.000000,0.406538,0.589267,-0.001842,0.104102,0.180717,0.078744,0.439163,0.401624,0.076666,0.498056,-0.180578,-0.019694,0.212831,0.185922,0.116563,-0.102989,0.079362,0.176179,0.324553,0.505862,0.425294,0.397656,0.386170,0.194179
0.112366,-0.159696,-0.093237,-0.311195,0.315993,-0.468000,0.005047,-0.125300,0.041240,-0.448079,-0.045509,-0.031534,-0.028565,0.133016,-0.560026,-0.161998,-0.321050,0.026158,-0.289342,-0.017044,-0.168705,-0.092388,-0.137926,-0.376209,-0.265985,-0.411033,0.117935,-0.156939,-0.411617,0.180927,-0.370329,-0.403662,-0.069469,-0.042176,-0.045378,-0.073474,-0.107428,-0.307440,0.091227,-0.139721,-0.231964,-0.151562,0.102900,-0.076739,0.012509,-0.142817,0.361478,-0.070780,0.227875,0.115997,0.429109,-0.054329,0.539885,-0.280788,0.248957,-0.312759,-0.012556,-0.082983,0.199792,0.208660,0.178807,0.080541,-0.299956,-0.063995,-0.114894,-0.070079,0.011998,0.121160,0.110978,0.328321,0.139323,-0.451613,-0.476426,-0.001915,0.289827,-0.364368,-0.081896,-0.272530,0.305233,-0.243819,0.345673,-0.301821,0.291388,-0.271644,0.301028,-0.360426,0.337045,-0.361716,0.457624,-0.438156,0.612960,0.406538,0.000000,0.491105,-0.309133,-0.146104,-0.100440,-0.381699,0.169061,-0.017261,0.066910,0.051254,-0.331625,-0.487578,0.451591,-0.275933,0.314657,-0.528081,-0.007950,0.077748,0.168832,0.526567,0.450886,0.177783,0.498295,0.195012
0.102064,0.128223,-0.030946,0.005714,0.040631,-0.374260,0.049184,0.180584,-0.139111,-0.259810,-0.078296,0.200176,-0.038606,0.387771,-0.327987,0.098102,-0.111935,0.079742,-0.026748,0.088679,-0.100684,-0.051659,0.049172,-0.117810,-0.250634,-0.242877,0.000695,-0.279381,-0.149672,0.141892,-0.219884,-0.168093,0.123156,0.102894,0.132470,0.016592,0.018404,0.037552,0.144334,0.154461,-0.047051,-0.129023,0.256406,0.057073,0.180889,0.009846,0.325744,0.177307,0.321582,0.235965,0.400357,0.224490,0.270425,0.110661,0.065103,0.023917,0.056076,0.219883,0.296136,0.374900,0.254107,0.347538,-0.070947,0.157074,0.178442,0.177208,0.229934,0.211914,0.237127,0.297278,-0.020477,-0.170170,-0.221694,-0.092984,0.032633,-0.021186,0.028382,0.029311,0.022504,0.091746,0.085245,0.031886,0.081012,0.078153,0.073875,0.011339,0.005611,0.005658,0.129223,-0.061404,0.465770,0.589267,0.491105,0.000000,-0.118124,0.002181,0.013878,-0.069712,0.286880,0.227455,-0.045930,0.414612,-0.330187,-0.152300,0.241157,0.111845,0.084270,-0.217255,0.002262,0.113613,0.234130,0.487107,0.398139,0.282354,0.397251,0.193529
0.236007,0.378505,0.355241,0.449951,-0.127919,0.427746,0.321913,0.386574,-0.039296,0.409930,0.223865,0.307647,0.294977,0.221778,0.449535,0.474972,0.488463,0.247068,0.454748,0.310171,0.447386,0.375111,0.420279,0.461674,0.421331,0.448415,0.060837,0.155360,0.531174,0.257450,0.446736,0.430541,0.365570,0.317134,0.324245,0.174135,0.496286,0.504153,0.347694,0.448147,0.538624,0.295831,0.330172,0.382869,0.365529,0.365225,0.127815,0.418011,0.219361,0.231789,0.038354,0.375739,-0.237878,0.339452,0.099617,0.449234,0.306563,0.346425,0.216865,0.229330,0.239435,0.259999,0.441333,0.303387,0.405105,0.372834,0.354900,0.267434,0.260602,0.054194,0.109224,0.434603,0.414060,0.164653,-0.079441,0.336454,0.330699,0.411693,0.032809,0.463520,-0.027661,0.445766,0.068193,0.498950,0.007705,0.440915,-0.152167,0.448527,-0.238651,0.393109,-0.235145,-0.001842,-0.309133,-0.118124,0.000000,0.568597,0.478467,0.523094,0.225910,0.339003,0.145405,0.252667,0.322220,0.445005,-0.118586,0.406141,-0.056502,0.438170,0.138000,0.310878,0.126259,-0.091444,0.001549,0.229862,-0.091965,0.069106
0.360622,0.404886,0.418479,0.422574,-0.026251,0.336864,0.397745,0.412789,-0.098905,0.305406,0.292186,0.380360,0.346505,0.306727,0.290266,0.448874,0.418420,0.274642,0.444390,0.405172,0.371382,0.362954,0.448292,0.413725,0.365191,0.348843,0.033489,0.111686,0.443960,0.325533,0.409761,0.367008,0.421996,0.364927,0.358112,0.224277,0.490201,0.426448,0.448723,0.445739,0.455448,0.200861,0.376512,0.412108,0.408450,0.385060,0.247726,0.410528,0.328017,0.317238,0.200405,0.397859,-0.057584,0.240561,0.220834,0.379237,0.391811,0.373711,0.344357,0.336826,0.355022,0.335588,0.393146,0.356868,0.420670,0.405031,0.412794,0.365920,0.380814,0.224290,0.244975,0.347379,0.286064,0.229353,0.045976,0.238937,0.380668,0.390444,0.122736,0.388409,0.122340,0.368812,0.213168,0.427671,0.155757,0.343136,-0.020540,0.349335,-0.077204,0.258658,-0.057497,0.104102,-0.146104,0.002181,0.568597,0.000000,0.521674,0.464266,0.342995,0.398989,0.254502,0.257808,0.314519,0.323354,0.075159,0.356690,0.089398,0.306682,0.133748,0.374705,0.247832,0.089763,0.171577,0.345709,0.092391,0.207996
0.514123,0.484683,0.575689,0.492163,0.081336,0.388378,0.562937,0.508055,-0.105580,0.344458,0.450544,0.510560,0.505825,0.412551,0.247535,0.505566,0.442134,0.425490,0.520327,0.542492,0.345856,0.285453,0.582183,0.491806,0.473308,0.426846,0.079724,0.195904,0.442582,0.425815,0.515037,0.444561,0.550567,0.528674,0.505887,0.424215,0.594460,0.436496,0.525261,0.451017,0.466983,0.240991,0.469068,0.525595,0.484737,0.490673,0.376366,0.475397,0.440684,0.451296,0.310609,0.447190,0.049896,0.198317,0.391615,0.428294,0.521687,0.430819,0.483469,0.450369,0.505057,0.447466,0.462000,0.456779,0.511474,0.527164,0.556312,0.536620,0.522412,0.397234,0.388430,0.360226,0.264705,0.351415,0.212805,0.268573,0.539754,0.472736,0.206089,0.403103,0.272010,0.403666,0.327754,0.396598,0.329024,0.347004,0.115541,0.336248,0.046637,0.223451,0.054715,0.180717,-0.100440,0.013878,0.478467,0.521674,0.000000,0.490028,0.511987,0.522436,0.455166,0.312967,0.464600,0.340194,0.173321,0.334614,0.215991,0.279869,0.182498,0.390475,0.436632,0.232970,0.313007,0.501464,0.170169,0.260360
0.252392,0.526019,0.408118,0.599791,-0.255776,0.459176,0.351445,0.536809,-0.212493,0.481469,0.254761,0.458444,0.289657,0.360984,0.498512,0.528488,0.504960,0.269352,0.578142,0.389416,0.333265,0.242646,0.507272,0.591441,0.385493,0.507049,-0.063019,0.103489,0.580195,0.164730,0.524893,0.554248,0.473787,0.420880,0.429283,0.333996,0.484277,0.601543,0.321538,0.515962,0.498771,0.230450,0.342038,0.420213,0.386185,0.434263,0.072056,0.470416,0.244597,0.293112,0.008902,0.459387,-0.341122,0.470826,0.023089,0.583552,0.351390,0.477528,0.267288,0.300288,0.275135,0.400065,0.521675,0.435315,0.527666,0.492309,0.460835,0.327979,0.347859,0.089325,0.066686,0.556019,0.493780,0.141165,-0.151577,0.506685,0.415603,0.565071,-0.175382,0.543027,-0.134573,0.562085,-0.048746,0.567270,-0.066911,0.575218,-0.273320,0.571654,-0.356457,0.532962,-0.280393,0.078744,-0.381699,-0.069712,0.523094,0.464266,0.490028,0.000000,0.310103,0.468533,0.168223,0.403397,0.388077,0.593586,-0.196570,0.547209,-0.141693,0.562307,0.129683,0.217274,0.243342,-0.076457,-0.003508,0.302515,-0.146527,0.094517
0.529518,0.467822,0.479812,0.384908,0.120818,0.132199,0.513698,0.499524,-0.188133,0.138720,0.378400,0.542516,0.432364,0.517852,-0.017858,0.420588,0.283113,0.453683,0.395570,0.524447,0.152670,0.167277,0.500171,0.336682,0.277662,0.237140,-0.001438,0.072397,0.228961,0.405170,0.320221,0.290182,0.518878,0.508775,0.511971,0.435421,0.461677,0.317706,0.506895,0.400815,0.307903,0.065662,0.499987,0.478507,0.450438,0.439082,0.509913,0.472667,0.513373,0.531156,0.482960,0.461734,0.234590,0.157168,0.441382,0.357661,0.506058,0.450893,0.553793,0.544981,0.559729,0.524993,0.347424,0.470877,0.478645,0.508122,0.563725,0.580458,0.568672,0.532521,0.398894,0.213203,0.087541,0.338651,0.258836,0.201192,0.523337,0.421238,0.201137,0.325137,0.330295,0.304717,0.381791,0.296789,0.353355,0.234787,0.158687,0.199158,0.186097,0.100434,0.324812,0.439163,0.169061,0.286880,0.225910,0.342995,0.511987,0.310103,0.000000,0.568713,0.445767,0.416739,0.275542,0.166276,0.302485,0.258429,0.291947,0.082796,0.126573,0.299116,0.506800,0.464220,0.463074,0.568369,0.380938,0.300866
0.440442,0.530578,0.480313,0.522115,-0.016215,0.227421,0.476824,0.580822,-0.203866,0.263881,0.333844,0.573553,0.373632,0.532239,0.180160,0.496193,0.368084,0.395265,0.518422,0.487329,0.222075,0.215110,0.552997,0.464211,0.315617,0.340477,-0.001449,0.045438,0.374176,0.327396,0.410070,0.402626,0.552489,0.493429,0.545880,0.455380,0.489747,0.470922,0.470127,0.528494,0.394202,0.091664,0.446009,0.465387,0.437602,0.430949,0.337592,0.507310,0.411006,0.457914,0.297896,0.478516,-0.012101,0.303587,0.273366,0.489732,0.436244,0.495135,0.464352,0.472931,0.457563,0.523941,0.402558,0.488643,0.576017,0.559633,0.586790,0.524517,0.536245,0.406389,0.265069,0.360764,0.248743,0.241330,0.097496,0.384355,0.520824,0.533826,0.012204,0.450263,0.116112,0.441045,0.214630,0.453111,0.179497,0.396904,-0.025490,0.401460,-0.051670,0.296709,0.125518,0.401624,-0.017261,0.227455,0.339003,0.398989,0.522436,0.468533,0.568713,0.000000,0.326085,0.500065,0.305236,0.368353,0.100752,0.427990,0.106971,0.298350,0.158674,0.247273,0.459318,0.302293,0.307133,0.542790,0.220140,0.208638
0.488208,0.255574,0.464382,0.199978,0.285081,0.212996,0.459832,0.249801,-0.034746,0.103820,0.483120,0.353330,0.460668,0.248904,-0.046692,0.225021,0.189940,0.367022,0.237725,0.449825,0.146241,0.162672,0.365807,0.227603,0.340656,0.198715,0.068977,0.201008,0.138889,0.379652,0.313878,0.197433,0.345772,0.366545,0.316589,0.397020,0.402751,0.089031,0.449487,0.180897,0.204710,0.091891,0.299996,0.380154,0.326850,0.376914,0.403688,0.255360,0.381004,0.419234,0.356986,0.216469,0.307378,-0.147052,0.555269,0.143986,0.463486,0.193025,0.427858,0.338802,0.446895,0.254764,0.249833,0.326391,0.222061,0.271329,0.351910,0.436220,0.404326,0.460001,0.485526,0.076996,-0.020253,0.400498,0.412245,0.008740,0.422841,0.214018,0.338116,0.064297,0.470334,0.083803,0.492861,0.047578,0.502418,0.002197,0.377626,-0.009856,0.353036,-0.109726,0.225348,0.076666,0.066910,-0.045930,0.145405,0.254502,0.455166,0.168223,0.445767,0.326085,0.000000,0.052032,0.483744,0.040119,0.364332,-0.016393,0.411184,-0.010531,0.122334,0.209228,0.449417,0.283968,0.374368,0.406947,0.286632,0.273944
0.190720,0.463820,0.212119,0.435878,-0.183812,0.037530,0.235979,0.511965,-0.248470,0.168023,0.068698,0.460401,0.131282,0.540153,0.129939,0.445848,0.281233,0.247440,0.371672,0.291232,0.144259,0.100304,0.368660,0.332774,0.080944,0.181926,-0.060209,-0.148228,0.298120,0.166038,0.196432,0.281283,0.388589,0.345792,0.403599,0.271840,0.331709,0.482476,0.296399,0.509255,0.322891,0.066857,0.404684,0.307976,0.375556,0.305950,0.245679,0.462548,0.367834,0.367590,0.238684,0.476606,-0.113358,0.460786,0.017662,0.479332,0.244181,0.502133,0.356714,0.450488,0.331237,0.534294,0.332631,0.415861,0.498925,0.465721,0.469257,0.342786,0.375509,0.226796,-0.047585,0.294957,0.222495,-0.003942,-0.144525,0.414189,0.310582,0.444957,-0.182203,0.484305,-0.105218,0.459171,-0.041016,0.487854,-0.075817,0.454514,-0.242953,0.457660,-0.212971,0.395033,0.107740,0.498056,0.051254,0.414612,0.252667,0.257808,0.312967,0.403397,0.416739,0.500065,0.052032,0.000000,0.017232,0.361525,-0.053701,0.485668,-0.087768,0.288714,0.094268,0.140620,0.336621,0.257332,0.231854,0.385686,0.122626,0.170100
0.353861,0.309192,0.490794,0.390270,0.088398,0.491601,0.421963,0.312869,-0.051829,0.383377,0.429243,0.319248,0.397932,0.121440,0.318316,0.289621,0.328298,0.254657,0.413510,0.406901,0.230693,0.216892,0.429837,0.441955,0.490929,0.430222,0.032945,0.275863,0.358116,0.212702,0.525090,0.417263,0.366241,0.354257,0.323093,0.382778,0.418791,0.263141,0.350156,0.261701,0.298486,0.140300,0.186374,0.370164,0.255027,0.366360,0.100235,0.241562,0.167716,0.237901,0.025484,0.186370,-0.072072,0.028015,0.316641,0.296670,0.385430,0.194557,0.232936,0.156854,0.268618,0.162026,0.358794,0.302287,0.273828,0.293624,0.316585,0.320155,0.307483,0.196523,0.353969,0.336215,0.254852,0.316789,0.189907,0.230717,0.416799,0.357944,0.110342,0.223128,0.198716,0.246463,0.264348,0.211928,0.271687,0.220229,0.146379,0.227093,0.026773,0.170190,-0.177467,-0.180578,-0.331625,-0.330187,0.322220,0.314519,0.464600,0.388077,0.275542,0.305236,0.483744,0.017232,0.000000,0.341157,0.058563,0.178178,0.191999,0.329605,0.104446,0.129786,0.291408,-0.064158,0.042868,0.262539,-0.060742,0.132874
0.094600,0.459021,0.275625,0.559943,-0.351017,0.443596,0.215449,0.459358,-0.173329,0.492054,0.126164,0.349990,0.170621,0.255019,0.556472,0.437538,0.471677,0.182640,0.520034,0.257569,0.258689,0.167125,0.400725,0.549960,0.316378,0.489242,-0.098467,0.083174,0.555505,0.002196,0.472639,0.544565,0.357214,0.308089,0.339273,0.286570,0.349304,0.575655,0.160761,0.466266,0.428645,0.168255,0.219360,0.311777,0.267958,0.347544,-0.100072,0.376894,0.091503,0.168620,-0.171339,0.366421,-0.489485,0.512790,-0.141879,0.580010,0.221803,0.413169,0.102892,0.148690,0.110208,0.296338,0.485972,0.345808,0.437615,0.391402,0.333423,0.171114,0.205161,-0.070766,-0.086943,0.574434,0.545540,0.050285,-0.275369,0.560097,0.316616,0.527363,-0.312855,0.530502,-0.296344,0.560398,-0.214021,0.540680,-0.240419,0.589463,-0.388469,0.596907,-0.483113,0.607395,-0.414089,-0.019694,-0.487578,-0.152300,0.445005,0.323354,0.340194,0.593586,0.166276,0.368353,0.040119,0.361525,0.341157,0.000000,-0.366618,0.547031,-0.269972,0.623006,0.092018,0.060082,0.127903,-0.236847,-0.181386,0.163955,-0.294800,-0.017168
0.377492,-0.016973,0.243596,-0.115933,0.441908,-0.153109,0.292275,0.014688,0.054721,-0.205927,0.240746,0.102569,0.251841,0.136208,-0.401733,-0.047861,-0.181561,0.120413,-0.061892,0.256650,-0.040901,0.079302,0.113985,-0.136513,0.034209,-0.187146,0.094259,0.027902,-0.248907,0.260851,-0.078340,-0.202109,0.127353,0.142719,0.114100,0.068121,0.106980,-0.226775,0.316351,-0.062730,-0.103374,-0.146877,0.188549,0.138283,0.147877,0.053383,0.422438,0.020393,0.321091,0.239374,0.479205,0.032729,0.564051,-0.349269,0.474658,-0.224811,0.246711,-0.015645,0.363838,0.300155,0.362629,0.128668,-0.114703,0.045685,0.011218,0.081393,0.180202,0.321780,0.300986,0.475426,0.448100,-0.292719,-0.364756,0.237010,0.459630,-0.339628,0.161207,-0.105144,0.436268,-0.183942,0.534436,-0.235455,0.523092,-0.197515,0.537918,-0.290608,0.500130,-0.312698,0.549001,-0.424102,0.506817,0.212831,0.451591,0.241157,-0.118586,0.075159,0.173321,-0.196570,0.302485,0.100752,0.364332,-0.053701,0.058563,-0.366618,0.000000,-0.180946,0.508166,-0.383777,-0.051300,0.176751,0.307254,0.486181,0.499087,0.306416,0.529347,0.318436
0.171802,0.507455,0.289525,0.557004,-0.319716,0.292766,0.259969,0.523695,-0.204474,0.400254,0.081307,0.392571,0.175995,0.378906,0.422602,0.443672,0.394640,0.158125,0.520810,0.318437,0.208946,0.181981,0.425899,0.491856,0.192370,0.363307,-0.143626,-0.035168,0.476058,0.000231,0.354937,0.448226,0.401334,0.333270,0.378245,0.222356,0.321337,0.568196,0.214483,0.495163,0.374075,0.032874,0.334412,0.340475,0.346803,0.335516,0.028830,0.431467,0.236069,0.254392,0.017021,0.473001,-0.359158,0.554062,-0.132731,0.551965,0.263439,0.502924,0.244184,0.318823,0.231261,0.428396,0.445861,0.361657,0.511676,0.465210,0.425920,0.260564,0.321277,0.065852,-0.052958,0.501538,0.453699,0.024029,-0.250332,0.494589,0.330622,0.525679,-0.287492,0.559334,-0.248312,0.550897,-0.167490,0.567482,-0.194613,0.589772,-0.379289,0.574106,-0.425306,0.561897,-0.231071,0.185922,-0.275933,0.111845,0.406141,0.356690,0.334614,0.547209,0.258429,0.427990,-0.016393,0.485668,0.178178,0.547031,-0.180946,0.000000,-0.214886,0.517934,0.021793,0.136311,0.191281,-0.035617,-0.010739,0.276402,-0.075184,0.088265
0.345588,-0.042088,0.269716,-0.070857,0.462800,-0.041230,0.298675,0.010374,0.023446,-0.118663,0.256757,0.102487,0.238435,0.069079,-0.302098,-0.019451,-0.114710,0.141647,-0.027438,0.223228,0.003016,0.072607,0.139509,-0.062725,0.183051,-0.090658,0.205659,0.072728,-0.193988,0.318726,0.053244,-0.109048,0.144497,0.167640,0.155804,0.167834,0.162752,-0.203272,0.311272,-0.018929,-0.056276,-0.059083,0.146927,0.132349,0.115633,0.079001,0.346422,-0.005377,0.251113,0.177641,0.359611,-0.044761,0.476627,-0.365786,0.498781,-0.176597,0.224971,-0.068851,0.275475,0.206648,0.317178,0.080610,-0.092362,0.067585,0.007585,0.076612,0.163280,0.303067,0.256310,0.374189,0.455608,-0.226772,-0.314290,0.230299,0.458111,-0.239902,0.188199,-0.066479,0.453073,-0.150476,0.520939,-0.207752,0.521249,-0.199586,0.529124,-0.274963,0.538103,-0.265241,0.535606,-0.375047,0.407836,0.116563,0.314657,0.084270,-0.056502,0.089398,0.215991,-0.141693,0.291947,0.106971,0.411184,-0.087768,0.191999,-0.269972,0.508166,-0.214886,0.000000,-0.290767,0.078301,0.154296,0.331015,0.393509,0.399441,0.257189,0.362573,0.299378
0.025741,0.378156,0.227232,0.512421,-0.345021,0.442353,0.146833,0.386976,-0.176114,0.487914,0.094593,0.266578,0.101716,0.158578,0.558088,0.373726,0.412007,0.081263,0.470441,0.180930,0.276559,0.221930,0.335899,0.510843,0.302682,0.448366,-0.108829,0.085182,0.520745,-0.061708,0.430687,0.485741,0.275801,0.215889,0.272547,0.206532,0.302641,0.531171,0.130072,0.430732,0.404188,0.130294,0.124275,0.228738,0.176980,0.260771,-0.186357,0.304565,0.000503,0.073856,-0.252950,0.279458,-0.528392,0.462451,-0.179065,0.522547,0.143235,0.321921,0.012538,0.057926,0.019999,0.192516,0.418450,0.261910,0.363437,0.310676,0.246906,0.085526,0.122442,-0.153313,-0.112412,0.551872,0.529456,0.005232,-0.300639,0.522197,0.259888,0.478073,-0.338990,0.484956,-0.338385,0.495404,-0.225775,0.518135,-0.279310,0.543447,-0.392769,0.562887,-0.499058,0.581576,-0.471147,-0.102989,-0.528081,-0.217255,0.438170,0.306682,0.279869,0.562307,0.082796,0.298350,-0.010531,0.288714,0.329605,0.623006,-0.383777,0.517934,-0.290767,0.000000,0.030195,-0.024173,0.060141,-0.320786,-0.263017,0.078070,-0.345795,-0.062243
0.154014,0.149829,0.165183,0.143672,0.013500,0.115757,0.176571,0.149128,-0.007365,0.081795,0.116480,0.182971,0.169574,0.137287,0.104650,0.180466,0.205939,0.190795,0.160918,0.162154,0.076618,-0.029536,0.179215,0.155611,0.170195,0.138285,0.219947,0.022806,0.159902,0.252745,0.177194,0.145661,0.189275,0.173532,0.131700,0.191172,0.165111,0.136892,0.032577,0.118005,0.143923,0.219096,0.165893,0.173734,0.188536,0.178498,0.112884,0.153143,0.138060,0.099719,0.077224,0.113211,0.019822,0.056700,0.093122,0.103434,0.159367,0.160057,0.124312,0.119864,0.130064,0.145179,0.123594,0.175016,0.172926,0.160153,0.159560,0.156450,0.159904,0.108090,0.089618,0.091501,0.087343,0.056938,0.053366,0.093924,0.112371,0.071704,0.117794,0.102893,0.087184,0.152216,0.027410,0.065069,0.093783,0.095008,0.052194,0.127086,0.006864,0.055143,0.028171,0.079362,-0.007950,0.002262,0.138000,0.133748,0.182498,0.129683,0.126573,0.158674,0.122334,0.094268,0.104446,0.092018,-0.051300,0.021793,0.078301,0.030195,0.000000,0.237511,0.145053,0.085930,0.124654,0.135817,0.023678,0.154059
0.371447,0.310516,0.340247,0.241370,0.077992,0.182363,0.371328,0.293130,0.002696,0.152829,0.279449,0.324098,0.355696,0.309915,0.091271,0.346005,0.329219,0.361765,0.284099,0.377625,0.136293,0.025422,0.351055,0.245326,0.227113,0.231004,0.103801,0.095155,0.276348,0.416975,0.292031,0.247598,0.390984,0.414882,0.248467,0.158409,0.317721,0.210328,0.226391,0.136125,0.204228,0.262375,0.390113,0.367940,0.398322,0.347839,0.354307,0.277703,0.371705,0.331764,0.346078,0.355374,0.155726,0.110085,0.227105,0.150625,0.386919,0.316489,0.406236,0.370878,0.408025,0.360715,0.294362,0.331078,0.324071,0.334417,0.365563,0.380862,0.363121,0.316479,0.291671,0.149785,0.093724,0.228818,0.200402,0.057012,0.266596,0.218952,0.276027,0.220243,0.277548,0.242027,0.201501,0.156350,0.269612,0.175989,0.105179,0.113013,0.096711,0.041074,0.139006,0.176179,0.077748,0.113613,0.310878,0.374705,0.390475,0.217274,0.299116,0.247273,0.209228,0.140620,0.129786,0.060082,0.176751,0.136311,0.154296,-0.024173,0.237511,0.000000,0.175107,0.273791,0.312116,0.307153,0.194850,0.125602
0.442007,0.352591,0.423496,0.310805,0.143902,0.080781,0.439951,0.401879,-0.168051,0.064702,0.347352,0.445779,0.354365,0.435796,-0.082901,0.275932,0.136506,0.294530,0.311994,0.439000,0.059703,0.093980,0.420998,0.263347,0.190896,0.138140,0.011776,0.015650,0.141964,0.313084,0.250790,0.210876,0.423914,0.407795,0.440219,0.495062,0.359847,0.205042,0.430113,0.333266,0.173728,-0.066187,0.347963,0.336434,0.334748,0.309875,0.369061,0.304548,0.441431,0.416749,0.384914,0.299753,0.221245,0.041556,0.394827,0.241921,0.388580,0.327968,0.475988,0.460289,0.467522,0.431372,0.211936,0.377313,0.367464,0.409107,0.474916,0.479683,0.492467,0.477771,0.300085,0.086775,0.000128,0.234998,0.294260,0.154946,0.425800,0.307599,0.133229,0.195420,0.287320,0.191773,0.319460,0.168115,0.347938,0.132608,0.213891,0.155589,0.204212,0.033031,0.299000,0.324553,0.168832,0.234130,0.126259,0.247832,0.436632,0.243342,0.506800,0.459318,0.449417,0.336621,0.291408,0.127903,0.307254,0.191281,0.331015,0.060141,0.145053,0.175107,0.000000,0.422086,0.453247,0.530918,0.344831,0.350056
0.387941,0.162612,0.235781,0.024451,0.287766,-0.220820,0.317943,0.208697,-0.082241,-0.206147,0.186337,0.291989,0.232267,0.394139,-0.380815,0.132671,-0.065810,0.265317,0.049936,0.304040,-0.052207,-0.013883,0.215609,-0.043970,-0.013606,-0.133301,0.098019,-0.051847,-0.146554,0.358595,-0.038219,-0.087594,0.278012,0.295068,0.275084,0.218906,0.178057,-0.033346,0.322207,0.109368,-0.016239,-0.062813,0.350507,0.221068,0.269018,0.151343,0.515086,0.186769,0.446526,0.360580,0.561821,0.216658,0.495586,-0.113062,0.401424,-0.029743,0.281528,0.201765,0.465251,0.464662,0.456094,0.375861,-0.011730,0.234289,0.213234,0.266644,0.348566,0.431818,0.417206,0.533113,0.330288,-0.189873,-0.279984,0.178614,0.355129,-0.134365,0.237123,0.054149,0.319328,0.008290,0.428452,-0.029067,0.401116,-0.036456,0.424044,-0.107270,0.327950,-0.131662,0.417288,-0.246438,0.590843,0.505862,0.526567,0.487107,-0.091444,0.089763,0.232970,-0.076457,0.464220,0.302293,0.283968,0.257332,-0.064158,-0.236847,0.486181,-0.035617,0.393509,-0.320786,0.085930,0.273791,0.422086,0.000000,0.590479,0.453094,0.539947,0.303445
0.432614,0.202794,0.297760,0.065830,0.279231,-0.135832,0.365348,0.228270,-0.069000,-0.146661,0.268838,0.323549,0.302370,0.403582,-0.316376,0.181803,0.026459,0.318903,0.095223,0.370440,0.039696,0.050302,0.262109,0.018779,0.062613,-0.061131,0.112889,0.002298,-0.055718,0.409116,0.026995,-0.028811,0.303733,0.322112,0.273424,0.245098,0.273774,0.018886,0.388189,0.151538,0.082986,0.021440,0.385249,0.288840,0.355187,0.234290,0.532997,0.237566,0.503165,0.416411,0.568200,0.257677,0.481312,-0.107638,0.457794,0.017112,0.358575,0.235636,0.513328,0.502987,0.501310,0.389326,0.077491,0.289713,0.235219,0.285017,0.377252,0.450352,0.440093,0.552227,0.352123,-0.152056,-0.227264,0.221772,0.377549,-0.107768,0.265155,0.071487,0.347076,0.026191,0.459797,0.016189,0.432946,0.004369,0.462659,-0.072418,0.337995,-0.078653,0.414512,-0.218200,0.526192,0.425294,0.450886,0.398139,0.001549,0.171577,0.313007,-0.003508,0.463074,0.307133,0.374368,0.231854,0.042868,-0.181386,0.499087,-0.010739,0.399441,-0.263017,0.124654,0.312116,0.453247,0.590479,0.000000,0.469101,0.513206,0.344746
0.511202,0.440110,0.475457,0.373358,0.105757,0.127139,0.509751,0.476116,-0.139122,0.106653,0.348069,0.499850,0.423293,0.484633,-0.003959,0.374005,0.244955,0.379062,0.400567,0.505039,0.166413,0.188474,0.492310,0.310987,0.245352,0.231837,0.041281,0.091825,0.225459,0.380119,0.305888,0.268757,0.509867,0.472503,0.493966,0.433021,0.433212,0.297084,0.478485,0.390523,0.274150,0.018187,0.468935,0.454671,0.429900,0.382222,0.456312,0.425679,0.489201,0.466675,0.437547,0.413850,0.210951,0.132806,0.389895,0.317431,0.461724,0.420356,0.528519,0.517751,0.528696,0.491410,0.296889,0.419321,0.473282,0.497436,0.551701,0.553069,0.567772,0.534381,0.356474,0.168377,0.072868,0.289958,0.263116,0.161282,0.497463,0.385407,0.190891,0.297100,0.308259,0.283457,0.347948,0.272599,0.352315,0.219689,0.149752,0.206644,0.153869,0.089205,0.304566,0.397656,0.177783,0.282354,0.229862,0.345709,0.501464,0.302515,0.568369,0.542790,0.406947,0.385686,0.262539,0.163955,0.306416,0.276402,0.257189,0.078070,0.135817,0.307153,0.530918,0.453094,0.469101,0.000000,0.401163,0.310971
0.391771,0.103255,0.218627,-0.054702,0.271068,-0.225400,0.295220,0.121521,0.012350,-0.241578,0.206583,0.197245,0.266175,0.266229,-0.387996,0.036161,-0.102782,0.204125,-0.001535,0.276237,-0.033056,0.091247,0.148095,-0.097145,-0.051539,-0.144189,0.038554,-0.003092,-0.160381,0.263137,-0.116956,-0.136522,0.178142,0.178538,0.195130,0.143251,0.115194,-0.107718,0.294776,0.035153,-0.042496,-0.171233,0.288150,0.192600,0.205279,0.104054,0.478453,0.159344,0.377464,0.318570,0.512026,0.165172,0.501626,-0.170615,0.388042,-0.097691,0.261334,0.133641,0.394381,0.369269,0.367391,0.234527,-0.064927,0.096585,0.126535,0.178073,0.258811,0.359893,0.357068,0.519681,0.339163,-0.216213,-0.257802,0.233830,0.407039,-0.231199,0.216569,-0.015516,0.350907,-0.075057,0.413549,-0.115318,0.405033,-0.086373,0.403798,-0.168026,0.328051,-0.212669,0.415285,-0.294471,0.546383,0.386170,0.498295,0.397251,-0.091965,0.092391,0.170169,-0.146527,0.380938,0.220140,0.286632,0.122626,-0.060742,-0.294800,0.529347,-0.075184,0.362573,-0.345795,0.023678,0.194850,0.344831,0.539947,0.513206,0.401163,0.000000,0.315906
0.318339,0.207178,0.273223,0.139261,0.132766,0.033333,0.300489,0.215198,-0.079152,0.025325,0.170363,0.241338,0.258388,0.242849,-0.085374,0.149492,0.066538,0.133569,0.145766,0.303631,0.064476,0.132029,0.221012,0.112494,0.112454,0.033391,0.051674,-0.016172,0.033520,0.190583,0.095398,0.061537,0.227216,0.196211,0.198994,0.166087,0.207861,0.069903,0.318564,0.172829,0.065119,-0.079022,0.274923,0.235893,0.262795,0.190521,0.296573,0.209876,0.346303,0.255464,0.337164,0.213598,0.258198,0.004406,0.257839,0.067976,0.295692,0.218763,0.347854,0.323652,0.341201,0.254957,0.109622,0.178955,0.195078,0.221563,0.259375,0.277555,0.338282,0.319523,0.211172,-0.021246,-0.069825,0.097568,0.193896,-0.052318,0.218251,0.086619,0.200719,0.086804,0.265421,0.059471,0.250475,0.085835,0.276612,0.036531,0.195947,0.034094,0.197369,-0.045786,0.242921,0.194179,0.195012,0.193529,0.069106,0.207996,0.260360,0.094517,0.300866,0.208638,0.273944,0.170100,0.132874,-0.017168,0.318436,0.088265,0.299378,-0.062243,0.154059,0.125602,0.350056,0.303445,0.344746,0.310971,0.315906,0.000000
