0.000000,0.598065,0.870386,0.865060,0.818166,0.824568,0.862314,0.858495,0.832310,0.855559,0.887813,0.852308,0.858859,0.457292,0.863363,0.842529,-0.097627,0.812579,0.800966,0.870678,0.821767,0.845297,-0.535480,0.865428,-0.594834,0.519639,0.809922,0.793880,0.815605,0.818288,0.844756,0.872523,0.275341,0.764329,0.133947,0.599382,0.640824,-0.513937,0.764145,0.337905,0.159629,0.834338,-0.495409,-0.100695,-0.364830,-0.389275,0.278243,-0.548613,-0.414965,0.384874,-0.337678,-0.388858,0.513505,-0.750396,0.862502,-0.497984,0.777555,-0.056804,0.054387,-0.593645,0.508284,-0.486805,0.831753,0.417410,0.663810,-0.082651,0.399013,0.821086,-0.245302,0.888051,0.854655,0.863436,0.842772,0.856768,0.830880,0.777940,0.826507,0.774954,0.838364,-0.412085,0.876120,-0.587665,0.808685,0.383639,0.867512,-0.713787,0.846192,0.821107,0.369750,-0.719409,0.879344,-0.656343,0.756574,-0.719064,0.857869,-0.301221,0.594829,0.437236,0.839886,-0.206174,0.880357,-0.606037,0.831417,0.818424,0.570953,-0.486228,0.784362,0.708426,0.418094,0.041896,0.445430,-0.129053,0.870759,-0.464505,-0.612857,0.031776
0.598065,0.000000,0.415237,0.642075,0.331723,0.411117,0.432181,0.694681,0.386764,0.513491,0.597409,0.667975,0.475646,0.823116,0.542434,0.600828,0.457345,0.622894,0.795243,0.500989,0.507310,0.497867,-0.103723,0.497623,-0.276843,0.239998,0.394018,0.372846,0.732614,0.712665,0.519875,0.531807,0.710212,0.758110,0.515576,0.690658,0.767515,0.112779,0.477269,0.625528,0.522574,0.614668,0.038327,0.452498,0.193771,0.197008,0.637254,0.039232,0.143515,0.779218,0.128838,0.250210,0.428944,-0.250853,0.641935,0.149315,0.776068,0.611498,0.493199,0.035383,0.626373,0.194984,0.660437,0.805342,0.594340,0.550292,0.757218,0.756768,0.325637,0.616857,0.564597,0.619336,0.602970,0.608948,0.530578,0.548131,0.702383,0.705504,0.575286,0.238476,0.521139,0.057307,0.540539,0.560434,0.394157,-0.114651,0.436201,0.524021,0.330470,-0.164760,0.544745,-0.012189,0.786993,-0.169545,0.684779,0.148450,0.721822,0.748319,0.710130,0.397293,0.516265,0.032224,0.414781,0.507560,0.446607,0.061912,0.407357,0.475173,0.358654,0.342857,0.732329,0.367552,0.602276,0.027447,-0.042387,0.120398
0.870386,0.415237,0.000000,0.840961,0.875308,0.874338,0.903075,0.812706,0.889592,0.868928,0.858769,0.819573,0.889130,0.265568,0.867272,0.829903,-0.305244,0.772030,0.693032,0.892569,0.846413,0.864294,-0.661630,0.890483,-0.683193,0.482992,0.868034,0.855678,0.730022,0.727656,0.864848,0.887078,0.046403,0.635692,-0.038154,0.479521,0.534225,-0.687323,0.785462,0.227881,0.026747,0.807107,-0.652677,-0.311768,-0.549884,-0.579978,0.083098,-0.708960,-0.588140,0.187523,-0.516587,-0.584524,0.399411,-0.848269,0.814523,-0.676071,0.632980,-0.284322,-0.165464,-0.754757,0.332287,-0.672094,0.751555,0.215179,0.565237,-0.299260,0.202207,0.724674,-0.463218,0.853351,0.852218,0.845142,0.829622,0.829682,0.844671,0.759506,0.756669,0.688693,0.784863,-0.605312,0.852197,-0.746435,0.807203,0.286487,0.896073,-0.837438,0.888673,0.841991,0.250560,-0.835620,0.879022,-0.797509,0.638496,-0.835547,0.799901,-0.449187,0.449186,0.248082,0.768340,-0.421594,0.885776,-0.756037,0.884324,0.845380,0.471542,-0.646560,0.809475,0.727470,0.384798,-0.093574,0.253438,-0.334231,0.852910,-0.624295,-0.756593,-0.047084
0.865060,0.642075,0.840961,0.000000,0.793239,0.854603,0.860289,0.898529,0.844313,0.878842,0.869731,0.884524,0.872526,0.458333,0.869249,0.887210,-0.107359,0.783045,0.842139,0.877104,0.861446,0.869953,-0.619476,0.884760,-0.710073,0.365264,0.843134,0.830054,0.811701,0.790943,0.884303,0.873288,0.260968,0.708621,0.109218,0.612996,0.721574,-0.520867,0.809877,0.474694,0.208480,0.857495,-0.532307,-0.137974,-0.414082,-0.438126,0.251866,-0.575064,-0.444175,0.403149,-0.427023,-0.400323,0.366984,-0.775537,0.858326,-0.487032,0.716712,-0.012368,-0.023950,-0.596834,0.392166,-0.459000,0.784347,0.421474,0.590140,-0.048607,0.390549,0.808357,-0.298363,0.852934,0.892168,0.884904,0.874998,0.867975,0.874080,0.787363,0.835431,0.778299,0.776777,-0.415401,0.810972,-0.577213,0.838808,0.436080,0.808944,-0.698801,0.853898,0.877310,0.199789,-0.725039,0.871511,-0.614993,0.775074,-0.726924,0.867620,-0.326126,0.586188,0.430045,0.846505,-0.226220,0.871081,-0.564116,0.855994,0.878088,0.441539,-0.514100,0.768271,0.797203,0.406683,0.014425,0.422846,-0.193995,0.879333,-0.527728,-0.629140,-0.052938
0.818166,0.331723,0.875308,0.793239,0.000000,0.863794,0.871467,0.766239,0.867411,0.837973,0.815795,0.771286,0.850918,0.186195,0.823827,0.795432,-0.350783,0.721787,0.616562,0.848174,0.815248,0.832751,-0.656228,0.865014,-0.642522,0.533147,0.849002,0.840840,0.668280,0.660380,0.824492,0.840612,-0.021329,0.556151,-0.096260,0.445143,0.479171,-0.699263,0.755601,0.171416,-0.031747,0.762112,-0.648655,-0.359476,-0.588548,-0.610642,0.036502,-0.715591,-0.598008,0.115931,-0.536844,-0.614948,0.371244,-0.831455,0.771273,-0.687250,0.555434,-0.353688,-0.224757,-0.769830,0.267028,-0.687737,0.702037,0.143751,0.513131,-0.345171,0.124226,0.663404,-0.511547,0.794121,0.815263,0.804750,0.790777,0.792303,0.800826,0.706455,0.718243,0.654085,0.745872,-0.635741,0.809749,-0.749804,0.767977,0.250225,0.863828,-0.826631,0.848958,0.799542,0.205658,-0.817410,0.839236,-0.806665,0.577493,-0.834767,0.760803,-0.446798,0.409621,0.196238,0.723156,-0.459280,0.846723,-0.774138,0.854605,0.816436,0.410324,-0.661686,0.771285,0.705287,0.358228,-0.109071,0.210096,-0.370751,0.821849,-0.619391,-0.758908,-0.068972
0.824568,0.411117,0.874338,0.854603,0.863794,0.000000,0.895625,0.821870,0.901846,0.889226,0.838008,0.832878,0.893900,0.206499,0.864623,0.858638,-0.347001,0.733142,0.699012,0.886959,0.874732,0.882277,-0.764113,0.895608,-0.781086,0.362101,0.903275,0.894547,0.697609,0.683451,0.891460,0.870058,-0.000682,0.548476,-0.126526,0.447192,0.556129,-0.717411,0.810809,0.300355,0.023212,0.807862,-0.713474,-0.399636,-0.635032,-0.653808,0.019472,-0.756977,-0.654852,0.147368,-0.621090,-0.623561,0.251738,-0.879097,0.787593,-0.696830,0.542326,-0.291626,-0.285422,-0.781627,0.192108,-0.668551,0.689807,0.184060,0.450878,-0.316288,0.122711,0.673246,-0.545597,0.796404,0.876937,0.849880,0.845708,0.832187,0.871564,0.752025,0.740025,0.665933,0.727208,-0.620252,0.792704,-0.750298,0.819652,0.292613,0.843013,-0.838124,0.886945,0.883560,0.076763,-0.850114,0.853785,-0.782951,0.608601,-0.857433,0.787482,-0.503165,0.400513,0.190771,0.745194,-0.478630,0.866491,-0.741646,0.901223,0.890583,0.318341,-0.704656,0.779680,0.804267,0.343315,-0.144478,0.181961,-0.429585,0.834838,-0.709619,-0.796816,-0.157902
0.862314,0.432181,0.903075,0.860289,0.871467,0.895625,0.000000,0.834145,0.904172,0.888633,0.864240,0.842872,0.903681,0.256229,0.880637,0.857144,-0.312373,0.773756,0.707365,0.902387,0.871036,0.884736,-0.716268,0.902037,-0.740555,0.417165,0.891819,0.882037,0.734991,0.725515,0.888346,0.892338,0.036389,0.614035,-0.068592,0.483856,0.566581,-0.698970,0.812098,0.279984,0.052933,0.828600,-0.676746,-0.337132,-0.588120,-0.607815,0.067962,-0.731450,-0.611697,0.189437,-0.558664,-0.593215,0.348709,-0.867800,0.820554,-0.682857,0.608171,-0.278950,-0.209031,-0.767923,0.282723,-0.665991,0.745110,0.222772,0.525714,-0.293206,0.181689,0.719673,-0.498303,0.842771,0.875056,0.861062,0.853838,0.846268,0.869554,0.766494,0.768011,0.698697,0.770021,-0.610987,0.836410,-0.750511,0.826775,0.305912,0.881089,-0.841895,0.897084,0.872245,0.180181,-0.846869,0.881250,-0.792586,0.644158,-0.851622,0.810185,-0.470295,0.441385,0.233930,0.773982,-0.445921,0.889587,-0.749151,0.903179,0.876934,0.406165,-0.676346,0.804059,0.775203,0.361452,-0.107719,0.237862,-0.376386,0.856839,-0.663211,-0.778749,-0.096427
0.858495,0.694681,0.812706,0.898529,0.766239,0.821870,0.834145,0.000000,0.809463,0.866361,0.872190,0.890698,0.846063,0.543646,0.857164,0.884818,-0.022644,0.805392,0.845073,0.851821,0.838757,0.849580,-0.554979,0.862513,-0.653044,0.400155,0.805693,0.790036,0.838359,0.820332,0.860715,0.860953,0.338026,0.753464,0.178069,0.670074,0.746922,-0.448061,0.786031,0.495293,0.258655,0.866931,-0.452130,-0.040480,-0.340419,-0.352089,0.334335,-0.500126,-0.358716,0.478124,-0.339032,-0.309321,0.437937,-0.720598,0.869770,-0.411840,0.753688,0.058653,0.059534,-0.528986,0.463457,-0.372525,0.819075,0.511189,0.619605,0.048924,0.457070,0.842150,-0.223500,0.858010,0.875413,0.875674,0.870853,0.871281,0.855669,0.774768,0.863053,0.819413,0.791126,-0.337481,0.811575,-0.509803,0.822102,0.460515,0.787838,-0.640909,0.821552,0.850226,0.259088,-0.665392,0.864807,-0.560229,0.811817,-0.676500,0.878640,-0.266244,0.628312,0.488611,0.859697,-0.153268,0.857714,-0.507278,0.822004,0.847479,0.458906,-0.456956,0.749256,0.764866,0.410555,0.075216,0.493049,-0.119253,0.874007,-0.455343,-0.570894,-0.033472
0.832310,0.386764,0.889592,0.844313,0.867411,0.901846,0.904172,0.809463,0.000000,0.882187,0.842204,0.828663,0.901137,0.195214,0.873693,0.850782,-0.362307,0.747794,0.679408,0.894967,0.874706,0.883538,-0.766133,0.894822,-0.779871,0.358452,0.903627,0.896259,0.701967,0.684136,0.887102,0.878580,-0.031425,0.554700,-0.145650,0.422261,0.536808,-0.734931,0.820440,0.281980,0.029203,0.811675,-0.728276,-0.407617,-0.649633,-0.664369,-0.004774,-0.773133,-0.668276,0.126295,-0.621868,-0.639254,0.267596,-0.887995,0.789939,-0.718416,0.545400,-0.324006,-0.291697,-0.801371,0.199302,-0.698075,0.702134,0.164994,0.466902,-0.347463,0.105620,0.666694,-0.560895,0.808637,0.865086,0.847880,0.841938,0.823954,0.866408,0.749417,0.730812,0.656853,0.733838,-0.645804,0.805529,-0.772409,0.826758,0.289384,0.862874,-0.857832,0.899352,0.878897,0.108069,-0.867031,0.856968,-0.808181,0.596696,-0.871740,0.779804,-0.511127,0.392581,0.177371,0.741899,-0.502440,0.871906,-0.769386,0.906684,0.881462,0.338386,-0.716501,0.786729,0.794643,0.339518,-0.145376,0.167451,-0.444125,0.833294,-0.718250,-0.811798,-0.143139
0.855559,0.513491,0.868928,0.878842,0.837973,0.889226,0.888633,0.866361,0.882187,0.000000,0.870707,0.863964,0.888956,0.337040,0.877712,0.887307,-0.231153,0.778978,0.764104,0.884453,0.866122,0.890039,-0.684914,0.894329,-0.726783,0.401393,0.879355,0.867843,0.759888,0.767257,0.894792,0.879277,0.141404,0.641790,-0.023899,0.531428,0.619532,-0.629146,0.811318,0.361709,0.093589,0.845779,-0.623263,-0.267300,-0.530780,-0.541894,0.135919,-0.672713,-0.551276,0.267075,-0.502371,-0.511257,0.358396,-0.829362,0.837052,-0.607779,0.634896,-0.172324,-0.145498,-0.698703,0.322338,-0.569316,0.763250,0.313649,0.540105,-0.178679,0.252108,0.753768,-0.424798,0.842327,0.894466,0.863894,0.858464,0.866531,0.876668,0.773028,0.798819,0.735901,0.787770,-0.519126,0.835076,-0.673132,0.837655,0.344428,0.852371,-0.782019,0.876132,0.882141,0.179253,-0.795610,0.877267,-0.715239,0.699386,-0.798898,0.830123,-0.420295,0.499610,0.315776,0.804535,-0.363424,0.880760,-0.658901,0.883670,0.881021,0.396776,-0.623021,0.791087,0.786051,0.375131,-0.049769,0.299349,-0.303936,0.854353,-0.621164,-0.726695,-0.105440
0.887813,0.597409,0.858769,0.869731,0.815795,0.838008,0.864240,0.872190,0.842204,0.870707,0.000000,0.868341,0.871934,0.455812,0.880319,0.867769,-0.080830,0.809001,0.798210,0.868831,0.835703,0.854365,-0.570185,0.872533,-0.630130,0.485275,0.822046,0.804379,0.830261,0.806827,0.856914,0.875133,0.259973,0.735300,0.090679,0.580245,0.649840,-0.525783,0.769863,0.360405,0.178671,0.845905,-0.520417,-0.128469,-0.399667,-0.415705,0.260194,-0.563503,-0.439713,0.366152,-0.369208,-0.397457,0.470685,-0.760318,0.852083,-0.504018,0.742312,-0.063507,0.006858,-0.603870,0.473164,-0.470387,0.839171,0.431680,0.623768,-0.084473,0.366430,0.803635,-0.283758,0.869393,0.858166,0.869898,0.858527,0.861148,0.837913,0.775829,0.827579,0.783341,0.815036,-0.416240,0.854347,-0.586251,0.814145,0.374866,0.847082,-0.713031,0.848080,0.837998,0.297629,-0.719218,0.872799,-0.655213,0.756311,-0.732177,0.861654,-0.332394,0.569313,0.412013,0.830632,-0.231318,0.869438,-0.604813,0.838587,0.837756,0.495801,-0.515926,0.767248,0.728268,0.406116,0.038013,0.413564,-0.167989,0.868512,-0.505912,-0.632910,-0.030324
0.852308,0.667975,0.819573,0.884524,0.771286,0.832878,0.842872,0.890698,0.828663,0.863964,0.868341,0.000000,0.858553,0.509017,0.870812,0.886546,-0.065337,0.837060,0.818404,0.867819,0.855384,0.861046,-0.621627,0.862842,-0.695627,0.354545,0.828634,0.817993,0.833626,0.820913,0.869080,0.873161,0.264669,0.727814,0.087140,0.595355,0.716816,-0.494527,0.813575,0.475672,0.260731,0.865172,-0.523648,-0.099279,-0.406290,-0.400862,0.248619,-0.556104,-0.424644,0.433917,-0.399478,-0.349654,0.375710,-0.755376,0.854873,-0.463177,0.713696,0.019225,-0.016760,-0.573684,0.394603,-0.418364,0.797511,0.488929,0.576566,-0.011951,0.379703,0.807707,-0.291777,0.853866,0.868796,0.881551,0.879986,0.871598,0.858508,0.774502,0.836652,0.785194,0.787901,-0.374229,0.810333,-0.537015,0.844812,0.457799,0.791851,-0.675328,0.840944,0.864825,0.213828,-0.707273,0.854287,-0.603249,0.760965,-0.716786,0.853647,-0.301092,0.586043,0.445279,0.845028,-0.209921,0.856868,-0.556444,0.841262,0.859222,0.419501,-0.515182,0.756383,0.783786,0.423597,0.037863,0.420160,-0.177930,0.868827,-0.518784,-0.620883,-0.045810
0.858859,0.475646,0.889130,0.872526,0.850918,0.893900,0.903681,0.846063,0.901137,0.888956,0.871934,0.858553,0.000000,0.291857,0.895172,0.871996,-0.266934,0.778391,0.739269,0.904729,0.879100,0.887528,-0.724752,0.902459,-0.761779,0.380773,0.893123,0.883607,0.761096,0.729542,0.895232,0.895507,0.064295,0.623996,-0.061898,0.483336,0.600028,-0.676208,0.821235,0.328655,0.091714,0.832569,-0.676544,-0.321418,-0.575514,-0.593039,0.084344,-0.714756,-0.606289,0.219435,-0.563249,-0.568359,0.307875,-0.862294,0.818183,-0.653980,0.616225,-0.226539,-0.203066,-0.744157,0.275549,-0.627560,0.748634,0.254889,0.522712,-0.256502,0.203055,0.722441,-0.478316,0.839172,0.877053,0.876595,0.868306,0.845856,0.875295,0.777690,0.772504,0.704943,0.756389,-0.574407,0.820838,-0.716252,0.838000,0.325377,0.859174,-0.818300,0.897416,0.885397,0.143300,-0.831857,0.871543,-0.759497,0.660858,-0.837362,0.818950,-0.472242,0.457808,0.260610,0.787540,-0.417206,0.881525,-0.717678,0.901145,0.889664,0.376179,-0.661364,0.784101,0.795041,0.361144,-0.090489,0.251386,-0.360061,0.860713,-0.667430,-0.761571,-0.127996
0.457292,0.823116,0.265568,0.458333,0.186195,0.206499,0.256229,0.543646,0.195214,0.337040,0.455812,0.509017,0.291857,0.000000,0.385723,0.437093,0.586683,0.522829,0.633860,0.320242,0.304765,0.311391,0.161857,0.323590,-0.013753,0.340196,0.178396,0.158972,0.645617,0.631593,0.317441,0.382437,0.761276,0.739302,0.609627,0.655436,0.638544,0.296183,0.301402,0.532427,0.506209,0.476695,0.250437,0.638520,0.398685,0.407002,0.703056,0.246645,0.359860,0.812881,0.379687,0.440874,0.536842,-0.031873,0.529015,0.330428,0.735376,0.664180,0.661296,0.222233,0.726764,0.361675,0.601104,0.824901,0.627450,0.673283,0.803851,0.678801,0.500825,0.510597,0.365860,0.445415,0.426071,0.446337,0.339465,0.395145,0.594734,0.627157,0.500562,0.379220,0.421445,0.226891,0.380778,0.503963,0.269038,0.071296,0.262847,0.312618,0.496128,0.034156,0.401542,0.138746,0.714423,0.028343,0.539269,0.306831,0.697311,0.786770,0.598763,0.551196,0.364797,0.172785,0.214359,0.285040,0.496464,0.254401,0.286348,0.242120,0.362699,0.449553,0.767582,0.552918,0.465809,0.262312,0.161699,0.234846
0.863363,0.542434,0.867272,0.869249,0.823827,0.864623,0.880637,0.857164,0.873693,0.877712,0.880319,0.870812,0.895172,0.385723,0.000000,0.886010,-0.165598,0.813341,0.770130,0.889310,0.871074,0.879182,-0.666465,0.884294,-0.714541,0.412677,0.865084,0.860303,0.817892,0.778234,0.879609,0.893918,0.150358,0.684780,-0.012030,0.511244,0.637004,-0.594737,0.821652,0.375456,0.175480,0.853345,-0.618933,-0.225709,-0.507599,-0.507677,0.142597,-0.644380,-0.537584,0.295770,-0.480060,-0.475721,0.342737,-0.813648,0.829692,-0.577191,0.663734,-0.139840,-0.121608,-0.676739,0.336990,-0.547142,0.793085,0.343894,0.576329,-0.162703,0.276506,0.756845,-0.397114,0.853529,0.861139,0.881985,0.874201,0.846658,0.858641,0.781524,0.792804,0.745354,0.787093,-0.487027,0.835318,-0.633072,0.855264,0.367602,0.842790,-0.759863,0.881962,0.874402,0.181923,-0.778286,0.863479,-0.699219,0.707008,-0.787691,0.832851,-0.409566,0.524423,0.349729,0.820327,-0.325182,0.866448,-0.654876,0.872192,0.870772,0.394619,-0.602175,0.764484,0.783971,0.387319,0.002384,0.317361,-0.270137,0.863416,-0.603324,-0.703782,-0.102183
0.842529,0.600828,0.829903,0.887210,0.795432,0.858638,0.857144,0.884818,0.850782,0.887307,0.867769,0.886546,0.871996,0.437093,0.886010,0.000000,-0.116258,0.806424,0.806043,0.868596,0.868268,0.882086,-0.651630,0.876533,-0.718684,0.360262,0.852682,0.849883,0.818674,0.803147,0.882491,0.873047,0.224913,0.688702,0.019106,0.559877,0.693042,-0.537824,0.832922,0.476185,0.219331,0.870217,-0.574130,-0.176140,-0.475446,-0.467047,0.179739,-0.605007,-0.484242,0.359292,-0.446260,-0.412096,0.335012,-0.781124,0.842337,-0.512019,0.666411,-0.057193,-0.084747,-0.623192,0.339359,-0.469732,0.789026,0.413191,0.554649,-0.078901,0.318130,0.772954,-0.352791,0.838371,0.878243,0.873775,0.869806,0.857865,0.864431,0.770434,0.816070,0.770720,0.788416,-0.427470,0.818330,-0.576103,0.869827,0.438507,0.806386,-0.708420,0.858428,0.884169,0.161720,-0.734301,0.853746,-0.635065,0.743984,-0.745649,0.841012,-0.347535,0.564490,0.408683,0.833536,-0.266563,0.858686,-0.582483,0.855849,0.874722,0.382965,-0.557405,0.756018,0.810074,0.398160,0.037845,0.364942,-0.235331,0.862451,-0.564203,-0.662086,-0.090604
-0.097627,0.457345,-0.305244,-0.107359,-0.350783,-0.347001,-0.312373,-0.022644,-0.362307,-0.231153,-0.080830,-0.065337,-0.266934,0.586683,-0.165598,-0.116258,0.000000,0.053712,0.151166,-0.254235,-0.250974,-0.248783,0.559767,-0.255327,0.459146,0.098953,-0.370517,-0.378863,0.207308,0.130754,-0.253076,-0.202477,0.633640,0.270643,0.546854,0.246989,0.239669,0.690764,-0.203398,0.304936,0.494193,-0.066575,0.602928,0.739031,0.687956,0.714603,0.535161,0.647429,0.644711,0.546503,0.655907,0.715129,0.249207,0.491028,-0.048660,0.700751,0.309048,0.760352,0.699776,0.651090,0.444328,0.709386,0.150275,0.606826,0.256078,0.743525,0.577454,0.159657,0.748893,-0.057738,-0.207267,-0.114053,-0.116780,-0.118594,-0.254079,-0.104581,0.039365,0.118352,0.019988,0.728718,-0.097825,0.676024,-0.139778,0.323583,-0.286416,0.566261,-0.313962,-0.236538,0.269786,0.544722,-0.182644,0.591341,0.250401,0.527573,-0.015504,0.586107,0.381715,0.589634,0.089971,0.780906,-0.208497,0.592312,-0.350435,-0.263749,0.194177,0.620893,-0.272551,-0.209287,0.075952,0.483777,0.548630,0.734358,-0.095926,0.640579,0.619608,0.301386
0.812579,0.622894,0.772030,0.783045,0.721787,0.733142,0.773756,0.805392,0.747794,0.778978,0.809001,0.837060,0.778391,0.522829,0.813341,0.806424,0.053712,0.000000,0.723399,0.795370,0.776020,0.783956,-0.495018,0.777909,-0.531167,0.455885,0.735079,0.730720,0.827575,0.829263,0.773541,0.817812,0.275607,0.752153,0.124785,0.546862,0.647561,-0.411492,0.763652,0.390876,0.304027,0.813451,-0.445386,-0.001332,-0.321016,-0.284912,0.236760,-0.471948,-0.346835,0.436073,-0.275457,-0.267289,0.458501,-0.658355,0.796089,-0.401620,0.721678,0.044806,0.064412,-0.503331,0.442476,-0.376040,0.811904,0.521610,0.629393,0.020966,0.390974,0.786135,-0.210161,0.835542,0.766099,0.806479,0.810167,0.802961,0.747290,0.731417,0.775285,0.744097,0.817181,-0.278181,0.825679,-0.444916,0.801757,0.491507,0.769660,-0.607796,0.767674,0.765584,0.326836,-0.630591,0.785142,-0.570687,0.702558,-0.646349,0.768180,-0.201592,0.609483,0.494608,0.809216,-0.139141,0.797295,-0.533710,0.753109,0.743626,0.490263,-0.436359,0.689317,0.679845,0.429595,0.134647,0.439074,-0.078164,0.802577,-0.402689,-0.535376,0.069266
0.800966,0.795243,0.693032,0.842139,0.616562,0.699012,0.707365,0.845073,0.679408,0.764104,0.798210,0.818404,0.739269,0.633860,0.770130,0.806043,0.151166,0.723399,0.000000,0.750810,0.735102,0.748765,-0.405138,0.751854,-0.546036,0.335813,0.681979,0.667256,0.819094,0.806554,0.765850,0.754445,0.509796,0.767450,0.281353,0.642174,0.759823,-0.259815,0.686510,0.557310,0.336486,0.775425,-0.315068,0.105055,-0.150640,-0.178037,0.422150,-0.325951,-0.218329,0.577052,-0.199104,-0.141825,0.388791,-0.577467,0.794236,-0.224829,0.793150,0.283802,0.224125,-0.332711,0.529709,-0.186154,0.766131,0.603867,0.634566,0.208499,0.584299,0.816674,-0.003309,0.791058,0.793051,0.804283,0.784683,0.786397,0.759151,0.726719,0.802599,0.769504,0.735740,-0.134739,0.732217,-0.313380,0.752536,0.483846,0.667648,-0.469699,0.712030,0.765185,0.262819,-0.507644,0.762079,-0.362020,0.825374,-0.498784,0.826413,-0.136978,0.684148,0.613291,0.829863,0.068997,0.749850,-0.297587,0.694488,0.757509,0.487561,-0.261732,0.654661,0.688303,0.424197,0.169783,0.579175,0.073877,0.794495,-0.303010,-0.388111,0.030425
0.870678,0.500989,0.892569,0.877104,0.848174,0.886959,0.902387,0.851821,0.894967,0.884453,0.868831,0.867819,0.904729,0.320242,0.889310,0.868596,-0.254235,0.795370,0.750810,0.000000,0.879214,0.887773,-0.708780,0.901373,-0.749330,0.389811,0.886554,0.876797,0.769924,0.751437,0.893761,0.901336,0.086525,0.654394,-0.034828,0.507374,0.611702,-0.661331,0.823249,0.331074,0.111703,0.837380,-0.660415,-0.288749,-0.549387,-0.568826,0.103771,-0.699294,-0.582647,0.253749,-0.540182,-0.546590,0.330759,-0.855092,0.830127,-0.638780,0.645067,-0.199225,-0.166063,-0.728146,0.301026,-0.616206,0.752966,0.282031,0.537864,-0.234626,0.232673,0.743440,-0.450588,0.856716,0.877857,0.879115,0.869482,0.854526,0.875058,0.778783,0.782761,0.714507,0.770980,-0.562031,0.831808,-0.706550,0.842283,0.343112,0.863807,-0.811263,0.896793,0.880536,0.176803,-0.827664,0.876608,-0.753801,0.671529,-0.828341,0.824794,-0.449178,0.480047,0.290517,0.800609,-0.391365,0.889240,-0.710688,0.899262,0.884876,0.416465,-0.641699,0.798133,0.785918,0.385116,-0.078119,0.280253,-0.329616,0.872152,-0.642661,-0.748303,-0.093661
0.821767,0.507310,0.846413,0.861446,0.815248,0.874732,0.871036,0.838757,0.874706,0.866122,0.835703,0.855384,0.879100,0.304765,0.871074,0.868268,-0.250974,0.776020,0.735102,0.879214,0.000000,0.884217,-0.732157,0.877084,-0.771955,0.294498,0.878065,0.875287,0.751725,0.718987,0.889626,0.866973,0.074457,0.600467,-0.070806,0.474181,0.658007,-0.616529,0.858230,0.441165,0.209003,0.841975,-0.658621,-0.298505,-0.574022,-0.577002,0.081096,-0.683765,-0.592161,0.243111,-0.560115,-0.524412,0.253747,-0.839719,0.800668,-0.601939,0.587411,-0.175583,-0.210268,-0.710008,0.224095,-0.588779,0.715428,0.262202,0.471552,-0.219414,0.200772,0.703334,-0.467227,0.805455,0.870284,0.861754,0.851182,0.827368,0.862799,0.755044,0.752550,0.697157,0.726977,-0.536457,0.781111,-0.671851,0.857907,0.433060,0.811058,-0.774966,0.875970,0.890616,0.091903,-0.801178,0.844506,-0.709664,0.655501,-0.806939,0.802512,-0.422658,0.505389,0.296985,0.777587,-0.384136,0.853760,-0.668582,0.881042,0.883716,0.338491,-0.627352,0.740461,0.831672,0.352875,-0.008074,0.276083,-0.357396,0.842990,-0.651911,-0.731151,-0.111959
0.845297,0.497867,0.864294,0.869953,0.832751,0.882277,0.884736,0.849580,0.883538,0.890039,0.854365,0.861046,0.887528,0.311391,0.879182,0.882086,-0.248783,0.783956,0.748765,0.887773,0.884217,0.000000,-0.711101,0.888575,-0.749195,0.348934,0.883438,0.883395,0.764337,0.757788,0.897077,0.881972,0.120574,0.639879,-0.045100,0.503385,0.626472,-0.632034,0.846819,0.387495,0.144179,0.856888,-0.647768,-0.280603,-0.555392,-0.557119,0.099393,-0.681831,-0.568074,0.260878,-0.521203,-0.521903,0.322770,-0.836025,0.834723,-0.609914,0.621651,-0.186567,-0.168039,-0.712002,0.280470,-0.588455,0.753839,0.287962,0.532110,-0.205041,0.233861,0.739375,-0.455069,0.840368,0.886461,0.865611,0.859072,0.858014,0.868298,0.770619,0.787844,0.739395,0.769991,-0.550536,0.827669,-0.678358,0.861366,0.350376,0.847701,-0.788145,0.883356,0.883700,0.163656,-0.808113,0.862869,-0.721630,0.673429,-0.810178,0.817868,-0.420824,0.523838,0.324155,0.807336,-0.373887,0.875188,-0.675969,0.886058,0.880967,0.381544,-0.631879,0.782944,0.798234,0.409474,0.013334,0.291855,-0.325325,0.856247,-0.631426,-0.743133,-0.111693
-0.535480,-0.103723,-0.661630,-0.619476,-0.656228,-0.764113,-0.716268,-0.554979,-0.766133,-0.684914,-0.570185,-0.621627,-0.724752,0.161857,-0.666465,-0.651630,0.559767,-0.495018,-0.405138,-0.708780,-0.732157,-0.711101,0.000000,-0.690477,0.869490,0.042949,-0.794816,-0.802801,-0.400696,-0.367385,-0.725006,-0.659679,0.368362,-0.165753,0.472422,-0.087038,-0.320049,0.797628,-0.694727,-0.196294,0.051466,-0.580930,0.842735,0.673491,0.832853,0.817944,0.353684,0.849260,0.814980,0.179390,0.833857,0.749714,0.169671,0.834623,-0.493609,0.782959,-0.133431,0.490140,0.644198,0.823274,0.267249,0.736049,-0.345789,0.128621,-0.045741,0.548746,0.280707,-0.305446,0.783835,-0.496650,-0.668787,-0.630933,-0.650138,-0.589798,-0.701328,-0.528919,-0.422840,-0.333839,-0.400602,0.715164,-0.492902,0.765731,-0.650245,-0.142977,-0.603529,0.795170,-0.728677,-0.746989,0.315525,0.822397,-0.595604,0.752875,-0.248206,0.826744,-0.489330,0.636473,-0.045980,0.177179,-0.437126,0.714629,-0.632246,0.731665,-0.773326,-0.758010,0.060708,0.811100,-0.577289,-0.745510,-0.133083,0.359330,0.213658,0.720298,-0.570082,0.867334,0.841690,0.332709
0.865428,0.497623,0.890483,0.884760,0.865014,0.895608,0.902037,0.862513,0.894822,0.894329,0.872533,0.862842,0.902459,0.323590,0.884294,0.876533,-0.255327,0.777909,0.751854,0.901373,0.877084,0.888575,-0.690477,0.000000,-0.735414,0.419329,0.886008,0.874530,0.761824,0.743376,0.895562,0.895652,0.106604,0.648256,-0.004298,0.541101,0.624665,-0.652124,0.818111,0.342231,0.089570,0.841420,-0.638347,-0.281475,-0.541068,-0.564521,0.128741,-0.688834,-0.564151,0.256343,-0.530244,-0.543301,0.350271,-0.846996,0.838048,-0.627005,0.641216,-0.200474,-0.161868,-0.723871,0.310457,-0.605825,0.756630,0.279154,0.553957,-0.215344,0.250320,0.753390,-0.446862,0.849789,0.888773,0.878690,0.869963,0.861238,0.879653,0.782581,0.800794,0.734697,0.773503,-0.558828,0.829873,-0.702078,0.836279,0.340929,0.861846,-0.801904,0.890413,0.880616,0.180265,-0.815055,0.882991,-0.744222,0.689711,-0.822002,0.835870,-0.437829,0.487935,0.297299,0.803438,-0.383330,0.890331,-0.701994,0.895851,0.887524,0.412909,-0.630831,0.797438,0.785765,0.392259,-0.070425,0.295755,-0.326774,0.876442,-0.627610,-0.738840,-0.099216
-0.594834,-0.276843,-0.683193,-0.710073,-0.642522,-0.781086,-0.740555,-0.653044,-0.779871,-0.726783,-0.630130,-0.695627,-0.761779,-0.013753,-0.714541,-0.718684,0.459146,-0.531167,-0.546036,-0.749330,-0.771955,-0.749195,0.869490,-0.735414,0.000000,0.079223,-0.805715,-0.808684,-0.493501,-0.456172,-0.772102,-0.708724,0.197778,-0.286908,0.317223,-0.222608,-0.466260,0.716161,-0.721941,-0.341671,-0.060001,-0.653252,0.768843,0.540878,0.729274,0.729379,0.197972,0.778008,0.717862,0.002507,0.759741,0.643489,0.109955,0.818966,-0.581581,0.682597,-0.261119,0.321133,0.510828,0.747773,0.146675,0.635003,-0.421696,-0.021534,-0.139720,0.397620,0.099476,-0.418345,0.663667,-0.565011,-0.729714,-0.697698,-0.714732,-0.652287,-0.764836,-0.592197,-0.528670,-0.441593,-0.438588,0.624748,-0.519043,0.703342,-0.697372,-0.227998,-0.613297,0.748741,-0.761560,-0.801004,0.257095,0.787492,-0.652325,0.672728,-0.395968,0.786605,-0.586366,0.565287,-0.155885,0.042946,-0.524954,0.590075,-0.679080,0.643982,-0.794845,-0.807181,-0.022387,0.716685,-0.633964,-0.795096,-0.207808,0.290056,0.069809,0.623410,-0.636752,0.811074,0.782100,0.289372
0.519639,0.239998,0.482992,0.365264,0.533147,0.362101,0.417165,0.400155,0.358452,0.401393,0.485275,0.354545,0.380773,0.340196,0.412677,0.360262,0.098953,0.455885,0.335813,0.389811,0.294498,0.348934,0.042949,0.419329,0.079223,0.000000,0.311210,0.289554,0.460189,0.476055,0.328446,0.435706,0.261417,0.534944,0.267018,0.419920,0.189269,-0.179173,0.253267,-0.141461,-0.106120,0.359710,-0.065457,0.132409,0.018322,-0.012137,0.305414,-0.129042,-0.040173,0.229683,0.093404,-0.121942,0.626089,-0.263509,0.449197,-0.192779,0.536162,-0.065200,0.282337,-0.224109,0.569445,-0.209467,0.554537,0.257241,0.604778,0.031207,0.354180,0.519946,0.064332,0.520091,0.354057,0.403574,0.363355,0.424713,0.293358,0.363567,0.453789,0.457271,0.584341,-0.143217,0.580512,-0.236435,0.320832,0.082646,0.530292,-0.315746,0.363811,0.263676,0.538714,-0.270094,0.469831,-0.360732,0.432432,-0.294754,0.445134,-0.031673,0.397793,0.363523,0.470832,0.058420,0.446992,-0.346856,0.331796,0.283231,0.544247,-0.131890,0.400110,0.121517,0.318732,0.147313,0.381650,0.212474,0.471544,0.020337,-0.186122,0.193697
0.809922,0.394018,0.868034,0.843134,0.849002,0.903275,0.891819,0.805693,0.903627,0.879355,0.822046,0.828634,0.893123,0.178396,0.865084,0.852682,-0.370517,0.735079,0.681979,0.886554,0.878065,0.883438,-0.794816,0.886008,-0.805715,0.311210,0.000000,0.903544,0.688173,0.670948,0.892306,0.867963,-0.038298,0.527263,-0.170825,0.406175,0.541540,-0.736036,0.827032,0.304062,0.033282,0.805410,-0.743769,-0.428044,-0.666230,-0.677607,-0.024894,-0.778165,-0.683680,0.120041,-0.650930,-0.640686,0.207211,-0.889964,0.773309,-0.716845,0.512126,-0.310179,-0.323862,-0.797346,0.150223,-0.687481,0.673699,0.164300,0.424053,-0.342037,0.086509,0.649225,-0.578219,0.785707,0.868209,0.844271,0.840585,0.818105,0.868728,0.744518,0.717498,0.641844,0.711568,-0.637500,0.781329,-0.760729,0.828534,0.289356,0.835739,-0.849209,0.891146,0.886367,0.045250,-0.865218,0.839857,-0.791339,0.578631,-0.869495,0.769207,-0.528136,0.385024,0.169062,0.733692,-0.510172,0.856437,-0.753049,0.904979,0.889960,0.276037,-0.734452,0.762638,0.811627,0.326551,-0.147534,0.147687,-0.460363,0.818034,-0.741155,-0.818275,-0.189187
0.793880,0.372846,0.855678,0.830054,0.840840,0.894547,0.882037,0.790036,0.896259,0.867843,0.804379,0.817993,0.883607,0.158972,0.860303,0.849883,-0.378863,0.730720,0.667256,0.876797,0.875287,0.883395,-0.802801,0.874530,-0.808684,0.289554,0.903544,0.000000,0.680690,0.668760,0.881030,0.857998,-0.051844,0.515416,-0.191650,0.385161,0.542611,-0.730186,0.834351,0.316255,0.052288,0.802369,-0.750094,-0.431984,-0.684082,-0.680890,-0.058221,-0.782576,-0.688860,0.109336,-0.656935,-0.644475,0.181905,-0.883904,0.760956,-0.715469,0.491096,-0.322652,-0.340765,-0.799930,0.115338,-0.693434,0.661447,0.143556,0.417750,-0.351575,0.070650,0.631030,-0.590955,0.773786,0.855433,0.835313,0.832667,0.807321,0.856613,0.737033,0.705270,0.637535,0.704191,-0.642650,0.773341,-0.752512,0.839002,0.298710,0.824872,-0.842607,0.883346,0.880370,0.021490,-0.861519,0.824618,-0.786566,0.564492,-0.865375,0.750340,-0.519416,0.384877,0.168354,0.727304,-0.513215,0.843265,-0.747518,0.896853,0.883808,0.261661,-0.733422,0.757965,0.818429,0.328195,-0.128949,0.135748,-0.469948,0.809450,-0.738830,-0.818047,-0.183454
0.815605,0.732614,0.730022,0.811701,0.668280,0.697609,0.734991,0.838359,0.701967,0.759888,0.830261,0.833626,0.761096,0.645617,0.817892,0.818674,0.207308,0.827575,0.819094,0.769924,0.751725,0.764337,-0.400696,0.761824,-0.493501,0.460189,0.688173,0.680690,0.000000,0.840653,0.758221,0.801078,0.435665,0.816275,0.232806,0.618095,0.727893,-0.283941,0.725508,0.494103,0.384342,0.816214,-0.340101,0.113014,-0.190129,-0.182638,0.379257,-0.346092,-0.234299,0.542127,-0.168338,-0.151843,0.472971,-0.586546,0.809383,-0.262455,0.805625,0.188611,0.209759,-0.380965,0.548711,-0.232300,0.856405,0.615777,0.673465,0.154822,0.534690,0.830162,-0.059030,0.831572,0.757908,0.818713,0.806942,0.787072,0.734955,0.713416,0.802372,0.799179,0.792733,-0.181639,0.794154,-0.337104,0.786526,0.499181,0.716774,-0.508184,0.738654,0.751721,0.330258,-0.533199,0.781076,-0.440359,0.807262,-0.548247,0.821342,-0.123774,0.708430,0.620119,0.854874,0.026158,0.768832,-0.392716,0.707830,0.738336,0.511605,-0.313364,0.656029,0.673793,0.451604,0.242268,0.567831,0.068359,0.819304,-0.300198,-0.426345,0.066255
0.818288,0.712665,0.727656,0.790943,0.660380,0.683451,0.725515,0.820332,0.684136,0.767257,0.806827,0.820913,0.729542,0.631593,0.778234,0.803147,0.130754,0.829263,0.806554,0.751437,0.718987,0.757788,-0.367385,0.743376,-0.456172,0.476055,0.670948,0.668760,0.840653,0.000000,0.741019,0.778942,0.473495,0.824614,0.252916,0.635333,0.699462,-0.279353,0.707287,0.455350,0.315939,0.805772,-0.306635,0.144190,-0.174163,-0.150279,0.381289,-0.346453,-0.200455,0.559036,-0.117398,-0.135030,0.549870,-0.570139,0.822714,-0.267882,0.810281,0.190590,0.254383,-0.369931,0.588187,-0.242293,0.831738,0.624539,0.675717,0.154242,0.545394,0.839659,-0.031282,0.844320,0.765618,0.781780,0.772594,0.811124,0.726587,0.705843,0.805472,0.783226,0.852471,-0.156940,0.832697,-0.341400,0.788795,0.497409,0.745347,-0.509722,0.723276,0.726741,0.432923,-0.531120,0.782074,-0.445895,0.795957,-0.529346,0.808223,-0.074296,0.689640,0.615290,0.834508,0.027111,0.780890,-0.385334,0.693643,0.703225,0.607274,-0.288028,0.709917,0.621195,0.468729,0.191274,0.554794,0.094302,0.796274,-0.267325,-0.413743,0.157456
0.844756,0.519875,0.864848,0.884303,0.824492,0.891460,0.888346,0.860715,0.887102,0.894792,0.856914,0.869080,0.895232,0.317441,0.879609,0.882491,-0.253076,0.773541,0.765850,0.893761,0.889626,0.897077,-0.725006,0.895562,-0.772102,0.328446,0.892306,0.881030,0.758221,0.741019,0.000000,0.884963,0.115537,0.626519,-0.047352,0.503142,0.628961,-0.644175,0.839670,0.393036,0.115722,0.845887,-0.658346,-0.297760,-0.555626,-0.572465,0.106803,-0.689321,-0.581926,0.261985,-0.548734,-0.530617,0.286418,-0.848695,0.825659,-0.619276,0.617065,-0.168713,-0.182037,-0.712390,0.271544,-0.585040,0.735714,0.290408,0.507651,-0.204105,0.232124,0.734950,-0.454657,0.832951,0.896780,0.870331,0.866631,0.857317,0.885064,0.779781,0.782356,0.720688,0.752736,-0.545803,0.810210,-0.686720,0.850531,0.353225,0.835643,-0.791788,0.887075,0.896053,0.124712,-0.814792,0.864884,-0.717973,0.672966,-0.812975,0.824153,-0.451769,0.501506,0.306300,0.800225,-0.382734,0.874644,-0.667221,0.894816,0.896099,0.346688,-0.647438,0.767043,0.807523,0.378855,-0.036843,0.279132,-0.334813,0.856222,-0.653488,-0.746279,-0.146179
0.872523,0.531807,0.887078,0.873288,0.840612,0.870058,0.892338,0.860953,0.878580,0.879277,0.875133,0.873161,0.895507,0.382437,0.893918,0.873047,-0.202477,0.817812,0.754445,0.901336,0.866973,0.881972,-0.659679,0.895652,-0.708724,0.435706,0.867963,0.857998,0.801078,0.778942,0.884963,0.000000,0.143906,0.704304,0.022672,0.544248,0.621887,-0.619081,0.810849,0.326839,0.135943,0.849790,-0.617750,-0.225576,-0.499304,-0.512160,0.151454,-0.654224,-0.530739,0.300766,-0.480763,-0.491591,0.379977,-0.822644,0.842663,-0.597533,0.676188,-0.158783,-0.112060,-0.690806,0.354811,-0.570947,0.786386,0.340607,0.583351,-0.173032,0.289679,0.777623,-0.405660,0.873035,0.867519,0.882771,0.873450,0.858379,0.864918,0.788091,0.807963,0.754912,0.790562,-0.519306,0.845502,-0.662805,0.841093,0.337069,0.860865,-0.781493,0.887651,0.866386,0.221331,-0.795235,0.879169,-0.725999,0.700304,-0.802497,0.836821,-0.416001,0.515117,0.338103,0.817545,-0.340365,0.882865,-0.685379,0.881135,0.868047,0.433224,-0.610188,0.795715,0.758756,0.426135,-0.015832,0.323969,-0.275883,0.873814,-0.598586,-0.720300,-0.084913
0.275341,0.710212,0.046403,0.260968,-0.021329,-0.000682,0.036389,0.338026,-0.031425,0.141404,0.259973,0.264669,0.064295,0.761276,0.150358,0.224913,0.633640,0.275607,0.509796,0.086525,0.074457,0.120574,0.368362,0.106604,0.197778,0.261417,-0.038298,-0.051844,0.435665,0.473495,0.115537,0.143906,0.000000,0.627192,0.685335,0.559704,0.482765,0.476582,0.073770,0.417247,0.412395,0.256931,0.434929,0.702806,0.571720,0.572454,0.717043,0.443578,0.518516,0.743685,0.543075,0.569015,0.497135,0.190386,0.335508,0.492355,0.621723,0.754994,0.769763,0.428372,0.717046,0.531973,0.435413,0.761919,0.530318,0.753574,0.822311,0.534524,0.673346,0.309222,0.188114,0.217421,0.196132,0.266122,0.120777,0.232250,0.422035,0.490276,0.343151,0.540567,0.260234,0.415829,0.174250,0.331423,0.081241,0.276265,0.030701,0.091603,0.491978,0.251877,0.182522,0.348574,0.565616,0.254625,0.364738,0.427955,0.636435,0.762384,0.411836,0.693141,0.153280,0.391957,-0.018567,0.069989,0.450416,0.455364,0.101173,0.027676,0.301035,0.549449,0.739424,0.684853,0.238254,0.451766,0.347245,0.237427
0.764329,0.758110,0.635692,0.708621,0.556151,0.548476,0.614035,0.753464,0.554700,0.641790,0.735300,0.727814,0.623996,0.739302,0.684780,0.688702,0.270643,0.752153,0.767450,0.654394,0.600467,0.639879,-0.165753,0.648256,-0.286908,0.534944,0.527263,0.515416,0.816275,0.824614,0.626519,0.704304,0.627192,0.000000,0.452316,0.705734,0.670078,-0.115899,0.569314,0.393381,0.342349,0.710064,-0.127373,0.316773,0.047460,0.041850,0.532367,-0.150783,-0.013291,0.654615,0.059297,0.029980,0.630853,-0.413044,0.763582,-0.101974,0.864277,0.327259,0.440874,-0.197201,0.724339,-0.073252,0.809691,0.695025,0.757846,0.327710,0.699827,0.855137,0.162430,0.796434,0.652437,0.714873,0.689678,0.719917,0.618470,0.657262,0.784936,0.795791,0.770881,-0.019609,0.755648,-0.188085,0.656417,0.417547,0.647884,-0.356180,0.607235,0.592752,0.546491,-0.374218,0.694991,-0.298318,0.793494,-0.375637,0.764761,0.006975,0.736749,0.703510,0.794744,0.204838,0.684322,-0.253311,0.559611,0.577206,0.644304,-0.111272,0.606678,0.467805,0.497194,0.340149,0.676580,0.274492,0.730502,-0.077909,-0.253189,0.156264
0.133947,0.515576,-0.038154,0.109218,-0.096260,-0.126526,-0.068592,0.178069,-0.145650,-0.023899,0.090679,0.087140,-0.061898,0.609627,-0.012030,0.019106,0.546854,0.124785,0.281353,-0.034828,-0.070806,-0.045100,0.472422,-0.004298,0.317223,0.267018,-0.170825,-0.191650,0.232806,0.252916,-0.047352,0.022672,0.685335,0.452316,0.000000,0.636256,0.396288,0.494716,-0.092905,0.234817,0.308127,0.111600,0.569992,0.725866,0.642232,0.605557,0.751242,0.507324,0.608318,0.648090,0.555307,0.544600,0.528648,0.288067,0.216286,0.522008,0.481019,0.620946,0.722520,0.447119,0.616393,0.478013,0.260070,0.553382,0.502237,0.695261,0.787731,0.424462,0.635104,0.172193,0.048035,0.097649,0.085380,0.133255,0.001567,0.145899,0.335629,0.376453,0.175948,0.496452,0.094796,0.396667,-0.042204,0.202567,-0.025569,0.333857,-0.114523,-0.080992,0.514744,0.329870,0.092479,0.377457,0.434405,0.323571,0.245811,0.448335,0.446834,0.556087,0.254070,0.639511,0.047639,0.373592,-0.128568,-0.074676,0.397117,0.489808,0.003065,-0.142991,0.189494,0.366057,0.673829,0.634000,0.128360,0.547442,0.439220,0.265707
0.599382,0.690658,0.479521,0.612996,0.445143,0.447192,0.483856,0.670074,0.422261,0.531428,0.580245,0.595355,0.483336,0.655436,0.511244,0.559877,0.246989,0.546862,0.642174,0.507374,0.474181,0.503385,-0.087038,0.541101,-0.222608,0.419920,0.406175,0.385161,0.618095,0.635333,0.503142,0.544248,0.559704,0.705734,0.636256,0.000000,0.690115,-0.021484,0.419535,0.411110,0.284482,0.611188,0.069665,0.384719,0.133932,0.111317,0.661503,-0.035224,0.152313,0.680402,0.105429,0.116125,0.611995,-0.285685,0.681673,0.029351,0.720407,0.334028,0.427842,-0.098249,0.616237,0.019371,0.626765,0.598241,0.663451,0.419381,0.715262,0.765923,0.178166,0.622225,0.584457,0.595583,0.600904,0.639320,0.550723,0.557980,0.759294,0.744603,0.580325,0.037262,0.545488,-0.119888,0.464048,0.360653,0.473088,-0.217899,0.432195,0.469346,0.459588,-0.229269,0.604738,-0.150366,0.750110,-0.248644,0.697781,0.042017,0.591478,0.566837,0.673791,0.229083,0.572140,-0.128395,0.445026,0.482527,0.479060,-0.040235,0.467457,0.371672,0.300689,0.184771,0.690744,0.254131,0.630299,0.030634,-0.120542,0.060311
0.640824,0.767515,0.534225,0.721574,0.479171,0.556129,0.566581,0.746922,0.536808,0.619532,0.649840,0.716816,0.600028,0.638544,0.637004,0.693042,0.239669,0.647561,0.759823,0.611702,0.658007,0.626472,-0.320049,0.624665,-0.466260,0.189269,0.541540,0.542611,0.727893,0.699462,0.628961,0.621887,0.482765,0.670078,0.396288,0.690115,0.000000,-0.072694,0.653120,0.698054,0.587650,0.718617,-0.141099,0.244374,-0.071716,-0.047619,0.482499,-0.181270,-0.061146,0.621627,-0.103680,0.004308,0.372477,-0.426998,0.710188,-0.045136,0.683051,0.355953,0.249633,-0.199729,0.437262,-0.058689,0.660288,0.578716,0.566381,0.326183,0.606614,0.739457,0.052848,0.650011,0.673790,0.705670,0.686060,0.674018,0.639040,0.612495,0.745847,0.730084,0.601078,-0.005312,0.563898,-0.169721,0.665399,0.657978,0.501844,-0.297368,0.555756,0.654303,0.223807,-0.345226,0.650734,-0.196851,0.795310,-0.356096,0.729825,0.017055,0.681694,0.621696,0.748312,0.163104,0.631552,-0.160446,0.566475,0.645734,0.413738,-0.119464,0.497136,0.647062,0.326091,0.234422,0.639956,0.115401,0.690875,-0.157546,-0.225275,0.079363
