0.000000,0.688550,0.647825,0.327461,-0.186242,-0.119912,0.666970,0.525824,0.111140,-0.153603,0.700533,0.689131,0.628548,0.363238,0.095366,0.345514,0.458395,0.576171,0.630017,0.766369,0.087601,0.011359,0.561331,0.444482,-0.102955,-0.132549,-0.179902,-0.050740,0.416266,0.353743,0.108901,0.322935,0.513297,0.618308,0.409984,0.242361,0.375206,0.351699,-0.207257,0.135149,0.352641,0.247931,0.118326,0.320363,0.269273,0.329716,0.288390,0.484954,0.182047,0.465032,0.155097,0.452283,0.048908,0.387849,0.042989,0.353242,0.840469,0.782703,0.790611,0.708897,0.790619,0.461922,0.475799,0.591946,0.484121,0.385032,0.577791,0.541167,0.786696,0.797863,0.063558,0.317650,0.400214,0.376030,-0.028340,0.317607,0.143875,0.261525,0.121883,0.419099,0.242869,0.506169,0.403515,0.493414,-0.003930,0.258965,-0.022860,0.114101,-0.043238,0.189897,-0.169713,0.117512,-0.113591,0.083640,-0.085762,-0.176082,-0.190488,-0.063922,-0.254874,-0.276381,-0.128911,0.122088,-0.193511,0.009203,-0.176892,0.067261,-0.254985,-0.195038,-0.204308,0.080484,0.140653,0.038788,0.080234,0.136571,0.328614,-0.015039
0.688550,0.000000,0.615204,0.791917,-0.256902,-0.376673,0.370162,0.835100,0.274471,-0.123906,0.723192,0.849028,0.795200,0.644898,0.456931,0.519168,0.775442,0.326309,0.853368,0.886126,0.347745,0.246173,0.836048,0.790130,-0.267060,-0.032374,-0.171075,0.199507,0.797095,0.428171,0.327569,0.712915,0.783960,0.812956,0.576536,0.218582,0.564109,0.584977,-0.454715,0.675029,0.331239,0.290747,-0.076770,0.254615,0.064800,0.208204,0.023407,0.497906,-0.236288,0.355196,-0.414107,0.712653,-0.522670,0.784841,-0.438304,0.713632,0.855451,0.862472,0.713638,0.831834,0.626232,0.795852,0.837098,0.778127,0.670418,0.731303,0.710813,0.631886,0.654921,0.712426,-0.269625,0.730951,0.670300,0.234238,-0.318634,0.509275,0.098506,0.434409,-0.308727,0.818315,-0.197674,0.792572,0.505485,0.745837,-0.590847,0.767211,0.180362,0.678324,-0.611347,0.740381,-0.658952,0.582203,-0.655196,0.606237,0.224298,-0.046573,-0.491277,0.427001,-0.169484,-0.101790,-0.597207,0.661382,-0.663617,0.507771,-0.490322,0.538281,-0.068982,0.108623,0.061207,0.228102,0.159728,0.201078,0.008362,0.382268,0.376178,0.142889
0.647825,0.615204,0.000000,0.558665,0.102600,-0.160581,0.797136,0.698875,0.430272,0.055444,0.685882,0.553914,0.756274,0.587168,0.471047,0.408468,0.514292,0.500220,0.708317,0.709546,0.453066,0.334929,0.695814,0.646751,0.092234,0.134413,0.116162,0.284312,0.555455,0.529492,0.479657,0.558093,0.606467,0.626704,0.563185,0.412410,0.445195,0.386972,-0.069039,0.336145,0.360324,0.371695,0.160948,0.362006,0.185234,0.145280,0.271617,0.433748,-0.043634,0.328244,-0.121756,0.390845,-0.170281,0.439059,0.014095,0.538492,0.682308,0.659912,0.632428,0.611842,0.704536,0.527687,0.584132,0.635215,0.582601,0.461560,0.639733,0.574903,0.538937,0.598151,0.325646,0.574721,0.513953,0.429112,0.152802,0.437109,0.416023,0.511393,0.042257,0.497697,0.201784,0.487290,0.580681,0.435786,-0.140448,0.343695,0.265551,0.368833,-0.183700,0.358773,-0.207601,0.442141,-0.222790,0.351811,0.314338,0.211441,-0.038408,0.281586,0.160415,0.176147,-0.146723,0.329327,-0.157783,0.353151,-0.098804,0.294380,0.122457,0.214013,0.220408,0.286117,0.199756,0.142446,0.117878,0.232935,0.082932,0.133193
0.327461,0.791917,0.558665,0.000000,-0.119828,-0.431964,0.206842,0.893181,0.437758,-0.031185,0.590363,0.729484,0.730138,0.650633,0.658870,0.418523,0.786345,0.053196,0.820858,0.693004,0.498225,0.363488,0.863112,0.850214,-0.206790,0.127723,-0.014897,0.393795,0.863159,0.413398,0.498377,0.766192,0.740948,0.677285,0.542660,0.158752,0.459658,0.478716,-0.537309,0.847848,0.165368,0.181799,-0.244306,0.078202,-0.203257,-0.101548,-0.211547,0.283278,-0.562742,0.114125,-0.751766,0.663152,-0.815646,0.825896,-0.667986,0.726661,0.596966,0.593422,0.470898,0.670799,0.425640,0.828058,0.869621,0.690360,0.629968,0.788515,0.596871,0.491687,0.384736,0.381839,-0.286028,0.857657,0.704608,0.065908,-0.383644,0.500209,0.120042,0.494264,-0.502926,0.845780,-0.405128,0.743385,0.410465,0.679838,-0.803067,0.884782,0.256676,0.883117,-0.832295,0.910665,-0.818786,0.798592,-0.843889,0.848785,0.476145,0.166830,-0.518740,0.683286,0.034629,0.132282,-0.712792,0.880747,-0.752235,0.775982,-0.568426,0.703608,0.148584,0.373566,0.301181,0.301382,0.127539,0.271543,-0.000840,0.399953,0.202820,0.159845
-0.186242,-0.256902,0.102600,-0.119828,0.000000,0.641302,0.102850,-0.090733,0.557824,0.743966,-0.331595,-0.305259,-0.187338,0.035188,0.302410,0.077542,-0.178011,0.028715,-0.218487,-0.220969,0.251150,0.342434,-0.173390,0.009698,0.800932,0.788735,0.660645,0.562502,-0.153224,0.068790,0.368470,0.074528,-0.176130,-0.231070,-0.044808,0.083468,-0.045037,-0.091659,0.389771,-0.058469,-0.055147,0.238506,0.042534,0.037002,-0.000904,-0.123045,0.003613,-0.167845,-0.011365,-0.109521,0.045896,-0.271511,0.164477,-0.251493,0.359657,-0.002758,-0.174150,-0.157760,-0.227615,-0.232468,-0.219756,-0.295875,-0.193985,-0.119591,-0.081286,-0.252567,-0.066601,-0.012634,-0.227956,-0.114748,0.299827,-0.102074,-0.211168,0.049766,0.367376,-0.076327,0.115389,0.039124,0.108867,-0.217638,0.123263,-0.254823,0.073007,-0.162934,0.174858,-0.278371,0.281119,-0.043339,0.227051,-0.183043,0.419674,-0.089991,0.291266,-0.058520,0.424817,0.536890,0.461155,0.164474,0.467331,0.290081,0.382278,-0.137247,0.457339,0.068604,0.327497,-0.124192,0.446174,0.455883,0.436657,0.166887,-0.054480,-0.104809,0.032746,-0.152085,-0.506173,0.195216
-0.119912,-0.376673,-0.160581,-0.431964,0.641302,0.000000,-0.062856,-0.386586,0.316949,0.740970,-0.496115,-0.358289,-0.424471,-0.286159,-0.183357,0.018021,-0.425369,-0.029257,-0.488778,-0.313182,-0.176065,-0.072585,-0.411256,-0.147416,0.694164,0.620334,0.619924,0.415494,-0.495479,-0.287690,-0.060906,-0.220146,-0.505982,-0.428224,-0.341132,-0.204252,-0.151307,-0.162784,0.287614,-0.372008,0.020567,-0.066146,-0.024955,-0.108063,0.104370,0.004944,-0.015285,-0.229507,0.191239,-0.106338,0.319991,-0.399650,0.419754,-0.438357,0.420875,-0.304766,-0.207187,-0.197802,-0.280823,-0.325374,-0.299645,-0.515935,-0.502395,-0.425105,-0.297372,-0.454994,-0.229551,-0.129454,-0.280595,-0.106734,0.037401,-0.439673,-0.491923,-0.079288,0.207066,-0.272284,-0.342241,-0.467874,0.106543,-0.467729,0.105806,-0.364127,-0.204908,-0.178816,0.333173,-0.455744,-0.012412,-0.373675,0.443386,-0.457760,0.580110,-0.563499,0.466841,-0.445583,-0.091632,0.055412,0.287535,-0.378771,0.037839,-0.269527,0.513774,-0.462464,0.502454,-0.390727,0.291483,-0.453239,0.021549,-0.097674,-0.019028,-0.154402,-0.312339,-0.358155,0.029639,-0.297964,-0.344439,-0.103655
0.666970,0.370162,0.797136,0.206842,0.102850,-0.062856,0.000000,0.450975,0.239111,-0.033934,0.614885,0.367627,0.584461,0.363471,0.205384,0.199428,0.215636,0.538193,0.497589,0.529892,0.224942,0.136927,0.435340,0.292398,0.141704,0.016046,0.010965,-0.002225,0.261823,0.419035,0.347673,0.282225,0.402090,0.441135,0.350125,0.334022,0.240495,0.186569,0.090858,-0.025393,0.363459,0.356410,0.305423,0.384012,0.308316,0.235918,0.429114,0.397544,0.226574,0.350305,0.232420,0.211841,0.170992,0.142409,0.290500,0.251242,0.528859,0.480211,0.591078,0.442851,0.735390,0.304811,0.294563,0.451778,0.357211,0.171152,0.467286,0.425905,0.586456,0.557629,0.518049,0.250490,0.322112,0.514221,0.314768,0.320052,0.410803,0.357393,0.305538,0.190810,0.455765,0.239780,0.429063,0.171884,0.235922,-0.012219,0.080889,-0.022790,0.162901,-0.015953,0.093115,0.160238,0.125473,0.021155,0.070477,0.098706,0.159828,-0.010218,0.104888,0.102166,0.116250,-0.025846,0.119344,0.001466,0.096078,0.006441,-0.015517,0.001903,0.000728,0.195904,0.212942,0.080379,0.166028,0.109648,0.074563,0.053235
0.525824,0.835100,0.698875,0.893181,-0.090733,-0.386586,0.450975,0.000000,0.454332,-0.016690,0.697155,0.807936,0.834601,0.718098,0.625113,0.484077,0.764468,0.205254,0.866389,0.801305,0.480502,0.361963,0.880574,0.846513,-0.135857,0.126467,-0.015278,0.335574,0.841315,0.497877,0.506339,0.771115,0.774171,0.762391,0.598257,0.232864,0.516369,0.506026,-0.487347,0.722549,0.274814,0.282489,-0.121143,0.189629,-0.056376,0.025485,-0.046307,0.401201,-0.392595,0.240812,-0.566775,0.666445,-0.653353,0.768680,-0.505314,0.716805,0.707420,0.685952,0.624305,0.764007,0.601769,0.852197,0.855060,0.742612,0.638234,0.742340,0.676784,0.585072,0.541842,0.566074,-0.151584,0.814309,0.695880,0.214064,-0.285627,0.519202,0.210278,0.537456,-0.370366,0.808483,-0.235653,0.727979,0.483613,0.693449,-0.650591,0.774709,0.200404,0.754656,-0.690209,0.787986,-0.674857,0.711378,-0.701358,0.726228,0.404882,0.144019,-0.445902,0.566174,0.004805,0.089899,-0.601745,0.749683,-0.636237,0.644341,-0.509679,0.578805,0.089926,0.296806,0.222438,0.312352,0.160469,0.200892,0.006563,0.375418,0.209713,0.159717
0.111140,0.274471,0.430272,0.437758,0.557824,0.316949,0.239111,0.454332,0.000000,0.552373,0.129692,0.249677,0.324585,0.319176,0.606027,0.367625,0.297551,0.054280,0.306087,0.259864,0.443933,0.468295,0.363638,0.509695,0.479249,0.654181,0.596087,0.742023,0.352867,0.246672,0.453655,0.468017,0.274864,0.223883,0.282771,0.092725,0.251617,0.278223,-0.019128,0.347423,0.084830,0.220814,-0.201962,-0.045872,-0.192579,-0.247364,-0.205617,-0.040911,-0.397195,-0.154433,-0.391154,0.078480,-0.326977,0.201674,-0.149383,0.284451,0.245259,0.243251,0.131460,0.239883,0.141068,0.262294,0.335935,0.303872,0.292590,0.238364,0.302711,0.283701,0.082101,0.211636,0.066824,0.399872,0.226704,0.114641,0.052990,0.233855,0.123295,0.262559,-0.162065,0.285969,-0.131281,0.213454,0.256034,0.331110,-0.308520,0.260369,0.304683,0.395325,-0.270193,0.315534,-0.157743,0.287585,-0.280309,0.344284,0.429991,0.322439,-0.064162,0.341267,0.148717,0.099750,-0.121502,0.320512,-0.120958,0.347047,-0.144689,0.225650,0.267454,0.367382,0.383712,0.239775,-0.019234,-0.065522,0.027882,0.066859,-0.230564,0.147499
-0.153603,-0.123906,0.055444,-0.031185,0.743966,0.740970,-0.033934,-0.016690,0.552373,0.000000,-0.329238,-0.180872,-0.124677,0.113010,0.249094,0.237321,-0.131147,-0.045799,-0.197144,-0.111063,0.120975,0.206098,-0.068196,0.203960,0.784560,0.844646,0.736414,0.627102,-0.084743,0.041906,0.337224,0.190673,-0.193984,-0.156260,-0.045658,-0.063997,0.135879,0.093427,0.134365,0.017262,0.069794,0.152509,-0.063282,-0.024028,0.038255,-0.042354,-0.095907,-0.130779,-0.013659,-0.017358,-0.025448,-0.104810,0.064795,-0.103781,0.185174,0.051928,-0.077178,-0.058210,-0.197414,-0.117710,-0.249914,-0.169563,-0.127888,-0.154186,-0.030546,-0.129766,0.001589,0.065097,-0.250360,-0.018198,0.002307,-0.052768,-0.213224,0.007229,0.143188,-0.109435,-0.203648,-0.180341,-0.137612,-0.116824,-0.023730,-0.110607,0.061365,0.010093,-0.021724,-0.102425,0.210627,0.055464,0.094228,-0.064062,0.287709,-0.143187,0.112067,-0.058220,0.287561,0.358073,0.235725,0.089342,0.227697,-0.038899,0.181390,-0.106534,0.232765,-0.008598,0.085416,-0.149881,0.262813,0.228513,0.287570,0.121472,-0.208920,-0.292886,-0.048756,-0.159443,-0.415144,0.036933
0.700533,0.723192,0.685882,0.590363,-0.331595,-0.496115,0.614885,0.697155,0.129692,-0.329238,0.000000,0.754411,0.829344,0.535837,0.315069,0.285994,0.609300,0.446852,0.771718,0.747870,0.241683,0.136313,0.743183,0.543559,-0.319138,-0.249958,-0.345739,-0.083417,0.665506,0.462453,0.292436,0.514642,0.699928,0.714950,0.577521,0.338767,0.474006,0.452826,-0.316872,0.407352,0.335776,0.255121,0.097415,0.321575,0.125898,0.193191,0.205468,0.501541,-0.062428,0.401827,-0.182734,0.614713,-0.307385,0.614873,-0.232513,0.523619,0.723882,0.685166,0.757184,0.738461,0.814492,0.724061,0.708099,0.721985,0.660199,0.625676,0.635917,0.533260,0.640377,0.593422,0.110773,0.651549,0.712863,0.461236,-0.103049,0.484439,0.334493,0.517487,-0.061956,0.647957,0.085503,0.629440,0.440693,0.491313,-0.275633,0.535851,0.072217,0.410815,-0.359882,0.492917,-0.487205,0.538092,-0.422331,0.414059,0.070570,-0.091889,-0.303539,0.264931,-0.066700,0.036415,-0.431420,0.427557,-0.474704,0.312568,-0.339622,0.370658,-0.139119,-0.020683,-0.053413,0.247897,0.285434,0.245732,0.094366,0.324094,0.373433,0.015855
0.689131,0.849028,0.553914,0.729484,-0.305259,-0.358289,0.367627,0.807936,0.249677,-0.180872,0.754411,0.000000,0.772051,0.614446,0.390133,0.489371,0.712364,0.276753,0.783466,0.811341,0.232848,0.150790,0.779877,0.738142,-0.275409,-0.084656,-0.180522,0.157696,0.720161,0.378436,0.190441,0.578758,0.647121,0.691987,0.473692,0.120026,0.499053,0.518980,-0.536829,0.582769,0.322787,0.171910,-0.197452,0.097293,-0.044323,0.067025,-0.057562,0.386421,-0.267758,0.291964,-0.388442,0.678616,-0.495454,0.716928,-0.471000,0.570293,0.770052,0.732514,0.702564,0.783096,0.656773,0.767041,0.755621,0.707577,0.601875,0.691343,0.608462,0.524530,0.615652,0.638660,-0.283288,0.660961,0.650964,0.242092,-0.368187,0.455243,0.039301,0.358854,-0.342748,0.726388,-0.230019,0.719137,0.362634,0.723948,-0.555289,0.707668,0.059856,0.582627,-0.577051,0.663156,-0.642972,0.494313,-0.622456,0.522226,0.108785,-0.147367,-0.561027,0.287084,-0.288917,-0.204139,-0.578561,0.600015,-0.651770,0.405394,-0.571646,0.384016,-0.166361,-0.003513,-0.070190,0.149452,0.083271,0.083909,-0.013291,0.295116,0.330669,0.003802
0.628548,0.795200,0.756274,0.730138,-0.187338,-0.424471,0.584461,0.834601,0.324585,-0.124677,0.829344,0.772051,0.000000,0.701609,0.534725,0.492166,0.703750,0.358932,0.819090,0.792371,0.356631,0.334211,0.829628,0.733604,-0.156503,-0.017123,-0.113599,0.161625,0.747405,0.513963,0.380280,0.660897,0.748236,0.755988,0.576893,0.265851,0.592431,0.563271,-0.339847,0.527451,0.303768,0.395425,0.005004,0.261189,0.077101,0.146441,0.102352,0.470402,-0.202657,0.343273,-0.343433,0.614823,-0.443781,0.657538,-0.312667,0.640698,0.756423,0.740643,0.691227,0.764192,0.734520,0.753376,0.779102,0.711114,0.666336,0.641737,0.677783,0.595447,0.569186,0.625305,0.004139,0.717866,0.682481,0.378124,-0.131364,0.491663,0.261198,0.494537,-0.180209,0.707683,-0.077021,0.640062,0.545635,0.586888,-0.452137,0.614442,0.212569,0.579211,-0.473491,0.614256,-0.524654,0.612917,-0.541157,0.545410,0.274245,0.036382,-0.367686,0.405149,-0.059846,0.064809,-0.490760,0.553083,-0.508625,0.461354,-0.381379,0.434321,0.055410,0.176364,0.148667,0.289980,0.128662,0.096295,-0.040406,0.302844,0.206579,0.114844
0.363238,0.644898,0.587168,0.650633,0.035188,-0.286159,0.363471,0.718098,0.319176,0.113010,0.535837,0.614446,0.701609,0.000000,0.595070,0.682321,0.478695,0.176808,0.596398,0.601737,0.454094,0.311143,0.662480,0.686961,0.033352,0.145154,0.039559,0.336869,0.601141,0.442998,0.378897,0.668816,0.529919,0.551170,0.480632,0.152529,0.444396,0.460097,-0.187412,0.648897,0.416755,0.359581,-0.115038,0.156756,0.007304,0.030389,-0.040705,0.272045,-0.177565,0.265606,-0.352975,0.552104,-0.384676,0.574973,-0.253344,0.632044,0.510666,0.551757,0.426955,0.528003,0.405095,0.573880,0.599932,0.575235,0.536390,0.569658,0.493651,0.421328,0.322697,0.448724,-0.076693,0.584970,0.476010,0.253274,-0.117266,0.395225,0.128765,0.365073,-0.436629,0.576483,-0.179217,0.506715,0.539997,0.519179,-0.486678,0.544339,0.439983,0.619412,-0.430169,0.588988,-0.420731,0.527784,-0.496838,0.487195,0.394363,0.293475,-0.159309,0.462615,0.032338,0.160693,-0.502661,0.482979,-0.440902,0.430497,-0.381412,0.323274,0.102718,0.230679,0.172065,0.311248,0.109748,-0.000866,-0.087129,0.198066,0.059098,0.103984
0.095366,0.456931,0.471047,0.658870,0.302410,-0.183357,0.205384,0.625113,0.606027,0.249094,0.315069,0.390133,0.534725,0.595070,0.000000,0.515597,0.546555,0.151804,0.540946,0.397380,0.638986,0.608416,0.587161,0.640415,0.250421,0.444544,0.334306,0.537769,0.641928,0.559671,0.502044,0.594720,0.508291,0.404010,0.464479,0.250454,0.451014,0.489566,-0.114536,0.641051,0.175170,0.461542,-0.118111,0.118456,-0.164673,-0.178811,-0.129427,0.140623,-0.440408,-0.043046,-0.554450,0.313820,-0.538543,0.446460,-0.297116,0.561955,0.322918,0.340370,0.198668,0.344043,0.173333,0.463885,0.607170,0.528879,0.546236,0.527256,0.440018,0.411511,0.154163,0.204304,0.035070,0.644749,0.476539,0.221423,0.056385,0.428631,0.307290,0.528944,-0.263977,0.574997,-0.123665,0.486714,0.604627,0.516989,-0.462746,0.536158,0.516326,0.689774,-0.484054,0.586229,-0.407784,0.614708,-0.495627,0.627291,0.671976,0.517029,-0.050908,0.681358,0.284413,0.380115,-0.364211,0.596840,-0.321578,0.634824,-0.290821,0.461553,0.429315,0.533801,0.563354,0.542436,0.216616,0.151945,0.042948,0.298101,-0.117267,0.242052
0.345514,0.519168,0.408468,0.418523,0.077542,0.018021,0.199428,0.484077,0.367625,0.237321,0.285994,0.489371,0.492166,0.682321,0.515597,0.000000,0.375471,0.179724,0.356295,0.497442,0.432405,0.346397,0.442261,0.595184,0.161454,0.246668,0.230548,0.440189,0.388962,0.301389,0.066746,0.470435,0.316213,0.396007,0.337517,0.092161,0.496465,0.565204,-0.088494,0.471899,0.458207,0.381732,-0.166655,0.065307,0.083970,0.123765,-0.053661,0.222055,-0.075254,0.167863,-0.173003,0.348220,-0.171795,0.362727,-0.127860,0.474755,0.467996,0.506248,0.337538,0.405723,0.263254,0.308184,0.381348,0.334245,0.434162,0.394902,0.408838,0.430186,0.254260,0.465412,-0.193671,0.350537,0.194671,0.114186,-0.085090,0.246602,-0.076464,0.116052,-0.338167,0.383163,-0.170282,0.435127,0.526302,0.669042,-0.344865,0.397496,0.454926,0.429769,-0.215236,0.383307,-0.204343,0.216680,-0.313557,0.243947,0.278517,0.159538,-0.142312,0.189820,-0.159605,-0.107204,-0.309252,0.266591,-0.281690,0.200510,-0.301766,0.105044,-0.021892,0.033292,0.120813,0.213670,0.015717,-0.159532,-0.044426,0.100308,0.050756,-0.011820
0.458395,0.775442,0.514292,0.786345,-0.178011,-0.425369,0.215636,0.764468,0.297551,-0.131147,0.609300,0.712364,0.703750,0.478695,0.546555,0.375471,0.000000,0.377322,0.797243,0.729824,0.468040,0.479905,0.783792,0.732251,-0.237223,0.062815,-0.086470,0.231462,0.876726,0.559704,0.351442,0.645837,0.808031,0.776284,0.610175,0.367320,0.581902,0.529326,-0.506912,0.649420,0.065998,0.310892,0.043345,0.340454,0.085087,0.195493,0.068750,0.548961,-0.296486,0.329357,-0.512217,0.653097,-0.620161,0.776846,-0.491995,0.711575,0.728043,0.682031,0.625801,0.753860,0.509152,0.771826,0.887212,0.777343,0.693075,0.753699,0.721194,0.673775,0.508936,0.530603,-0.205652,0.798277,0.727406,0.209795,-0.234343,0.533052,0.237870,0.549081,-0.128687,0.860449,-0.152271,0.797278,0.477310,0.700705,-0.602874,0.786349,0.138347,0.716657,-0.676356,0.764279,-0.671148,0.718119,-0.650931,0.716671,0.388875,0.063769,-0.462082,0.594752,0.014989,0.066431,-0.553388,0.758201,-0.612437,0.679247,-0.453352,0.611062,0.076123,0.327793,0.258561,0.280073,0.245473,0.321520,0.078265,0.541899,0.303507,0.163022
0.576171,0.326309,0.500220,0.053196,0.028715,-0.029257,0.538193,0.205254,0.054280,-0.045799,0.446852,0.276753,0.358932,0.176808,0.151804,0.179724,0.377322,0.000000,0.403247,0.458655,0.200845,0.207049,0.323685,0.197105,0.147491,0.013521,-0.059475,-0.097149,0.299156,0.585190,0.157866,0.181334,0.418956,0.457496,0.482068,0.596678,0.433826,0.338453,0.120793,-0.050332,0.222640,0.352990,0.538097,0.639467,0.569858,0.457199,0.652140,0.640953,0.449257,0.539214,0.377967,0.265078,0.289026,0.181943,0.383144,0.295536,0.583101,0.544110,0.613243,0.467531,0.540540,0.219436,0.301273,0.558848,0.511065,0.268988,0.625861,0.652936,0.517529,0.545013,0.410300,0.214133,0.348803,0.554254,0.396633,0.370162,0.481015,0.420656,0.490801,0.312653,0.662762,0.438290,0.507606,0.282388,0.296356,0.030033,0.079907,-0.061822,0.197921,-0.043643,0.155878,0.128162,0.221707,-0.003015,0.022511,0.108894,0.264560,0.008942,0.170887,0.085245,0.176675,-0.049295,0.158861,-0.009064,0.060562,-0.004946,-0.090154,-0.070721,-0.010697,0.351390,0.447225,0.255892,0.349287,0.331977,0.224898,-0.036022
0.630017,0.853368,0.708317,0.820858,-0.218487,-0.488778,0.497589,0.866389,0.306087,-0.197144,0.771718,0.783466,0.819090,0.596398,0.540946,0.356295,0.797243,0.403247,0.000000,0.864947,0.431833,0.322350,0.887427,0.745587,-0.238658,-0.032703,-0.168442,0.153654,0.849521,0.569573,0.468034,0.704668,0.856209,0.825196,0.627680,0.349412,0.509247,0.519044,-0.407154,0.653082,0.238821,0.298155,0.049345,0.356578,0.078799,0.141122,0.135977,0.537554,-0.244652,0.345544,-0.425349,0.691914,-0.541998,0.772515,-0.395270,0.718307,0.792782,0.756325,0.729539,0.816579,0.687908,0.834350,0.873805,0.831390,0.691001,0.744453,0.757006,0.660777,0.689601,0.637127,-0.047548,0.788448,0.761171,0.320366,-0.149498,0.607285,0.335674,0.610985,-0.174163,0.838763,-0.021302,0.797339,0.548557,0.664670,-0.502969,0.734594,0.185417,0.665922,-0.593185,0.723733,-0.662065,0.712737,-0.619695,0.673805,0.319790,0.090026,-0.368898,0.531612,-0.007401,0.104771,-0.548245,0.693063,-0.591287,0.600171,-0.441923,0.587994,0.037670,0.218175,0.181735,0.372008,0.271484,0.340756,0.141180,0.477981,0.341975,0.158191
0.766369,0.886126,0.709546,0.693004,-0.220969,-0.313182,0.529892,0.801305,0.259864,-0.111063,0.747870,0.811341,0.792371,0.601737,0.397380,0.497442,0.729824,0.458655,0.864947,0.000000,0.339743,0.249304,0.812533,0.748634,-0.179051,-0.016158,-0.137297,0.160855,0.738940,0.514309,0.334374,0.675594,0.769048,0.843392,0.590986,0.300798,0.553193,0.544345,-0.375800,0.545308,0.364631,0.326595,0.077364,0.381586,0.241341,0.320239,0.204344,0.599997,-0.045112,0.464006,-0.238794,0.660608,-0.357323,0.695299,-0.270145,0.672121,0.879455,0.861159,0.791039,0.839055,0.713041,0.744700,0.766758,0.765369,0.655253,0.676175,0.762404,0.707699,0.738315,0.813775,-0.115952,0.660452,0.637826,0.341729,-0.150037,0.556828,0.180430,0.448514,-0.139892,0.764325,0.011378,0.778638,0.548248,0.709175,-0.416012,0.639252,0.153658,0.540727,-0.456440,0.599717,-0.506863,0.495732,-0.491308,0.472955,0.150401,-0.049494,-0.378669,0.316165,-0.158176,-0.117666,-0.471713,0.517424,-0.522126,0.392855,-0.413007,0.413444,-0.132933,0.030949,0.012446,0.254512,0.195392,0.188081,0.125535,0.422421,0.412754,0.096195
0.087601,0.347745,0.453066,0.498225,0.251150,-0.176065,0.224942,0.480502,0.443933,0.120975,0.241683,0.232848,0.356631,0.454094,0.638986,0.432405,0.468040,0.200845,0.431833,0.339743,0.000000,0.666188,0.448089,0.454280,0.125383,0.300331,0.265871,0.489436,0.546894,0.488843,0.455858,0.518317,0.490099,0.417979,0.465259,0.384605,0.403829,0.427817,0.057608,0.561974,0.332972,0.365927,0.100747,0.295874,0.093567,0.145363,0.089646,0.296514,-0.156457,0.144855,-0.312940,0.301933,-0.325882,0.418328,-0.130838,0.539797,0.310976,0.327925,0.257530,0.321441,0.216548,0.360778,0.492260,0.512262,0.379596,0.398275,0.426297,0.428018,0.139971,0.159743,0.183436,0.562907,0.342361,0.144346,0.147749,0.440246,0.329574,0.462059,-0.095618,0.470697,0.030058,0.441200,0.625380,0.480048,-0.273374,0.427245,0.516376,0.535492,-0.301798,0.463025,-0.283536,0.515129,-0.318065,0.467204,0.583635,0.463543,0.071667,0.566235,0.292687,0.338504,-0.254114,0.444829,-0.219295,0.519657,-0.153358,0.401948,0.265062,0.401477,0.461653,0.418887,0.419047,0.285395,0.069431,0.342079,0.058858,0.235507
0.011359,0.246173,0.334929,0.363488,0.342434,-0.072585,0.136927,0.361963,0.468295,0.206098,0.136313,0.150790,0.334211,0.311143,0.608416,0.346397,0.479905,0.207049,0.322350,0.249304,0.666188,0.000000,0.280775,0.362746,0.241157,0.416874,0.321020,0.452063,0.433752,0.555027,0.345125,0.426122,0.410564,0.348116,0.350476,0.362125,0.427580,0.405015,0.168684,0.320535,-0.059870,0.556718,0.121939,0.249281,0.049792,0.096930,0.069220,0.222962,-0.180653,0.000082,-0.277631,0.080338,-0.259124,0.232423,-0.048108,0.399844,0.234279,0.229363,0.118351,0.187614,0.066576,0.232121,0.387164,0.382208,0.302212,0.260407,0.326479,0.365779,0.060839,0.157686,0.209221,0.455805,0.307614,0.242966,0.212636,0.284407,0.382888,0.464438,0.123775,0.394112,0.020568,0.278066,0.492212,0.289798,-0.188979,0.275780,0.396691,0.398671,-0.213047,0.319126,-0.135498,0.407258,-0.193354,0.385440,0.506347,0.355285,0.038839,0.545997,0.274370,0.324503,-0.114602,0.366074,-0.066154,0.501121,-0.066544,0.339469,0.436557,0.549881,0.563476,0.394573,0.206829,0.148075,0.057994,0.341063,-0.076377,0.333080
0.561331,0.836048,0.695814,0.863112,-0.173390,-0.411256,0.435340,0.880574,0.363638,-0.068196,0.743183,0.779877,0.829628,0.662480,0.587161,0.442261,0.783792,0.323685,0.887427,0.812533,0.448089,0.280775,0.000000,0.836345,-0.151897,0.057653,-0.063102,0.262627,0.845016,0.516008,0.492611,0.747719,0.812733,0.795029,0.642982,0.283847,0.550631,0.545287,-0.488401,0.723222,0.287741,0.252799,-0.053145,0.264816,0.037654,0.099243,0.026451,0.472704,-0.299876,0.349010,-0.496592,0.738231,-0.597692,0.823484,-0.473560,0.737187,0.762929,0.745096,0.672920,0.795864,0.647361,0.840540,0.872248,0.776617,0.755445,0.802604,0.750274,0.648131,0.556410,0.571073,-0.121614,0.816184,0.730507,0.262150,-0.249899,0.546352,0.189052,0.502383,-0.341004,0.839058,-0.144735,0.807867,0.535944,0.707662,-0.603537,0.791707,0.224153,0.741453,-0.654239,0.784041,-0.689363,0.724426,-0.685622,0.708713,0.353706,0.132488,-0.408738,0.536885,-0.011183,0.064556,-0.612607,0.719571,-0.655240,0.607870,-0.526103,0.557122,-0.006063,0.192067,0.179769,0.354362,0.190056,0.244593,0.073087,0.433172,0.310914,0.087537
0.444482,0.790130,0.646751,0.850214,0.009698,-0.147416,0.292398,0.846513,0.509695,0.203960,0.543559,0.738142,0.733604,0.686961,0.640415,0.595184,0.732251,0.197105,0.745587,0.748634,0.454280,0.362746,0.836345,0.000000,0.029707,0.317035,0.185782,0.515567,0.761086,0.409043,0.444863,0.787306,0.642299,0.669383,0.513945,0.151822,0.564123,0.564393,-0.462983,0.742789,0.315100,0.269828,-0.190385,0.137978,-0.038479,0.016912,-0.117381,0.345172,-0.391273,0.223985,-0.570918,0.611900,-0.621743,0.741913,-0.477555,0.716547,0.690485,0.695552,0.511046,0.678020,0.439346,0.719308,0.771686,0.635490,0.674138,0.748464,0.656193,0.599058,0.369875,0.510572,-0.281115,0.763777,0.586258,0.137934,-0.270784,0.483140,0.018616,0.359982,-0.465216,0.777599,-0.304896,0.746167,0.497525,0.752760,-0.682297,0.780950,0.324142,0.793004,-0.658670,0.775186,-0.604505,0.608906,-0.680142,0.670355,0.403019,0.135117,-0.453929,0.509636,-0.012903,-0.021763,-0.562729,0.705923,-0.610948,0.602085,-0.521089,0.508092,0.094415,0.251252,0.223250,0.261702,0.030832,0.095587,0.044245,0.371644,0.162293,0.057144
-0.102955,-0.267060,0.092234,-0.206790,0.800932,0.694164,0.141704,-0.135857,0.479249,0.784560,-0.319138,-0.275409,-0.156503,0.033352,0.250421,0.161454,-0.237223,0.147491,-0.238658,-0.179051,0.125383,0.241157,-0.151897,0.029707,0.000000,0.811736,0.723618,0.491749,-0.211203,0.097696,0.292793,0.052311,-0.240852,-0.217489,-0.047053,0.052299,0.030479,0.011977,0.368844,-0.153489,0.034132,0.277875,0.061801,0.039544,0.132251,-0.037252,0.057797,-0.127803,0.162036,0.017641,0.215526,-0.203085,0.305525,-0.272934,0.429285,-0.061866,-0.101621,-0.087951,-0.147327,-0.182893,-0.146713,-0.314619,-0.255923,-0.153113,-0.037309,-0.226889,0.005180,0.076867,-0.158006,0.009556,0.276804,-0.187958,-0.234854,0.159885,0.418317,-0.073305,0.004299,-0.113859,0.119028,-0.242587,0.221618,-0.214199,0.129116,-0.110704,0.258195,-0.318469,0.271983,-0.139489,0.340176,-0.280259,0.489809,-0.225774,0.364352,-0.206338,0.274116,0.443396,0.488818,-0.005353,0.298435,0.067895,0.391720,-0.276895,0.462334,-0.136353,0.186884,-0.315513,0.290819,0.192482,0.251198,0.188386,-0.052814,-0.227302,0.085196,-0.181398,-0.459832,-0.041120
-0.132549,-0.032374,0.134413,0.127723,0.788735,0.620334,0.016046,0.126467,0.654181,0.844646,-0.249958,-0.084656,-0.017123,0.145154,0.444544,0.246668,0.062815,0.013521,-0.032703,-0.016158,0.300331,0.416874,0.057653,0.317035,0.811736,0.000000,0.740298,0.707428,0.087961,0.157572,0.453980,0.338904,-0.020406,-0.032710,0.043659,0.025191,0.151417,0.123102,0.098957,0.167719,-0.002217,0.239610,-0.046882,0.047865,0.011311,-0.058209,-0.096259,-0.055989,-0.127342,-0.011296,-0.171073,-0.018827,-0.095003,0.030463,0.086603,0.178506,0.005897,0.012787,-0.114510,-0.019164,-0.183468,-0.045743,0.035298,0.004706,0.082035,-0.005069,0.119693,0.181449,-0.167981,0.028037,0.005126,0.113588,-0.039854,0.065904,0.188364,0.067453,-0.066133,-0.010916,-0.125007,0.064856,-0.038984,0.033448,0.156132,0.131330,-0.127112,0.044189,0.291779,0.218455,-0.049070,0.088653,0.149003,0.049073,-0.004331,0.114104,0.427743,0.430576,0.176377,0.270174,0.313074,0.057040,0.091039,0.077739,0.131006,0.178118,-0.007751,0.002846,0.353924,0.371938,0.410402,0.212912,-0.099068,-0.136868,0.028810,0.004207,-0.367277,0.069375
-0.179902,-0.171075,0.116162,-0.014897,0.660645,0.619924,0.010965,-0.015278,0.596087,0.736414,-0.345739,-0.180522,-0.113599,0.039559,0.334306,0.230548,-0.086470,-0.059475,-0.168442,-0.137297,0.265871,0.321020,-0.063102,0.185782,0.723618,0.740298,0.000000,0.765549,-0.126322,-0.012227,0.230609,0.115719,-0.177006,-0.165826,-0.086176,-0.025854,0.065795,0.090619,0.235078,0.032884,0.090612,0.180642,-0.096296,-0.097196,-0.055794,-0.134629,-0.146380,-0.203307,-0.111647,-0.158246,-0.060217,-0.197311,0.035638,-0.159026,0.179379,0.016432,-0.103319,-0.096349,-0.210593,-0.143412,-0.210098,-0.205798,-0.115128,-0.140344,-0.072874,-0.168212,-0.045614,0.025773,-0.258010,-0.075309,0.090451,-0.030365,-0.222819,-0.031087,0.267317,-0.017494,-0.118507,-0.151408,-0.011888,-0.142162,-0.023761,-0.146010,0.143796,0.043620,0.035011,-0.114933,0.365495,0.085047,0.143235,-0.072815,0.251740,-0.097302,0.117243,-0.060666,0.361836,0.365091,0.242061,0.091426,0.179633,-0.018403,0.210881,-0.087145,0.254733,0.014251,0.088322,-0.156904,0.379922,0.221509,0.334940,0.054519,-0.192659,-0.284260,0.002648,-0.088699,-0.403445,-0.000942
-0.050740,0.199507,0.284312,0.393795,0.562502,0.415494,-0.002225,0.335574,0.742023,0.627102,-0.083417,0.157696,0.161625,0.336869,0.537769,0.440189,0.231462,-0.097149,0.153654,0.160855,0.489436,0.452063,0.262627,0.515567,0.491749,0.707428,0.765549,0.000000,0.235743,0.095188,0.351959,0.444755,0.136923,0.121727,0.137347,0.015722,0.205212,0.255319,0.024314,0.457313,0.163351,0.158698,-0.261746,-0.090874,-0.168269,-0.154461,-0.280801,-0.086078,-0.358310,-0.130988,-0.411449,0.088093,-0.325546,0.234209,-0.160003,0.341600,0.140920,0.172581,-0.036484,0.116292,-0.075716,0.121909,0.231238,0.150344,0.165076,0.168125,0.163003,0.186325,-0.129635,0.067523,-0.115297,0.328337,0.063850,-0.087774,0.001144,0.191127,-0.105025,0.051403,-0.303950,0.233575,-0.295148,0.182094,0.264534,0.370564,-0.376774,0.299757,0.475220,0.478089,-0.258299,0.361729,-0.142628,0.234003,-0.285011,0.302864,0.471122,0.348606,-0.066829,0.338427,0.132854,0.023454,-0.159410,0.317626,-0.145863,0.350751,-0.132001,0.216473,0.311726,0.345429,0.412342,0.142577,-0.135602,-0.127091,-0.006337,0.099768,-0.207956,0.136404
0.416266,0.797095,0.555455,0.863159,-0.153224,-0.495479,0.261823,0.841315,0.352867,-0.084743,0.665506,0.720161,0.747405,0.601141,0.641928,0.388962,0.876726,0.299156,0.849521,0.738940,0.546894,0.433752,0.845016,0.761086,-0.211203,0.087961,-0.126322,0.235743,0.000000,0.629979,0.528285,0.747081,0.834943,0.781096,0.651484,0.343743,0.591937,0.570580,-0.512339,0.752739,0.173646,0.303660,-0.015687,0.301757,0.006099,0.116887,0.007496,0.489355,-0.356874,0.299598,-0.590649,0.711621,-0.695899,0.822909,-0.549911,0.739930,0.680108,0.645038,0.588523,0.735961,0.509428,0.846565,0.925597,0.821378,0.700330,0.805016,0.706571,0.627714,0.491819,0.487847,-0.165796,0.859861,0.779254,0.238588,-0.256514,0.549676,0.271100,0.609969,-0.278520,0.885355,-0.160080,0.817870,0.522737,0.697732,-0.663911,0.838541,0.174248,0.783235,-0.750068,0.832920,-0.747784,0.787541,-0.741311,0.774858,0.440589,0.174643,-0.410112,0.687687,0.062995,0.151256,-0.665332,0.796343,-0.690392,0.710046,-0.507775,0.662731,0.094774,0.345370,0.294414,0.410933,0.330504,0.354871,0.024399,0.466726,0.278245,0.199800
0.353743,0.428171,0.529492,0.413398,0.068790,-0.287690,0.419035,0.497877,0.246672,0.041906,0.462453,0.378436,0.513963,0.442998,0.559671,0.301389,0.559704,0.585190,0.569573,0.514309,0.488843,0.555027,0.516008,0.409043,0.097696,0.157572,-0.012227,0.095188,0.629979,0.000000,0.420924,0.409572,0.548025,0.535352,0.542222,0.465544,0.491900,0.412996,-0.114958,0.279897,0.080765,0.393708,0.223224,0.410635,0.204561,0.190209,0.257385,0.435144,0.022175,0.270840,-0.137138,0.304976,-0.186249,0.347073,-0.084752,0.384934,0.459839,0.403227,0.396283,0.396233,0.370539,0.443395,0.542470,0.654580,0.545178,0.486514,0.543735,0.543127,0.372082,0.405335,0.301274,0.480229,0.494806,0.485217,0.111463,0.308894,0.449625,0.552484,0.160756,0.528331,0.341304,0.543790,0.598950,0.410137,-0.096551,0.328389,0.073653,0.286825,-0.223355,0.304575,-0.200261,0.425193,-0.183740,0.351153,0.276223,0.325693,0.097900,0.424476,0.193414,0.263801,-0.191517,0.316778,-0.146191,0.382002,-0.187745,0.262781,0.060763,0.269872,0.298026,0.615864,0.421799,0.217801,0.171443,0.376500,0.183967,0.255599
0.108901,0.327569,0.479657,0.498377,0.368470,-0.060906,0.347673,0.506339,0.453655,0.337224,0.292436,0.190441,0.380280,0.378897,0.502044,0.066746,0.351442,0.157866,0.468034,0.334374,0.455858,0.345125,0.492611,0.444863,0.292793,0.453980,0.230609,0.351959,0.528285,0.420924,0.000000,0.685641,0.526643,0.438334,0.405849,0.280684,0.256063,0.203694,-0.091016,0.428584,0.074533,0.259244,0.146584,0.315624,0.054609,0.059016,0.102819,0.248594,-0.201929,0.191778,-0.362759,0.323002,-0.393218,0.404151,-0.129227,0.469554,0.281476,0.266444,0.246048,0.353063,0.242827,0.470890,0.493406,0.455376,0.328350,0.339524,0.420777,0.365768,0.210954,0.203017,0.180669,0.505963,0.378241,0.204269,0.098259,0.317205,0.352570,0.486274,-0.108102,0.441796,0.072149,0.347624,0.312666,0.186505,-0.285206,0.359217,0.197910,0.459475,-0.374125,0.424273,-0.282484,0.508327,-0.331242,0.467186,0.471341,0.435118,0.027787,0.560578,0.409548,0.339347,-0.242505,0.405448,-0.210125,0.481655,-0.093927,0.455531,0.358925,0.447831,0.439222,0.357499,0.185862,0.235927,0.010005,0.183323,-0.084318,0.239401
0.322935,0.712915,0.558093,0.766192,0.074528,-0.220146,0.282225,0.771115,0.468017,0.190673,0.514642,0.578758,0.660897,0.668816,0.594720,0.470435,0.645837,0.181334,0.704668,0.675594,0.518317,0.426122,0.747719,0.787306,0.052311,0.338904,0.115719,0.444755,0.747081,0.409572,0.685641,0.000000,0.741664,0.743698,0.557796,0.249716,0.502831,0.500099,-0.284456,0.739868,0.266002,0.319472,0.020275,0.326502,0.104717,0.185954,0.039052,0.451033,-0.234173,0.337608,-0.496800,0.633184,-0.565670,0.739536,-0.363528,0.751763,0.598196,0.619001,0.498216,0.656463,0.389173,0.729619,0.740095,0.639787,0.555351,0.650388,0.643585,0.590060,0.358228,0.477977,-0.176202,0.746075,0.575734,0.202315,-0.127199,0.543181,0.184765,0.477777,-0.395383,0.768722,-0.208389,0.674118,0.507264,0.589952,-0.627645,0.716954,0.375544,0.756305,-0.617659,0.737972,-0.560913,0.668283,-0.621662,0.623067,0.394458,0.203245,-0.328495,0.599349,0.100841,0.104954,-0.578272,0.639711,-0.587786,0.570367,-0.439470,0.566746,0.130511,0.274314,0.269879,0.310856,0.141716,0.200485,0.084022,0.458188,0.219786,0.147730
0.513297,0.783960,0.606467,0.740948,-0.176130,-0.505982,0.402090,0.774171,0.274864,-0.193984,0.699928,0.647121,0.748236,0.529919,0.508291,0.316213,0.808031,0.418956,0.856209,0.769048,0.490099,0.410564,0.812733,0.642299,-0.240852,-0.020406,-0.177006,0.136923,0.834943,0.548025,0.526643,0.741664,0.000000,0.889462,0.734526,0.513995,0.569853,0.524859,-0.300088,0.626223,0.149997,0.361890,0.214947,0.491605,0.218710,0.310904,0.244723,0.636078,-0.144787,0.437785,-0.366955,0.695882,-0.494989,0.773159,-0.311813,0.759869,0.740882,0.718729,0.713341,0.804985,0.624278,0.821637,0.857776,0.813989,0.692993,0.713319,0.801333,0.725609,0.599556,0.599269,0.002979,0.785481,0.721256,0.320264,-0.078498,0.588016,0.437784,0.689623,-0.056927,0.829836,0.023067,0.753937,0.551881,0.600549,-0.469902,0.708221,0.215156,0.652649,-0.564113,0.704746,-0.601270,0.767983,-0.557317,0.660430,0.358450,0.136780,-0.295824,0.594205,0.120604,0.202519,-0.517286,0.661295,-0.549904,0.604632,-0.305939,0.663676,0.080031,0.283553,0.261988,0.375904,0.343824,0.430676,0.148000,0.565517,0.402272,0.235750
0.618308,0.812956,0.626704,0.677285,-0.231070,-0.428224,0.441135,0.762391,0.223883,-0.156260,0.714950,0.691987,0.755988,0.551170,0.404010,0.396007,0.776284,0.457496,0.825196,0.843392,0.417979,0.348116,0.795029,0.669383,-0.217489,-0.032710,-0.165826,0.121727,0.781096,0.535352,0.438334,0.743698,0.889462,0.000000,0.748272,0.483830,0.589777,0.543329,-0.330100,0.553607,0.240639,0.328086,0.239366,0.526499,0.317351,0.428450,0.297682,0.694034,-0.001186,0.539000,-0.244084,0.697606,-0.380997,0.744633,-0.263652,0.729192,0.808513,0.800136,0.768895,0.834860,0.671186,0.804565,0.798677,0.776374,0.662332,0.703554,0.797528,0.746726,0.629837,0.716044,-0.033675,0.731295,0.675559,0.360874,-0.109587,0.577467,0.342744,0.588523,-0.072939,0.811844,0.043715,0.764400,0.550651,0.639787,-0.425165,0.666064,0.148622,0.569943,-0.489171,0.633549,-0.529655,0.631681,-0.497098,0.525239,0.197511,0.007753,-0.335322,0.438135,-0.019622,0.027299,-0.508858,0.550133,-0.546582,0.453621,-0.360115,0.525336,-0.071328,0.102610,0.096173,0.300923,0.313376,0.323559,0.156524,0.550426,0.486660,0.132288
0.409984,0.576536,0.563185,0.542660,-0.044808,-0.341132,0.350125,0.598257,0.282771,-0.045658,0.577521,0.473692,0.576893,0.480632,0.464479,0.337517,0.610175,0.482068,0.627680,0.590986,0.465259,0.350476,0.642982,0.513945,-0.047053,0.043659,-0.086176,0.137347,0.651484,0.542222,0.405849,0.557796,0.734526,0.748272,0.000000,0.696858,0.602521,0.498759,-0.176697,0.453332,0.233793,0.291193,0.311808,0.521687,0.290841,0.282679,0.337316,0.584333,0.005406,0.436341,-0.175234,0.550944,-0.266410,0.578128,-0.118629,0.619941,0.580833,0.591394,0.597418,0.643991,0.504047,0.652648,0.643326,0.653110,0.693309,0.627478,0.755863,0.698231,0.401200,0.485158,0.176617,0.671714,0.604574,0.377350,0.063924,0.454606,0.516715,0.691865,-0.001664,0.663574,0.153176,0.603629,0.476007,0.486581,-0.293392,0.517047,0.167889,0.459113,-0.365548,0.503939,-0.354551,0.615710,-0.350225,0.472649,0.304217,0.204907,-0.077966,0.428564,0.248319,0.254895,-0.349831,0.448405,-0.358551,0.427375,-0.205568,0.457798,0.001722,0.171898,0.206730,0.426417,0.480344,0.400362,0.196259,0.457832,0.311298,0.075106
0.242361,0.218582,0.412410,0.158752,0.083468,-0.204252,0.334022,0.232864,0.092725,-0.063997,0.338767,0.120026,0.265851,0.152529,0.250454,0.092161,0.367320,0.596678,0.349412,0.300798,0.384605,0.362125,0.283847,0.151822,0.052299,0.025191,-0.025854,0.015722,0.343743,0.465544,0.280684,0.249716,0.513995,0.483830,0.696858,0.000000,0.511356,0.369426,0.164269,0.110618,0.133402,0.357348,0.616380,0.691166,0.530536,0.450092,0.641226,0.627441,0.306760,0.459890,0.182363,0.286781,0.106633,0.279754,0.287998,0.432020,0.341224,0.332352,0.440362,0.378357,0.336395,0.295172,0.321725,0.437463,0.501240,0.308211,0.609930,0.641778,0.303110,0.321190,0.501029,0.399396,0.379127,0.440692,0.435861,0.363924,0.736271,0.709986,0.408174,0.357057,0.513229,0.364423,0.410842,0.191094,0.144311,0.159380,0.147377,0.126028,0.027470,0.133318,0.040146,0.425419,0.094203,0.202862,0.260178,0.278316,0.280908,0.282142,0.474167,0.417085,0.059088,0.138675,0.066700,0.250483,0.173493,0.313167,0.109181,0.176598,0.247085,0.411254,0.616629,0.556953,0.427139,0.470083,0.241573,0.073179
0.375206,0.564109,0.445195,0.459658,-0.045037,-0.151307,0.240495,0.516369,0.251617,0.135879,0.474006,0.499053,0.592431,0.444396,0.451014,0.496465,0.581902,0.433826,0.509247,0.553193,0.403829,0.427580,0.550631,0.564123,0.030479,0.151417,0.065795,0.205212,0.591937,0.491900,0.256063,0.502831,0.569853,0.589777,0.602521,0.511356,0.000000,0.854589,-0.139514,0.410682,0.408644,0.502450,0.209252,0.388168,0.346528,0.393896,0.294280,0.581220,0.050194,0.438531,-0.109343,0.541506,-0.216246,0.532140,-0.077975,0.611700,0.584553,0.583182,0.510222,0.594663,0.390524,0.503149,0.563760,0.498938,0.645624,0.503127,0.673742,0.685049,0.323636,0.475146,0.004458,0.585662,0.481439,0.379043,0.033474,0.386677,0.239929,0.416893,-0.046071,0.566012,0.067211,0.585273,0.547873,0.579262,-0.303104,0.502221,0.247825,0.450524,-0.291958,0.453571,-0.287756,0.459603,-0.328994,0.377812,0.302835,0.132070,-0.149764,0.368331,0.032467,0.037836,-0.332483,0.367765,-0.330899,0.337205,-0.265026,0.331635,0.069285,0.114603,0.223392,0.419795,0.307559,0.150669,0.065866,0.336541,0.166445,0.029645
