0.000000,0.784695,0.420163,0.602230,-0.100700,0.448454,0.604482,0.548723,-0.325420,0.067450,0.682272,0.638272,0.607278,0.309936,-0.118940,0.057563,0.687105,0.579655,0.699219,0.721445,0.512397,0.528612,0.675924,0.671635,0.041795,0.363699,-0.257972,-0.107975,0.656129,0.615456,0.613232,0.650961,0.750020,0.715445,0.597191,0.576807,0.697897,0.502242,0.641453,0.561899,0.671512,0.587426,0.639438,0.601966,0.628623,0.632131,0.675762,0.623564,0.660922,0.697008,0.704248,0.678248,0.692609,0.586301,0.742868,0.580389,0.753059,0.758230,0.690564,0.731471,0.758861,0.595244,0.700115,0.572255,0.610589,0.549601,0.763305,0.719650,0.784139,0.681706,0.592351,0.467872,0.565279,0.612945,0.365055,0.376422,0.578671,0.520710,0.560492,0.498914,0.695677,0.586986,0.613479,0.377804,0.722323,0.525867,0.364385,0.344512,0.627946,0.524861,0.600260,0.541831,0.570175,0.477490,0.593321,0.416330,0.630891,0.504081,0.515622,0.452451,0.590053,0.494271,0.298710,0.306196,0.678513,0.656814,0.482832,0.158095,0.284771,0.602211,0.512331,0.336962,0.135009,0.282313,0.552674,0.375002
0.784695,0.000000,0.279129,0.568247,-0.172134,0.417650,0.496332,0.511874,-0.374094,0.043829,0.686347,0.607874,0.655214,0.306738,-0.130459,0.045060,0.749305,0.548184,0.703094,0.676585,0.525890,0.520285,0.670617,0.638488,0.016670,0.309085,-0.271433,-0.168167,0.714544,0.572037,0.576502,0.638913,0.735335,0.719020,0.658483,0.616459,0.697781,0.450302,0.622229,0.591761,0.657005,0.574710,0.715687,0.664268,0.711281,0.678924,0.731623,0.683255,0.701090,0.720460,0.736281,0.741311,0.736380,0.715601,0.720457,0.666569,0.763359,0.824578,0.724198,0.766417,0.770125,0.674137,0.731056,0.512974,0.647801,0.563873,0.787374,0.733876,0.768587,0.692154,0.478227,0.541762,0.585820,0.643601,0.295658,0.389621,0.572979,0.555390,0.552534,0.627858,0.701585,0.645017,0.526380,0.415299,0.686001,0.615634,0.219867,0.360388,0.541216,0.639176,0.640985,0.649945,0.635368,0.612300,0.588112,0.479904,0.647572,0.501862,0.514353,0.466124,0.461924,0.628934,0.194740,0.292613,0.657484,0.701366,0.475994,0.094614,0.361706,0.636883,0.525591,0.276286,0.067042,0.172967,0.626814,0.444511
0.420163,0.279129,0.000000,0.681669,0.551236,0.050738,0.759377,0.691518,0.379381,0.481158,0.233298,0.623855,0.388657,0.622281,0.462692,0.555430,0.171850,0.467877,0.528738,0.585737,0.151980,0.284632,0.480707,0.348583,0.607088,0.561467,0.412580,0.504023,0.080856,0.452129,0.187228,0.227006,0.508249,0.485853,0.255977,0.376521,0.468444,0.637574,0.236954,0.361827,0.226227,0.147856,0.239014,0.343887,0.262520,0.398428,0.241140,0.325948,0.340766,0.382049,0.376454,0.291914,0.173075,0.052135,0.379835,0.386071,0.120952,0.313880,0.070173,0.273271,0.328158,0.415040,0.315162,0.610846,0.363234,0.541077,0.334112,0.464424,0.334256,0.064287,0.404390,0.481009,0.079716,0.148934,0.512393,0.335574,0.514982,0.518103,0.032866,0.241708,0.253695,0.478535,0.617250,0.574404,0.389207,0.419165,0.630332,0.547755,0.289558,0.279378,0.203162,0.169844,-0.083445,-0.179577,0.457216,0.189483,0.361834,0.542531,0.534439,0.561961,0.576461,-0.064721,0.722310,0.601908,0.313807,0.278671,0.541914,0.648895,0.148067,0.351510,0.469499,0.643314,0.643791,0.672310,0.084291,-0.167805
0.602230,0.568247,0.681669,0.000000,0.360290,0.236415,0.765658,0.820787,0.140249,0.527956,0.393630,0.763523,0.578996,0.706207,0.339509,0.550955,0.444056,0.553653,0.735745,0.661769,0.353472,0.410389,0.732949,0.580392,0.514074,0.653976,0.246520,0.299020,0.344508,0.547547,0.423229,0.462293,0.729902,0.685228,0.567904,0.660501,0.663979,0.660481,0.423064,0.589695,0.401719,0.347954,0.570602,0.640610,0.560572,0.662589,0.540581,0.634891,0.570849,0.612533,0.630107,0.598568,0.452188,0.445281,0.575358,0.666281,0.349880,0.601324,0.346765,0.574207,0.567430,0.702309,0.511449,0.677756,0.619742,0.757687,0.633747,0.718608,0.568086,0.298443,0.488314,0.652327,0.244843,0.374102,0.397954,0.324135,0.672302,0.696402,0.196971,0.530526,0.419588,0.708012,0.607934,0.682945,0.563758,0.717077,0.499119,0.640596,0.380701,0.628645,0.516521,0.545314,0.272942,0.223838,0.642626,0.444999,0.589778,0.711412,0.679020,0.710872,0.552030,0.336917,0.633196,0.667139,0.556034,0.596548,0.710294,0.582766,0.344596,0.591496,0.651979,0.664357,0.566498,0.607948,0.422155,0.079360
-0.100700,-0.172134,0.551236,0.360290,0.000000,-0.198600,0.348588,0.361537,0.748174,0.605847,-0.302704,0.274463,0.042024,0.535470,0.737294,0.726167,-0.303119,0.064720,0.158004,0.078703,-0.205644,-0.010009,0.062332,-0.151755,0.725255,0.424809,0.739904,0.717118,-0.406182,0.053600,-0.274219,-0.252679,0.049042,-0.005847,-0.132077,0.059096,0.058613,0.344438,-0.243299,0.072060,-0.268529,-0.275924,-0.077963,0.083939,-0.081698,0.109681,-0.162185,-0.011010,-0.054697,-0.027887,-0.017184,-0.047513,-0.254947,-0.211649,-0.071720,0.194642,-0.381131,-0.112694,-0.382643,-0.165538,-0.153858,0.092472,-0.155538,0.257264,-0.019128,0.232996,-0.137574,0.034905,-0.163471,-0.429898,-0.056005,0.238212,-0.395356,-0.277958,0.376110,0.147443,0.125976,0.224899,-0.471977,0.031909,-0.222975,0.246567,0.309101,0.531574,-0.045406,0.251747,0.539833,0.556128,-0.139293,0.102895,-0.189751,-0.077952,-0.440691,-0.432812,0.153134,-0.055263,-0.082882,0.263651,0.170984,0.327243,0.112394,-0.315013,0.542967,0.469791,-0.173949,-0.096406,0.306777,0.619790,-0.021018,-0.019068,0.129735,0.457285,0.598929,0.438880,-0.298420,-0.468363
0.448454,0.417650,0.050738,0.236415,-0.198600,0.000000,0.220452,0.158911,-0.479104,0.078205,0.385673,0.154260,0.311207,-0.043060,-0.361910,-0.096391,0.353503,0.155309,0.184580,0.248321,0.352604,0.402514,0.404584,0.570559,-0.267650,0.351401,-0.487164,-0.331102,0.517967,0.290621,0.642893,0.647681,0.392247,0.385236,0.435422,0.303674,0.385611,0.173311,0.530519,0.363159,0.498917,0.479191,0.377503,0.275480,0.326380,0.268609,0.425676,0.244721,0.317109,0.317718,0.348313,0.312061,0.492244,0.329758,0.503623,0.213174,0.539610,0.386872,0.507122,0.425076,0.421148,0.244498,0.282564,0.042462,0.377006,0.174579,0.444528,0.353692,0.499773,0.623037,0.496807,0.125853,0.372072,0.435926,0.127753,0.187958,0.248196,0.144082,0.530262,0.174149,0.499747,0.129881,0.391817,-0.028504,0.516558,0.181515,0.209043,0.041822,0.600214,0.173697,0.425302,0.279084,0.554053,0.414422,0.379547,0.158145,0.356845,0.139867,0.128584,0.038183,0.402579,0.374608,-0.063861,-0.107625,0.534976,0.423192,0.192619,-0.175017,0.046909,0.366484,0.203283,0.020279,-0.199159,-0.038926,0.448515,0.414196
0.604482,0.496332,0.759377,0.765658,0.348588,0.220452,0.000000,0.771165,0.149548,0.429228,0.468308,0.720757,0.583328,0.621925,0.297951,0.454570,0.410487,0.585370,0.685885,0.701923,0.341575,0.393993,0.644914,0.520430,0.468623,0.570795,0.220811,0.315903,0.349079,0.594805,0.397840,0.426635,0.680447,0.656228,0.431441,0.524859,0.624481,0.664358,0.430788,0.505031,0.396897,0.348491,0.471686,0.533041,0.491582,0.580655,0.479134,0.549630,0.555073,0.587545,0.585688,0.512905,0.420940,0.306126,0.563781,0.549494,0.346621,0.512931,0.326013,0.498687,0.551152,0.561290,0.530521,0.684710,0.500118,0.642864,0.559154,0.634332,0.531090,0.289048,0.539384,0.581937,0.269470,0.371767,0.449827,0.321672,0.654877,0.636716,0.252855,0.416452,0.440055,0.596389,0.646615,0.580998,0.540807,0.550289,0.533674,0.530554,0.428204,0.470879,0.456206,0.422053,0.179986,0.104799,0.586634,0.390783,0.576088,0.666292,0.678494,0.666638,0.633292,0.215273,0.678062,0.629208,0.534827,0.517924,0.636099,0.571668,0.276157,0.538532,0.618555,0.645596,0.561949,0.630736,0.341684,0.077448
0.548723,0.511874,0.691518,0.820787,0.361537,0.158911,0.771165,0.000000,0.171551,0.538195,0.406376,0.768567,0.575844,0.751674,0.365743,0.562357,0.429432,0.576694,0.702926,0.662160,0.313800,0.316443,0.685825,0.556898,0.519865,0.630376,0.288237,0.301089,0.318268,0.560079,0.388103,0.431479,0.699705,0.684819,0.532741,0.636885,0.613896,0.652734,0.390182,0.574135,0.360471,0.312058,0.543944,0.627979,0.546223,0.653515,0.518727,0.618136,0.557081,0.579878,0.597958,0.565682,0.397790,0.395586,0.518983,0.620592,0.290218,0.537927,0.293165,0.522250,0.530599,0.695008,0.504624,0.687663,0.554102,0.769134,0.580777,0.687443,0.495589,0.229958,0.466894,0.662175,0.238314,0.368789,0.373522,0.300305,0.667870,0.690498,0.189745,0.509442,0.405843,0.692757,0.564171,0.664147,0.520993,0.684941,0.447282,0.584956,0.341441,0.587212,0.464636,0.485317,0.202058,0.150685,0.595455,0.454408,0.564145,0.713295,0.668475,0.700643,0.532295,0.271502,0.659357,0.678098,0.505539,0.523386,0.693983,0.593413,0.360471,0.557453,0.649860,0.663193,0.598753,0.638154,0.385817,0.032190
-0.325420,-0.374094,0.379381,0.140249,0.748174,-0.479104,0.149548,0.171551,0.000000,0.511230,-0.456829,0.107620,-0.119198,0.421610,0.775257,0.619687,-0.459460,-0.097082,-0.015333,-0.105777,-0.387948,-0.245568,-0.178367,-0.420882,0.681016,0.174707,0.795003,0.697785,-0.595235,-0.146116,-0.539058,-0.520660,-0.192677,-0.244226,-0.359838,-0.150233,-0.188078,0.150181,-0.442271,-0.130426,-0.481738,-0.465143,-0.292461,-0.125120,-0.262666,-0.083114,-0.357703,-0.166911,-0.219414,-0.194108,-0.209065,-0.216371,-0.435205,-0.366461,-0.311103,0.011764,-0.580697,-0.309062,-0.553991,-0.356771,-0.340553,-0.086786,-0.315414,0.129831,-0.231667,0.064338,-0.344516,-0.183097,-0.378773,-0.638147,-0.283313,0.066231,-0.536000,-0.468704,0.184178,-0.036878,-0.084950,0.023304,-0.633021,-0.142808,-0.449766,0.052884,0.038260,0.373528,-0.290563,0.068589,0.302287,0.369622,-0.354023,-0.051839,-0.361791,-0.221623,-0.605717,-0.544992,-0.080181,-0.127476,-0.255519,0.101936,0.029027,0.185645,-0.136464,-0.442842,0.405878,0.350787,-0.395336,-0.297991,0.101064,0.524811,-0.056916,-0.210057,-0.029148,0.311982,0.520195,0.321321,-0.470669,-0.515416
0.067450,0.043829,0.481158,0.527956,0.605847,0.078205,0.429228,0.538195,0.511230,0.000000,-0.140694,0.423372,0.216087,0.674656,0.615988,0.770380,-0.070325,0.180298,0.292690,0.195578,-0.026184,0.033961,0.293541,0.148162,0.615988,0.635060,0.530303,0.488706,-0.155067,0.188482,0.041758,0.057419,0.244313,0.195673,0.177703,0.315714,0.204914,0.405552,0.010625,0.301642,-0.059924,-0.046318,0.159571,0.280004,0.131569,0.285718,0.089113,0.221039,0.121678,0.135345,0.168228,0.161306,-0.040028,0.021306,0.099486,0.332098,-0.196433,0.089840,-0.153757,0.076913,0.041577,0.333304,-0.022903,0.305804,0.191573,0.441510,0.117602,0.248989,0.047167,-0.192035,0.158129,0.389391,-0.196878,-0.047859,0.203900,0.087266,0.291871,0.364540,-0.253556,0.202243,-0.068570,0.365480,0.289170,0.541625,0.134941,0.433060,0.377571,0.516486,0.037377,0.285234,0.066010,0.160388,-0.158231,-0.163711,0.320598,0.184962,0.149262,0.430967,0.323587,0.434046,0.175859,-0.049170,0.506338,0.503477,0.075752,0.140724,0.443792,0.572284,0.178338,0.205891,0.310964,0.515895,0.535010,0.474701,-0.000046,-0.223977
0.682272,0.686347,0.233298,0.393630,-0.302704,0.385673,0.468308,0.406376,-0.456829,-0.140694,0.000000,0.452361,0.677880,0.144455,-0.258593,-0.161689,0.722975,0.475740,0.563686,0.619046,0.535483,0.426200,0.599068,0.618941,-0.103650,0.173666,-0.397224,-0.310202,0.752212,0.519762,0.581130,0.653033,0.644659,0.688456,0.570814,0.484923,0.617533,0.353537,0.674194,0.514518,0.703097,0.605385,0.614900,0.524340,0.617394,0.531169,0.688378,0.602252,0.678404,0.656318,0.632651,0.611574,0.695829,0.590123,0.671969,0.479548,0.716781,0.640813,0.678766,0.629898,0.687457,0.499348,0.708599,0.416962,0.565530,0.427186,0.686833,0.601981,0.665905,0.671776,0.511672,0.467395,0.681340,0.654379,0.304381,0.375668,0.533746,0.454675,0.693407,0.464454,0.750446,0.462164,0.488552,0.166006,0.659676,0.410902,0.111473,0.078509,0.582247,0.471577,0.622003,0.528489,0.614369,0.549849,0.496349,0.431885,0.641937,0.408688,0.451043,0.334661,0.474563,0.535255,0.128430,0.173808,0.645233,0.601246,0.385451,-0.036506,0.287429,0.578852,0.506721,0.165488,-0.026393,0.173860,0.636233,0.511609
0.638272,0.607874,0.623855,0.763523,0.274463,0.154260,0.720757,0.768567,0.107620,0.423372,0.452361,0.000000,0.541130,0.697008,0.290933,0.461582,0.510513,0.651149,0.733248,0.718067,0.295200,0.363604,0.639126,0.503129,0.416000,0.516588,0.215924,0.275230,0.382482,0.625349,0.375087,0.419473,0.693553,0.668563,0.478032,0.560849,0.629220,0.648016,0.410903,0.573777,0.394430,0.360337,0.588561,0.662222,0.578109,0.692971,0.563710,0.629790,0.595595,0.625032,0.668859,0.624007,0.458928,0.429110,0.561758,0.649759,0.384280,0.619521,0.371690,0.594050,0.587806,0.687809,0.595405,0.754010,0.523265,0.717393,0.610213,0.695600,0.574223,0.305087,0.477308,0.605749,0.305592,0.409513,0.359526,0.304998,0.631187,0.664188,0.224202,0.535429,0.446894,0.709252,0.546795,0.666040,0.515555,0.661666,0.430120,0.590476,0.323675,0.577065,0.440613,0.479014,0.221341,0.184809,0.584739,0.414937,0.541566,0.647278,0.652186,0.667522,0.532161,0.289058,0.599788,0.607311,0.493593,0.542442,0.614780,0.549371,0.370643,0.581133,0.628403,0.631567,0.545549,0.575197,0.379630,0.115372
0.607278,0.655214,0.388657,0.578996,0.042024,0.311207,0.583328,0.575844,-0.119198,0.216087,0.677880,0.541130,0.000000,0.442993,0.134961,0.220282,0.597608,0.416685,0.660908,0.581647,0.446519,0.412619,0.670127,0.558009,0.247423,0.392343,-0.057333,-0.043831,0.593509,0.484318,0.449785,0.536270,0.659357,0.659819,0.578364,0.577620,0.641857,0.470716,0.538757,0.570126,0.517131,0.448927,0.634975,0.610782,0.648218,0.626496,0.661682,0.684317,0.694343,0.689624,0.665736,0.673954,0.640956,0.629861,0.611059,0.672394,0.549542,0.646698,0.554764,0.604070,0.669121,0.612056,0.607537,0.421866,0.641185,0.583286,0.682690,0.646363,0.619196,0.497689,0.390063,0.636012,0.421250,0.522826,0.365572,0.364860,0.587842,0.572789,0.414628,0.551265,0.619250,0.614629,0.572016,0.458909,0.649374,0.636933,0.242674,0.385469,0.511550,0.651218,0.613434,0.632121,0.510192,0.508169,0.587932,0.511250,0.623321,0.556215,0.518965,0.506221,0.408706,0.544353,0.283403,0.378824,0.582017,0.625822,0.565161,0.188222,0.361810,0.604065,0.573848,0.307577,0.177127,0.261475,0.558686,0.361722
0.309936,0.306738,0.622281,0.706207,0.535470,-0.043060,0.621925,0.751674,0.421610,0.674656,0.144455,0.697008,0.442993,0.000000,0.586705,0.722927,0.203211,0.465727,0.569412,0.472926,0.134121,0.164473,0.511134,0.322552,0.634680,0.603060,0.521200,0.470779,0.068387,0.459468,0.167582,0.195600,0.493767,0.459263,0.331046,0.463188,0.427328,0.604376,0.180803,0.478394,0.114981,0.137919,0.406612,0.545065,0.403445,0.549899,0.336529,0.480501,0.374527,0.393275,0.432650,0.416352,0.172435,0.228168,0.291966,0.552260,0.018850,0.354722,0.049858,0.336849,0.310365,0.577856,0.282209,0.584098,0.376373,0.677217,0.359872,0.511957,0.268132,-0.039256,0.282952,0.584136,-0.008792,0.165192,0.273294,0.182231,0.501822,0.579425,-0.099490,0.411345,0.163425,0.630316,0.425890,0.712109,0.316222,0.628775,0.397696,0.625037,0.114896,0.484480,0.243279,0.337229,-0.033644,-0.041230,0.470598,0.363277,0.355875,0.623787,0.541983,0.639007,0.339379,0.088847,0.643447,0.652349,0.246035,0.320444,0.606631,0.652514,0.342345,0.425992,0.546504,0.665895,0.667386,0.611255,0.163045,-0.125880
-0.118940,-0.130459,0.462692,0.339509,0.737294,-0.361910,0.297951,0.365743,0.775257,0.615988,-0.258593,0.290933,0.134961,0.586705,0.000000,0.725441,-0.235452,0.047591,0.226097,0.090090,-0.201953,-0.084728,0.073724,-0.220600,0.749341,0.297424,0.753658,0.666765,-0.386685,0.003142,-0.389594,-0.327161,0.041869,-0.002500,-0.109324,0.090311,0.028513,0.289078,-0.259185,0.070707,-0.283232,-0.316593,-0.033873,0.121354,-0.022746,0.142995,-0.112344,0.077793,0.018008,0.026980,0.018811,0.029814,-0.211278,-0.114535,-0.097048,0.254827,-0.392421,-0.075012,-0.348065,-0.126577,-0.114228,0.161246,-0.116406,0.269103,-0.008039,0.276765,-0.097755,0.050698,-0.167962,-0.457788,-0.180468,0.296990,-0.355664,-0.273706,0.309008,0.138905,0.132009,0.246757,-0.489102,0.073144,-0.246789,0.268338,0.210102,0.530072,-0.072385,0.314064,0.350576,0.503085,-0.181470,0.201360,-0.141403,0.025004,-0.392526,-0.322948,0.121589,0.056480,-0.032205,0.296564,0.204015,0.365675,-0.028320,-0.206916,0.454274,0.475554,-0.180067,-0.050936,0.299830,0.561307,0.107280,0.009526,0.176091,0.418449,0.567488,0.393392,-0.229876,-0.383962
0.057563,0.045060,0.555430,0.550955,0.726167,-0.096391,0.454570,0.562357,0.619687,0.770380,-0.161689,0.461582,0.220282,0.722927,0.725441,0.000000,-0.083847,0.212636,0.345247,0.223933,-0.025944,0.087608,0.282227,0.070161,0.732639,0.566558,0.684209,0.644197,-0.212066,0.188426,-0.084324,-0.049806,0.245947,0.195972,0.135122,0.301218,0.244097,0.457578,-0.072932,0.276773,-0.106040,-0.104302,0.160781,0.313061,0.149024,0.325295,0.061041,0.228790,0.141366,0.152997,0.183391,0.177442,-0.073043,0.033059,0.082944,0.407276,-0.237896,0.096782,-0.208096,0.052579,0.035268,0.346502,0.010237,0.365349,0.188777,0.464852,0.092763,0.249875,0.008082,-0.284692,0.046792,0.445278,-0.245950,-0.101571,0.305539,0.142141,0.325836,0.434803,-0.362537,0.255621,-0.096549,0.449432,0.335906,0.663837,0.094342,0.496297,0.475416,0.648299,-0.057785,0.343645,0.022427,0.166023,-0.245473,-0.213555,0.320609,0.173496,0.126599,0.477591,0.357704,0.505147,0.164673,-0.075787,0.591943,0.602694,0.017834,0.126447,0.482009,0.675240,0.171477,0.188953,0.323346,0.564284,0.629296,0.507459,-0.072147,-0.341060
0.687105,0.749305,0.171850,0.444056,-0.303119,0.353503,0.410487,0.429432,-0.459460,-0.070325,0.722975,0.510513,0.597608,0.203211,-0.235452,-0.083847,0.000000,0.613366,0.616284,0.647658,0.527277,0.457549,0.608265,0.627999,-0.067543,0.217581,-0.349779,-0.265490,0.754380,0.543851,0.555994,0.642000,0.678835,0.708921,0.644161,0.592970,0.617591,0.312000,0.570723,0.477465,0.656243,0.520038,0.686555,0.607878,0.662618,0.597723,0.711507,0.660824,0.671825,0.651221,0.638285,0.644974,0.689643,0.699491,0.643799,0.575282,0.721363,0.707047,0.671050,0.636026,0.663314,0.563099,0.794634,0.469611,0.569216,0.452953,0.708503,0.643394,0.638993,0.639342,0.412227,0.531978,0.695638,0.688923,0.265335,0.386080,0.580507,0.559424,0.643131,0.660021,0.737454,0.593784,0.418294,0.303879,0.576964,0.519600,0.097937,0.214930,0.459881,0.593523,0.596425,0.598702,0.616959,0.614007,0.480528,0.440584,0.595377,0.427083,0.461538,0.370857,0.370422,0.616544,0.121957,0.231861,0.645700,0.646082,0.384693,0.021202,0.340032,0.550874,0.464704,0.164491,-0.037380,0.133500,0.651152,0.481032
0.579655,0.548184,0.467877,0.553653,0.064720,0.155309,0.585370,0.576694,-0.097082,0.180298,0.475740,0.651149,0.416685,0.465727,0.047591,0.212636,0.613366,0.000000,0.621857,0.689513,0.382144,0.354568,0.543423,0.501455,0.245154,0.430530,0.038209,0.134918,0.486924,0.742964,0.449689,0.464832,0.617416,0.626187,0.446989,0.474115,0.550436,0.580443,0.424944,0.501913,0.434061,0.409949,0.546257,0.572717,0.515076,0.579265,0.544323,0.564692,0.491797,0.498158,0.543559,0.488591,0.405527,0.370197,0.504297,0.505740,0.435638,0.562814,0.394764,0.494769,0.487936,0.498544,0.653732,0.682847,0.408207,0.525439,0.542310,0.616458,0.462527,0.340397,0.495348,0.526328,0.455877,0.555851,0.275748,0.317456,0.571392,0.575158,0.407753,0.572770,0.552235,0.639187,0.471546,0.489462,0.469493,0.461476,0.309419,0.389484,0.309582,0.425719,0.346596,0.341734,0.215482,0.157723,0.452316,0.348418,0.472943,0.523090,0.549253,0.503685,0.467133,0.201892,0.464730,0.431304,0.459687,0.435856,0.447886,0.367563,0.351058,0.462450,0.516909,0.486307,0.374547,0.479254,0.378372,0.157720
0.699219,0.703094,0.528738,0.735745,0.158004,0.184580,0.685885,0.702926,-0.015333,0.292690,0.563686,0.733248,0.660908,0.569412,0.226097,0.345247,0.616284,0.621857,0.000000,0.751712,0.466336,0.471747,0.715284,0.534917,0.376629,0.468267,0.097943,0.164500,0.521276,0.618762,0.418636,0.471872,0.763458,0.719180,0.580499,0.646782,0.667197,0.579885,0.481888,0.595895,0.492381,0.421743,0.676374,0.715591,0.681572,0.731788,0.645308,0.708478,0.674803,0.696554,0.721087,0.712431,0.579479,0.592439,0.633366,0.725488,0.510094,0.717606,0.518578,0.683123,0.670704,0.707512,0.683387,0.704665,0.597553,0.681493,0.724489,0.748410,0.652749,0.434519,0.450717,0.666107,0.436646,0.533422,0.402320,0.415190,0.652441,0.689519,0.336384,0.637575,0.543705,0.738986,0.584889,0.636045,0.590446,0.696878,0.365909,0.558171,0.396614,0.684953,0.542192,0.612725,0.389236,0.385966,0.614885,0.508237,0.610298,0.646946,0.622844,0.639487,0.470176,0.474579,0.463219,0.562167,0.566036,0.654161,0.628952,0.413728,0.394171,0.605513,0.608575,0.510158,0.386348,0.437577,0.511140,0.252011
0.721445,0.676585,0.585737,0.661769,0.078703,0.248321,0.701923,0.662160,-0.105777,0.195578,0.619046,0.718067,0.581647,0.472926,0.090090,0.223933,0.647658,0.689513,0.751712,0.000000,0.438929,0.463535,0.652684,0.586506,0.251684,0.404414,-0.009462,0.128718,0.556041,0.656244,0.467645,0.539410,0.736343,0.756054,0.518276,0.559195,0.651240,0.569766,0.527392,0.512040,0.561970,0.451664,0.593625,0.608073,0.611990,0.646874,0.611790,0.606171,0.647610,0.650764,0.651936,0.607882,0.570820,0.471586,0.652092,0.590119,0.566007,0.667095,0.526250,0.630437,0.650967,0.620664,0.722385,0.696556,0.521130,0.597159,0.673857,0.701098,0.657404,0.503813,0.519888,0.588539,0.529073,0.562007,0.423161,0.405684,0.643900,0.628860,0.439862,0.532348,0.618054,0.634558,0.599871,0.505146,0.586000,0.546825,0.401947,0.435107,0.474152,0.516262,0.489122,0.464845,0.350743,0.286570,0.564275,0.392953,0.581015,0.559672,0.595148,0.544883,0.604210,0.367258,0.490885,0.476633,0.595736,0.561266,0.526024,0.371532,0.305741,0.568718,0.563222,0.464418,0.338486,0.446229,0.451285,0.234987
0.512397,0.525890,0.151980,0.353472,-0.205644,0.352604,0.341575,0.313800,-0.387948,-0.026184,0.535483,0.295200,0.446519,0.134121,-0.201953,-0.025944,0.527277,0.382144,0.466336,0.438929,0.000000,0.677139,0.531332,0.522524,-0.046729,0.223485,-0.318470,-0.152054,0.593546,0.497874,0.527968,0.519845,0.516690,0.523464,0.477361,0.453689,0.564338,0.374332,0.605896,0.467490,0.602290,0.510386,0.511542,0.452765,0.468685,0.385887,0.550075,0.505560,0.466615,0.449675,0.469628,0.480299,0.539752,0.480207,0.578086,0.448544,0.538742,0.515794,0.543652,0.530609,0.510824,0.418211,0.464003,0.255201,0.415766,0.327290,0.545636,0.500636,0.528951,0.539016,0.416499,0.335807,0.491454,0.499284,0.208042,0.263860,0.456881,0.410385,0.538017,0.412022,0.524495,0.402845,0.460670,0.181120,0.527481,0.363758,0.136509,0.157265,0.471875,0.419232,0.548721,0.491285,0.539559,0.467917,0.537264,0.472269,0.535605,0.386013,0.403329,0.340131,0.397069,0.458966,0.127325,0.190984,0.562279,0.546849,0.407620,-0.000949,0.324335,0.460563,0.385739,0.215482,0.021304,0.188226,0.598643,0.397191
0.528612,0.520285,0.284632,0.410389,-0.010009,0.402514,0.393993,0.316443,-0.245568,0.033961,0.426200,0.363604,0.412619,0.164473,-0.084728,0.087608,0.457549,0.354568,0.471747,0.463535,0.677139,0.000000,0.507842,0.454008,0.061766,0.224580,-0.202587,0.066055,0.499880,0.438668,0.412444,0.444413,0.497452,0.482746,0.412434,0.431268,0.596344,0.409642,0.461458,0.371583,0.489826,0.382392,0.456688,0.424884,0.414460,0.392317,0.478047,0.434793,0.458674,0.465478,0.481250,0.469062,0.515188,0.432076,0.569868,0.486243,0.499051,0.492457,0.433805,0.474659,0.479051,0.385520,0.460739,0.289872,0.437451,0.300835,0.502033,0.464585,0.553161,0.482355,0.314124,0.296011,0.344209,0.365665,0.364173,0.332695,0.456935,0.441940,0.369865,0.360745,0.467369,0.416207,0.547913,0.321850,0.511167,0.386512,0.382819,0.401488,0.427806,0.414974,0.470481,0.443957,0.429261,0.382373,0.510998,0.271824,0.436174,0.342904,0.401051,0.353543,0.459146,0.411010,0.223807,0.257021,0.524071,0.542432,0.392809,0.140556,0.159491,0.421335,0.346567,0.256879,0.080438,0.185667,0.454172,0.273424
0.675924,0.670617,0.480707,0.732949,0.062332,0.404584,0.644914,0.685825,-0.178367,0.293541,0.599068,0.639126,0.670127,0.511134,0.073724,0.282227,0.608265,0.543423,0.715284,0.652684,0.531332,0.507842,0.000000,0.737342,0.254434,0.541504,-0.086320,-0.007543,0.580374,0.581164,0.635159,0.678952,0.785064,0.767635,0.712411,0.686477,0.726384,0.576596,0.634929,0.652474,0.611219,0.547231,0.707798,0.699160,0.690641,0.683684,0.701329,0.707459,0.668525,0.685988,0.698258,0.680298,0.633321,0.598249,0.698989,0.661354,0.560836,0.687359,0.560684,0.686397,0.679009,0.698797,0.607745,0.569104,0.745776,0.698657,0.759051,0.771750,0.679565,0.545102,0.584952,0.619498,0.472345,0.576285,0.357297,0.374693,0.681028,0.647100,0.452808,0.549554,0.626098,0.664180,0.606660,0.477318,0.708585,0.670176,0.354259,0.436963,0.549907,0.640288,0.671014,0.632259,0.546904,0.468316,0.646894,0.488920,0.680401,0.630271,0.619983,0.586335,0.565699,0.519809,0.396472,0.451195,0.706134,0.699491,0.652186,0.291500,0.363121,0.678982,0.673507,0.493805,0.310020,0.448556,0.640199,0.342652
0.671635,0.638488,0.348583,0.580392,-0.151755,0.570559,0.520430,0.556898,-0.420882,0.148162,0.618941,0.503129,0.558009,0.322552,-0.220600,0.070161,0.627999,0.501455,0.534917,0.586506,0.522524,0.454008,0.737342,0.000000,-0.027877,0.500701,-0.325635,-0.227043,0.643739,0.547743,0.775396,0.809779,0.707146,0.726822,0.697699,0.622917,0.652065,0.432608,0.678040,0.575175,0.698605,0.634340,0.632942,0.576542,0.606814,0.565614,0.665341,0.592846,0.587470,0.596088,0.591301,0.568461,0.637800,0.551144,0.684719,0.482832,0.651483,0.626956,0.604792,0.629978,0.639101,0.571646,0.565851,0.394904,0.668898,0.567097,0.715342,0.686752,0.678374,0.653024,0.637103,0.482692,0.563031,0.632299,0.230021,0.287944,0.580485,0.498605,0.592250,0.463604,0.687899,0.520612,0.524276,0.264218,0.712585,0.506595,0.291589,0.235683,0.635676,0.473698,0.630956,0.509564,0.619197,0.479791,0.551141,0.383201,0.597728,0.467613,0.452210,0.364751,0.605606,0.482527,0.269108,0.247232,0.723704,0.605159,0.491527,0.098919,0.270708,0.588928,0.512680,0.286800,0.077717,0.285861,0.609406,0.385190
0.041795,0.016670,0.607088,0.514074,0.725255,-0.267650,0.468623,0.519865,0.681016,0.615988,-0.103650,0.416000,0.247423,0.634680,0.749341,0.732639,-0.067543,0.245154,0.376629,0.251684,-0.046729,0.061766,0.254434,-0.027877,0.000000,0.492333,0.726125,0.690732,-0.234981,0.167842,-0.212664,-0.157548,0.238623,0.186000,0.101836,0.281469,0.217065,0.454231,-0.112327,0.224164,-0.139916,-0.208877,0.094333,0.243246,0.105973,0.273037,0.031788,0.228530,0.135254,0.159518,0.160769,0.146424,-0.100153,0.000482,0.056940,0.383206,-0.255401,0.076114,-0.255783,-0.016783,0.010450,0.287896,0.058322,0.425620,0.213839,0.430966,0.077805,0.232350,-0.028234,-0.340206,-0.001522,0.451046,-0.205755,-0.098840,0.391042,0.228464,0.305469,0.422879,-0.335618,0.249164,-0.081350,0.451292,0.361536,0.658033,0.090415,0.445909,0.475231,0.619969,-0.087992,0.335433,-0.020739,0.126734,-0.310009,-0.262478,0.273898,0.154885,0.111572,0.440923,0.362524,0.493734,0.102400,-0.139760,0.571237,0.601840,-0.028877,0.096000,0.447343,0.669805,0.136368,0.130885,0.298637,0.536369,0.640235,0.542152,-0.094821,-0.338811
0.363699,0.309085,0.561467,0.653976,0.424809,0.351401,0.570795,0.630376,0.174707,0.635060,0.173666,0.516588,0.392343,0.603060,0.297424,0.566558,0.217581,0.430530,0.468267,0.404414,0.223485,0.224580,0.541504,0.500701,0.492333,0.000000,0.255209,0.261339,0.192883,0.474429,0.445551,0.439294,0.525471,0.469422,0.458328,0.499014,0.443698,0.562761,0.331685,0.540750,0.261601,0.266821,0.387148,0.457153,0.343591,0.458717,0.354332,0.403796,0.292217,0.328934,0.384178,0.338852,0.216571,0.211144,0.368445,0.432596,0.157276,0.358239,0.153177,0.327129,0.307537,0.474117,0.246960,0.447152,0.463845,0.576764,0.411335,0.510139,0.338016,0.164103,0.511456,0.528188,0.130542,0.324219,0.275008,0.244735,0.467207,0.489893,0.134824,0.404640,0.300063,0.526775,0.506339,0.531806,0.441373,0.515954,0.465665,0.494181,0.323666,0.375816,0.271224,0.268680,0.112131,0.018595,0.495984,0.292068,0.355632,0.515262,0.405479,0.450521,0.410940,0.091105,0.500314,0.458511,0.343877,0.338252,0.543282,0.480757,0.207697,0.401032,0.441326,0.531744,0.451930,0.507370,0.245205,-0.006547
-0.257972,-0.271433,0.412580,0.246520,0.739904,-0.487164,0.220811,0.288237,0.795003,0.530303,-0.397224,0.215924,-0.057333,0.521200,0.753658,0.684209,-0.349779,0.038209,0.097943,-0.009462,-0.318470,-0.202587,-0.086320,-0.325635,0.726125,0.255209,0.000000,0.749650,-0.518462,-0.044308,-0.467145,-0.450701,-0.078914,-0.126155,-0.240698,-0.041826,-0.093154,0.235132,-0.400088,-0.033722,-0.428819,-0.391337,-0.180104,0.000664,-0.148477,0.032710,-0.278322,-0.064989,-0.155879,-0.132801,-0.122612,-0.133364,-0.391577,-0.262453,-0.263347,0.126748,-0.537787,-0.207153,-0.519697,-0.275940,-0.265578,0.041445,-0.203916,0.241865,-0.124576,0.198692,-0.247760,-0.070796,-0.327817,-0.617151,-0.234692,0.211877,-0.460056,-0.366232,0.158343,-0.044381,0.031917,0.176792,-0.603188,0.026632,-0.393926,0.205020,0.052861,0.511692,-0.253456,0.207524,0.310274,0.484948,-0.385625,0.076495,-0.311974,-0.127476,-0.579766,-0.488954,0.003120,-0.038109,-0.174835,0.228576,0.139441,0.309567,-0.114421,-0.356203,0.484557,0.478854,-0.349402,-0.217823,0.199140,0.617998,0.026466,-0.115761,0.074328,0.406132,0.588714,0.383984,-0.405358,-0.524604
-0.107975,-0.168167,0.504023,0.299020,0.717118,-0.331102,0.315903,0.301089,0.697785,0.488706,-0.310202,0.275230,-0.043831,0.470779,0.666765,0.644197,-0.265490,0.134918,0.164500,0.128718,-0.152054,0.066055,-0.007543,-0.227043,0.690732,0.261339,0.749650,0.000000,-0.409224,0.053389,-0.369807,-0.345914,0.016003,-0.028668,-0.192103,0.012039,0.044089,0.323005,-0.288711,-0.021476,-0.288291,-0.298649,-0.138795,0.024499,-0.118852,0.051227,-0.224912,-0.057122,-0.089170,-0.072409,-0.053708,-0.096510,-0.284065,-0.248884,-0.105997,0.165125,-0.396211,-0.121650,-0.423751,-0.189668,-0.165823,0.058178,-0.100014,0.308255,-0.067940,0.194358,-0.158565,-0.001520,-0.191233,-0.470809,-0.138276,0.172146,-0.358322,-0.309066,0.299136,0.034781,0.120459,0.234599,-0.505894,0.005053,-0.290831,0.218582,0.211127,0.524963,-0.135906,0.193499,0.500473,0.571335,-0.230831,0.075634,-0.239955,-0.104684,-0.514140,-0.462699,0.091153,-0.091826,-0.111120,0.248066,0.223849,0.354421,0.079447,-0.306364,0.563124,0.521651,-0.209416,-0.117114,0.238381,0.666208,-0.037855,-0.068436,0.098951,0.454870,0.593994,0.435400,-0.353925,-0.472735
0.656129,0.714544,0.080856,0.344508,-0.406182,0.517967,0.349079,0.318268,-0.595235,-0.155067,0.752212,0.382482,0.593509,0.068387,-0.386685,-0.212066,0.754380,0.486924,0.521276,0.556041,0.593546,0.499880,0.580374,0.643739,-0.234981,0.192883,-0.518462,-0.409224,0.000000,0.553742,0.662796,0.716148,0.613619,0.650132,0.601431,0.481913,0.619247,0.333077,0.687169,0.535799,0.677311,0.632901,0.657035,0.544633,0.603867,0.505977,0.705664,0.599008,0.620799,0.607504,0.619039,0.616300,0.726934,0.643990,0.659145,0.486621,0.758562,0.670984,0.727913,0.671205,0.671122,0.492287,0.686105,0.308498,0.521034,0.357964,0.690306,0.591482,0.686298,0.750259,0.503094,0.423433,0.674862,0.696088,0.197546,0.308030,0.506294,0.433063,0.733881,0.527805,0.750708,0.433724,0.425568,0.133653,0.624014,0.410077,0.030139,0.079393,0.547012,0.477269,0.635246,0.563340,0.689222,0.643655,0.509632,0.446684,0.622937,0.377912,0.400087,0.281622,0.427705,0.621002,0.018643,0.095977,0.671322,0.648783,0.329960,-0.123861,0.334971,0.587359,0.462783,0.115307,-0.126101,0.065168,0.689457,0.590591
0.615456,0.572037,0.452129,0.547547,0.053600,0.290621,0.594805,0.560079,-0.146116,0.188482,0.519762,0.625349,0.484318,0.459468,0.003142,0.188426,0.543851,0.742964,0.618762,0.656244,0.497874,0.438668,0.581164,0.547743,0.167842,0.474429,-0.044308,0.053389,0.553742,0.000000,0.571501,0.544464,0.625226,0.621067,0.433933,0.414849,0.588560,0.654333,0.570106,0.620073,0.488536,0.527934,0.560564,0.581764,0.540826,0.582072,0.585189,0.557238,0.490918,0.512415,0.586053,0.528934,0.466130,0.357500,0.564053,0.500885,0.493674,0.595684,0.476380,0.584101,0.561205,0.525547,0.584845,0.619306,0.414635,0.534282,0.575668,0.639443,0.559227,0.445478,0.626261,0.477679,0.418016,0.588922,0.259665,0.267283,0.528679,0.496057,0.474701,0.494604,0.585494,0.583833,0.564854,0.425629,0.572487,0.443189,0.317156,0.342868,0.443017,0.373274,0.407511,0.346820,0.302245,0.183994,0.551287,0.459162,0.531793,0.519071,0.512455,0.473568,0.551607,0.210577,0.425926,0.351149,0.491796,0.457271,0.476755,0.283373,0.392111,0.535239,0.544096,0.483699,0.351731,0.444181,0.423012,0.270528
0.613232,0.576502,0.187228,0.423229,-0.274219,0.642893,0.397840,0.388103,-0.539058,0.041758,0.581130,0.375087,0.449785,0.167582,-0.389594,-0.084324,0.555994,0.449689,0.418636,0.467645,0.527968,0.412444,0.635159,0.775396,-0.212664,0.445551,-0.467145,-0.369807,0.662796,0.571501,0.000000,0.806264,0.614634,0.611413,0.619704,0.479246,0.554093,0.381017,0.702595,0.555509,0.660787,0.685450,0.574322,0.499662,0.532605,0.473857,0.613345,0.483717,0.467066,0.482700,0.529592,0.496581,0.586723,0.458449,0.608838,0.343880,0.651323,0.576052,0.636688,0.624349,0.593829,0.466858,0.484275,0.298448,0.552801,0.420072,0.637991,0.594356,0.634031,0.702352,0.716607,0.331544,0.537289,0.651182,0.083679,0.194362,0.470238,0.353780,0.646855,0.374010,0.654889,0.374437,0.427933,0.084812,0.645577,0.331798,0.144741,0.059268,0.615321,0.312074,0.571391,0.403998,0.617756,0.454343,0.485425,0.354513,0.543788,0.350967,0.347481,0.241806,0.550239,0.427690,0.128066,0.075208,0.651845,0.526946,0.376486,-0.051209,0.232954,0.547038,0.442978,0.215125,-0.020117,0.180073,0.588507,0.441661
0.650961,0.638913,0.227006,0.462293,-0.252679,0.647681,0.426635,0.431479,-0.520660,0.057419,0.653033,0.419473,0.536270,0.195600,-0.327161,-0.049806,0.642000,0.464832,0.471872,0.539410,0.519845,0.444413,0.678952,0.809779,-0.157548,0.439294,-0.450701,-0.345914,0.716148,0.544464,0.806264,0.000000,0.651563,0.687916,0.668906,0.540945,0.623930,0.367092,0.703169,0.558815,0.718922,0.671957,0.633481,0.545938,0.581405,0.511942,0.673277,0.556112,0.567344,0.574366,0.566072,0.551593,0.662122,0.557438,0.673927,0.428554,0.693042,0.612371,0.649468,0.624782,0.619877,0.507735,0.571991,0.323275,0.610866,0.457411,0.679183,0.619361,0.676988,0.716654,0.646645,0.438138,0.626189,0.686146,0.202080,0.294000,0.543012,0.441012,0.664146,0.455382,0.722072,0.442253,0.474816,0.153263,0.697862,0.431246,0.197523,0.124223,0.649438,0.420401,0.627605,0.496291,0.671722,0.540015,0.505618,0.360728,0.588553,0.386268,0.389114,0.284553,0.556037,0.517879,0.137800,0.126393,0.712871,0.602893,0.403332,-0.025458,0.277262,0.582881,0.477319,0.193099,-0.039192,0.171734,0.633711,0.480491
0.750020,0.735335,0.508249,0.729902,0.049042,0.392247,0.680447,0.699705,-0.192677,0.244313,0.644659,0.693553,0.659357,0.493767,0.041869,0.245947,0.678835,0.617416,0.763458,0.736343,0.516690,0.497452,0.785064,0.707146,0.238623,0.525471,-0.078914,0.016003,0.613619,0.625226,0.614634,0.651563,0.000000,0.819023,0.703856,0.694342,0.725350,0.570580,0.619555,0.628524,0.621700,0.538546,0.704271,0.703037,0.700293,0.711871,0.696231,0.684854,0.688332,0.702767,0.727091,0.694996,0.649209,0.602504,0.713717,0.663781,0.621768,0.736835,0.597871,0.711598,0.740325,0.730016,0.701494,0.652656,0.691241,0.697566,0.776883,0.788204,0.699499,0.568051,0.602709,0.642561,0.542796,0.631762,0.400811,0.415594,0.711730,0.686553,0.511507,0.605063,0.671387,0.691339,0.630841,0.508464,0.693004,0.655247,0.370884,0.439926,0.551158,0.632296,0.625656,0.605223,0.509166,0.444334,0.670742,0.497414,0.681746,0.641514,0.616555,0.585030,0.563461,0.519481,0.427231,0.482022,0.678439,0.685563,0.630072,0.313113,0.348162,0.661793,0.643468,0.487167,0.298986,0.422138,0.597225,0.327390
0.715445,0.719020,0.485853,0.685228,-0.005847,0.385236,0.656228,0.684819,-0.244226,0.195673,0.688456,0.668563,0.659819,0.459263,-0.002500,0.195972,0.708921,0.626187,0.719180,0.756054,0.523464,0.482746,0.767635,0.726822,0.186000,0.469422,-0.126155,-0.028668,0.650132,0.621067,0.611413,0.687916,0.819023,0.000000,0.705159,0.692688,0.731515,0.540786,0.624247,0.600935,0.656391,0.543055,0.705509,0.688614,0.701741,0.691821,0.714880,0.690048,0.710774,0.701243,0.704909,0.676296,0.661312,0.608527,0.713587,0.638233,0.626095,0.704817,0.602925,0.679430,0.720684,0.719454,0.724208,0.621577,0.663622,0.679964,0.751276,0.766234,0.681875,0.576580,0.580149,0.664021,0.610331,0.663442,0.414585,0.441131,0.739732,0.700154,0.549210,0.607917,0.702146,0.664688,0.594052,0.454417,0.684296,0.635459,0.331878,0.378121,0.557971,0.622189,0.643551,0.604019,0.529404,0.461210,0.641198,0.472584,0.687892,0.619951,0.620656,0.571352,0.583506,0.526915,0.419361,0.469844,0.698524,0.671485,0.613526,0.280266,0.372868,0.654112,0.650511,0.442583,0.276549,0.409248,0.626219,0.329016
0.597191,0.658483,0.255977,0.567904,-0.132077,0.435422,0.431441,0.532741,-0.359838,0.177703,0.570814,0.478032,0.578364,0.331046,-0.109324,0.135122,0.644161,0.446989,0.580499,0.518276,0.477361,0.412434,0.712411,0.697699,0.101836,0.458328,-0.240698,-0.192103,0.601431,0.433933,0.619704,0.668906,0.703856,0.705159,0.000000,0.752055,0.611472,0.366555,0.553454,0.555914,0.590566,0.476744,0.684366,0.639991,0.665174,0.623643,0.671110,0.630772,0.608221,0.582147,0.635957,0.637838,0.608707,0.659486,0.605730,0.561179,0.586632,0.646799,0.576340,0.615665,0.621785,0.649145,0.585328,0.406445,0.731533,0.597375,0.712942,0.687604,0.590742,0.572419,0.472025,0.573347,0.534279,0.608350,0.281638,0.423741,0.612790,0.590369,0.508781,0.601370,0.625736,0.599092,0.443435,0.348503,0.645677,0.592674,0.183570,0.284007,0.494324,0.618436,0.615313,0.596985,0.601948,0.560116,0.538834,0.444714,0.591252,0.490685,0.458289,0.418745,0.385681,0.580233,0.183432,0.303744,0.638235,0.649677,0.532884,0.114279,0.301384,0.552332,0.504566,0.266110,0.094877,0.240491,0.661415,0.342586
0.576807,0.616459,0.376521,0.660501,0.059096,0.303674,0.524859,0.636885,-0.150233,0.315714,0.484923,0.560849,0.577620,0.463188,0.090311,0.301218,0.592970,0.474115,0.646782,0.559195,0.453689,0.431268,0.686477,0.622917,0.281469,0.499014,-0.041826,0.012039,0.481913,0.414849,0.479246,0.540945,0.694342,0.692688,0.752055,0.000000,0.623827,0.424728,0.428302,0.502368,0.495728,0.340352,0.670991,0.673185,0.631670,0.659549,0.636335,0.682643,0.619155,0.594105,0.632766,0.650511,0.556710,0.637602,0.577371,0.634342,0.481730,0.608917,0.487772,0.569489,0.582019,0.667246,0.573392,0.491989,0.643643,0.655463,0.672353,0.695294,0.559001,0.435682,0.380625,0.608121,0.418249,0.501457,0.349918,0.422142,0.671501,0.676018,0.357072,0.610649,0.526985,0.668159,0.458157,0.495000,0.587699,0.659354,0.286700,0.442996,0.419469,0.689621,0.592660,0.620459,0.490874,0.473111,0.562332,0.446626,0.579802,0.583760,0.528628,0.518807,0.386490,0.534702,0.357196,0.480127,0.598934,0.630483,0.607872,0.285761,0.318255,0.513361,0.530647,0.367012,0.248795,0.348651,0.596227,0.159944
0.697897,0.697781,0.468444,0.663979,0.058613,0.385611,0.624481,0.613896,-0.188078,0.204914,0.617533,0.629220,0.641857,0.427328,0.028513,0.244097,0.617591,0.550436,0.667197,0.651240,0.564338,0.596344,0.726384,0.652065,0.217065,0.443698,-0.093154,0.044089,0.619247,0.588560,0.554093,0.623930,0.725350,0.731515,0.611472,0.623827,0.000000,0.648494,0.637484,0.647432,0.646654,0.583076,0.684859,0.663223,0.617546,0.631281,0.703522,0.703521,0.684610,0.708137,0.688688,0.677898,0.677385,0.609505,0.746622,0.689797,0.600579,0.672543,0.544086,0.637769,0.661366,0.628579,0.630794,0.519045,0.655429,0.611790,0.698185,0.699481,0.691259,0.540177,0.540013,0.614747,0.502508,0.569809,0.463877,0.378572,0.721961,0.674089,0.446133,0.557168,0.643853,0.655356,0.641639,0.491173,0.714519,0.665781,0.412719,0.465087,0.554331,0.640556,0.687097,0.658957,0.528609,0.480539,0.683848,0.478624,0.716965,0.676986,0.675604,0.636083,0.604027,0.531159,0.455151,0.501855,0.691941,0.717282,0.618472,0.321037,0.392209,0.698065,0.678193,0.500756,0.305329,0.417583,0.575769,0.309426
