0.000000,0.541874,0.731559,-0.003416,0.497706,0.555458,0.787607,-0.231754,0.669374,0.352247,0.632209,0.350776,0.734956,-0.028174,0.371351,0.113892,0.716454,0.444174,0.682070,0.668702,0.438020,0.469789,0.651922,0.597791,0.607222,0.527719,0.308995,0.260091,0.671956,0.533661,0.745056,0.592661,0.574561,0.386099,0.509216,0.576445,0.631708,0.105814,-0.206792,-0.090870,0.717161,0.427169,-0.343260,-0.354984,-0.369495,-0.375138,-0.035099,-0.219193,-0.450279,-0.429937,-0.425676,-0.484965,-0.351233,-0.515345,0.012844,0.168022,0.857238,0.469642,0.747296,0.526645,0.621419,0.516725,0.802778,0.272479,0.566539,-0.370798,0.621717,0.662430,0.739483,0.731556,0.644655,0.487682,0.653761,0.625736,0.606086,0.224371,0.668897,0.555536,0.146203,-0.285878,0.419237,0.126512,0.423603,0.189226,0.121827,-0.300733,0.422657,0.171034,-0.072680,-0.106561,0.726080,-0.228802,0.469526,-0.284368,0.389108,0.197042,0.628624,0.549089,0.740007,0.595570,0.751954,0.485621,0.659062,0.645398,0.660225,0.558919,0.131419,0.114029,0.574612,0.239164,0.187585,0.352949,0.641606,0.106408,-0.177481,0.550555
0.541874,0.000000,0.504473,0.282383,0.274963,0.332105,0.584301,0.175944,0.451659,0.337006,0.469679,0.697886,0.547609,0.390747,0.254482,0.236048,0.538545,0.593488,0.639260,0.748029,0.382965,0.343905,0.509405,0.523571,0.438345,0.468873,0.223963,0.018505,0.555744,0.589098,0.487149,0.474577,0.486879,0.449625,0.492034,0.563844,0.582028,0.339526,-0.005543,0.069527,0.548208,0.429426,-0.089820,-0.036169,-0.144811,-0.120603,0.275909,0.129870,-0.256801,-0.126367,-0.243567,-0.222504,-0.083856,-0.231134,0.268704,0.406135,0.532848,0.821801,0.506240,0.685470,0.401941,0.742299,0.482251,0.706026,0.202528,-0.046609,0.487326,0.664666,0.562889,0.557414,0.383469,0.506170,0.489458,0.539261,0.290959,0.294050,0.480156,0.513504,0.087342,0.082503,0.210569,0.571472,0.406622,0.363780,0.078440,0.122968,0.285182,0.265006,0.014928,0.300436,0.587314,0.056054,0.500474,-0.119958,0.465321,0.319376,0.606983,0.585310,0.624384,0.644197,0.635712,0.502089,0.482614,0.521754,0.534470,0.611364,0.195779,0.206364,0.427070,0.400903,0.439428,0.493059,0.620994,0.296317,0.042352,0.459900
0.731559,0.504473,0.000000,-0.180289,0.650625,0.722659,0.673144,-0.461074,0.760699,0.558691,0.320685,0.233005,0.602870,-0.188235,0.469154,0.291679,0.614895,0.361829,0.600623,0.549715,0.530928,0.637897,0.671153,0.805438,0.731277,0.754903,0.548162,0.472528,0.571050,0.452280,0.796953,0.776550,0.380495,0.184999,0.598408,0.541020,0.635781,0.140780,-0.206234,-0.155601,0.604147,0.358718,-0.562410,-0.549274,-0.609558,-0.651148,-0.219297,-0.427322,-0.710131,-0.684498,-0.693565,-0.726801,-0.574056,-0.698384,-0.086076,0.179448,0.661867,0.413374,0.835203,0.470116,0.300166,0.478277,0.630272,0.150666,0.684986,-0.532212,0.832698,0.749556,0.804727,0.779603,0.531464,0.635652,0.573786,0.606447,0.620996,0.343593,0.598629,0.573668,-0.050651,-0.402771,0.226104,0.132139,0.423197,0.254559,-0.018693,-0.453336,0.571588,0.362163,-0.131443,-0.083181,0.693814,-0.401195,0.260220,-0.512749,0.413644,0.261898,0.651538,0.575368,0.740513,0.616255,0.734116,0.374466,0.755362,0.725163,0.757950,0.618929,0.175587,0.181330,0.762145,0.262047,0.098570,0.266106,0.731339,0.052492,-0.320126,0.591516
-0.003416,0.282383,-0.180289,0.000000,-0.098403,-0.367039,0.282931,0.754185,-0.120448,-0.196294,0.299543,0.466363,0.174201,0.628289,0.166032,0.265842,0.099713,0.159555,0.307657,0.280671,0.078538,-0.149966,0.326005,-0.221317,0.035016,-0.252467,-0.200549,-0.251360,0.144426,0.243857,-0.203213,-0.269151,0.378110,0.394005,0.111885,0.149024,0.248147,0.562819,0.555511,0.637633,-0.020777,0.231813,0.704275,0.711979,0.647126,0.630358,0.737905,0.749910,0.574076,0.598749,0.560309,0.592712,0.600488,0.620783,0.599774,0.507604,0.083680,0.404353,-0.293450,0.200600,0.224668,0.193144,0.034092,0.349340,-0.093082,0.705800,-0.132136,0.066876,-0.225045,-0.177248,0.153277,-0.207148,0.026305,-0.098348,-0.143525,-0.110945,0.111104,0.119719,0.430408,0.665793,0.341035,0.543260,0.318322,0.447705,0.513192,0.754769,-0.027703,0.219751,0.376027,0.608061,0.068550,0.791743,0.480464,0.709479,0.322457,0.301564,0.232092,0.338763,0.114653,0.346097,0.005809,0.450748,-0.341731,-0.198602,-0.194371,0.218405,0.159700,0.151685,-0.196550,0.408070,0.649588,0.589369,0.073394,0.458624,0.596127,-0.068815
0.497706,0.274963,0.650625,-0.098403,0.000000,0.778882,0.482236,-0.382190,0.752931,0.654197,0.130395,-0.064559,0.358797,-0.271593,0.607539,0.479232,0.312416,0.088684,0.579785,0.397351,0.537561,0.681303,0.507835,0.498416,0.679209,0.682977,0.788864,0.760557,0.367743,0.229817,0.619501,0.557476,0.102427,-0.078922,0.377642,0.230099,0.450209,0.251581,0.088850,0.104905,0.299848,0.236703,-0.406993,-0.380277,-0.553346,-0.575998,-0.154347,-0.338767,-0.583465,-0.573116,-0.565908,-0.579885,-0.418085,-0.482217,0.057716,0.287724,0.416593,0.182663,0.638497,0.397464,0.150392,0.233464,0.417437,-0.034399,0.479769,-0.456703,0.630020,0.570429,0.596331,0.643654,0.500503,0.444742,0.326356,0.447093,0.488873,0.296582,0.492595,0.481496,0.010059,-0.265799,0.293193,0.035540,0.408038,0.368944,0.190049,-0.325086,0.690686,0.570305,0.139031,0.113659,0.589354,-0.178558,0.305213,-0.249126,0.414202,0.442135,0.609776,0.582157,0.663624,0.574802,0.531492,0.323209,0.542481,0.500466,0.549772,0.424746,0.264163,0.303936,0.684398,0.396711,0.137150,0.309170,0.545743,0.054085,-0.200641,0.495040
0.555458,0.332105,0.722659,-0.367039,0.778882,0.000000,0.454521,-0.555114,0.777138,0.758762,0.154773,-0.035544,0.390071,-0.331420,0.464224,0.356644,0.379698,0.219205,0.468182,0.392910,0.444326,0.650568,0.386218,0.685020,0.628640,0.781604,0.730994,0.690025,0.421068,0.267056,0.730854,0.713948,0.043807,-0.096686,0.385860,0.285163,0.376838,-0.015508,-0.232711,-0.252279,0.434452,0.158893,-0.670253,-0.640143,-0.754830,-0.749961,-0.387245,-0.569626,-0.771841,-0.753077,-0.746679,-0.778352,-0.640870,-0.736728,-0.205886,0.027163,0.453966,0.178643,0.754476,0.389949,0.169997,0.318945,0.473215,0.042037,0.488965,-0.656158,0.651494,0.588501,0.715380,0.708640,0.476847,0.612969,0.383609,0.521685,0.550856,0.399819,0.468830,0.464468,-0.090061,-0.484313,0.169138,-0.032495,0.274077,0.154511,-0.087374,-0.583789,0.584180,0.361496,-0.111082,-0.169602,0.641331,-0.485603,0.189029,-0.548081,0.233019,0.301496,0.544924,0.450357,0.627352,0.450194,0.597863,0.187632,0.734879,0.630465,0.673648,0.386034,0.132988,0.170992,0.714555,0.237797,-0.073405,0.111786,0.568982,-0.070517,-0.417398,0.557434
0.787607,0.584301,0.673144,0.282931,0.482236,0.454521,0.000000,0.043253,0.618518,0.349841,0.664349,0.484949,0.769533,0.206979,0.447474,0.280731,0.659122,0.493924,0.697473,0.677057,0.451137,0.419713,0.722554,0.577203,0.587285,0.470177,0.278641,0.223645,0.672432,0.572467,0.608183,0.530390,0.642360,0.488925,0.539766,0.585515,0.662820,0.284022,0.021170,0.118802,0.589683,0.441612,-0.123444,-0.123243,-0.185449,-0.196255,0.203895,0.012998,-0.275196,-0.258041,-0.258044,-0.306367,-0.154851,-0.305580,0.212753,0.337339,0.782113,0.560662,0.607542,0.547077,0.609361,0.562874,0.724915,0.386187,0.500946,-0.135401,0.556368,0.629534,0.607771,0.611183,0.615427,0.419576,0.576499,0.485218,0.503352,0.185201,0.639045,0.563984,0.227977,-0.025490,0.456249,0.324972,0.527567,0.369294,0.264361,-0.058311,0.434701,0.300532,0.078273,0.114146,0.699073,0.028647,0.552802,-0.099876,0.498774,0.295194,0.662340,0.612726,0.719294,0.664519,0.708503,0.521437,0.517534,0.551738,0.569529,0.624066,0.245412,0.225180,0.517841,0.373927,0.386273,0.489151,0.623910,0.202567,-0.032230,0.439790
-0.231754,0.175944,-0.461074,0.754185,-0.382190,-0.555114,0.043253,0.000000,-0.428988,-0.365143,0.180092,0.460977,-0.017105,0.684280,-0.136983,-0.007629,-0.154535,0.163631,0.032754,0.129267,-0.159198,-0.416206,-0.043924,-0.397433,-0.298695,-0.469125,-0.428645,-0.451097,-0.074243,0.081746,-0.484484,-0.490828,0.211171,0.320745,-0.175531,-0.056646,-0.056062,0.283480,0.457649,0.461058,-0.176460,0.062545,0.737412,0.746347,0.728625,0.761167,0.691624,0.749927,0.728636,0.755867,0.718579,0.731382,0.752379,0.717277,0.541863,0.291084,-0.129829,0.256361,-0.496968,0.131800,0.164010,0.131924,-0.180960,0.436233,-0.433082,0.747154,-0.445518,-0.212336,-0.422522,-0.403161,-0.157641,-0.391047,-0.222799,-0.339301,-0.384629,-0.229490,-0.158919,-0.163840,0.320169,0.691599,0.135247,0.399345,0.079220,0.203175,0.409953,0.748963,-0.236285,-0.035836,0.401144,0.462317,-0.113102,0.729004,0.389123,0.659349,0.120925,0.084468,-0.074309,-0.033479,-0.162509,0.021779,-0.168894,0.133706,-0.456862,-0.363933,-0.356561,-0.044294,0.128943,0.102298,-0.469507,0.171170,0.455776,0.314944,-0.215123,0.325825,0.530711,-0.294551
0.669374,0.451659,0.760699,-0.120448,0.752931,0.777138,0.618518,-0.428988,0.000000,0.661520,0.401044,0.170736,0.611851,-0.133376,0.571479,0.422656,0.586061,0.330556,0.597355,0.498951,0.515122,0.682797,0.610109,0.672641,0.740665,0.767298,0.621584,0.530531,0.632915,0.468305,0.796252,0.768530,0.326883,0.187389,0.604955,0.517181,0.598622,0.239714,-0.147455,-0.062911,0.546977,0.331016,-0.462503,-0.438295,-0.578241,-0.581412,-0.140322,-0.323976,-0.650626,-0.612601,-0.630016,-0.630853,-0.535946,-0.597965,-0.092774,0.214528,0.612310,0.395672,0.732784,0.410836,0.354318,0.413988,0.630316,0.146500,0.590998,-0.490058,0.687034,0.677803,0.699233,0.728782,0.680557,0.689633,0.610293,0.681911,0.615069,0.433189,0.661390,0.668447,0.036648,-0.324637,0.334754,0.194590,0.442512,0.327243,0.010563,-0.361670,0.524158,0.398000,-0.126424,-0.016515,0.639835,-0.269834,0.287302,-0.342235,0.380765,0.341047,0.674058,0.669468,0.729380,0.627415,0.644234,0.460179,0.640959,0.628688,0.629175,0.564229,0.087171,0.100917,0.741295,0.382725,0.186320,0.339859,0.701570,0.077165,-0.217698,0.581433
0.352247,0.337006,0.558691,-0.196294,0.654197,0.758762,0.349841,-0.365143,0.661520,0.000000,0.059879,0.055201,0.356735,-0.043481,0.559739,0.586778,0.268680,0.225319,0.409936,0.310727,0.371413,0.602405,0.316263,0.588150,0.503434,0.695557,0.662545,0.620128,0.353837,0.214585,0.544747,0.647147,-0.016780,-0.062977,0.455162,0.285356,0.350697,0.113307,-0.125211,-0.169160,0.298775,0.165990,-0.446153,-0.393014,-0.563419,-0.531131,-0.197749,-0.327029,-0.570301,-0.522686,-0.523814,-0.550108,-0.443994,-0.521957,-0.115187,0.051935,0.288629,0.238077,0.539246,0.335210,0.142510,0.303405,0.290176,0.086874,0.397943,-0.493978,0.498251,0.486488,0.523598,0.516848,0.464761,0.647679,0.353342,0.425152,0.514175,0.553023,0.448565,0.522309,-0.038658,-0.227609,0.191377,0.165799,0.338660,0.271576,-0.020106,-0.359650,0.452531,0.341069,-0.087399,-0.071760,0.529598,-0.305457,0.170286,-0.365263,0.185485,0.289356,0.467589,0.392208,0.475438,0.363171,0.391223,0.134711,0.514552,0.393418,0.481100,0.343673,-0.035545,0.011187,0.548694,0.285628,0.069311,0.157327,0.511416,0.057588,-0.219455,0.442149
0.632209,0.469679,0.320685,0.299543,0.130395,0.154773,0.664349,0.180092,0.401044,0.059879,0.000000,0.561334,0.729879,0.406517,0.221261,0.030914,0.594045,0.496639,0.439948,0.463918,0.242221,0.128371,0.502660,0.278550,0.330502,0.182971,-0.098891,-0.135547,0.713926,0.677564,0.417614,0.332375,0.617647,0.595086,0.382817,0.547866,0.480753,0.204886,-0.084378,0.062918,0.563808,0.291234,0.096535,0.077289,0.041456,0.099906,0.379415,0.251402,0.004906,0.024138,0.022754,-0.017584,0.045753,-0.080526,0.160691,0.204329,0.678063,0.526998,0.307542,0.335173,0.752345,0.452918,0.680357,0.443649,0.239833,0.027449,0.161437,0.324194,0.314098,0.310513,0.609603,0.305669,0.514863,0.454477,0.350814,0.142777,0.522246,0.431443,0.405871,0.084072,0.489921,0.305937,0.387258,0.176330,0.194687,0.077392,0.059832,-0.033353,-0.022933,0.009847,0.471844,0.141795,0.477316,0.073787,0.320838,0.155839,0.497597,0.456864,0.481888,0.433953,0.488927,0.428595,0.254686,0.306593,0.284011,0.425236,-0.007776,-0.068112,0.254807,0.360838,0.458212,0.462996,0.408731,0.139329,0.073940,0.219964
0.350776,0.697886,0.233005,0.466363,-0.064559,-0.035544,0.484949,0.460977,0.170736,0.055201,0.561334,0.000000,0.564518,0.679251,0.098221,0.075270,0.459164,0.584503,0.376639,0.514259,0.223741,0.056504,0.436119,0.324128,0.227311,0.174280,-0.199620,-0.328201,0.528720,0.638703,0.213198,0.275471,0.584828,0.614120,0.414696,0.549049,0.496159,0.331223,0.025911,0.126248,0.457228,0.339324,0.208741,0.243254,0.175869,0.231256,0.511336,0.407601,0.100408,0.203356,0.109483,0.120440,0.212490,0.068700,0.314953,0.339922,0.408691,0.726657,0.187089,0.472552,0.497521,0.659295,0.361821,0.708493,0.042501,0.246245,0.169785,0.378882,0.194766,0.174236,0.283958,0.273746,0.361103,0.279054,0.111614,0.149773,0.337845,0.345354,0.228254,0.265658,0.193879,0.548412,0.369929,0.292958,0.165866,0.339723,0.020199,0.043972,0.034466,0.269772,0.394229,0.264803,0.468028,0.088738,0.403511,0.141132,0.402769,0.375945,0.389914,0.441460,0.437802,0.385052,0.193394,0.269027,0.281618,0.520558,0.071310,0.021436,0.150337,0.335274,0.554932,0.452845,0.431946,0.308720,0.220919,0.157839
0.734956,0.547609,0.602870,0.174201,0.358797,0.390071,0.769533,-0.017105,0.611851,0.356735,0.729879,0.564518,0.000000,0.305515,0.465466,0.262227,0.703154,0.499263,0.588402,0.559581,0.416633,0.422677,0.667430,0.554377,0.532446,0.455485,0.153672,0.089712,0.757881,0.639371,0.607847,0.594671,0.657853,0.586330,0.653286,0.698987,0.701413,0.284735,-0.123767,0.004994,0.664329,0.471212,-0.101152,-0.090467,-0.175680,-0.144890,0.239807,0.069610,-0.239081,-0.202363,-0.207231,-0.258748,-0.130764,-0.300015,0.113277,0.236010,0.750731,0.546981,0.543105,0.429084,0.721165,0.535281,0.718574,0.372115,0.485132,-0.209974,0.453481,0.551398,0.533392,0.532394,0.697482,0.561643,0.692203,0.578626,0.567059,0.315388,0.709714,0.643101,0.251606,-0.037848,0.472719,0.350978,0.568286,0.347189,0.209831,-0.047744,0.267528,0.138703,-0.062370,-0.012665,0.619997,-0.038906,0.457063,-0.120273,0.442592,0.154213,0.585461,0.531613,0.622466,0.531264,0.609622,0.436358,0.440456,0.442675,0.490385,0.581523,-0.001772,-0.037636,0.461192,0.347105,0.409726,0.406940,0.589902,0.183489,0.009918,0.394119
-0.028174,0.390747,-0.188235,0.628289,-0.271593,-0.331420,0.206979,0.684280,-0.133376,-0.043481,0.406517,0.679251,0.305515,0.000000,0.105161,0.221469,0.092743,0.395564,0.119727,0.202066,0.049611,-0.191755,0.151886,-0.078376,-0.109535,-0.187832,-0.328928,-0.369540,0.277406,0.404614,-0.201658,-0.077325,0.339486,0.494713,0.192962,0.269600,0.190235,0.362595,0.289085,0.320235,0.043277,0.129536,0.544281,0.573991,0.482033,0.563780,0.691876,0.681697,0.474541,0.539324,0.488190,0.503647,0.524675,0.457995,0.449809,0.303542,0.093435,0.527586,-0.262083,0.207995,0.357493,0.332225,0.050255,0.575903,-0.222409,0.513571,-0.244346,0.000601,-0.207602,-0.223627,0.144945,0.029231,0.081536,-0.040410,-0.083311,0.127633,0.109412,0.165943,0.338132,0.571762,0.248023,0.581811,0.292949,0.285698,0.289833,0.588049,-0.176015,-0.019800,0.194789,0.335897,0.054516,0.534004,0.351377,0.424329,0.204374,0.154849,0.166043,0.173479,0.034002,0.152343,0.002444,0.188073,-0.267037,-0.202211,-0.168127,0.185770,-0.028082,-0.092118,-0.198336,0.361890,0.599621,0.413101,0.092243,0.318476,0.429741,-0.166301
0.371351,0.254482,0.469154,0.166032,0.607539,0.464224,0.447474,-0.136983,0.571479,0.559739,0.221261,0.098221,0.465466,0.105161,0.000000,0.764857,0.245435,0.074897,0.543572,0.286365,0.649223,0.678423,0.543371,0.321211,0.479610,0.380421,0.598842,0.604842,0.356578,0.264646,0.411071,0.432989,0.231886,0.149918,0.542476,0.338698,0.567900,0.573796,0.348587,0.381854,0.164539,0.454655,-0.006697,0.030351,-0.201644,-0.192644,0.192589,0.069021,-0.223112,-0.198742,-0.179186,-0.206328,-0.036113,-0.126326,0.354350,0.443494,0.357265,0.286491,0.362452,0.314569,0.288346,0.155913,0.308206,0.012306,0.403131,-0.216234,0.437365,0.426100,0.377202,0.429837,0.640107,0.411468,0.365706,0.389824,0.599551,0.391417,0.629575,0.608041,0.285297,0.133917,0.578563,0.353581,0.740746,0.673385,0.478870,0.047971,0.581805,0.580604,0.320465,0.223991,0.465360,0.103944,0.363526,0.086662,0.500591,0.420525,0.599108,0.566739,0.533478,0.515449,0.301077,0.300357,0.193952,0.139026,0.335835,0.448900,0.136037,0.094959,0.460377,0.508938,0.455288,0.470334,0.460242,0.321110,0.186521,0.391786
0.113892,0.236048,0.291679,0.265842,0.479232,0.356644,0.280731,-0.007629,0.422656,0.586778,0.030914,0.075270,0.262227,0.221469,0.764857,0.000000,0.092009,0.040071,0.403989,0.217427,0.474222,0.512927,0.377866,0.254117,0.308569,0.291239,0.549923,0.536009,0.190497,0.133945,0.225457,0.329273,0.043941,0.049213,0.466542,0.195379,0.382239,0.567020,0.410522,0.385757,-0.048552,0.283331,0.062297,0.125088,-0.112406,-0.113574,0.218510,0.139661,-0.135995,-0.110644,-0.111212,-0.100393,-0.005859,-0.002118,0.349776,0.413563,0.107593,0.277708,0.163102,0.197726,0.054378,0.111418,0.097298,0.050043,0.278165,-0.053381,0.309708,0.327130,0.215859,0.259126,0.434729,0.385102,0.234447,0.253892,0.405185,0.399344,0.415211,0.514674,0.162385,0.229772,0.401035,0.486669,0.565483,0.632108,0.347020,0.177912,0.413072,0.574082,0.233725,0.344083,0.299297,0.189803,0.238740,0.150664,0.340002,0.491197,0.473170,0.500380,0.355748,0.409941,0.116342,0.230555,0.040711,0.001311,0.148526,0.278918,0.069578,0.122538,0.319773,0.519854,0.407501,0.435526,0.367406,0.356175,0.248498,0.305373
0.716454,0.538545,0.614895,0.099713,0.312416,0.379698,0.659122,-0.154535,0.586061,0.268680,0.594045,0.459164,0.703154,0.092743,0.245435,0.092009,0.000000,0.513770,0.547314,0.582965,0.247683,0.359275,0.642928,0.561328,0.544922,0.470905,0.094954,-0.005285,0.722414,0.589967,0.670432,0.561867,0.615337,0.463615,0.602104,0.668812,0.699918,0.191942,-0.268450,-0.097160,0.775154,0.433836,-0.231048,-0.245674,-0.218991,-0.251945,0.044048,-0.082785,-0.357882,-0.318227,-0.337961,-0.354598,-0.339906,-0.413187,-0.067770,0.117887,0.733644,0.536839,0.593390,0.405453,0.500595,0.554886,0.778163,0.318989,0.577256,-0.206246,0.550227,0.620306,0.577115,0.583881,0.569314,0.500295,0.664637,0.573143,0.475916,0.244876,0.591090,0.547491,0.169479,-0.185059,0.293136,0.274410,0.389678,0.212296,-0.022775,-0.139423,0.182939,0.097732,-0.315163,-0.050449,0.575847,-0.097979,0.357628,-0.178256,0.286853,0.116781,0.564379,0.563658,0.597660,0.553219,0.640763,0.611986,0.556346,0.620220,0.561123,0.637339,-0.060600,-0.037129,0.501001,0.192536,0.261154,0.363918,0.655110,0.153112,-0.060453,0.470149
0.444174,0.593488,0.361829,0.159555,0.088684,0.219205,0.493924,0.163631,0.330556,0.225319,0.496639,0.584503,0.499263,0.395564,0.074897,0.040071,0.513770,0.000000,0.389430,0.555624,0.074792,0.023399,0.319742,0.438368,0.271532,0.272476,-0.029447,-0.107345,0.544352,0.582481,0.384132,0.358904,0.377188,0.294158,0.249690,0.429446,0.349653,-0.065340,-0.171076,-0.173242,0.528705,0.130916,-0.158885,-0.151502,-0.053971,-0.052276,0.138325,0.026726,-0.167681,-0.124275,-0.147933,-0.177012,-0.132359,-0.291548,0.060750,-0.054877,0.515797,0.597384,0.353375,0.522774,0.367818,0.568777,0.541787,0.692699,0.260227,0.066163,0.286092,0.471061,0.427261,0.366662,0.306606,0.350636,0.310388,0.341170,0.232866,0.272721,0.262477,0.233116,0.184663,0.010309,0.219341,0.436613,0.214009,-0.004808,-0.034263,-0.086939,0.094983,-0.097781,-0.090555,-0.170654,0.508654,-0.084062,0.419417,-0.170760,0.103352,0.186153,0.421235,0.319272,0.400726,0.323064,0.491127,0.378942,0.459979,0.442794,0.440732,0.378069,0.030397,-0.030075,0.264936,0.137056,0.168458,0.260403,0.479596,0.157938,-0.079058,0.311765
0.682070,0.639260,0.600623,0.307657,0.579785,0.468182,0.697473,0.032754,0.597355,0.409936,0.439948,0.376639,0.588402,0.119727,0.543572,0.403989,0.547314,0.389430,0.000000,0.780352,0.478911,0.541967,0.691760,0.429250,0.611783,0.472913,0.472508,0.361171,0.483957,0.406110,0.580603,0.429544,0.525864,0.342654,0.499273,0.491845,0.686715,0.435997,0.178007,0.272818,0.538945,0.566988,-0.060921,-0.032928,-0.146906,-0.182507,0.200606,0.051793,-0.261641,-0.207527,-0.238987,-0.264337,-0.083987,-0.227304,0.332648,0.442753,0.653846,0.563326,0.577220,0.639282,0.430078,0.504946,0.602026,0.353662,0.440314,-0.133655,0.598169,0.703913,0.622155,0.688949,0.600346,0.407964,0.539727,0.566992,0.499470,0.261699,0.656692,0.585760,0.237356,0.078272,0.493598,0.402855,0.588009,0.518875,0.405587,0.062498,0.530583,0.443170,0.220087,0.291422,0.665716,0.098458,0.583537,0.031855,0.540495,0.392105,0.678460,0.658670,0.723820,0.702381,0.604256,0.597469,0.452750,0.462651,0.537277,0.583590,0.230488,0.247342,0.487054,0.381955,0.386698,0.530563,0.606615,0.352089,0.116250,0.581201
0.668702,0.748029,0.549715,0.280671,0.397351,0.392910,0.677057,0.129267,0.498951,0.310727,0.463918,0.514259,0.559581,0.202066,0.286365,0.217427,0.582965,0.555624,0.780352,0.000000,0.331407,0.340812,0.556128,0.498314,0.513737,0.445242,0.284459,0.133650,0.502040,0.451913,0.538833,0.412191,0.558098,0.429254,0.445946,0.519150,0.574550,0.242718,-0.009217,0.082169,0.590220,0.472742,-0.128552,-0.094621,-0.135508,-0.152922,0.158653,0.023590,-0.258047,-0.188287,-0.248349,-0.260381,-0.131088,-0.267277,0.222164,0.314873,0.660959,0.637131,0.565293,0.659031,0.427637,0.658876,0.615718,0.576248,0.350365,-0.081670,0.528915,0.690484,0.647329,0.666427,0.426311,0.413725,0.533242,0.530122,0.372754,0.221865,0.532071,0.499630,0.093974,-0.002619,0.288883,0.422749,0.375833,0.322968,0.178916,0.047951,0.341146,0.257840,0.038990,0.202647,0.640834,0.028145,0.562577,-0.070900,0.424318,0.289568,0.577553,0.548674,0.648166,0.622273,0.654904,0.569637,0.521025,0.547662,0.529791,0.513631,0.195259,0.230264,0.390038,0.264186,0.263529,0.401375,0.578303,0.278112,0.014526,0.521344
0.438020,0.382965,0.530928,0.078538,0.537561,0.444326,0.451137,-0.159198,0.515122,0.371413,0.242221,0.223741,0.416633,0.049611,0.649223,0.474222,0.247683,0.074792,0.478911,0.331407,0.000000,0.619472,0.498285,0.393093,0.477585,0.431730,0.518480,0.501917,0.395054,0.395511,0.441381,0.477837,0.271392,0.193574,0.463416,0.366816,0.541086,0.492351,0.257304,0.331764,0.210481,0.368813,-0.142080,-0.100976,-0.330557,-0.297204,0.158841,-0.025047,-0.343676,-0.284150,-0.328760,-0.319678,-0.115657,-0.224099,0.344927,0.560617,0.401376,0.371197,0.491550,0.442972,0.266579,0.312712,0.327966,0.102868,0.282845,-0.263723,0.520123,0.516891,0.453978,0.505807,0.465686,0.367923,0.319233,0.421673,0.472414,0.236857,0.527530,0.500688,0.071876,-0.047687,0.332406,0.204119,0.588956,0.548349,0.315910,-0.040218,0.637472,0.601521,0.307177,0.297466,0.484294,0.013500,0.333386,-0.103715,0.655504,0.406363,0.622408,0.574144,0.641820,0.612870,0.487134,0.274608,0.333547,0.330157,0.459175,0.534763,0.348780,0.287901,0.580296,0.505406,0.440393,0.454665,0.497213,0.137669,-0.029652,0.328833
0.469789,0.343905,0.637897,-0.149966,0.681303,0.650568,0.419713,-0.416206,0.682797,0.602405,0.128371,0.056504,0.422677,-0.191755,0.678423,0.512927,0.359275,0.023399,0.541967,0.340812,0.619472,0.000000,0.534945,0.510999,0.592161,0.645496,0.699652,0.608947,0.325059,0.191304,0.615363,0.632620,0.259698,0.140952,0.574921,0.413264,0.627317,0.429885,0.061544,0.128109,0.335257,0.571645,-0.312788,-0.276513,-0.513207,-0.519817,-0.138415,-0.264176,-0.551972,-0.501621,-0.513358,-0.525445,-0.344792,-0.436624,0.081174,0.363264,0.400879,0.269606,0.608272,0.368461,0.183163,0.233903,0.364606,-0.019002,0.384502,-0.549354,0.623156,0.547526,0.554243,0.639987,0.536384,0.538992,0.462683,0.519524,0.607788,0.366931,0.642841,0.632052,-0.004886,-0.151177,0.320782,0.156483,0.635893,0.586022,0.192024,-0.221948,0.625950,0.557721,0.106435,0.136671,0.511210,-0.191939,0.234234,-0.250791,0.486986,0.224587,0.545116,0.521572,0.619882,0.544530,0.490744,0.279708,0.481561,0.436970,0.562931,0.558716,0.191785,0.192644,0.631160,0.253349,0.222020,0.282838,0.517270,0.151983,-0.063983,0.528792
0.651922,0.509405,0.671153,0.326005,0.507835,0.386218,0.722554,-0.043924,0.610109,0.316263,0.502660,0.436119,0.667430,0.151886,0.543371,0.377866,0.642928,0.319742,0.691760,0.556128,0.498285,0.534945,0.000000,0.516043,0.709393,0.504585,0.332996,0.247156,0.582318,0.534680,0.633736,0.541888,0.629161,0.438163,0.642010,0.616897,0.767144,0.507386,0.106325,0.243746,0.560727,0.551486,-0.036262,-0.032599,-0.141461,-0.196906,0.231861,0.081820,-0.275580,-0.255889,-0.266585,-0.284008,-0.154307,-0.237917,0.223679,0.431425,0.631505,0.537233,0.533086,0.413048,0.428953,0.415972,0.595251,0.210003,0.587520,-0.115799,0.631080,0.626080,0.515921,0.541976,0.647929,0.433408,0.573806,0.524360,0.492119,0.242194,0.649881,0.607926,0.300561,0.033763,0.479371,0.381146,0.635718,0.517689,0.334224,0.035083,0.440783,0.400577,0.074034,0.225472,0.602602,0.102253,0.439777,-0.000646,0.536063,0.328408,0.687787,0.699889,0.693682,0.708770,0.586382,0.573949,0.403905,0.461025,0.517105,0.678172,0.124686,0.136783,0.540171,0.431370,0.500436,0.586492,0.665709,0.351408,0.142587,0.503632
0.597791,0.523571,0.805438,-0.221317,0.498416,0.685020,0.577203,-0.397433,0.672641,0.588150,0.278550,0.324128,0.554377,-0.078376,0.321211,0.254117,0.561328,0.438368,0.429250,0.498314,0.393093,0.510999,0.516043,0.000000,0.602988,0.751045,0.424785,0.329408,0.534448,0.437658,0.730662,0.805598,0.300623,0.194552,0.569568,0.535968,0.518510,0.010578,-0.353016,-0.342044,0.568157,0.256514,-0.605157,-0.573460,-0.618508,-0.631674,-0.266910,-0.444783,-0.706324,-0.665474,-0.688763,-0.715329,-0.603461,-0.714691,-0.211210,0.027395,0.534401,0.407310,0.753605,0.413549,0.239402,0.531896,0.534462,0.266622,0.555645,-0.508124,0.712991,0.675705,0.729805,0.668911,0.392974,0.679914,0.496359,0.510921,0.500910,0.353106,0.455476,0.486965,-0.140568,-0.413394,0.066280,0.182481,0.289218,0.144250,-0.189573,-0.459312,0.400950,0.214984,-0.278823,-0.176531,0.634383,-0.482138,0.171532,-0.613669,0.278684,0.148275,0.524124,0.421677,0.604764,0.468371,0.674980,0.236015,0.756140,0.709203,0.724510,0.540923,0.080302,0.102399,0.651880,0.180561,0.022225,0.121038,0.666107,0.021012,-0.366633,0.537163
0.607222,0.438345,0.731277,0.035016,0.679209,0.628640,0.587285,-0.298695,0.740665,0.503434,0.330502,0.227311,0.532446,-0.109535,0.479610,0.308569,0.544922,0.271532,0.611783,0.513737,0.477585,0.592161,0.709393,0.602988,0.000000,0.748724,0.541603,0.421418,0.528585,0.416159,0.732469,0.647456,0.415189,0.225918,0.566282,0.490852,0.610988,0.302068,-0.069825,0.023261,0.568467,0.396089,-0.307798,-0.293567,-0.384109,-0.447667,-0.051885,-0.204733,-0.507532,-0.501829,-0.499583,-0.509129,-0.397554,-0.457305,-0.018409,0.266899,0.560558,0.388528,0.640842,0.350746,0.267963,0.359956,0.528085,0.124561,0.620105,-0.329621,0.698976,0.655690,0.605156,0.627176,0.600163,0.559422,0.526658,0.558654,0.487713,0.343736,0.579545,0.562889,0.173132,-0.194267,0.351913,0.227210,0.425218,0.333743,0.137364,-0.233627,0.491455,0.377270,-0.032775,0.090176,0.602273,-0.132837,0.313371,-0.216793,0.418096,0.295675,0.638574,0.634192,0.689147,0.650444,0.617925,0.506633,0.566284,0.591318,0.615583,0.595127,0.112051,0.133933,0.617506,0.347973,0.259876,0.390910,0.664208,0.228422,-0.049120,0.587223
0.527719,0.468873,0.754903,-0.252467,0.682977,0.781604,0.470177,-0.469125,0.767298,0.695557,0.182971,0.174280,0.455485,-0.187832,0.380421,0.291239,0.470905,0.272476,0.472913,0.445242,0.431730,0.645496,0.504585,0.751045,0.748724,0.000000,0.608933,0.471646,0.492651,0.365909,0.740890,0.801137,0.229408,0.113238,0.558684,0.482645,0.504811,0.113776,-0.282798,-0.238883,0.526783,0.272609,-0.568897,-0.526406,-0.663431,-0.673472,-0.259111,-0.427315,-0.738157,-0.683604,-0.722108,-0.716945,-0.604834,-0.674525,-0.217051,0.130970,0.449077,0.349047,0.737930,0.386226,0.160501,0.443266,0.455647,0.157421,0.507402,-0.579442,0.706762,0.661651,0.677595,0.689721,0.453577,0.723309,0.506047,0.588358,0.480133,0.467880,0.506914,0.563591,-0.138245,-0.381041,0.069060,0.122790,0.295226,0.218902,-0.151708,-0.436296,0.465711,0.330155,-0.209286,-0.037141,0.577083,-0.406020,0.141199,-0.527882,0.328329,0.209709,0.538728,0.497786,0.626119,0.522665,0.626749,0.275144,0.702059,0.673322,0.661653,0.539165,0.083380,0.114842,0.702214,0.233361,0.061174,0.158834,0.640219,-0.006774,-0.336583,0.520922
0.308995,0.223963,0.548162,-0.200549,0.788864,0.730994,0.278641,-0.428645,0.621584,0.662545,-0.098891,-0.199620,0.153672,-0.328928,0.598842,0.549923,0.094954,-0.029447,0.472508,0.284459,0.518480,0.699652,0.332996,0.424785,0.541603,0.608933,0.000000,0.818884,0.119027,0.005873,0.508777,0.468319,-0.107159,-0.243500,0.261970,0.049679,0.314177,0.249260,0.169357,0.103711,0.118196,0.244054,-0.421053,-0.367290,-0.558576,-0.592523,-0.261048,-0.386550,-0.578305,-0.565044,-0.560912,-0.567977,-0.394113,-0.445027,0.080176,0.261527,0.196268,0.092848,0.528073,0.316600,-0.082995,0.085569,0.176350,-0.076648,0.333273,-0.494559,0.555836,0.463305,0.507145,0.558918,0.347234,0.402003,0.158178,0.350774,0.409399,0.291746,0.361737,0.370587,-0.058903,-0.220323,0.232073,0.058782,0.376292,0.396951,0.164299,-0.319395,0.691693,0.610057,0.220782,0.129981,0.457568,-0.235181,0.175535,-0.278015,0.300821,0.424876,0.485026,0.445448,0.519824,0.435514,0.375796,0.149153,0.457877,0.368650,0.491218,0.284637,0.297220,0.331696,0.583253,0.313955,0.033327,0.183270,0.398574,0.097361,-0.163973,0.519796
0.260091,0.018505,0.472528,-0.251360,0.760557,0.690025,0.223645,-0.451097,0.530531,0.620128,-0.135547,-0.328201,0.089712,-0.369540,0.604842,0.536009,-0.005285,-0.107345,0.361171,0.133650,0.501917,0.608947,0.247156,0.329408,0.421418,0.471646,0.818884,0.000000,0.065232,-0.037909,0.397789,0.369251,-0.194271,-0.340824,0.156034,-0.059192,0.195818,0.134077,0.186622,0.096830,0.013900,0.083622,-0.414981,-0.392735,-0.540634,-0.566045,-0.287280,-0.424194,-0.514358,-0.544148,-0.491027,-0.531298,-0.357219,-0.420949,0.065140,0.159387,0.169190,-0.079581,0.464569,0.229549,-0.062413,-0.035414,0.157660,-0.236355,0.353959,-0.473676,0.477074,0.350784,0.435713,0.468787,0.312347,0.274076,0.051415,0.224430,0.433094,0.250797,0.293999,0.266334,-0.035016,-0.253791,0.254531,-0.104322,0.320516,0.292176,0.224435,-0.394778,0.691838,0.549635,0.270907,0.006803,0.420027,-0.247730,0.146233,-0.256971,0.246221,0.418297,0.425249,0.338424,0.438701,0.318248,0.283373,0.029709,0.389341,0.268501,0.405933,0.163755,0.274961,0.299588,0.526514,0.282092,-0.036645,0.128805,0.303941,0.003606,-0.213864,0.392153
0.671956,0.555744,0.571050,0.144426,0.367743,0.421068,0.672432,-0.074243,0.632915,0.353837,0.713926,0.528720,0.757881,0.277406,0.356578,0.190497,0.722414,0.544352,0.483957,0.502040,0.395054,0.325059,0.582318,0.534448,0.528585,0.492651,0.119027,0.065232,0.000000,0.805194,0.609366,0.604348,0.562886,0.505530,0.592816,0.672285,0.622145,0.236694,-0.158560,-0.013275,0.659062,0.223357,-0.183115,-0.185983,-0.251826,-0.215342,0.236918,0.039497,-0.321272,-0.273490,-0.307214,-0.311621,-0.257492,-0.351526,0.054434,0.239940,0.706612,0.588448,0.544998,0.415555,0.629821,0.590495,0.743594,0.412001,0.483974,-0.158860,0.465840,0.579849,0.531711,0.517823,0.663452,0.563182,0.641013,0.601645,0.499649,0.362745,0.629512,0.598757,0.223633,-0.147991,0.346094,0.306739,0.416598,0.219490,0.024348,-0.117612,0.250669,0.155572,-0.183647,0.010407,0.600378,-0.029828,0.417826,-0.150176,0.407807,0.311625,0.675768,0.640611,0.639481,0.578334,0.640934,0.492587,0.483286,0.523124,0.477464,0.588613,0.002635,-0.049165,0.568520,0.473638,0.429652,0.467138,0.638341,0.023498,-0.137377,0.297732
0.533661,0.589098,0.452280,0.243857,0.229817,0.267056,0.572467,0.081746,0.468305,0.214585,0.677564,0.638703,0.639371,0.404614,0.264646,0.133945,0.589967,0.582481,0.406110,0.451913,0.395511,0.191304,0.534680,0.437658,0.416159,0.365909,0.005873,-0.037909,0.805194,0.000000,0.467140,0.488027,0.487618,0.454473,0.474332,0.598832,0.532025,0.250363,-0.070970,0.062680,0.555775,0.121618,-0.078130,-0.074640,-0.140338,-0.085376,0.382052,0.172740,-0.205673,-0.136877,-0.204724,-0.189326,-0.118867,-0.225278,0.179043,0.314620,0.568715,0.637412,0.415348,0.424471,0.545192,0.592327,0.596460,0.499338,0.336773,0.007992,0.376187,0.501925,0.406899,0.379082,0.533696,0.432803,0.483468,0.530903,0.358265,0.272686,0.481118,0.469567,0.268644,-0.056707,0.276319,0.358896,0.372997,0.183532,0.053516,-0.006431,0.211501,0.136628,-0.065825,0.090168,0.541549,0.070629,0.426407,-0.086794,0.447822,0.389975,0.661138,0.611814,0.586577,0.572968,0.581833,0.437447,0.385715,0.430293,0.405122,0.550601,0.077235,-0.007158,0.504229,0.554772,0.521557,0.534811,0.596925,0.043767,-0.093468,0.198329
0.745056,0.487149,0.796953,-0.203213,0.619501,0.730854,0.608183,-0.484484,0.796252,0.544747,0.417614,0.213198,0.607847,-0.201658,0.411071,0.225457,0.670432,0.384132,0.580603,0.538833,0.441381,0.615363,0.633736,0.730662,0.732469,0.740890,0.508777,0.397789,0.609366,0.467140,0.000000,0.775291,0.378497,0.198112,0.557213,0.548117,0.610439,0.097256,-0.324026,-0.236837,0.695725,0.379877,-0.547987,-0.536365,-0.581230,-0.609737,-0.260138,-0.416549,-0.683867,-0.657276,-0.664148,-0.691074,-0.605348,-0.693991,-0.199465,0.065831,0.660011,0.389733,0.784942,0.411832,0.362209,0.425810,0.678469,0.174934,0.618996,-0.536799,0.724741,0.699781,0.760910,0.751056,0.636183,0.662486,0.623011,0.691653,0.605714,0.340860,0.607210,0.572482,0.058852,-0.427257,0.308786,0.137435,0.371591,0.192199,-0.066463,-0.459564,0.435971,0.221470,-0.239478,-0.181264,0.683981,-0.416421,0.264775,-0.448685,0.286472,0.193099,0.614875,0.562045,0.705426,0.552483,0.698865,0.423556,0.742459,0.695472,0.743654,0.557350,0.015137,0.034517,0.683347,0.220769,0.085796,0.249048,0.687462,0.100237,-0.247377,0.685728
0.592661,0.474577,0.776550,-0.269151,0.557476,0.713948,0.530390,-0.490828,0.768530,0.647147,0.332375,0.275471,0.594671,-0.077325,0.432989,0.329273,0.561867,0.358904,0.429544,0.412191,0.477837,0.632620,0.541888,0.805598,0.647456,0.801137,0.468319,0.369251,0.604348,0.488027,0.775291,0.000000,0.324485,0.247510,0.677973,0.618789,0.570930,0.124760,-0.346112,-0.276847,0.560886,0.296814,-0.562060,-0.524675,-0.654906,-0.638866,-0.208442,-0.386460,-0.720491,-0.668327,-0.699412,-0.702889,-0.613507,-0.691955,-0.220128,0.100975,0.535572,0.406215,0.732509,0.334055,0.291576,0.475247,0.550922,0.183321,0.552533,-0.588837,0.685365,0.646230,0.689642,0.674688,0.550076,0.789793,0.619876,0.652725,0.603362,0.494751,0.587886,0.643683,-0.107069,-0.398329,0.140899,0.179664,0.371483,0.222072,-0.189272,-0.446961,0.384399,0.243421,-0.311661,-0.146074,0.571583,-0.458452,0.095719,-0.563381,0.325694,0.156294,0.554294,0.500293,0.624282,0.486271,0.612362,0.239948,0.666270,0.622839,0.639412,0.554583,-0.033107,-0.031664,0.709128,0.252616,0.114538,0.183379,0.688018,-0.014052,-0.332306,0.490399
0.574561,0.486879,0.380495,0.378110,0.102427,0.043807,0.642360,0.211171,0.326883,-0.016780,0.617647,0.584828,0.657853,0.339486,0.231886,0.043941,0.615337,0.377188,0.525864,0.558098,0.271392,0.259698,0.629161,0.300623,0.415189,0.229408,-0.107159,-0.194271,0.562886,0.487618,0.378497,0.324485,0.000000,0.814953,0.586135,0.705483,0.658305,0.395114,0.002491,0.203784,0.532738,0.589016,0.183208,0.169529,0.116909,0.102452,0.346179,0.274430,0.011645,0.039022,0.016826,0.005475,0.075629,-0.017067,0.205612,0.347194,0.659100,0.548613,0.318128,0.331954,0.589834,0.464022,0.607547,0.401851,0.308377,0.043218,0.330682,0.442967,0.343117,0.387331,0.493497,0.274058,0.615443,0.403690,0.353855,0.115910,0.627537,0.547409,0.211735,0.155400,0.350629,0.352576,0.491176,0.397091,0.247648,0.224023,0.105859,0.096497,-0.011463,0.186073,0.383459,0.209053,0.410162,0.139902,0.483375,0.009648,0.417174,0.444271,0.469578,0.486437,0.464628,0.485735,0.202283,0.314063,0.276413,0.563389,0.017947,-0.014398,0.221860,0.168684,0.448624,0.409929,0.408705,0.239300,0.201537,0.214884
0.386099,0.449625,0.184999,0.394005,-0.078922,-0.096686,0.488925,0.320745,0.187389,-0.062977,0.595086,0.614120,0.586330,0.494713,0.149918,0.049213,0.463615,0.294158,0.342654,0.429254,0.193574,0.140952,0.438163,0.194552,0.225918,0.113238,-0.243500,-0.340824,0.505530,0.454473,0.198112,0.247510,0.814953,0.000000,0.562820,0.676365,0.523493,0.401412,-0.007044,0.193006,0.380660,0.506321,0.304989,0.301372,0.197650,0.235182,0.447043,0.408742,0.146567,0.190884,0.151489,0.156330,0.198460,0.133747,0.201613,0.347952,0.496109,0.528907,0.127329,0.192576,0.590970,0.425090,0.452719,0.430011,0.107738,0.100528,0.115676,0.262085,0.172069,0.206392,0.405505,0.276100,0.579132,0.336549,0.261081,0.131787,0.555966,0.534985,0.159743,0.245451,0.261016,0.386583,0.402222,0.376173,0.173456,0.347089,-0.083335,0.007100,-0.056980,0.231929,0.210711,0.279322,0.316447,0.211475,0.432213,-0.066077,0.276432,0.323898,0.297041,0.346980,0.296659,0.330716,0.010515,0.121782,0.068978,0.429121,-0.086531,-0.117355,0.072398,0.184322,0.485630,0.354293,0.258108,0.187399,0.246741,0.028964
0.509216,0.492034,0.598408,0.111885,0.377642,0.385860,0.539766,-0.175531,0.604955,0.455162,0.382817,0.414696,0.653286,0.192962,0.542476,0.466542,0.602104,0.249690,0.499273,0.445946,0.463416,0.574921,0.642010,0.569568,0.566282,0.558684,0.261970,0.156034,0.592816,0.474332,0.557213,0.677973,0.586135,0.562820,0.000000,0.780594,0.724817,0.484777,-0.105078,0.064548,0.482494,0.526784,-0.112509,-0.083812,-0.260318,-0.258964,0.161799,0.039658,-0.354120,-0.292029,-0.329681,-0.314939,-0.248550,-0.290545,0.031375,0.340371,0.528937,0.530589,0.497910,0.248156,0.409810,0.458425,0.505489,0.197385,0.529095,-0.293939,0.570903,0.583182,0.503374,0.528611,0.611294,0.684959,0.740770,0.625873,0.583820,0.467204,0.734998,0.805685,0.049544,-0.044981,0.285781,0.435293,0.554479,0.497526,0.071172,0.013145,0.225546,0.288763,-0.213449,0.149894,0.415633,-0.061796,0.192098,-0.133162,0.481792,0.129823,0.529261,0.565697,0.527189,0.533745,0.440038,0.399734,0.320767,0.364118,0.379399,0.605011,-0.145731,-0.117320,0.493210,0.350072,0.421231,0.376749,0.618926,0.215749,0.063914,0.356336
0.576445,0.563844,0.541020,0.149024,0.230099,0.285163,0.585515,-0.056646,0.517181,0.285356,0.547866,0.549049,0.698987,0.269600,0.338698,0.195379,0.668812,0.429446,0.491845,0.519150,0.366816,0.413264,0.616897,0.535968,0.490852,0.482645,0.049679,-0.059192,0.672285,0.598832,0.548117,0.618789,0.705483,0.676365,0.780594,0.000000,0.711987,0.342031,-0.219573,-0.014375,0.625885,0.507806,-0.081435,-0.070335,-0.160830,-0.145551,0.228276,0.100753,-0.265868,-0.194413,-0.244171,-0.245122,-0.187329,-0.284236,0.014460,0.268970,0.623226,0.584277,0.487833,0.360002,0.546945,0.565539,0.611103,0.355025,0.450968,-0.201783,0.492486,0.586851,0.502654,0.522604,0.588323,0.614336,0.747501,0.639165,0.515330,0.418846,0.714389,0.717792,0.109140,-0.017191,0.267224,0.382481,0.480451,0.357256,0.030414,0.016165,0.117548,0.092275,-0.247951,0.046972,0.458890,-0.053012,0.259301,-0.144269,0.478306,0.019483,0.491061,0.500170,0.527982,0.514743,0.515021,0.421648,0.373519,0.437610,0.403825,0.633059,-0.131101,-0.150937,0.436868,0.239562,0.415249,0.365491,0.583531,0.137146,-0.005189,0.283404
0.631708,0.582028,0.635781,0.248147,0.450209,0.376838,0.662820,-0.056062,0.598622,0.350697,0.480753,0.496159,0.701413,0.190235,0.567900,0.382239,0.699918,0.349653,0.686715,0.574550,0.541086,0.627317,0.767144,0.518510,0.610988,0.504811,0.314177,0.195818,0.622145,0.532025,0.610439,0.570930,0.658305,0.523493,0.724817,0.711987,0.000000,0.574179,0.101212,0.261253,0.612089,0.687030,-0.036854,-0.018643,-0.155567,-0.194498,0.244930,0.094984,-0.283602,-0.225163,-0.255275,-0.267688,-0.115281,-0.241281,0.279551,0.477679,0.634398,0.576230,0.561180,0.497886,0.463940,0.497388,0.618155,0.277932,0.490387,-0.187197,0.622417,0.669802,0.533487,0.593705,0.635820,0.501626,0.640797,0.576494,0.565038,0.294116,0.739807,0.689904,0.233063,0.080284,0.452442,0.428593,0.737987,0.631351,0.323130,0.078790,0.442968,0.426930,0.056519,0.249710,0.594754,0.075708,0.455073,-0.025017,0.614324,0.240632,0.675825,0.665557,0.694768,0.683517,0.608633,0.559639,0.422999,0.471594,0.557166,0.762385,0.123836,0.091442,0.548584,0.372063,0.533120,0.527996,0.658258,0.340034,0.155887,0.487410
