0.000000 0.201658 0.795016 -0.067426 0.304098 0.383492 0.629435 0.461591 0.408752 -0.090071 0.486179 0.394115 0.435138 0.514428 0.427553 0.077373 -0.310993 0.730067 0.191061 0.707721 -0.076726 0.412397 0.264132 0.324787 0.378525 0.098204 0.104225 0.133726 -0.129194 0.605668 0.438307 0.428068 0.506931 0.671411 0.382770 0.680470 0.770832 -0.450110 0.782457 -0.579051 -0.163725 0.691263 0.203944 0.226040 0.271722 0.142745 0.655577 0.019319 0.420111 -0.107046 0.426530 -0.152592 0.640872 -0.611991 0.781427 -0.558809 0.792006 -0.080546 0.654579 0.180279 0.762333 0.093285 0.067340 0.500749 -0.051243 0.562883 0.386832 0.476353 0.313034 0.640370 0.831471 -0.507099 -0.111811 0.701065 0.558650 -0.094004 0.748498 -0.056265 0.701784 -0.665576 0.769205 -0.478156 0.705927 -0.198188 0.793467 -0.619825 0.734929 -0.525711 0.776215 -0.689033 0.777729 -0.557050 0.650818 -0.473476 -0.275449 0.243864 0.784807 -0.365340 0.717069 -0.276781 0.718869 -0.639945 0.620888 -0.638360 0.735881 -0.594964 0.614689 -0.658878 -0.000535 0.482604 0.556885 0.188812 -0.023691 0.613346 -0.161394 -0.196662
0.201658 0.000000 0.291936 0.356936 0.249766 0.425931 0.351109 0.481372 0.074456 0.415895 0.351269 0.681183 0.302010 0.453825 0.396685 0.588640 0.129208 0.468844 0.312989 0.342421 0.351812 0.403108 0.394502 0.094727 0.268015 0.202241 0.211756 0.316561 0.225820 0.541715 0.374491 0.328870 0.429050 0.507999 0.415071 0.342101 0.255618 0.227087 0.377209 0.075875 0.127024 0.350440 0.209355 0.386355 0.348638 0.308088 0.267836 0.301458 0.137250 0.132706 0.140441 0.197618 0.153226 -0.052876 0.241899 0.160263 0.287825 0.630818 0.359679 0.441935 0.287280 0.620566 0.177298 0.650435 0.228676 0.545893 0.419530 0.489892 0.204885 0.327504 0.258394 0.262086 0.182066 0.505655 0.063946 0.438714 0.324169 0.472350 0.102266 0.031349 0.180900 0.274456 0.303920 0.433912 0.158049 0.113094 0.295759 0.134338 0.090351 -0.004168 0.154791 0.132050 0.231126 0.174544 0.253053 0.360056 0.226643 0.274026 0.295909 0.324793 0.193215 0.152964 0.150518 0.061238 0.175353 0.161959 0.084886 0.026442 0.178608 0.296942 0.306746 0.325198 0.271578 0.388562 0.113093 0.218996
0.795016 0.291936 0.000000 -0.041335 0.296958 0.461337 0.669152 0.480140 0.367804 0.059618 0.445575 0.482816 0.441463 0.567999 0.483372 0.225903 -0.193560 0.636286 0.144427 0.603840 0.005259 0.321219 0.355639 0.498789 0.399607 0.112366 0.126063 0.171343 0.000505 0.577717 0.437275 0.502039 0.485876 0.627708 0.360696 0.581634 0.700801 -0.270369 0.725647 -0.429122 -0.083675 0.542381 0.305204 0.304240 0.333691 0.232845 0.615183 0.112397 0.436419 0.028612 0.437657 -0.062101 0.578619 -0.481550 0.641609 -0.392426 0.690754 -0.014707 0.606979 0.191510 0.706917 0.130928 0.102038 0.409550 0.086158 0.494318 0.428904 0.465412 0.188629 0.523384 0.806739 -0.383003 0.059498 0.648024 0.601475 -0.019810 0.645884 -0.005885 0.589805 -0.502267 0.666757 -0.366115 0.641605 -0.065745 0.705988 -0.503905 0.641379 -0.343969 0.668423 -0.543687 0.694259 -0.376344 0.629650 -0.292211 -0.232975 0.338523 0.685065 -0.206950 0.622158 -0.154373 0.564652 -0.469777 0.454267 -0.518629 0.573895 -0.431911 0.457816 -0.585145 0.040992 0.480560 0.561512 0.327351 0.043982 0.606252 -0.028966 -0.167881
-0.067426 0.356936 -0.041335 0.000000 0.096768 0.054291 0.240525 0.498835 -0.078112 0.517054 0.529637 0.381044 0.494018 0.254433 0.315774 0.478158 0.532856 0.047613 0.193401 -0.240743 0.138461 0.137063 0.534304 0.209314 0.416030 0.452899 -0.165470 0.078656 0.586347 0.276213 0.169507 0.133466 0.402069 0.240923 0.385071 0.009065 0.053511 0.504180 0.046363 0.473713 0.555313 -0.075087 0.553684 0.601073 0.522207 0.603408 0.272727 0.647167 0.321597 0.555067 0.326152 0.672535 0.189733 0.546140 -0.032393 0.540304 0.267977 0.721275 0.248005 0.542835 0.157884 0.600489 0.400502 0.425415 0.322336 0.357713 0.397025 0.420280 0.210618 0.168006 -0.167452 0.422567 0.516433 0.112609 -0.403027 0.394335 -0.020661 0.347396 0.058905 0.354021 0.041018 0.637018 0.218097 0.406291 -0.106437 0.571819 -0.099424 0.544394 -0.194213 0.473559 -0.006949 0.565448 0.229328 0.616655 0.160814 0.317406 0.011212 0.589793 -0.071789 0.542120 -0.228401 0.442634 -0.371723 0.200338 -0.305482 0.383476 -0.499442 0.127777 -0.119868 0.139247 0.278485 0.425603 -0.057565 0.134429 0.615950 0.230897
0.304098 0.249766 0.296958 0.096768 0.000000 0.525798 0.439401 0.165101 0.706692 0.462950 0.223284 0.384750 0.431401 0.156137 0.566358 0.303497 0.081742 0.238636 0.355412 0.243937 0.441331 0.452409 0.427993 0.146971 0.665362 0.676309 0.390746 0.272761 0.180975 0.182579 0.504576 0.311217 0.499754 0.428845 0.248887 0.216245 0.218142 -0.004165 0.352930 -0.093724 -0.178036 0.135341 0.125832 0.254386 0.389760 0.244475 0.200667 -0.039859 0.062330 0.131513 0.103404 0.105807 0.105751 -0.215936 0.334559 -0.059749 0.277964 0.209116 0.363693 0.203427 0.234169 0.295426 0.032503 0.408748 0.186929 0.412097 0.443621 0.492499 0.158448 0.319264 0.254618 0.154751 0.117757 0.135047 0.157347 0.264843 0.423661 0.349535 0.172952 -0.146116 0.129805 0.077938 0.311023 0.067836 0.079455 -0.047761 0.256981 -0.144107 0.036018 -0.168429 0.282726 -0.114440 0.215631 -0.108129 0.258797 0.258561 0.419384 0.032721 0.533488 0.264420 0.525424 0.027889 0.504738 0.060416 0.450317 -0.043272 0.370233 -0.017750 0.132613 0.430608 0.307445 0.328846 0.385528 0.368320 -0.120038 0.114345
0.383492 0.425931 0.461337 0.054291 0.525798 0.000000 0.459034 0.217844 0.340531 0.495132 0.244953 0.455893 0.290535 0.236929 0.537178 0.369889 0.056968 0.308677 0.232682 0.350858 0.467990 0.433452 0.495466 0.183103 0.556439 0.450272 0.442934 0.606703 0.220277 0.321979 0.597202 0.493734 0.406960 0.474182 0.264708 0.301410 0.275373 0.007479 0.406321 -0.047640 0.012460 0.306432 0.042714 0.258059 0.215853 0.166857 0.238988 0.114390 0.004813 -0.077134 -0.005714 -0.006436 0.115432 -0.246550 0.270499 -0.028284 0.410966 0.197433 0.328169 -0.013272 0.372645 0.179621 0.195650 0.419892 0.223798 0.309400 0.385806 0.392948 -0.057152 0.213304 0.441711 0.129595 0.246015 0.390516 0.287422 0.186836 0.483842 0.383736 0.155450 -0.134918 0.199794 0.002348 0.376101 0.262201 0.263097 -0.109866 0.364649 -0.034380 0.218836 -0.238040 0.319224 -0.052521 0.351957 0.044361 0.266946 0.404336 0.404692 0.155177 0.337695 0.177170 0.343253 0.024393 0.302430 0.006696 0.366854 0.034777 0.324402 -0.041964 0.247267 0.540532 0.421674 0.282737 0.142945 0.339389 -0.034188 0.191325
0.629435 0.351109 0.669152 0.240525 0.439401 0.459034 0.000000 0.360428 0.422782 0.171514 0.667310 0.511685 0.736388 0.286556 0.706257 0.323024 0.110821 0.498756 0.401071 0.379915 0.326146 0.541285 0.615317 0.157684 0.535747 0.313904 0.090611 0.328801 0.312343 0.547227 0.631785 0.401911 0.562551 0.531519 0.359006 0.393858 0.454631 0.032215 0.543151 -0.065368 0.148624 0.445825 0.203285 0.344314 0.359859 0.371977 0.442798 0.142832 0.193999 0.146165 0.183974 0.102028 0.313533 -0.249873 0.426529 -0.064690 0.675078 0.186392 0.548919 0.265674 0.758281 0.271104 0.461168 0.464358 0.474874 0.555984 0.446362 0.482211 0.243303 0.313670 0.563222 -0.080518 0.260002 0.520300 0.296553 0.294457 0.557140 0.268918 0.338895 -0.236750 0.421477 -0.001841 0.505027 0.132255 0.428907 -0.188664 0.354840 -0.109831 0.347820 -0.307721 0.478567 -0.095933 0.483255 -0.069270 0.122954 0.340291 0.485798 0.044494 0.461344 0.184501 0.492843 -0.098342 0.380461 -0.112492 0.450519 -0.125263 0.346106 -0.188944 0.116600 0.394012 0.356054 0.258839 0.116455 0.423035 -0.052803 0.040816
0.461591 0.481372 0.480140 0.498835 0.165101 0.217844 0.360428 0.000000 0.130523 0.370397 0.563962 0.706988 0.567822 0.821381 0.402994 0.491625 -0.004867 0.657028 -0.040843 0.339630 -0.163779 0.297180 0.417362 0.407144 0.507824 0.270830 -0.274147 -0.091208 0.155526 0.699925 0.268876 0.259861 0.497771 0.604689 0.391284 0.413360 0.671053 -0.033595 0.619015 -0.166033 0.146089 0.434832 0.655957 0.634055 0.602559 0.555341 0.700783 0.431502 0.713402 0.390588 0.744437 0.399785 0.712532 -0.100550 0.604976 -0.118143 0.568483 0.480691 0.578321 0.584605 0.487402 0.512140 0.023247 0.622115 -0.016445 0.630935 0.439768 0.647078 0.190442 0.574558 0.402956 -0.204057 0.064108 0.615413 0.039859 0.117126 0.493086 0.049822 0.650638 -0.286609 0.647950 0.043063 0.709731 0.187321 0.521078 -0.099667 0.518503 0.014894 0.482816 -0.195368 0.609615 -0.071923 0.649367 0.066496 -0.237492 0.368603 0.559917 0.082534 0.495648 0.068017 0.290714 -0.241242 0.131804 -0.455097 0.272792 -0.257104 0.005277 -0.521598 -0.244894 0.374147 0.573286 0.402672 -0.112016 0.559818 0.407766 -0.093795
0.408752 0.074456 0.367804 -0.078112 0.706692 0.340531 0.422782 0.130523 0.000000 0.247444 0.250230 0.234237 0.418404 0.141080 0.480910 0.142724 -0.110988 0.223039 0.216655 0.313463 0.287145 0.346395 0.145619 0.177407 0.416183 0.400578 0.233495 0.153795 -0.026988 0.116606 0.256077 0.123742 0.302277 0.270927 0.039056 0.182201 0.225881 -0.148913 0.373911 -0.187165 -0.401929 0.143422 -0.002040 0.011250 0.224533 0.048089 0.147239 -0.224178 0.036601 0.064310 0.097092 -0.087608 0.098976 -0.392756 0.401783 -0.199082 0.287523 -0.090237 0.264021 0.029749 0.261848 0.063074 0.038523 0.199286 0.086256 0.277439 0.245272 0.245466 0.231951 0.225859 0.286856 -0.139069 -0.139796 0.121220 0.403840 0.240065 0.438837 0.207919 0.169258 -0.280769 0.202505 -0.192197 0.263219 -0.060826 0.159639 -0.279976 0.362655 -0.313868 0.146720 -0.379767 0.325245 -0.346239 0.170697 -0.370895 0.182257 0.140565 0.394032 -0.197775 0.509977 0.017456 0.561362 -0.200197 0.563562 -0.077951 0.515111 -0.192235 0.492483 -0.131221 0.100707 0.370698 0.188127 0.166527 0.327657 0.362862 -0.279134 -0.061183
-0.090071 0.415895 0.059618 0.517054 0.462950 0.495132 0.171514 0.370397 0.247444 0.000000 0.362805 0.479262 0.400681 0.306594 0.433189 0.689327 0.474695 0.021665 0.157168 -0.154976 0.334234 0.163416 0.522294 0.244545 0.588592 0.604965 0.116224 0.284403 0.562840 0.199817 0.283910 0.226029 0.409653 0.294253 0.242719 -0.043047 0.045473 0.477255 0.092737 0.424809 0.336516 -0.135028 0.419202 0.502752 0.509417 0.481970 0.161705 0.448180 0.187945 0.485295 0.226187 0.572443 0.044689 0.357045 -0.028844 0.478627 0.149372 0.598749 0.185882 0.341037 0.043168 0.482611 0.226663 0.371535 0.286461 0.291786 0.422072 0.430203 0.059707 0.063325 -0.118758 0.453309 0.503089 0.032756 -0.200903 0.451252 0.082105 0.492532 -0.011582 0.312472 -0.071022 0.563609 0.220926 0.526174 -0.168636 0.492081 -0.024791 0.478008 -0.236007 0.366407 0.000294 0.463974 0.190974 0.525993 0.342860 0.407850 0.074783 0.604311 0.037659 0.550993 -0.100631 0.483502 -0.171047 0.314984 -0.160026 0.426936 -0.291633 0.223371 -0.023464 0.343420 0.349917 0.480575 0.168495 0.196390 0.452410 0.291864
0.486179 0.351269 0.445575 0.529637 0.223284 0.244953 0.667310 0.563962 0.250230 0.362805 0.000000 0.534384 0.786525 0.434795 0.610906 0.430747 0.362272 0.428247 0.198825 0.134320 0.088263 0.349763 0.540516 0.255203 0.509026 0.346439 -0.132515 0.230429 0.509249 0.584366 0.353701 0.246208 0.520531 0.466750 0.417024 0.292894 0.477451 0.193523 0.487326 0.138799 0.412066 0.290197 0.494418 0.550200 0.521264 0.565709 0.544432 0.493478 0.408305 0.479229 0.447445 0.494925 0.477575 0.093491 0.382654 0.167057 0.685993 0.384645 0.473642 0.465932 0.640283 0.438557 0.545095 0.515574 0.415749 0.618821 0.452621 0.525332 0.214363 0.315591 0.290253 -0.044704 0.378257 0.451531 -0.001173 0.322037 0.389876 0.255581 0.394249 -0.077836 0.463847 0.235747 0.574918 0.275162 0.382842 0.112401 0.280777 0.181081 0.283334 -0.026452 0.448080 0.164855 0.593771 0.224852 0.017518 0.348098 0.387354 0.258995 0.297892 0.285500 0.219307 0.031605 0.054799 -0.120018 0.161214 -0.008974 -0.011040 -0.213156 -0.121865 0.301489 0.447577 0.347447 -0.062966 0.436063 0.331493 0.068215
0.394115 0.681183 0.482816 0.381044 0.384750 0.455893 0.511685 0.706988 0.234237 0.479262 0.534384 0.000000 0.571347 0.671861 0.587842 0.699868 0.151911 0.616272 0.291975 0.305342 0.230476 0.484252 0.564541 0.185604 0.557746 0.369793 0.031100 0.193008 0.297201 0.723187 0.530836 0.398155 0.564139 0.593386 0.335252 0.324571 0.498073 0.172818 0.546032 -0.020183 0.123001 0.462283 0.401383 0.527521 0.476386 0.534872 0.469844 0.330839 0.348680 0.357872 0.404220 0.367345 0.388123 -0.119560 0.452320 0.065284 0.469506 0.558541 0.444591 0.570153 0.452553 0.606329 0.185418 0.664873 0.246176 0.709307 0.421209 0.603782 0.149257 0.357488 0.392622 0.051326 0.206923 0.559425 0.091766 0.394759 0.482193 0.382765 0.336678 -0.076588 0.371981 0.193888 0.559217 0.452566 0.310351 0.004536 0.370757 0.084986 0.248084 -0.127448 0.413420 0.047403 0.467496 0.115780 0.109734 0.422879 0.444039 0.211867 0.477281 0.310721 0.319414 0.017480 0.248515 -0.100430 0.318534 -0.026449 0.150976 -0.172157 0.045613 0.397347 0.444650 0.431293 0.222760 0.531385 0.177703 0.103218
0.435138 0.302010 0.441463 0.494018 0.431401 0.290535 0.736388 0.567822 0.418404 0.400681 0.786525 0.571347 0.000000 0.378950 0.752065 0.422162 0.325986 0.418753 0.221131 0.144237 0.183470 0.465886 0.637912 0.135320 0.679666 0.485033 -0.229058 0.163225 0.496138 0.529618 0.487632 0.175506 0.590069 0.462999 0.296287 0.193483 0.453032 0.243953 0.451229 0.148092 0.309315 0.272027 0.497512 0.563306 0.584426 0.600086 0.534139 0.375612 0.409477 0.490178 0.442882 0.478443 0.455953 0.028155 0.385462 0.146096 0.652762 0.396044 0.548690 0.470428 0.649600 0.449905 0.465283 0.497414 0.482169 0.596894 0.451975 0.546355 0.174292 0.303762 0.303307 -0.045463 0.304983 0.363179 -0.037744 0.315615 0.458902 0.259579 0.405108 -0.114073 0.437397 0.230217 0.568035 0.214352 0.339956 0.064922 0.211031 0.155397 0.229617 -0.077249 0.495978 0.115314 0.575239 0.160999 0.095303 0.396467 0.459212 0.230744 0.390386 0.333324 0.296955 0.044420 0.148534 -0.070279 0.244359 -0.023057 0.045202 -0.200592 -0.120900 0.377215 0.387075 0.355982 0.020096 0.448972 0.301058 0.054666
0.514428 0.453825 0.567999 0.254433 0.156137 0.236929 0.286556 0.821381 0.141080 0.306594 0.434795 0.671861 0.378950 0.000000 0.272215 0.518883 -0.184861 0.735192 -0.093284 0.413972 -0.267245 0.196770 0.239867 0.516426 0.347234 0.107667 -0.165947 -0.113409 -0.028454 0.710844 0.178855 0.331711 0.421924 0.628396 0.414197 0.540407 0.732183 -0.179392 0.680824 -0.359377 0.018701 0.460116 0.597438 0.544748 0.538089 0.444060 0.663609 0.335147 0.747083 0.294140 0.757117 0.259900 0.706853 -0.233885 0.650318 -0.270908 0.483557 0.349206 0.509867 0.515192 0.421155 0.398645 -0.158062 0.590626 -0.203486 0.568979 0.407837 0.601052 0.239705 0.622368 0.515226 -0.288310 -0.016054 0.645960 0.223818 0.080767 0.478795 -0.016918 0.685161 -0.327603 0.680670 -0.086374 0.687959 0.138151 0.596782 -0.249693 0.605815 -0.139332 0.600219 -0.300256 0.624943 -0.200209 0.618857 -0.065247 -0.377626 0.319694 0.568311 -0.046557 0.520213 -0.062503 0.334699 -0.378203 0.205989 -0.564482 0.321329 -0.403942 0.123934 -0.593726 -0.265769 0.336851 0.598744 0.369452 -0.110806 0.549257 0.269093 -0.255095
0.427553 0.396685 0.483372 0.315774 0.566358 0.537178 0.706257 0.402994 0.480910 0.433189 0.610906 0.587842 0.752065 0.272215 0.000000 0.460285 0.353982 0.368115 0.416154 0.239032 0.457383 0.525232 0.683050 0.115577 0.670106 0.536011 0.095577 0.351075 0.551544 0.445647 0.640153 0.343086 0.651470 0.484619 0.286086 0.170008 0.429291 0.258597 0.495002 0.149132 0.226223 0.304657 0.317873 0.420389 0.490425 0.446254 0.435255 0.228058 0.178706 0.273259 0.230467 0.255013 0.279988 -0.095673 0.371662 0.145655 0.537975 0.331437 0.517378 0.303033 0.553917 0.396205 0.384357 0.483281 0.471231 0.536295 0.478160 0.498373 0.107748 0.192535 0.356601 0.062012 0.391177 0.337321 0.094201 0.369890 0.549615 0.446514 0.247214 -0.125404 0.300752 0.170856 0.576572 0.256899 0.275825 0.010032 0.288935 0.114265 0.142142 -0.124776 0.397466 0.070804 0.462677 0.100871 0.302574 0.499550 0.524985 0.229798 0.444891 0.351793 0.350630 0.107874 0.272857 0.058384 0.325964 0.062603 0.191395 -0.072927 0.231024 0.563624 0.394314 0.363668 0.194773 0.453173 0.135320 0.264889
0.077373 0.588640 0.225903 0.478158 0.303497 0.369889 0.323024 0.491625 0.142724 0.689327 0.430747 0.699868 0.422162 0.518883 0.460285 0.000000 0.365564 0.324656 0.337936 0.046413 0.350149 0.339841 0.538826 0.243870 0.445554 0.357070 0.022527 0.125719 0.467785 0.506745 0.417406 0.398643 0.495736 0.447366 0.265733 0.121698 0.258946 0.474922 0.282553 0.296501 0.317465 0.191427 0.378625 0.478123 0.469348 0.496122 0.220645 0.425375 0.258944 0.451428 0.302334 0.498786 0.100379 0.183779 0.136054 0.372651 0.197914 0.625551 0.203415 0.489722 0.169525 0.548198 0.217022 0.508290 0.257034 0.477165 0.344299 0.436150 0.226710 0.121156 0.086265 0.375428 0.422285 0.264665 -0.056258 0.590105 0.220656 0.571398 0.077949 0.229365 0.038973 0.491605 0.336532 0.670634 -0.043669 0.322711 0.105757 0.358075 -0.095076 0.225062 0.065341 0.351854 0.220119 0.387495 0.293537 0.535337 0.156885 0.556049 0.136435 0.546508 0.015382 0.358272 -0.036857 0.217831 -0.015047 0.331925 -0.157584 0.159417 0.102849 0.366152 0.362297 0.427991 0.248022 0.324007 0.314513 0.277864
-0.310993 0.129208 -0.193560 0.532856 0.081742 0.056968 0.110821 -0.004867 -0.110988 0.474695 0.362272 0.151911 0.325986 -0.184861 0.353982 0.365564 0.000000 -0.349707 0.262571 -0.555323 0.321878 -0.059376 0.467570 -0.012856 0.283379 0.421720 -0.049634 0.176972 0.829891 -0.104308 0.162746 0.051959 0.241981 -0.122960 0.063905 -0.416901 -0.204510 0.715645 -0.247213 0.720471 0.654199 -0.386617 0.313773 0.385280 0.328987 0.503906 -0.038554 0.547062 -0.073067 0.581057 -0.011977 0.663815 -0.157151 0.701752 -0.375272 0.761579 0.029651 0.487468 -0.056723 0.268515 -0.057732 0.370286 0.595342 0.073695 0.610809 0.089187 0.212557 0.096480 -0.042011 -0.321229 -0.421852 0.531365 0.693187 -0.343091 -0.500834 0.349365 -0.270693 0.408160 -0.332523 0.621862 -0.342621 0.752849 -0.045966 0.462106 -0.390053 0.746057 -0.497460 0.726926 -0.525064 0.680477 -0.298516 0.763804 -0.003021 0.711478 0.405599 0.292783 -0.240885 0.718123 -0.334820 0.679970 -0.421814 0.716981 -0.483268 0.581448 -0.479463 0.660767 -0.542792 0.441912 0.118663 0.058405 0.013641 0.327510 0.104388 -0.050275 0.524419 0.434350
0.730067 0.468844 0.636286 0.047613 0.238636 0.308677 0.498756 0.657028 0.223039 0.021665 0.428247 0.616272 0.418753 0.735192 0.368115 0.324656 -0.349707 0.000000 0.061581 0.686956 -0.125862 0.492473 0.262067 0.254330 0.330344 0.036303 -0.046588 0.021542 -0.186636 0.829321 0.398408 0.362373 0.440811 0.694596 0.373196 0.686436 0.809039 -0.331872 0.782846 -0.548160 -0.140487 0.779384 0.273176 0.338212 0.326718 0.212238 0.649953 0.085363 0.548429 -0.068699 0.531147 -0.041597 0.676508 -0.575695 0.778076 -0.515194 0.625722 0.131986 0.615782 0.344026 0.631590 0.255743 -0.091739 0.671613 -0.162093 0.663765 0.326929 0.560794 0.234503 0.678499 0.720771 -0.446757 -0.229263 0.826016 0.318665 -0.019893 0.682035 -0.036062 0.743413 -0.619844 0.778697 -0.311142 0.722453 -0.051287 0.759959 -0.530078 0.702305 -0.409589 0.741959 -0.615167 0.736637 -0.489285 0.620674 -0.385383 -0.342525 0.242902 0.712554 -0.296215 0.709366 -0.176409 0.644161 -0.570154 0.553045 -0.625613 0.649827 -0.578433 0.502120 -0.639068 -0.069262 0.336149 0.498314 0.179348 0.002344 0.607478 -0.083350 -0.231873
0.191061 0.312989 0.144427 0.193401 0.355412 0.232682 0.401071 -0.040843 0.216655 0.157168 0.198825 0.291975 0.221131 -0.093284 0.416154 0.337936 0.262571 0.061581 0.000000 0.202189 0.598818 0.484805 0.486403 -0.111108 0.273703 0.403071 0.294602 0.210939 0.314247 0.129759 0.601443 0.446878 0.593635 0.336064 0.181909 0.058878 0.036897 0.245319 0.176083 0.158987 0.167437 0.223103 -0.102691 0.037322 0.106457 0.122846 0.011781 0.040215 -0.247506 0.041209 -0.186938 0.041020 -0.199868 -0.019422 0.073251 0.230884 0.167953 0.329375 0.157875 0.306025 0.176142 0.371933 0.243796 0.301757 0.347798 0.355789 0.191287 0.173373 0.374494 -0.027980 0.179163 0.426448 0.406337 0.067457 0.051689 0.516036 0.333816 0.640905 -0.186969 0.134402 -0.179683 0.228126 0.037938 0.301980 -0.173369 0.156846 0.023601 -0.007851 -0.226315 0.071361 -0.150536 0.130645 -0.116905 0.020771 0.594091 0.292534 0.185746 0.241246 0.189738 0.390149 0.170265 0.248313 0.248491 0.322001 0.202483 0.297305 0.165055 0.332810 0.437833 0.416212 0.099025 0.179699 0.434199 0.152785 -0.122194 0.429618
0.707721 0.342421 0.603840 -0.240743 0.243937 0.350858 0.379915 0.339630 0.313463 -0.154976 0.134320 0.305342 0.144237 0.413972 0.239032 0.046413 -0.555323 0.686956 0.202189 0.000000 0.073271 0.563189 0.106731 0.214473 0.164433 -0.022473 0.231878 0.115593 -0.393577 0.505193 0.387671 0.405100 0.395258 0.689813 0.287825 0.689489 0.607510 -0.487820 0.695744 -0.622207 -0.397189 0.769854 -0.063453 0.006172 0.079073 -0.125952 0.459842 -0.196728 0.228110 -0.423104 0.204781 -0.429559 0.419436 -0.756683 0.708511 -0.644689 0.516888 -0.140638 0.528626 0.042347 0.506682 -0.018756 -0.230279 0.397051 -0.246831 0.379360 0.216827 0.387023 0.234986 0.626497 0.754078 -0.393634 -0.359528 0.688763 0.569136 -0.035526 0.787735 0.081484 0.537396 -0.727632 0.599473 -0.585348 0.512468 -0.215711 0.618665 -0.689509 0.741590 -0.668666 0.633467 -0.750064 0.602531 -0.685158 0.396257 -0.620944 -0.096077 0.146533 0.695018 -0.442207 0.717002 -0.357543 0.729994 -0.646720 0.735647 -0.561852 0.796773 -0.515054 0.715367 -0.506469 0.184734 0.461173 0.423307 0.071805 0.173331 0.530786 -0.362406 -0.084108
-0.076726 0.351812 0.005259 0.138461 0.441331 0.467990 0.326146 -0.163779 0.287145 0.334234 0.088263 0.230476 0.183470 -0.267245 0.457383 0.350149 0.321878 -0.125862 0.598818 0.073271 0.000000 0.572565 0.460086 -0.103626 0.288961 0.457446 0.478729 0.468528 0.373072 -0.059155 0.542773 0.369378 0.315414 0.149009 0.056566 -0.102602 -0.200997 0.327407 0.027244 0.338270 0.053045 0.027608 -0.276951 -0.087545 -0.023402 -0.011273 -0.234393 -0.084064 -0.478368 -0.072103 -0.440486 -0.027608 -0.430204 0.033103 -0.126136 0.333411 -0.022158 0.272137 -0.009494 -0.024230 0.024587 0.236334 0.287868 0.199691 0.472764 0.147092 0.145971 0.048925 0.034134 -0.210292 -0.020845 0.582360 0.365934 -0.085177 0.066428 0.553333 0.206952 0.675683 -0.416864 0.227587 -0.385988 0.299289 -0.120682 0.377726 -0.365727 0.257136 -0.088968 0.105280 -0.419378 0.144873 -0.245827 0.238152 -0.185129 0.167043 0.779975 0.169476 -0.050523 0.304160 0.052033 0.416654 0.136192 0.465220 0.180604 0.563963 0.110191 0.505810 0.137936 0.572735 0.576615 0.294306 -0.089153 0.060453 0.425262 -0.027486 -0.228446 0.548081
0.412397 0.403108 0.321219 0.137063 0.452409 0.433452 0.541285 0.297180 0.346395 0.163416 0.349763 0.484252 0.465886 0.196770 0.525232 0.339841 -0.059376 0.492473 0.484805 0.563189 0.572565 0.000000 0.523319 0.002418 0.448199 0.404545 0.195024 0.295260 0.079797 0.458600 0.672343 0.455849 0.517041 0.567610 0.200612 0.356424 0.376019 -0.050954 0.523832 -0.154234 -0.122346 0.598637 -0.080248 0.106659 0.129188 0.113127 0.250767 -0.060978 0.004629 -0.145298 0.026636 -0.064652 0.158945 -0.397372 0.459425 -0.181327 0.431412 0.198786 0.385988 0.210243 0.454022 0.253829 0.121400 0.513303 0.215218 0.519683 0.183478 0.389447 0.144452 0.317073 0.429561 0.059214 -0.002902 0.446158 0.170106 0.356894 0.669785 0.445243 0.228678 -0.343551 0.260262 -0.069451 0.373176 0.113471 0.222493 -0.213200 0.366810 -0.298589 0.179333 -0.372605 0.342633 -0.241896 0.271862 -0.229939 0.370037 0.175920 0.461504 -0.066418 0.530700 0.111752 0.571600 -0.104654 0.564571 -0.042154 0.582592 -0.065622 0.490048 -0.009906 0.293923 0.384002 0.198583 0.051919 0.282856 0.304340 -0.276065 0.231585
0.264132 0.394502 0.355639 0.534304 0.427993 0.495466 0.615317 0.417362 0.145619 0.522294 0.540516 0.564541 0.637912 0.239867 0.683050 0.538826 0.467570 0.262067 0.486403 0.106731 0.460086 0.523319 0.000000 0.220589 0.720765 0.628252 0.076676 0.273088 0.612816 0.393289 0.776593 0.568993 0.679986 0.505589 0.337900 0.142118 0.306677 0.364206 0.349049 0.262926 0.406592 0.224179 0.366364 0.559798 0.503599 0.590714 0.379260 0.431545 0.194440 0.332242 0.215439 0.441513 0.213091 0.146044 0.215700 0.303012 0.492034 0.529293 0.450719 0.448321 0.461823 0.471574 0.399340 0.498202 0.508190 0.519746 0.491890 0.564620 0.133956 0.165284 0.252278 0.303496 0.556416 0.277085 -0.112535 0.373492 0.405080 0.482604 0.173739 0.044503 0.154003 0.380119 0.443881 0.414960 0.096451 0.258709 0.110766 0.253952 -0.006296 0.119329 0.213316 0.305992 0.336701 0.342053 0.330060 0.484349 0.348475 0.472249 0.274415 0.507455 0.154707 0.278763 0.070035 0.156798 0.125727 0.260010 -0.047336 0.081640 0.147831 0.481942 0.422069 0.443187 0.160964 0.318279 0.298644 0.351309
0.324787 0.094727 0.498789 0.209314 0.146971 0.183103 0.157684 0.407144 0.177407 0.244545 0.255203 0.185604 0.135320 0.516426 0.115577 0.243870 -0.012856 0.254330 -0.111108 0.214473 -0.103626 0.002418 0.220589 0.000000 0.229599 0.217085 0.079727 -0.076408 0.041193 0.198995 0.087812 0.561535 0.293650 0.409182 0.409938 0.406129 0.428391 -0.175654 0.418687 -0.245632 -0.012208 0.072759 0.474153 0.363325 0.436709 0.318456 0.447883 0.310633 0.524929 0.209611 0.515328 0.160518 0.451165 -0.039938 0.375392 -0.135394 0.288583 0.135240 0.330117 0.255122 0.157475 0.145494 -0.167222 0.245364 -0.177540 0.213730 0.459727 0.405915 0.225263 0.451266 0.354034 -0.078052 0.167839 0.251757 0.342669 0.021594 0.252497 -0.033805 0.383073 -0.189442 0.381648 -0.093622 0.395557 -0.036691 0.326846 -0.115523 0.398481 -0.122691 0.332840 -0.114284 0.365669 -0.048965 0.381546 0.024820 -0.287107 0.190653 0.332927 0.031247 0.300171 -0.033813 0.173093 -0.213355 0.049449 -0.356262 0.121445 -0.172255 -0.003693 -0.381226 -0.116735 0.275659 0.534221 0.414851 -0.051316 0.340381 0.243941 -0.133392
0.378525 0.268015 0.399607 0.416030 0.665362 0.556439 0.535747 0.507824 0.416183 0.588592 0.509026 0.557746 0.679666 0.347234 0.670106 0.445554 0.283379 0.330344 0.273703 0.164433 0.288961 0.448199 0.720765 0.229599 0.000000 0.758496 0.089662 0.230764 0.465714 0.427826 0.660835 0.409167 0.646053 0.528319 0.287517 0.188658 0.410231 0.181412 0.418921 0.098310 0.232385 0.230940 0.464028 0.581559 0.554884 0.536282 0.483126 0.350002 0.335585 0.378790 0.382332 0.457199 0.394394 0.022097 0.364498 0.100902 0.553752 0.428135 0.498750 0.404990 0.468817 0.458599 0.259403 0.519801 0.323385 0.587190 0.498045 0.587897 0.079053 0.341278 0.317870 0.140310 0.375733 0.315421 -0.025456 0.168746 0.482321 0.297803 0.404814 -0.124018 0.329640 0.235768 0.544196 0.285555 0.247437 0.110898 0.226625 0.148100 0.167309 -0.023836 0.445877 0.119665 0.524365 0.206122 0.136043 0.482865 0.513886 0.284054 0.439932 0.356987 0.339974 0.087899 0.206209 -0.048060 0.276487 -0.008769 0.068485 -0.164717 -0.059001 0.535685 0.497292 0.424443 0.053863 0.445526 0.296398 0.135420
0.098204 0.202241 0.112366 0.452899 0.676309 0.450272 0.313904 0.270830 0.400578 0.604965 0.346439 0.369793 0.485033 0.107667 0.536011 0.357070 0.421720 0.036303 0.403071 -0.022473 0.457446 0.404545 0.628252 0.217085 0.758496 0.000000 0.194171 0.269565 0.462517 0.111246 0.529134 0.391865 0.581903 0.341285 0.233922 -0.010159 0.123637 0.256142 0.204008 0.224621 0.229909 -0.039797 0.321967 0.438073 0.442731 0.445700 0.227882 0.316464 0.108018 0.360281 0.174247 0.437701 0.141153 0.206127 0.138201 0.285656 0.280108 0.469971 0.275893 0.388605 0.135691 0.466144 0.175649 0.395094 0.309519 0.398180 0.407337 0.446235 0.088386 0.174036 0.037613 0.417248 0.431827 -0.004930 -0.212101 0.316563 0.298006 0.449344 0.084046 0.117319 0.008758 0.380231 0.237785 0.224360 -0.079284 0.328705 0.000864 0.212360 -0.166328 0.187631 0.123571 0.273174 0.235234 0.274796 0.348838 0.332174 0.280221 0.332583 0.253439 0.461024 0.145224 0.285914 0.079599 0.195289 0.093624 0.210004 -0.065740 0.111034 0.049113 0.440291 0.306828 0.384980 0.169210 0.238952 0.281643 0.256587
0.104225 0.211756 0.126063 -0.165470 0.390746 0.442934 0.090611 -0.274147 0.233495 0.116224 -0.132515 0.031100 -0.229058 -0.165947 0.095577 0.022527 -0.049634 -0.046588 0.294602 0.231878 0.478729 0.195024 0.076676 0.079727 0.089662 0.194171 0.000000 0.570884 0.019210 -0.076972 0.235587 0.347164 0.064802 0.173620 0.205248 0.204630 -0.106264 -0.113395 0.122643 -0.071653 -0.193433 0.086482 -0.255355 -0.135238 -0.119356 -0.213506 -0.129205 -0.153761 -0.369043 -0.342676 -0.370016 -0.281764 -0.253963 -0.155797 0.026031 -0.069743 -0.000367 -0.023786 -0.039332 -0.242326 -0.050652 -0.047403 0.009351 0.100222 0.013705 0.011818 0.164090 0.068605 -0.031082 0.083457 0.144790 0.277692 0.115914 0.075062 0.319535 0.147962 0.121511 0.272163 -0.212599 0.036676 -0.155287 -0.031282 -0.051471 0.069901 -0.082333 -0.017354 0.172995 -0.205396 -0.081090 -0.059003 -0.061666 -0.050807 -0.072982 -0.056553 0.309290 -0.070609 0.044042 -0.044722 0.169524 -0.006764 0.298636 0.060665 0.326043 0.147621 0.222728 0.071343 0.352036 0.217228 0.377072 0.134259 0.066915 0.111899 0.266108 0.034391 -0.373753 0.153922
0.133726 0.316561 0.171343 0.078656 0.272761 0.606703 0.328801 -0.091208 0.153795 0.284403 0.230429 0.193008 0.163225 -0.113409 0.351075 0.125719 0.176972 0.021542 0.210939 0.115593 0.468528 0.295260 0.273088 -0.076408 0.230764 0.269565 0.570884 0.000000 0.290632 0.114471 0.314891 0.207646 0.137797 0.155742 0.185326 0.098686 -0.057822 0.112486 0.125211 0.165981 0.144081 0.087594 -0.121947 0.056611 -0.019170 -0.003128 0.014079 0.086705 -0.286295 -0.133024 -0.286668 -0.043301 -0.127056 -0.004814 -0.040979 0.170701 0.246214 0.137634 0.068857 -0.133764 0.234682 0.068948 0.402736 0.164278 0.351693 0.090831 0.173646 0.125939 -0.141749 0.002249 0.135596 0.234307 0.279600 0.177530 0.080557 0.255614 0.140026 0.314574 -0.151060 0.136964 -0.016546 0.131660 0.067679 0.177453 0.057181 0.094991 0.103584 0.068901 -0.020215 -0.014097 0.048535 0.157744 0.164200 0.186881 0.355108 0.057571 0.049101 0.137065 0.016561 0.163230 0.106073 0.205943 0.075171 0.216416 0.094687 0.191906 0.158110 0.217948 0.212963 0.142828 0.070389 0.113346 0.049766 0.032703 -0.090301 0.216771
-0.129194 0.225820 0.000505 0.586347 0.180975 0.220277 0.312343 0.155526 -0.026988 0.562840 0.509249 0.297201 0.496138 -0.028454 0.551544 0.467785 0.829891 -0.186636 0.314247 -0.393577 0.373072 0.079797 0.612816 0.041193 0.465714 0.462517 0.019210 0.290632 0.000000 0.083341 0.324802 0.144638 0.403817 0.082254 0.192241 -0.259957 -0.042508 0.661039 -0.037592 0.678821 0.706238 -0.234675 0.423723 0.493487 0.421504 0.553558 0.125100 0.569143 0.036103 0.572794 0.093323 0.652562 -0.019804 0.615673 -0.216437 0.694772 0.209384 0.562163 0.132831 0.330052 0.163887 0.451887 0.578233 0.215864 0.627528 0.234487 0.345661 0.238471 -0.001036 -0.197428 -0.198082 0.494877 0.813599 -0.111982 -0.340657 0.393559 -0.068152 0.432795 -0.153918 0.502983 -0.159585 0.698010 0.176126 0.531816 -0.211447 0.657700 -0.279891 0.657915 -0.343115 0.575727 -0.105993 0.713562 0.191106 0.718784 0.412356 0.381833 -0.057650 0.706473 -0.192555 0.639942 -0.277563 0.647962 -0.394222 0.474105 -0.372181 0.564597 -0.454666 0.350247 0.070664 0.185941 0.159121 0.363781 0.002999 0.013536 0.514893 0.395855
0.605668 0.541715 0.577717 0.276213 0.182579 0.321979 0.547227 0.699925 0.116606 0.199817 0.584366 0.723187 0.529618 0.710844 0.445647 0.506745 -0.104308 0.829321 0.129759 0.505193 -0.059155 0.458600 0.393289 0.198995 0.427826 0.111246 -0.076972 0.114471 0.083341 0.000000 0.435757 0.338104 0.478853 0.658759 0.339445 0.527943 0.699070 -0.017211 0.669655 -0.231512 0.130416 0.718593 0.379290 0.444915 0.382074 0.326959 0.616337 0.276128 0.515341 0.117924 0.499548 0.184113 0.591564 -0.318517 0.601828 -0.232081 0.620800 0.304420 0.541292 0.427964 0.608792 0.387177 0.122456 0.659154 -0.009039 0.684639 0.327646 0.543369 0.144337 0.537949 0.586348 -0.250938 0.016622 0.822176 0.163110 0.123107 0.560169 0.105726 0.627288 -0.384442 0.661491 -0.046598 0.682732 0.209292 0.621772 -0.259105 0.530460 -0.096737 0.569091 -0.360284 0.611964 -0.210387 0.622069 -0.100879 -0.234549 0.352807 0.587280 -0.026954 0.536734 0.014712 0.439306 -0.310925 0.321482 -0.440907 0.427330 -0.340646 0.256286 -0.488526 -0.078626 0.306172 0.495543 0.271424 -0.003485 0.583686 0.135990 -0.098719
0.438307 0.374491 0.437275 0.169507 0.504576 0.597202 0.631785 0.268876 0.256077 0.283910 0.353701 0.530836 0.487632 0.178855 0.640153 0.417406 0.162746 0.398408 0.601443 0.387671 0.542773 0.672343 0.776593 0.087812 0.660835 0.529134 0.235587 0.314891 0.324802 0.435757 0.000000 0.681929 0.660866 0.568774 0.217879 0.241329 0.379652 0.103308 0.448330 -0.025502 0.138864 0.465213 0.068151 0.285024 0.281305 0.293258 0.323770 0.112832 0.026859 -0.002775 0.054536 0.082518 0.153754 -0.224198 0.354124 -0.005298 0.471341 0.313116 0.416405 0.277107 0.485428 0.344738 0.223489 0.508917 0.354583 0.531144 0.350589 0.434555 0.122383 0.202360 0.487955 0.181711 0.327438 0.395576 0.132362 0.280896 0.593220 0.452840 0.212925 -0.189732 0.198634 0.078607 0.427019 0.301163 0.206693 -0.067971 0.268768 -0.081875 0.148300 -0.195155 0.295160 -0.021731 0.296557 -0.002818 0.343545 0.431997 0.477723 0.178130 0.438092 0.285234 0.420930 0.033420 0.391526 0.036497 0.440212 0.048287 0.307832 0.010706 0.302828 0.557610 0.347117 0.228772 0.236409 0.359283 -0.069048 0.318501
0.428068 0.328870 0.502039 0.133466 0.311217 0.493734 0.401911 0.259861 0.123742 0.226029 0.246208 0.398155 0.175506 0.331711 0.343086 0.398643 0.051959 0.362373 0.446878 0.405100 0.369378 0.455849 0.568993 0.561535 0.409167 0.391865 0.347164 0.207646 0.144638 0.338104 0.681929 0.000000 0.541422 0.584317 0.373559 0.416322 0.415516 -0.082388 0.477592 -0.210093 0.034085 0.387479 0.136081 0.248544 0.259349 0.247470 0.336877 0.195808 0.158294 -0.034212 0.171229 0.027906 0.225864 -0.199703 0.383031 -0.098150 0.359404 0.265365 0.329228 0.273202 0.295167 0.288458 -0.007442 0.463186 0.064011 0.436002 0.402491 0.410043 0.218811 0.341189 0.524230 0.173124 0.307394 0.383153 0.337264 0.245193 0.479913 0.353989 0.216014 -0.188316 0.220527 -0.030965 0.374281 0.203100 0.238034 -0.113792 0.373353 -0.183314 0.230680 -0.184243 0.269476 -0.045705 0.275881 -0.007503 0.111063 0.329152 0.401594 0.118343 0.374591 0.130623 0.329870 -0.076918 0.287822 -0.122454 0.345974 -0.021579 0.236118 -0.098150 0.264562 0.477477 0.461033 0.291636 0.172060 0.341735 -0.035379 0.201437
0.506931 0.429050 0.485876 0.402069 0.499754 0.406960 0.562551 0.497771 0.302277 0.409653 0.520531 0.564139 0.590069 0.421924 0.651470 0.495736 0.241981 0.440811 0.593635 0.395258 0.315414 0.517041 0.679986 0.293650 0.646053 0.581903 0.064802 0.137797 0.403817 0.478853 0.660866 0.541422 0.000000 0.772780 0.521158 0.390584 0.519846 0.164607 0.548187 -0.001642 0.293661 0.386549 0.460877 0.538598 0.591279 0.491144 0.593618 0.384370 0.362551 0.294008 0.406924 0.318393 0.408814 -0.046984 0.451761 0.074615 0.617877 0.513341 0.689829 0.575260 0.536184 0.573510 0.154811 0.628155 0.252563 0.639254 0.640681 0.669514 0.459584 0.477349 0.457886 0.177277 0.426815 0.381795 0.078080 0.343243 0.639268 0.490564 0.397594 -0.159596 0.363635 0.169905 0.570340 0.242204 0.289780 0.036181 0.336443 -0.007517 0.204282 -0.071277 0.404174 0.065765 0.466073 0.088769 0.228988 0.516331 0.616126 0.268954 0.520142 0.330128 0.348510 0.001325 0.268469 -0.097041 0.349521 0.037450 0.119056 -0.163988 0.125134 0.682825 0.603832 0.491030 0.208280 0.555111 0.271154 0.291058
0.671411 0.507999 0.627708 0.240923 0.428845 0.474182 0.531519 0.604689 0.270927 0.294253 0.466750 0.593386 0.462999 0.628396 0.484619 0.447366 -0.122960 0.694596 0.336064 0.689813 0.149009 0.567610 0.505589 0.409182 0.528319 0.341285 0.173620 0.155742 0.082254 0.658759 0.568774 0.584317 0.772780 0.000000 0.590714 0.689527 0.690843 -0.127497 0.739910 -0.310056 0.048218 0.640448 0.404391 0.498335 0.513766 0.356974 0.686205 0.279007 0.484252 0.056757 0.485365 0.110238 0.564469 -0.336082 0.671484 -0.264387 0.690754 0.350906 0.732227 0.443985 0.610233 0.418123 -0.017045 0.690305 -0.008305 0.637547 0.595313 0.738812 0.367429 0.721952 0.660904 -0.077127 0.115905 0.672317 0.306341 0.204252 0.755893 0.322448 0.597788 -0.425857 0.601858 -0.106853 0.695308 0.124962 0.539806 -0.259634 0.623283 -0.277357 0.510553 -0.368763 0.627890 -0.238091 0.596390 -0.139281 -0.014910 0.400803 0.728093 0.021624 0.685765 0.044999 0.570295 -0.316262 0.476411 -0.404689 0.577586 -0.242941 0.361609 -0.413388 0.055012 0.618298 0.697988 0.431406 0.138877 0.669831 0.098375 0.075455
0.382770 0.415071 0.360696 0.385071 0.248887 0.264708 0.359006 0.391284 0.039056 0.242719 0.417024 0.335252 0.296287 0.414197 0.286086 0.265733 0.063905 0.373196 0.181909 0.287825 0.056566 0.200612 0.337900 0.409938 0.287517 0.233922 0.205248 0.185326 0.192241 0.339445 0.217879 0.373559 0.521158 0.590714 0.000000 0.697673 0.382846 -0.059336 0.401684 -0.135345 0.208534 0.242994 0.453742 0.529024 0.496464 0.431813 0.551148 0.453528 0.400914 0.202237 0.374176 0.236783 0.412740 0.027994 0.352635 0.010863 0.457484 0.433236 0.541971 0.402444 0.405546 0.406116 0.123435 0.527166 0.134664 0.487633 0.693825 0.665717 0.412612 0.594373 0.364360 0.114066 0.280886 0.405178 0.167521 0.217680 0.359330 0.243831 0.347931 -0.089558 0.388116 0.101069 0.431142 0.092498 0.337926 0.016144 0.369927 -0.065738 0.298953 -0.025784 0.350289 0.092566 0.418046 0.167341 -0.054557 0.250059 0.377051 0.178233 0.371695 0.180109 0.232936 -0.039288 0.120281 -0.183825 0.180287 -0.066956 0.044168 -0.200433 -0.060144 0.338852 0.600941 0.486546 0.046102 0.376756 0.209277 0.007426
0.680470 0.342101 0.581634 0.009065 0.216245 0.301410 0.393858 0.413360 0.182201 -0.043047 0.292894 0.324571 0.193483 0.540407 0.170008 0.121698 -0.416901 0.686436 0.058878 0.689489 -0.102602 0.356424 0.142118 0.406129 0.188658 -0.010159 0.204630 0.098686 -0.259957 0.527943 0.241329 0.416322 0.390584 0.689527 0.697673 0.000000 0.616980 -0.439399 0.639656 -0.572989 -0.208824 0.618328 0.198541 0.288096 0.248569 0.139398 0.576395 0.121528 0.432302 -0.155174 0.386984 -0.131517 0.546500 -0.498431 0.656081 -0.489634 0.560386 0.049466 0.568214 0.215982 0.538734 0.127387 -0.114845 0.513470 -0.180542 0.506906 0.460786 0.581343 0.355621 0.745808 0.695516 -0.311190 -0.182241 0.689006 0.500043 -0.013827 0.605710 0.020823 0.601911 -0.553283 0.656199 -0.392081 0.549604 -0.147126 0.652062 -0.508736 0.681902 -0.503933 0.671865 -0.546653 0.619584 -0.443505 0.496291 -0.345886 -0.310204 0.147050 0.592605 -0.256556 0.625206 -0.189001 0.588712 -0.525075 0.517083 -0.558423 0.586101 -0.499720 0.496887 -0.524689 -0.065610 0.332557 0.595580 0.279323 0.041540 0.496967 -0.151566 -0.243364
0.770832 0.255618 0.700801 0.053511 0.218142 0.275373 0.454631 0.671053 0.225881 0.045473 0.477451 0.498073 0.453032 0.732183 0.429291 0.258946 -0.204510 0.809039 0.036897 0.607510 -0.200997 0.376019 0.306677 0.428391 0.410231 0.123637 -0.106264 -0.057822 -0.042508 0.699070 0.379652 0.415516 0.519846 0.690843 0.382846 0.616980 0.000000 -0.341299 0.842674 -0.522649 -0.018662 0.656815 0.464803 0.428641 0.469996 0.319483 0.787631 0.204775 0.695877 0.075460 0.710551 0.072310 0.815226 -0.471201 0.832962 -0.495650 0.689004 0.077447 0.654448 0.350802 0.634445 0.213097 -0.073450 0.582674 -0.159531 0.612790 0.379051 0.568231 0.209373 0.674882 0.716019 -0.502596 -0.071691 0.699925 0.309448 -0.103170 0.711253 -0.092225 0.827836 -0.617493 0.839598 -0.318781 0.837119 -0.127328 0.804069 -0.487821 0.713163 -0.368280 0.775334 -0.552628 0.812290 -0.428760 0.743919 -0.309138 -0.387261 0.317765 0.819493 -0.247479 0.719788 -0.195804 0.598443 -0.586730 0.465933 -0.693579 0.599226 -0.584655 0.399138 -0.738956 -0.100160 0.463800 0.622705 0.266942 -0.103157 0.649484 0.094410 -0.205337
