0.000000 0.687470 0.459455 0.600669 0.253213 0.182848 0.661086 0.565176 0.336186 -0.069666 0.630571 0.409069 0.599561 0.250234 0.290391 0.054966 0.484769 0.354127 0.619241 0.591808 0.274430 0.337300 0.454247 0.546231 0.318368 0.314825 0.229517 0.159894 0.513426 0.359585 0.384121 0.472059 0.650566 0.676280 0.440951 0.517426 0.409363 0.289408 0.425995 0.508371 0.298402 0.397357 0.410845 0.408066 0.465405 0.522852 0.479209 0.458877 0.393652 0.475529 0.491702 0.414992 0.365766 0.381177 0.517621 0.517685 0.747942 0.651172 0.591518 0.406306 0.614271 0.556160 0.556431 0.376426 0.457884 0.395597 0.599162 0.519396 0.669368 0.484831 0.495303 0.489140 0.345665 0.391228 0.351358 0.366358 0.492375 0.456971 0.356102 0.436758 0.618773 0.536210 0.432565 0.373304 0.578464 0.439345 0.369366 0.361686 0.504245 0.439098 0.184166 0.111698 0.143494 0.184293 0.508410 0.375027 0.442051 0.369738 0.296624 0.123530 0.430040 0.171203 0.331642 0.297751 0.366124 0.327069 0.146489 -0.027274 0.131506 0.338940 0.290093 0.173579 0.247144 0.340151 0.120964 0.102703
0.687470 0.000000 0.557216 0.694982 0.335700 0.387974 0.527168 0.646909 0.392631 0.221185 0.463728 0.557057 0.456017 0.489546 0.449885 0.315108 0.349072 0.450003 0.733426 0.685238 0.294361 0.333418 0.574615 0.602225 0.274472 0.300754 0.264311 0.332701 0.405581 0.417205 0.442556 0.502399 0.677259 0.636610 0.367767 0.418912 0.327394 0.378066 0.280067 0.519963 0.214493 0.348157 0.252706 0.354910 0.289209 0.414556 0.339040 0.356966 0.158180 0.241897 0.306984 0.197170 0.178698 0.256510 0.345277 0.453802 0.750585 0.778016 0.606311 0.481260 0.476096 0.539780 0.468760 0.519271 0.393959 0.401849 0.588194 0.542628 0.702065 0.600044 0.440305 0.445658 0.279259 0.298694 0.126963 0.168463 0.344584 0.400963 0.156690 0.426647 0.379426 0.597690 0.403445 0.442056 0.333905 0.519991 0.453839 0.420185 0.305626 0.445299 0.022920 0.023245 0.012348 0.070823 0.447212 0.351593 0.306553 0.298104 0.162880 0.079936 0.314103 0.161960 0.323847 0.233646 0.228605 0.201019 -0.032899 -0.132356 0.098045 0.323055 0.243892 0.116853 0.235629 0.218644 0.030214 0.037743
0.459455 0.557216 0.000000 0.710853 0.604654 0.399727 0.633178 0.603517 0.524981 0.078945 0.581370 0.415074 0.535400 0.412866 0.677796 0.411378 0.438639 0.299284 0.581299 0.478335 0.457408 0.523145 0.690693 0.734460 0.545189 0.537420 0.515491 0.515003 0.571379 0.427239 0.713062 0.742152 0.610442 0.559976 0.371216 0.391307 0.501804 0.480799 0.456235 0.489260 0.353647 0.399289 -0.117184 0.080378 -0.005003 0.111937 0.115863 0.039370 0.058534 0.021690 0.040259 -0.106021 -0.149788 -0.083119 0.387451 0.319165 0.453344 0.555442 0.513556 0.625512 0.155483 0.248369 0.430880 0.319810 0.272061 0.445780 0.578241 0.480980 0.427488 0.325423 0.632188 0.622740 0.532319 0.530355 0.327454 0.318790 0.481921 0.525275 0.199611 0.193351 0.254149 0.391710 0.608901 0.522699 0.313675 0.470058 0.468034 0.545928 0.256869 0.341257 -0.306763 -0.313219 -0.413602 -0.387597 0.567257 0.317891 0.320336 0.182299 0.095340 -0.005964 0.288119 -0.096899 0.167984 -0.032401 0.194064 0.119476 -0.223220 -0.375981 0.125606 0.280208 0.241795 -0.088541 0.090735 -0.086600 0.040556 -0.217197
0.600669 0.694982 0.710853 0.000000 0.580457 0.484070 0.614984 0.695512 0.512749 0.158718 0.594344 0.481178 0.531946 0.485766 0.635903 0.445467 0.458304 0.334566 0.680275 0.607136 0.482879 0.563555 0.639442 0.701521 0.441988 0.491712 0.464151 0.543524 0.530951 0.399193 0.605984 0.690494 0.696987 0.645864 0.397665 0.449334 0.489295 0.458427 0.440201 0.630947 0.330228 0.426415 0.042704 0.220428 0.147934 0.276954 0.248582 0.211541 0.125336 0.132483 0.173634 0.064261 -0.027842 0.129921 0.387276 0.465868 0.631970 0.692506 0.616346 0.610209 0.287278 0.411542 0.501867 0.418497 0.323379 0.502116 0.651110 0.593007 0.598814 0.532102 0.591902 0.612588 0.474109 0.458112 0.294040 0.296924 0.461723 0.528500 0.171907 0.318614 0.316021 0.572394 0.570503 0.626003 0.357894 0.611698 0.518988 0.616582 0.234444 0.509952 -0.215683 -0.138510 -0.275466 -0.174518 0.550214 0.357156 0.333658 0.245096 0.138030 0.063394 0.326296 0.032646 0.211758 0.142330 0.208295 0.195368 -0.147980 -0.306283 0.135906 0.315362 0.280647 0.013268 0.165841 0.025330 0.054363 -0.160323
0.253213 0.335700 0.604654 0.580457 0.000000 0.470177 0.426698 0.299213 0.529512 -0.046947 0.460743 0.051470 0.315037 0.115306 0.539226 0.262689 0.282501 0.045795 0.270814 0.257401 0.567174 0.520859 0.411724 0.568361 0.604356 0.642976 0.687487 0.653422 0.472094 0.105410 0.588757 0.630100 0.371494 0.282745 0.131404 0.142395 0.516370 0.352620 0.394793 0.497218 0.238951 0.282110 -0.339049 -0.201253 -0.111185 -0.004653 -0.094383 -0.224191 -0.022606 -0.051477 -0.161332 -0.238330 -0.406801 -0.277492 0.304799 0.220499 0.258453 0.385633 0.462766 0.619704 -0.167821 -0.049883 0.175730 -0.022734 0.025770 0.324459 0.498487 0.400791 0.330746 0.327455 0.415682 0.560437 0.460133 0.366543 0.336011 0.186826 0.401868 0.471573 0.110738 0.065516 0.113445 0.238390 0.487416 0.483570 0.213069 0.410456 0.511544 0.678361 0.133338 0.433179 -0.593313 -0.481421 -0.641833 -0.560389 0.396901 0.155843 0.065136 -0.052923 -0.095214 -0.221897 0.156288 -0.183775 0.006489 -0.262825 -0.084075 -0.036100 -0.315603 -0.611606 -0.053472 0.003447 -0.020977 -0.406152 -0.182594 -0.256385 -0.224525 -0.349449
0.182848 0.387974 0.399727 0.484070 0.470177 0.000000 0.171319 0.255236 0.323699 0.458928 0.214405 0.133621 0.056445 0.228015 0.438896 0.377060 -0.001823 0.072157 0.378943 0.271958 0.440233 0.362240 0.335945 0.347079 0.205103 0.288002 0.439072 0.670080 0.143684 0.058883 0.305100 0.330160 0.366070 0.192717 0.030773 0.090140 0.290005 0.276332 0.115567 0.522918 -0.127547 0.134077 -0.203562 -0.140974 -0.169471 -0.091079 -0.118966 -0.142978 -0.306337 -0.255719 -0.171142 -0.230483 -0.297133 -0.082945 0.046329 0.260653 0.250653 0.414097 0.393983 0.441911 -0.047947 0.124882 0.018520 0.145547 0.044508 0.189100 0.368155 0.326051 0.359428 0.435315 0.223366 0.342974 0.159817 0.064118 0.041201 -0.164516 0.221712 0.355167 -0.128474 0.281254 -0.021690 0.378317 0.339022 0.422223 0.084698 0.441242 0.543533 0.577590 -0.059975 0.486491 -0.412675 -0.250157 -0.379943 -0.268152 0.204076 0.125629 -0.047949 0.013192 -0.024293 -0.096609 0.167080 0.080660 0.082793 -0.074713 -0.097208 0.079479 -0.120442 -0.317823 -0.009362 -0.016863 -0.052336 -0.178323 0.066289 -0.052382 -0.150589 -0.148566
0.661086 0.527168 0.633178 0.614984 0.426698 0.171319 0.000000 0.606233 0.528944 -0.261069 0.761979 0.344721 0.710691 0.232316 0.409046 0.052527 0.567458 0.316640 0.539364 0.445230 0.327285 0.488775 0.585070 0.674170 0.557287 0.561055 0.420279 0.262846 0.718830 0.440760 0.622941 0.667556 0.635512 0.673636 0.397882 0.468668 0.561857 0.402439 0.566938 0.472471 0.372591 0.396498 0.197357 0.235269 0.311880 0.354983 0.361374 0.233732 0.380856 0.350787 0.338894 0.221261 0.173112 0.184152 0.626182 0.482589 0.529692 0.507751 0.539638 0.524362 0.438655 0.424456 0.546559 0.282526 0.386814 0.445080 0.596770 0.462140 0.445566 0.255815 0.666177 0.681367 0.556655 0.604100 0.559464 0.530856 0.655372 0.600524 0.450179 0.314246 0.615556 0.393975 0.557088 0.404923 0.583425 0.435344 0.346757 0.445112 0.523318 0.386365 -0.038407 -0.175980 -0.142521 -0.137599 0.614555 0.370608 0.515726 0.344672 0.287262 0.060715 0.490781 0.048156 0.261681 0.124344 0.377519 0.310911 0.047446 -0.188274 0.184968 0.363027 0.269552 0.007459 0.142081 0.185163 0.101545 -0.028692
0.565176 0.646909 0.603517 0.695512 0.299213 0.255236 0.606233 0.000000 0.431074 0.148164 0.544500 0.692282 0.589491 0.636226 0.530646 0.441629 0.499606 0.480149 0.729862 0.643231 0.277312 0.416898 0.685473 0.613198 0.335678 0.376036 0.238496 0.280299 0.524741 0.579461 0.559135 0.596685 0.689812 0.718347 0.398777 0.480293 0.325549 0.419157 0.331921 0.417833 0.395976 0.344193 0.221077 0.379569 0.261419 0.363944 0.376817 0.370926 0.255556 0.215403 0.293322 0.195842 0.148125 0.280052 0.355027 0.450721 0.607776 0.640493 0.503430 0.458688 0.453823 0.597454 0.605553 0.616116 0.365267 0.502091 0.519072 0.519538 0.483912 0.426898 0.601835 0.522953 0.430233 0.485632 0.270012 0.359892 0.387754 0.433425 0.210237 0.327704 0.328317 0.559189 0.425918 0.517734 0.265101 0.541733 0.240953 0.331857 0.178238 0.354630 0.038067 0.044571 -0.038036 0.029154 0.498681 0.381746 0.458424 0.378712 0.232863 0.204031 0.310986 0.136659 0.236005 0.296833 0.316539 0.264688 -0.034317 -0.073960 0.198704 0.443503 0.403154 0.215876 0.258654 0.155259 0.206226 -0.001409
0.336186 0.392631 0.524981 0.512749 0.529512 0.323699 0.528944 0.431074 0.000000 -0.026780 0.543822 0.291309 0.488575 0.329917 0.465544 0.146535 0.247819 0.359712 0.393517 0.262459 0.420532 0.358894 0.558259 0.599648 0.544363 0.656121 0.528839 0.419049 0.590610 0.403127 0.571514 0.527031 0.506065 0.389135 0.232528 0.267050 0.542005 0.534341 0.257786 0.332754 0.159682 0.210391 -0.003445 0.024356 0.077540 0.177422 0.176742 0.019325 0.103874 0.088254 0.072195 0.020149 -0.135416 0.043837 0.412578 0.402060 0.343740 0.400614 0.479207 0.510197 0.159624 0.204375 0.186118 0.172209 0.226607 0.374226 0.495704 0.423730 0.253972 0.257074 0.467462 0.627835 0.425799 0.415827 0.284246 0.233163 0.497617 0.575734 0.279612 0.356791 0.277832 0.429249 0.315877 0.369216 0.163836 0.481671 0.228558 0.422152 0.161074 0.459206 -0.326069 -0.289734 -0.354488 -0.252690 0.450999 0.263691 0.312703 0.274370 0.174720 0.001736 0.319635 0.126041 0.282350 0.021237 0.168447 0.278352 0.033033 -0.300814 0.124356 0.192547 0.081460 -0.181331 0.002288 0.082345 -0.073341 -0.005986
-0.069666 0.221185 0.078945 0.158718 -0.046947 0.458928 -0.261069 0.148164 -0.026780 0.000000 -0.239268 0.330202 -0.198588 0.409123 0.288808 0.538111 -0.205087 0.218995 0.273234 0.239754 0.097994 -0.087223 0.180465 0.017555 -0.255646 -0.175235 -0.070417 0.272726 -0.268859 0.097390 -0.056346 -0.074558 0.174007 0.033229 0.072717 0.032004 -0.185292 0.100920 -0.302614 0.073706 -0.149628 -0.070584 -0.023954 0.081734 -0.149339 -0.085210 -0.066524 0.077566 -0.345471 -0.279917 -0.102133 -0.118047 -0.086932 0.064725 -0.308075 0.039708 0.131415 0.247062 0.093492 0.044108 0.008108 0.182754 -0.082939 0.343559 0.081842 0.071777 0.068725 0.182495 0.177121 0.340912 -0.085970 -0.129137 -0.181130 -0.208774 -0.407255 -0.407836 -0.243443 -0.065589 -0.359257 0.142460 -0.369542 0.284489 -0.078098 0.164597 -0.336587 0.199585 0.088648 0.017835 -0.376058 0.141646 -0.000718 0.204701 0.044608 0.138890 -0.127387 0.027864 -0.163452 0.018475 -0.023478 0.162137 -0.090151 0.232031 0.140144 0.180764 -0.071781 0.029169 -0.036789 0.073969 0.003694 -0.008109 0.035139 0.173597 0.245899 0.028095 0.070517 0.072422
0.630571 0.463728 0.581370 0.594344 0.460743 0.214405 0.761979 0.544500 0.543822 -0.239268 0.000000 0.301964 0.731782 0.209521 0.415189 0.061795 0.595134 0.320368 0.490877 0.369647 0.396773 0.491308 0.530272 0.625179 0.542661 0.548265 0.411895 0.276004 0.746984 0.420242 0.588106 0.640598 0.613350 0.613437 0.408662 0.498244 0.638665 0.461027 0.552059 0.483619 0.423299 0.424588 0.177932 0.219733 0.320757 0.366282 0.363202 0.236260 0.383305 0.369195 0.346067 0.253445 0.134941 0.200169 0.606407 0.515844 0.509352 0.450258 0.511994 0.479384 0.401329 0.380469 0.548925 0.260026 0.367378 0.450087 0.574695 0.462225 0.405487 0.236974 0.673315 0.690162 0.624879 0.646129 0.572465 0.524964 0.665726 0.631604 0.428406 0.320352 0.575882 0.447835 0.538629 0.446791 0.568414 0.483746 0.318726 0.472276 0.432346 0.418083 -0.085546 -0.139779 -0.181521 -0.134244 0.644295 0.356175 0.528520 0.380609 0.326726 0.111874 0.484627 0.043907 0.220248 0.152146 0.370250 0.330998 0.080027 -0.165133 0.182102 0.385193 0.317346 0.046636 0.181630 0.165086 0.158750 -0.055402
0.409069 0.557057 0.415074 0.481178 0.051470 0.133621 0.344721 0.692282 0.291309 0.330202 0.301964 0.000000 0.425602 0.725701 0.437895 0.500667 0.369749 0.643897 0.652769 0.578571 0.166210 0.188805 0.608894 0.419970 0.113136 0.157590 -0.003240 0.076434 0.333260 0.645722 0.377472 0.358924 0.573180 0.570256 0.393732 0.479421 0.140856 0.416023 0.132828 0.181705 0.367790 0.280474 0.271680 0.448161 0.226737 0.341131 0.378558 0.441599 0.213629 0.176557 0.294722 0.213717 0.206354 0.260229 0.189669 0.312803 0.523696 0.576587 0.349657 0.271910 0.442198 0.570318 0.533573 0.720295 0.337762 0.411104 0.363441 0.446868 0.387292 0.376706 0.431269 0.281726 0.270664 0.348130 0.017479 0.203332 0.155873 0.236537 0.075120 0.282427 0.137382 0.520439 0.239256 0.426538 0.024042 0.415668 0.052494 0.068235 -0.001407 0.163101 0.185932 0.229056 0.127813 0.176670 0.301430 0.322307 0.393846 0.393862 0.246270 0.312212 0.134647 0.170210 0.249300 0.350256 0.275456 0.212712 0.010738 0.119163 0.220506 0.435267 0.476526 0.377502 0.327282 0.177691 0.255328 0.133205
0.599561 0.456017 0.535400 0.531946 0.315037 0.056445 0.710691 0.589491 0.488575 -0.198588 0.731782 0.425602 0.000000 0.357030 0.398157 0.145051 0.608604 0.365979 0.492573 0.391717 0.243399 0.372481 0.583778 0.605161 0.500839 0.475395 0.288179 0.132449 0.688259 0.465492 0.562310 0.601679 0.567390 0.603484 0.409409 0.453116 0.469503 0.373479 0.469545 0.351728 0.456535 0.368248 0.232431 0.298109 0.362390 0.396768 0.369446 0.294825 0.442378 0.424423 0.363150 0.302136 0.214462 0.251824 0.545490 0.444417 0.514616 0.418854 0.414148 0.384307 0.424350 0.398301 0.559212 0.316559 0.351480 0.401051 0.457493 0.381240 0.333891 0.204221 0.607161 0.556126 0.506243 0.586908 0.452576 0.529635 0.511480 0.465656 0.413146 0.233568 0.518798 0.393557 0.428503 0.369747 0.473386 0.397741 0.170862 0.315503 0.411592 0.324531 0.088658 0.015138 -0.004440 0.030668 0.561364 0.326744 0.526731 0.350807 0.318461 0.170599 0.440553 0.115383 0.310786 0.299729 0.416545 0.333118 0.091107 -0.046170 0.164156 0.443556 0.345291 0.138141 0.182582 0.199642 0.233022 0.030565
0.250234 0.489546 0.412866 0.485766 0.115306 0.228015 0.232316 0.636226 0.329917 0.409123 0.209521 0.725701 0.357030 0.000000 0.502032 0.607137 0.252982 0.506395 0.570615 0.455439 0.113033 0.204903 0.550057 0.389443 0.097833 0.123065 0.041909 0.197758 0.232114 0.545155 0.347654 0.357539 0.466281 0.421781 0.283976 0.313182 0.097902 0.387545 0.037032 0.220944 0.246984 0.243484 0.136879 0.363608 0.109400 0.224555 0.248105 0.317203 0.048705 0.013859 0.136882 0.084923 0.067795 0.198989 0.030490 0.259307 0.421214 0.489378 0.269894 0.232919 0.281188 0.416468 0.381525 0.621934 0.251603 0.337131 0.266388 0.348803 0.272595 0.320385 0.332400 0.236129 0.173245 0.226769 -0.106944 0.118114 0.050065 0.155998 -0.001894 0.248332 -0.003441 0.513164 0.204275 0.448812 -0.088025 0.426588 0.086891 0.135792 -0.120885 0.149183 0.046894 0.134614 0.020053 0.096529 0.266628 0.273733 0.291291 0.311184 0.128237 0.270276 0.069314 0.115496 0.179009 0.319909 0.186354 0.136861 -0.096896 0.063286 0.187335 0.419132 0.382255 0.297454 0.275864 0.046873 0.211591 0.031075
0.290391 0.449885 0.677796 0.635903 0.539226 0.438896 0.409046 0.530646 0.465544 0.288808 0.415189 0.437895 0.398157 0.502032 0.000000 0.577542 0.402096 0.294769 0.514070 0.415199 0.498756 0.522860 0.593991 0.587548 0.408945 0.399787 0.459031 0.560499 0.423265 0.448748 0.581766 0.589766 0.525711 0.435351 0.356905 0.363289 0.386519 0.468576 0.349806 0.456718 0.345032 0.376633 -0.143725 0.118705 -0.078332 0.039388 0.106556 0.068955 -0.048676 -0.102238 -0.022321 -0.139225 -0.189846 -0.054437 0.195881 0.257579 0.377871 0.477124 0.405702 0.506882 0.067099 0.218150 0.372529 0.380410 0.241021 0.433498 0.474467 0.435682 0.346909 0.312480 0.544510 0.474591 0.440884 0.430456 0.197785 0.205895 0.313052 0.408884 0.085816 0.161700 0.026362 0.430690 0.527532 0.586942 0.114969 0.479141 0.378269 0.483904 0.003544 0.284412 -0.305746 -0.217248 -0.393731 -0.318608 0.478335 0.329927 0.273761 0.178714 0.045623 0.087699 0.160326 -0.104147 0.099378 0.035047 0.158320 0.069509 -0.273952 -0.291978 0.104448 0.310550 0.316309 0.021027 0.142851 -0.191656 0.129356 -0.270166
0.054966 0.315108 0.411378 0.445467 0.262689 0.377060 0.052527 0.441629 0.146535 0.538111 0.061795 0.500667 0.145051 0.607137 0.577542 0.000000 0.239516 0.256252 0.411029 0.376572 0.198335 0.254778 0.413133 0.273534 0.070743 0.096757 0.117425 0.386652 0.082319 0.272813 0.284563 0.344141 0.314325 0.243863 0.212504 0.173636 0.012792 0.253987 0.069567 0.275558 0.298832 0.220337 -0.194543 0.132986 -0.138106 -0.022930 -0.022088 0.094043 -0.122456 -0.186088 -0.119515 -0.185188 -0.223498 -0.047706 -0.111412 0.083062 0.213505 0.362821 0.207286 0.302612 -0.073938 0.152360 0.297365 0.430853 0.048987 0.292545 0.217713 0.310672 0.222001 0.359787 0.225589 0.131889 0.161260 0.139410 -0.164614 -0.019249 -0.091757 0.052783 -0.190379 -0.062085 -0.284346 0.310734 0.269857 0.558690 -0.180602 0.381006 0.191775 0.275022 -0.321844 0.131243 -0.203946 0.057081 -0.245331 -0.133063 0.171577 0.133211 0.033184 0.009033 -0.072255 0.169346 -0.094729 -0.058154 -0.041672 0.160503 -0.019306 -0.059211 -0.350524 -0.144590 0.056952 0.252931 0.320470 0.154188 0.159858 -0.271599 0.164164 -0.238175
0.484769 0.349072 0.438639 0.458304 0.282501 -0.001823 0.567458 0.499606 0.247819 -0.205087 0.595134 0.369749 0.608604 0.252982 0.402096 0.239516 0.000000 0.362250 0.396677 0.360206 0.211058 0.419733 0.365682 0.408139 0.345262 0.277193 0.182133 0.100181 0.644242 0.471889 0.431237 0.530731 0.439878 0.546033 0.426504 0.481717 0.429364 0.359565 0.470605 0.319615 0.589019 0.443177 0.148563 0.379367 0.331696 0.381064 0.390973 0.353839 0.456382 0.376554 0.331063 0.229151 0.180670 0.153209 0.410431 0.312311 0.432141 0.353553 0.293439 0.302522 0.297023 0.339960 0.716339 0.403167 0.262872 0.405275 0.383330 0.344714 0.326927 0.138502 0.568270 0.429441 0.528280 0.596190 0.454822 0.584374 0.409980 0.363808 0.414332 0.054178 0.414818 0.308272 0.510113 0.477130 0.458576 0.361257 0.113713 0.260417 0.233020 0.115200 0.041140 0.040390 -0.095414 -0.074587 0.546362 0.323891 0.532117 0.291129 0.245500 0.236535 0.270995 -0.164046 -0.000524 0.223609 0.334050 0.118960 -0.117725 -0.020137 0.161402 0.536787 0.546619 0.285119 0.250548 -0.048309 0.342404 -0.207550
0.354127 0.450003 0.299284 0.334566 0.045795 0.072157 0.316640 0.480149 0.359712 0.218995 0.320368 0.643897 0.365979 0.506395 0.294769 0.256252 0.362250 0.000000 0.465580 0.406858 0.166669 0.078050 0.467018 0.364388 0.103183 0.199102 -0.025335 -0.014879 0.408122 0.630440 0.304528 0.270912 0.531072 0.483986 0.478066 0.489147 0.320197 0.563757 0.102418 0.073696 0.329549 0.234107 0.305864 0.444771 0.308117 0.417897 0.442032 0.432078 0.310086 0.303723 0.381426 0.290820 0.277358 0.232907 0.328200 0.389485 0.454320 0.497207 0.374127 0.277580 0.434213 0.513030 0.458828 0.653520 0.428807 0.475207 0.435892 0.522044 0.322359 0.320721 0.362927 0.324344 0.344512 0.395005 0.113349 0.232214 0.271522 0.354566 0.158571 0.304738 0.218982 0.519734 0.171466 0.297103 0.094637 0.437375 0.032279 0.048460 0.096649 0.221065 0.187808 0.198697 0.105643 0.136832 0.279665 0.263427 0.452463 0.449324 0.425719 0.391001 0.269585 0.247971 0.386978 0.304121 0.342134 0.286608 0.145039 0.142341 0.223804 0.380761 0.430440 0.355390 0.416924 0.293640 0.243777 0.217306
0.619241 0.733426 0.581299 0.680275 0.270814 0.378943 0.539364 0.729862 0.393517 0.273234 0.490877 0.652769 0.492573 0.570615 0.514070 0.411029 0.396677 0.465580 0.000000 0.694019 0.326676 0.378071 0.657951 0.580951 0.259232 0.273302 0.242906 0.290692 0.432410 0.517543 0.482338 0.492745 0.702200 0.659238 0.388120 0.499148 0.300052 0.401187 0.273066 0.464667 0.276255 0.356100 0.272684 0.381099 0.221865 0.336469 0.374103 0.389392 0.117479 0.147555 0.297204 0.173505 0.170390 0.317767 0.306740 0.472065 0.676896 0.709202 0.540313 0.423892 0.487994 0.586776 0.529596 0.600403 0.376037 0.399714 0.532029 0.506588 0.600597 0.515638 0.528624 0.465514 0.336584 0.382734 0.183270 0.196463 0.378180 0.446915 0.151008 0.425833 0.305139 0.608607 0.390027 0.482670 0.246144 0.532106 0.329262 0.347939 0.150274 0.387957 0.048832 0.077990 0.006864 0.089703 0.476517 0.369699 0.386029 0.371548 0.222508 0.184876 0.293769 0.177089 0.278837 0.314571 0.312746 0.303867 0.013365 -0.052526 0.146393 0.369547 0.363284 0.228135 0.304662 0.218435 0.185165 0.014802
0.591808 0.685238 0.478335 0.607136 0.257401 0.271958 0.445230 0.643231 0.262459 0.239754 0.369647 0.578571 0.391717 0.455439 0.415199 0.376572 0.360206 0.406858 0.694019 0.000000 0.286669 0.253687 0.510344 0.493472 0.203843 0.246285 0.174761 0.253064 0.333771 0.373034 0.363532 0.425451 0.582967 0.633961 0.336263 0.419736 0.204647 0.275536 0.214533 0.364151 0.327929 0.300010 0.253440 0.365390 0.260413 0.392538 0.358445 0.380953 0.206896 0.235333 0.295278 0.176922 0.196595 0.234955 0.289552 0.352518 0.668892 0.699250 0.506955 0.400892 0.407274 0.505170 0.499245 0.518788 0.294367 0.340098 0.505948 0.522329 0.695750 0.648441 0.396158 0.334508 0.251993 0.269069 0.158072 0.153803 0.261498 0.321424 0.062258 0.264986 0.274153 0.484456 0.308499 0.400174 0.217010 0.414530 0.296141 0.270475 0.168437 0.357200 0.094424 0.158332 0.041476 0.102439 0.327331 0.260727 0.265373 0.232578 0.184291 0.136812 0.176837 0.138572 0.255567 0.223810 0.201260 0.204982 -0.021440 -0.117974 0.041632 0.214332 0.274257 0.151654 0.206598 0.218673 0.059246 0.028192
0.274430 0.294361 0.457408 0.482879 0.567174 0.440233 0.327285 0.277312 0.420532 0.097994 0.396773 0.166210 0.243399 0.113033 0.498756 0.198335 0.211058 0.166669 0.326676 0.286669 0.000000 0.539637 0.405501 0.464318 0.449729 0.458483 0.524790 0.511624 0.364615 0.227860 0.504728 0.443379 0.438964 0.316102 0.228909 0.376671 0.499253 0.394309 0.360859 0.438781 0.252381 0.397951 -0.184341 -0.097402 -0.170630 -0.062432 0.025917 -0.075363 -0.099973 -0.128788 -0.084901 -0.182561 -0.268285 -0.174707 0.229257 0.187125 0.312583 0.393514 0.419804 0.485425 -0.017917 0.092226 0.183097 0.103012 0.059361 0.257282 0.495799 0.412586 0.349781 0.319419 0.470686 0.492652 0.456285 0.390478 0.332171 0.129172 0.436250 0.524200 0.000935 0.185659 0.052685 0.311826 0.412144 0.433338 0.131310 0.326589 0.452049 0.538758 0.042585 0.364825 -0.397861 -0.344138 -0.439879 -0.358588 0.333641 0.148764 0.095975 0.048345 0.022313 -0.173903 0.136398 -0.136125 0.043150 -0.171570 0.002843 0.021887 -0.151538 -0.442138 -0.098135 -0.011073 0.154370 -0.190887 -0.051527 -0.114742 -0.156380 -0.313672
0.337300 0.333418 0.523145 0.563555 0.520859 0.362240 0.488775 0.416898 0.358894 -0.087223 0.491308 0.188805 0.372481 0.204903 0.522860 0.254778 0.419733 0.078050 0.378071 0.253687 0.539637 0.000000 0.396747 0.461733 0.385415 0.385795 0.425796 0.475501 0.447502 0.281293 0.534457 0.552846 0.441064 0.402480 0.307317 0.433094 0.527491 0.408860 0.556487 0.606188 0.316958 0.549989 -0.084592 0.104707 -0.028865 0.041786 0.120741 0.024364 0.044035 -0.048543 0.019821 -0.101972 -0.146644 -0.057355 0.296052 0.307373 0.338738 0.384560 0.367291 0.442590 0.089954 0.163075 0.402427 0.190987 0.167974 0.334883 0.460681 0.358060 0.293937 0.200023 0.596965 0.549112 0.502753 0.509686 0.456420 0.424330 0.525073 0.525175 0.130763 0.144458 0.230434 0.343396 0.613769 0.556942 0.387572 0.461468 0.508416 0.614042 0.189638 0.275266 -0.338936 -0.356121 -0.408176 -0.361678 0.476589 0.218969 0.280026 0.158609 0.063970 -0.058686 0.160462 -0.257976 -0.104615 -0.087667 0.134482 0.055660 -0.185735 -0.294299 0.076634 0.275378 0.342444 -0.033372 0.056786 -0.182335 0.064592 -0.370497
0.454247 0.574615 0.690693 0.639442 0.411724 0.335945 0.585070 0.685473 0.558259 0.180465 0.530272 0.608894 0.583778 0.550057 0.593991 0.413133 0.365682 0.467018 0.657951 0.510344 0.405501 0.396747 0.000000 0.716676 0.506671 0.535345 0.386816 0.362761 0.537537 0.549324 0.704068 0.645602 0.661401 0.588949 0.374865 0.417572 0.385375 0.476492 0.346071 0.371378 0.319519 0.304658 0.040664 0.154064 0.057800 0.167043 0.182244 0.140215 0.105184 0.075444 0.112840 0.010962 -0.042480 0.079352 0.371276 0.368095 0.480266 0.565635 0.463776 0.524237 0.266036 0.391036 0.407299 0.433694 0.308077 0.434919 0.506558 0.454995 0.364820 0.343697 0.604303 0.558402 0.451455 0.484134 0.235856 0.243930 0.410081 0.486844 0.174458 0.293097 0.226111 0.460554 0.428396 0.443924 0.182285 0.470711 0.298329 0.396528 0.177118 0.381573 -0.129246 -0.138070 -0.191499 -0.135123 0.466196 0.318874 0.349018 0.275633 0.168927 0.056414 0.311784 0.137833 0.318673 0.143765 0.240076 0.240569 -0.054085 -0.216041 0.137633 0.318510 0.251281 0.013442 0.124987 0.098974 0.068824 -0.011696
0.546231 0.602225 0.734460 0.701521 0.568361 0.347079 0.674170 0.613198 0.599648 0.017555 0.625179 0.419970 0.605161 0.389443 0.587548 0.273534 0.408139 0.364388 0.580951 0.493472 0.464318 0.461733 0.716676 0.000000 0.599441 0.615585 0.515128 0.447113 0.606091 0.442918 0.701404 0.725231 0.662564 0.613544 0.404808 0.389358 0.497708 0.444124 0.418882 0.467623 0.312930 0.355071 0.009892 0.115596 0.106643 0.215595 0.193924 0.114172 0.131797 0.145727 0.127234 0.023294 -0.039903 0.042806 0.450146 0.402647 0.524863 0.579698 0.542403 0.603072 0.242913 0.320198 0.372199 0.290780 0.339662 0.467632 0.616720 0.514132 0.465338 0.370984 0.605036 0.670745 0.516073 0.514647 0.342847 0.332586 0.515827 0.561909 0.288674 0.310210 0.347964 0.448997 0.493737 0.439386 0.349964 0.480667 0.416651 0.514817 0.332299 0.449134 -0.200521 -0.248656 -0.275412 -0.235226 0.531099 0.342625 0.325022 0.230810 0.126592 -0.022665 0.369847 0.071404 0.312261 0.059840 0.239108 0.202132 -0.114237 -0.344309 0.111689 0.254159 0.140126 -0.125397 0.062499 0.065593 -0.001447 -0.085769
0.318368 0.274472 0.545189 0.441988 0.604356 0.205103 0.557287 0.335678 0.544363 -0.255646 0.542661 0.113136 0.500839 0.097833 0.408945 0.070743 0.345262 0.103183 0.259232 0.203843 0.449729 0.385415 0.506671 0.599441 0.000000 0.685212 0.677571 0.426744 0.591995 0.287991 0.689982 0.648158 0.383395 0.351506 0.123274 0.164054 0.457922 0.269457 0.450313 0.325832 0.277581 0.234699 -0.179140 -0.159354 -0.008233 0.046849 0.001623 -0.132023 0.131769 0.090668 -0.060977 -0.116071 -0.223871 -0.180000 0.431031 0.187825 0.219811 0.293873 0.358528 0.511924 -0.015639 0.014816 0.207744 -0.053918 0.041523 0.249377 0.384988 0.243331 0.217072 0.125097 0.494138 0.564216 0.453238 0.434561 0.424802 0.316510 0.445388 0.446062 0.385947 0.128745 0.325050 0.124271 0.421501 0.317890 0.291622 0.205389 0.318847 0.462574 0.329551 0.292184 -0.370025 -0.438712 -0.418607 -0.403205 0.484306 0.298811 0.241159 0.058237 -0.051623 -0.273340 0.252941 -0.120291 0.075700 -0.215875 0.013649 0.019739 -0.187936 -0.483683 -0.041416 0.126640 -0.031099 -0.376265 -0.223077 -0.089749 -0.183600 -0.239402
0.314825 0.300754 0.537420 0.491712 0.642976 0.288002 0.561055 0.376036 0.656121 -0.175235 0.548265 0.157590 0.475395 0.123065 0.399787 0.096757 0.277193 0.199102 0.273302 0.246285 0.458483 0.385795 0.535345 0.615585 0.685212 0.000000 0.616374 0.474517 0.589348 0.227457 0.639131 0.611468 0.446476 0.393239 0.181822 0.194553 0.503233 0.365183 0.402858 0.314498 0.261300 0.151147 -0.154601 -0.137583 0.031010 0.115106 0.039022 -0.116468 0.181623 0.137513 -0.008748 -0.068199 -0.240034 -0.148066 0.498876 0.296039 0.246580 0.339342 0.458632 0.595046 0.008486 0.090900 0.200604 -0.002932 0.131715 0.382336 0.490707 0.408233 0.237390 0.263897 0.469049 0.619204 0.484839 0.431467 0.407763 0.287726 0.480392 0.522355 0.264127 0.120195 0.290138 0.207308 0.361115 0.340395 0.250256 0.371259 0.287055 0.486506 0.277894 0.461670 -0.404204 -0.369770 -0.455342 -0.390513 0.389308 0.176089 0.192852 0.059767 0.050505 -0.175371 0.299862 0.036081 0.192829 -0.166600 0.027063 0.119555 -0.084226 -0.484681 0.010022 0.057637 -0.037895 -0.383041 -0.174787 -0.019633 -0.214243 -0.106797
0.229517 0.264311 0.515491 0.464151 0.687487 0.439072 0.420279 0.238496 0.528839 -0.070417 0.411895 -0.003240 0.288179 0.041909 0.459031 0.117425 0.182133 -0.025335 0.242906 0.174761 0.524790 0.425796 0.386816 0.515128 0.677571 0.616374 0.000000 0.620969 0.443039 0.163278 0.543313 0.513966 0.336618 0.230405 0.001690 0.086654 0.393740 0.191812 0.332729 0.405377 0.033629 0.106523 -0.279644 -0.285205 -0.158204 -0.093221 -0.112914 -0.261567 -0.112369 -0.117566 -0.186405 -0.246966 -0.366042 -0.231814 0.292745 0.172760 0.168988 0.303780 0.431348 0.568487 -0.102540 -0.024096 0.055464 -0.088955 -0.037787 0.203556 0.414387 0.275317 0.256437 0.216103 0.369982 0.529134 0.333152 0.271952 0.301243 0.096747 0.392637 0.441350 0.297287 0.206600 0.184890 0.143687 0.412578 0.340806 0.183116 0.240073 0.434349 0.551648 0.197723 0.386407 -0.525906 -0.531358 -0.530709 -0.477036 0.399568 0.304361 0.091964 -0.003893 -0.137184 -0.333856 0.237673 -0.088399 0.066049 -0.274400 -0.083204 -0.013144 -0.234809 -0.580742 -0.057539 -0.058368 -0.138962 -0.474790 -0.249508 -0.142547 -0.280972 -0.273375
0.159894 0.332701 0.515003 0.543524 0.653422 0.670080 0.262846 0.280299 0.419049 0.272726 0.276004 0.076434 0.132449 0.197758 0.560499 0.386652 0.100181 -0.014879 0.290692 0.253064 0.511624 0.475501 0.362761 0.447113 0.426744 0.474517 0.620969 0.000000 0.243313 0.070219 0.456521 0.495028 0.342470 0.219876 0.040004 0.059505 0.332186 0.253760 0.237691 0.510432 0.030474 0.193967 -0.340432 -0.226543 -0.216967 -0.133577 -0.195993 -0.243475 -0.260291 -0.253587 -0.254335 -0.328035 -0.416944 -0.244524 0.103850 0.155488 0.219376 0.383853 0.373756 0.516577 -0.160321 -0.000121 0.063210 0.028597 0.011930 0.234726 0.396427 0.319031 0.334750 0.371301 0.312524 0.412443 0.265244 0.171379 0.129274 -0.000359 0.232323 0.343023 -0.020234 0.137190 0.010020 0.254875 0.428681 0.459334 0.125859 0.381169 0.555801 0.631687 0.037258 0.406493 -0.547323 -0.414371 -0.547339 -0.457509 0.306955 0.179900 -0.039936 -0.077889 -0.174893 -0.230868 0.117742 -0.113666 -0.029054 -0.256634 -0.175299 -0.092662 -0.291812 -0.516751 -0.063226 -0.002383 -0.076621 -0.350780 -0.112278 -0.238722 -0.237240 -0.309844
0.513426 0.405581 0.571379 0.530951 0.472094 0.143684 0.718830 0.524741 0.590610 -0.268859 0.746984 0.333260 0.688259 0.232114 0.423265 0.082319 0.644242 0.408122 0.432410 0.333771 0.364615 0.447502 0.537537 0.606091 0.591995 0.589348 0.443039 0.243313 0.000000 0.541367 0.634453 0.650577 0.555649 0.574365 0.337106 0.426475 0.650199 0.532111 0.508695 0.362492 0.444204 0.383132 0.119692 0.205204 0.289040 0.360902 0.354939 0.191981 0.404802 0.343141 0.285486 0.192316 0.060861 0.087109 0.607307 0.457853 0.423082 0.412837 0.475304 0.501511 0.304595 0.326020 0.541330 0.293673 0.271714 0.434863 0.531999 0.445228 0.303629 0.173019 0.650029 0.677298 0.633343 0.662086 0.560692 0.537052 0.625221 0.615498 0.525050 0.295032 0.523546 0.394048 0.532735 0.451170 0.456205 0.458682 0.200794 0.399067 0.348753 0.351367 -0.163920 -0.206557 -0.265847 -0.234326 0.650643 0.403581 0.581472 0.406189 0.321110 0.097183 0.429456 -0.016880 0.190359 0.082720 0.309975 0.277845 0.040585 -0.180582 0.225900 0.409115 0.314523 0.009050 0.133824 0.097482 0.148690 -0.072733
0.359585 0.417205 0.427239 0.399193 0.105410 0.058883 0.440760 0.579461 0.403127 0.097390 0.420242 0.645722 0.465492 0.545155 0.448748 0.272813 0.471889 0.630440 0.517543 0.373034 0.227860 0.281293 0.549324 0.442918 0.287991 0.227457 0.163278 0.070219 0.541367 0.000000 0.467881 0.401876 0.535162 0.524403 0.360953 0.472088 0.329222 0.515526 0.225004 0.162113 0.312705 0.320362 0.228319 0.356086 0.172746 0.259371 0.373501 0.324888 0.185538 0.119973 0.238971 0.151153 0.160391 0.182540 0.269115 0.312850 0.402133 0.431801 0.294910 0.263533 0.405219 0.472371 0.486255 0.611342 0.317256 0.361482 0.348472 0.349719 0.220463 0.125762 0.543536 0.421160 0.402112 0.504598 0.204850 0.329024 0.343243 0.382122 0.413515 0.436587 0.277068 0.482941 0.363585 0.392172 0.134435 0.356332 0.023215 0.086237 0.097525 0.100659 0.064630 -0.025142 0.000842 0.003208 0.490432 0.545366 0.583215 0.574562 0.282579 0.213532 0.206072 0.055138 0.173092 0.189670 0.299407 0.215404 0.061902 0.106520 0.351321 0.498595 0.432527 0.279513 0.278692 0.138835 0.258327 0.084996
0.384121 0.442556 0.713062 0.605984 0.588757 0.305100 0.622941 0.559135 0.571514 -0.056346 0.588106 0.377472 0.562310 0.347654 0.581766 0.284563 0.431237 0.304528 0.482338 0.363532 0.504728 0.534457 0.704068 0.701404 0.689982 0.639131 0.543313 0.456521 0.634453 0.467881 0.000000 0.761817 0.567281 0.528303 0.286153 0.343544 0.541622 0.492468 0.459787 0.402086 0.391079 0.383280 -0.147959 0.000560 0.001996 0.092098 0.075848 -0.039578 0.123274 0.047844 -0.016635 -0.120448 -0.206106 -0.148087 0.414098 0.273923 0.367433 0.468880 0.442399 0.589548 0.097161 0.203339 0.381972 0.235515 0.163925 0.401805 0.505381 0.401257 0.290169 0.211820 0.670262 0.646900 0.552048 0.576179 0.407640 0.381982 0.519050 0.565438 0.231069 0.161356 0.259687 0.315412 0.519578 0.449952 0.267109 0.394012 0.371495 0.516375 0.253494 0.309388 -0.354871 -0.399249 -0.442437 -0.421307 0.541357 0.270461 0.330704 0.164024 0.063858 -0.121088 0.257173 -0.127299 0.114116 -0.136001 0.105052 0.071272 -0.192659 -0.403382 0.039038 0.281844 0.195878 -0.188045 -0.038751 -0.100259 -0.038945 -0.243316
0.472059 0.502399 0.742152 0.690494 0.630100 0.330160 0.667556 0.596685 0.527031 -0.074558 0.640598 0.358924 0.601679 0.357539 0.589766 0.344141 0.530731 0.270912 0.492745 0.425451 0.443379 0.552846 0.645602 0.725231 0.648158 0.611468 0.513966 0.495028 0.650577 0.401876 0.761817 0.000000 0.579870 0.581504 0.341336 0.343987 0.552162 0.460188 0.511237 0.508649 0.437604 0.442013 -0.119832 0.070912 0.094128 0.188431 0.118951 0.035539 0.193557 0.141061 0.051541 -0.051492 -0.149155 -0.089519 0.436850 0.320788 0.442139 0.511546 0.465552 0.594629 0.124262 0.219845 0.476878 0.244494 0.217734 0.455369 0.541989 0.445356 0.383461 0.284423 0.652617 0.651206 0.578957 0.572739 0.423273 0.442639 0.492151 0.518533 0.264230 0.142448 0.338139 0.364346 0.600656 0.541703 0.396695 0.465465 0.445942 0.586931 0.311082 0.344007 -0.327289 -0.330548 -0.423949 -0.392166 0.592448 0.288515 0.346996 0.159867 0.064854 -0.060510 0.268973 -0.156044 0.074563 -0.067586 0.135164 0.068364 -0.233607 -0.389419 0.060865 0.347750 0.224427 -0.138914 0.019307 -0.127231 0.006100 -0.263456
0.650566 0.677259 0.610442 0.696987 0.371494 0.366070 0.635512 0.689812 0.506065 0.174007 0.613350 0.573180 0.567390 0.466281 0.525711 0.314325 0.439878 0.531072 0.702200 0.582967 0.438964 0.441064 0.661401 0.662564 0.383395 0.446476 0.336618 0.342470 0.555649 0.535162 0.567281 0.579870 0.000000 0.756530 0.552036 0.579196 0.477479 0.492897 0.396712 0.506147 0.333053 0.378404 0.258197 0.357519 0.286886 0.382897 0.412230 0.372958 0.240453 0.256268 0.352972 0.237566 0.163855 0.277696 0.469684 0.540830 0.657728 0.692072 0.660191 0.561244 0.534777 0.612617 0.542958 0.550023 0.513486 0.592062 0.714882 0.670076 0.575814 0.493380 0.638503 0.631984 0.506529 0.525149 0.331223 0.338442 0.550124 0.602084 0.230189 0.428034 0.394667 0.621723 0.454145 0.507163 0.378848 0.586673 0.379907 0.436691 0.300394 0.480338 -0.011289 -0.035417 -0.076365 0.003498 0.521430 0.412162 0.434414 0.393766 0.272080 0.161256 0.436510 0.218728 0.341624 0.242430 0.339125 0.323219 0.014121 -0.155190 0.196204 0.359413 0.342986 0.133645 0.290117 0.234543 0.125022 0.012804
0.676280 0.636610 0.559976 0.645864 0.282745 0.192717 0.673636 0.718347 0.389135 0.033229 0.613437 0.570256 0.603484 0.421781 0.435351 0.243863 0.546033 0.483986 0.659238 0.633961 0.316102 0.402480 0.588949 0.613544 0.351506 0.393239 0.230405 0.219876 0.574365 0.524403 0.528303 0.581504 0.756530 0.000000 0.548080 0.580719 0.418057 0.402210 0.417375 0.421566 0.431247 0.385024 0.327209 0.441093 0.391268 0.464113 0.477618 0.442231 0.393128 0.371492 0.431081 0.310956 0.280209 0.308867 0.495262 0.484871 0.660425 0.648278 0.565973 0.467720 0.577417 0.651914 0.649596 0.560234 0.505649 0.577345 0.640955 0.603852 0.577181 0.428029 0.637035 0.568022 0.503975 0.544710 0.403640 0.462351 0.518045 0.517617 0.278302 0.323870 0.483475 0.520560 0.439089 0.435113 0.456794 0.495028 0.269512 0.315044 0.372589 0.357015 0.126248 0.053906 0.027304 0.058448 0.499219 0.387997 0.485707 0.386343 0.289773 0.194513 0.392948 0.146129 0.272291 0.255460 0.381668 0.293332 0.029041 -0.071486 0.202770 0.398487 0.379371 0.198342 0.289699 0.253095 0.196927 0.025930
0.440951 0.367767 0.371216 0.397665 0.131404 0.030773 0.397882 0.398777 0.232528 0.072717 0.408662 0.393732 0.409409 0.283976 0.356905 0.212504 0.426504 0.478066 0.388120 0.336263 0.228909 0.307317 0.374865 0.404808 0.123274 0.181822 0.001690 0.040004 0.337106 0.360953 0.286153 0.341336 0.552036 0.548080 0.000000 0.650553 0.377408 0.438440 0.318067 0.273214 0.404213 0.381951 0.342428 0.513557 0.366485 0.403991 0.476290 0.476349 0.371668 0.365183 0.472410 0.368792 0.357675 0.360319 0.382105 0.442267 0.451246 0.373331 0.325989 0.227462 0.463296 0.445933 0.513346 0.461472 0.653915 0.610742 0.520033 0.531655 0.341740 0.226185 0.485168 0.384536 0.466277 0.491010 0.290300 0.426627 0.434409 0.413375 0.111652 0.136906 0.298154 0.461497 0.265293 0.284011 0.396928 0.470845 0.147474 0.177372 0.268008 0.207416 0.234416 0.182656 0.101358 0.134010 0.334156 0.169394 0.400927 0.347122 0.380740 0.432262 0.292438 0.167666 0.278613 0.335138 0.501795 0.336159 0.061884 0.113950 0.174536 0.391903 0.464238 0.375650 0.480148 0.226599 0.395109 0.077783
0.517426 0.418912 0.391307 0.449334 0.142395 0.090140 0.468668 0.480293 0.267050 0.032004 0.498244 0.479421 0.453116 0.313182 0.363289 0.173636 0.481717 0.489147 0.499148 0.419736 0.376671 0.433094 0.417572 0.389358 0.164054 0.194553 0.086654 0.059505 0.426475 0.472088 0.343544 0.343987 0.579196 0.580719 0.650553 0.000000 0.464101 0.495372 0.427688 0.338011 0.429362 0.466327 0.354697 0.492972 0.293327 0.359434 0.534686 0.484516 0.338877 0.297639 0.464028 0.330108 0.334914 0.309911 0.439925 0.447622 0.514042 0.461217 0.385017 0.267175 0.508223 0.514284 0.600484 0.510238 0.495340 0.496552 0.524389 0.523374 0.416797 0.252281 0.584641 0.431347 0.488273 0.554061 0.382079 0.437141 0.527082 0.511398 0.137402 0.235023 0.368621 0.477350 0.377770 0.362856 0.383930 0.432357 0.207967 0.211209 0.266944 0.195118 0.184117 0.121704 0.058110 0.088080 0.411106 0.234439 0.489592 0.415270 0.410916 0.324055 0.271444 0.036991 0.193955 0.260439 0.466794 0.312656 0.110467 0.082783 0.183928 0.394859 0.626737 0.395481 0.426937 0.239242 0.313026 -0.034247
0.409363 0.327394 0.501804 0.489295 0.516370 0.290005 0.561857 0.325549 0.542005 -0.185292 0.638665 0.140856 0.469503 0.097902 0.386519 0.012792 0.429364 0.320197 0.300052 0.204647 0.499253 0.527491 0.385375 0.497708 0.457922 0.503233 0.393740 0.332186 0.650199 0.329222 0.541622 0.552162 0.477479 0.418057 0.377408 0.464101 0.000000 0.677534 0.528300 0.466991 0.338721 0.494246 0.077757 0.152942 0.200965 0.270286 0.322529 0.114874 0.277204 0.236801 0.262542 0.161167 0.043419 0.039081 0.595880 0.511708 0.356863 0.364781 0.457552 0.469635 0.203251 0.204708 0.382398 0.166505 0.296163 0.417875 0.568042 0.486160 0.292273 0.189436 0.586046 0.642899 0.612612 0.602310 0.561178 0.447139 0.683699 0.696901 0.268345 0.280186 0.451662 0.449184 0.535968 0.419320 0.485065 0.533429 0.390890 0.533035 0.353087 0.436460 -0.250847 -0.268066 -0.357524 -0.312941 0.566437 0.211514 0.489873 0.370889 0.425518 0.128853 0.418840 -0.057225 0.204061 -0.012759 0.324280 0.328267 0.129729 -0.192109 0.164023 0.292996 0.297882 0.008616 0.235472 0.133295 0.113731 -0.094968
