0.000000 0.555512 0.461972 0.547418 0.207285 0.222355 0.545161 0.509415 0.317710 0.368908 0.565333 0.535762 0.545000 0.515670 0.393065 0.364976 0.362467 0.514820 0.535385 0.560695 0.185823 0.195755 0.526633 0.472443 0.327486 0.249168 0.059901 0.204862 0.319916 0.485724 0.478752 0.529127 0.520932 0.563294 0.362070 0.339280 0.466328 0.452471 0.427821 0.219418 0.359834 0.386304 0.132758 0.260524 0.407290 0.259302 0.364704 0.367926 0.299617 0.192776 0.071125 0.004809 0.119255 -0.066381 0.407870 0.085235 0.572847 0.335165 0.574864 0.271451 0.482681 0.207104 0.385039 0.394400 0.385079 0.233028 0.507143 0.443447 0.546690 0.499655 0.538531 0.499278 0.499745 0.511832 0.396142 0.359905 0.495328 0.522225 0.348905 0.215266 0.527752 0.218299 0.377916 0.212911 0.438766 0.143534 0.248618 0.354824 0.277737 -0.065265 0.000951 0.074727 -0.131004 0.168204 0.372371 0.269852 0.501133 0.462382 0.552145 0.509723 0.296243 0.092293 0.280427 0.204442 0.367251 0.396456 0.224742 0.205366 0.279619 0.390795 0.507604 0.436223 -0.066158 0.480054 0.261356 0.284810
0.555512 0.000000 0.274206 0.546583 0.101915 0.087828 0.392024 0.489505 0.368207 0.269341 0.515269 0.520222 0.506013 0.464560 0.261642 0.261546 0.473914 0.458274 0.585945 0.481734 0.109837 0.092667 0.420427 0.320404 0.294216 0.235300 0.122927 0.092589 0.442276 0.417339 0.430575 0.440602 0.553125 0.554986 0.282077 0.336337 0.377434 0.496763 0.299086 0.393471 0.422653 0.269900 0.324675 0.442577 0.488047 0.433884 0.450666 0.467404 0.440152 0.372819 0.258487 0.221253 0.220433 0.159187 0.294130 0.296403 0.600702 0.507600 0.571286 0.448219 0.526158 0.391991 0.493365 0.517748 0.394628 0.395299 0.529737 0.490364 0.473671 0.485655 0.398386 0.535176 0.529639 0.385414 0.230299 0.188395 0.336824 0.509116 0.313062 0.398949 0.474157 0.409974 0.247087 0.339514 0.274503 0.344712 0.026725 0.220070 0.088457 0.156628 0.213402 0.242974 0.096483 0.118333 0.346667 0.297579 0.404647 0.506522 0.509630 0.559829 0.095828 0.176679 0.069814 0.317416 0.184728 0.457355 0.065612 0.244013 0.230294 0.474881 0.471020 0.548943 0.164773 0.543862 0.391699 0.263386
0.461972 0.274206 0.000000 0.406533 0.423809 0.487942 0.590466 0.332122 0.194618 0.458293 0.388524 0.365685 0.330530 0.391393 0.509087 0.483210 0.054053 0.449373 0.248600 0.515275 0.347692 0.356648 0.533615 0.604144 0.380598 0.346891 0.014303 0.424834 0.050056 0.435922 0.436119 0.517393 0.265584 0.370016 0.353501 0.225064 0.461216 0.221339 0.495099 -0.119844 0.200109 0.504243 -0.257921 -0.147477 0.102136 -0.135198 0.059677 0.053313 -0.051197 -0.182404 -0.315662 -0.374009 -0.172955 -0.418589 0.405985 -0.291802 0.299095 -0.043090 0.347027 -0.127426 0.161932 -0.167191 0.048800 0.068907 0.222863 -0.098672 0.277795 0.213473 0.487624 0.348797 0.568158 0.296785 0.269522 0.526214 0.532584 0.516304 0.568839 0.400704 0.209883 -0.152343 0.381747 -0.158757 0.487408 -0.015320 0.460591 -0.232839 0.513581 0.501868 0.417132 -0.413009 -0.370467 -0.188924 -0.462116 0.282378 0.283499 0.182991 0.495180 0.265011 0.450427 0.249259 0.560758 0.008206 0.554340 0.052771 0.562902 0.196138 0.445507 0.169594 0.212942 0.110029 0.362363 0.100071 -0.424114 0.262089 -0.119415 0.258865
0.547418 0.546583 0.406533 0.000000 0.279115 0.263159 0.492638 0.489153 0.455268 0.395971 0.541603 0.530572 0.512426 0.494255 0.429195 0.447102 0.443656 0.444738 0.549351 0.505897 0.233149 0.202281 0.545648 0.471718 0.413718 0.375612 0.176457 0.248920 0.454218 0.453200 0.529944 0.549854 0.542971 0.529420 0.345681 0.329251 0.466256 0.479707 0.377647 0.311307 0.460470 0.365765 0.165112 0.299737 0.419391 0.307759 0.313445 0.351689 0.348430 0.255412 0.088144 0.094235 0.018243 0.031240 0.258161 0.169028 0.530594 0.399462 0.527022 0.346005 0.430356 0.327457 0.439648 0.481501 0.407905 0.345639 0.508997 0.456311 0.481286 0.416414 0.468658 0.556603 0.516198 0.422076 0.297099 0.234492 0.403219 0.547919 0.258782 0.312971 0.448309 0.334402 0.356036 0.384755 0.262981 0.268132 0.134851 0.409743 0.083713 0.044166 0.055759 0.231322 -0.033463 0.297809 0.387032 0.310707 0.459107 0.531345 0.491193 0.548095 0.214415 0.273493 0.183714 0.365352 0.289084 0.493327 0.164635 0.373456 0.263457 0.426827 0.448947 0.460735 0.034695 0.481913 0.264365 0.278287
0.207285 0.101915 0.423809 0.279115 0.000000 0.570073 0.350227 0.065556 0.337283 0.400912 0.222106 0.161831 0.139743 0.167825 0.464143 0.454387 0.038418 0.233507 0.093925 0.295129 0.398263 0.346725 0.390991 0.440961 0.402742 0.489565 0.168060 0.431824 0.100808 0.243682 0.354505 0.358507 0.105208 0.112537 0.219347 0.058504 0.338688 0.093606 0.303584 -0.086111 0.236771 0.402421 -0.290070 -0.206350 -0.031008 -0.193048 -0.145035 -0.109686 -0.121210 -0.190097 -0.339996 -0.292904 -0.358904 -0.322953 0.112360 -0.253854 0.091170 -0.076201 0.107768 -0.165795 -0.076937 -0.150314 -0.015072 -0.011053 0.125822 -0.133369 0.104459 0.019618 0.293855 0.141840 0.331774 0.218591 0.186068 0.288838 0.338520 0.252232 0.320028 0.260095 -0.015921 -0.110811 0.131183 -0.125301 0.367362 0.112642 0.121424 -0.183557 0.326575 0.446085 0.110605 -0.312808 -0.361914 -0.048780 -0.350918 0.400387 0.200391 0.136066 0.303472 0.218063 0.218221 0.154872 0.412582 0.195650 0.392331 0.192855 0.394318 0.197693 0.318859 0.327563 0.104889 0.006906 0.128023 -0.045934 -0.322822 0.108141 -0.254015 0.138181
0.222355 0.087828 0.487942 0.263159 0.570073 0.000000 0.404174 0.105819 0.247618 0.448945 0.192854 0.193113 0.102922 0.173894 0.451006 0.455675 -0.033407 0.297421 0.066246 0.344964 0.380445 0.338550 0.389652 0.483751 0.381781 0.468407 0.084856 0.477050 0.016057 0.301216 0.339102 0.365716 0.063065 0.125388 0.179426 0.017228 0.302859 0.029673 0.343392 -0.205937 0.173546 0.432264 -0.368818 -0.284287 -0.067391 -0.259660 -0.176188 -0.164425 -0.201869 -0.292168 -0.425348 -0.409670 -0.379046 -0.424505 0.170142 -0.363391 0.069616 -0.162198 0.103818 -0.243427 -0.089912 -0.234497 -0.066857 -0.043261 0.052577 -0.204417 0.070278 0.009094 0.315112 0.156458 0.366586 0.142767 0.109290 0.338992 0.403709 0.349935 0.365585 0.242050 0.001847 -0.198918 0.146170 -0.225014 0.397906 -0.013988 0.188204 -0.297039 0.408013 0.434019 0.216316 -0.423020 -0.426821 -0.153148 -0.439092 0.381222 0.138263 0.123799 0.336084 0.153193 0.243851 0.100379 0.503254 0.120917 0.489741 0.093815 0.470310 0.129211 0.426393 0.228702 0.052723 -0.059322 0.114834 -0.094137 -0.421915 0.091934 -0.322692 0.173395
0.545161 0.392024 0.590466 0.492638 0.350227 0.404174 0.000000 0.461064 0.255395 0.431653 0.472598 0.445610 0.458256 0.456596 0.465028 0.428218 0.158225 0.469027 0.376221 0.530988 0.272596 0.290378 0.552432 0.577711 0.391640 0.332872 0.056456 0.342350 0.147174 0.459962 0.471253 0.551074 0.398184 0.485007 0.390753 0.299778 0.477431 0.336547 0.497586 0.023914 0.264420 0.454386 -0.083433 0.023449 0.250063 0.033115 0.201482 0.186798 0.104762 -0.022495 -0.142877 -0.223586 -0.026279 -0.279291 0.430901 -0.149248 0.422492 0.111483 0.459025 0.041978 0.323786 0.004322 0.168390 0.203270 0.326687 0.065245 0.404422 0.341313 0.510927 0.412494 0.591455 0.402815 0.368045 0.538013 0.485070 0.460401 0.568625 0.471998 0.265330 -0.013830 0.450950 -0.017989 0.443588 0.065433 0.481643 -0.084021 0.423504 0.440090 0.390886 -0.275600 -0.200886 -0.095118 -0.320024 0.218404 0.317283 0.202204 0.501827 0.337403 0.501599 0.364529 0.462361 0.023218 0.457823 0.100670 0.491380 0.279931 0.365395 0.184082 0.259684 0.208382 0.442559 0.243932 -0.293970 0.360735 0.041667 0.256328
0.509415 0.489505 0.332122 0.489153 0.065556 0.105819 0.461064 0.000000 0.234836 0.272915 0.449772 0.508504 0.441939 0.533301 0.205164 0.234740 0.255018 0.410154 0.452654 0.457061 0.061579 0.095301 0.357355 0.359819 0.196143 0.117998 -0.016316 0.066215 0.212105 0.397615 0.309672 0.419938 0.445095 0.559513 0.227154 0.290627 0.307971 0.377703 0.307277 0.201759 0.213346 0.264698 0.202952 0.293520 0.406816 0.329442 0.432513 0.406810 0.382581 0.263866 0.181647 0.066880 0.257504 0.018179 0.416127 0.161188 0.497275 0.312171 0.527902 0.299616 0.490034 0.273620 0.342161 0.413589 0.275559 0.295455 0.420985 0.423951 0.409303 0.405153 0.443265 0.437852 0.420971 0.447460 0.293743 0.282353 0.406414 0.446169 0.303214 0.211937 0.472949 0.237687 0.263723 0.140874 0.390877 0.190755 0.190692 0.211078 0.286067 0.019573 0.126772 0.024527 -0.030153 -0.026572 0.253047 0.202685 0.387898 0.338880 0.501804 0.423055 0.179906 -0.043254 0.182222 0.101222 0.262962 0.285381 0.153759 0.071416 0.204499 0.325522 0.450651 0.410640 -0.016150 0.468541 0.311182 0.154865
0.317710 0.368207 0.194618 0.455268 0.337283 0.247618 0.255395 0.234836 0.000000 0.298509 0.400525 0.302382 0.337055 0.224393 0.346655 0.327436 0.426569 0.219827 0.433356 0.297546 0.220076 0.169101 0.368421 0.274034 0.364218 0.421331 0.211011 0.173989 0.467427 0.238524 0.391184 0.334350 0.410279 0.281810 0.188390 0.161607 0.340769 0.330433 0.160984 0.282655 0.475038 0.217343 0.135006 0.224269 0.260503 0.218279 0.121681 0.200027 0.237300 0.204601 0.054082 0.174534 -0.108606 0.160615 -0.048256 0.197874 0.317213 0.362361 0.291245 0.306540 0.199796 0.329011 0.380299 0.404008 0.320672 0.291207 0.333416 0.242169 0.299525 0.255155 0.190666 0.422783 0.431129 0.178648 0.089072 0.000107 0.129112 0.359837 0.051418 0.332745 0.189628 0.359310 0.192238 0.457176 -0.039886 0.316971 -0.093455 0.268702 -0.173591 0.166421 0.087589 0.411918 0.084890 0.403416 0.283125 0.241605 0.242277 0.434752 0.218896 0.455171 0.037118 0.459621 -0.011305 0.489267 0.095601 0.441658 -0.007504 0.472867 0.144568 0.296142 0.206194 0.312557 0.144665 0.316718 0.139565 0.182233
0.368908 0.269341 0.458293 0.395971 0.400912 0.448945 0.431653 0.272915 0.298509 0.000000 0.325370 0.328850 0.294818 0.344487 0.502574 0.471780 0.146165 0.351985 0.251745 0.419624 0.294751 0.276767 0.444401 0.495723 0.371584 0.395738 0.178781 0.441187 0.176983 0.357695 0.404276 0.442479 0.244557 0.294948 0.211351 0.141694 0.399172 0.222443 0.333827 -0.019457 0.307092 0.390036 -0.175476 -0.067275 0.125983 -0.026306 0.025139 0.038442 0.027282 -0.051075 -0.215421 -0.199165 -0.219132 -0.238256 0.217692 -0.134074 0.228962 0.033249 0.270970 -0.014133 0.102825 -0.014209 0.142158 0.152562 0.167897 0.004689 0.204823 0.171301 0.367500 0.245588 0.406920 0.313982 0.292991 0.415568 0.354710 0.323442 0.402203 0.365567 0.081648 0.010250 0.261388 -0.006947 0.372664 0.144807 0.217987 -0.076040 0.287373 0.419256 0.172159 -0.243939 -0.251315 0.000042 -0.296759 0.351572 0.271555 0.167574 0.363902 0.280153 0.346684 0.291123 0.391765 0.179019 0.376192 0.203980 0.393778 0.242023 0.286892 0.266177 0.227115 0.134402 0.214673 0.080323 -0.261862 0.230583 -0.069061 0.274404
0.565333 0.515269 0.388524 0.541603 0.222106 0.192854 0.472598 0.449772 0.400525 0.325370 0.000000 0.540462 0.562329 0.495335 0.390216 0.371323 0.426102 0.460239 0.513948 0.485808 0.193346 0.181485 0.509484 0.414990 0.274371 0.247496 0.060797 0.177515 0.407795 0.441264 0.485016 0.496392 0.489117 0.481230 0.289635 0.241381 0.457636 0.463035 0.382790 0.257956 0.406652 0.343430 0.139043 0.281840 0.374268 0.265994 0.306579 0.326010 0.298480 0.208883 0.085637 0.063611 0.057115 -0.009820 0.305901 0.125470 0.534158 0.343150 0.509918 0.295670 0.458583 0.266160 0.458196 0.434931 0.350398 0.241322 0.452181 0.364529 0.449177 0.380697 0.454476 0.483293 0.509738 0.421797 0.315818 0.272239 0.413962 0.493284 0.321301 0.267201 0.496885 0.288259 0.347002 0.312143 0.334285 0.209785 0.164095 0.348502 0.163380 0.003602 0.031300 0.167291 -0.071894 0.222716 0.400199 0.276784 0.460904 0.498523 0.486773 0.528712 0.227064 0.189386 0.196794 0.273979 0.284857 0.430714 0.148470 0.298093 0.300097 0.417305 0.463022 0.427671 0.008683 0.427933 0.269917 0.285786
0.535762 0.520222 0.365685 0.530572 0.161831 0.193113 0.445610 0.508504 0.302382 0.328850 0.540462 0.000000 0.469348 0.557457 0.339672 0.374195 0.384804 0.533704 0.471800 0.531260 0.204550 0.204119 0.443596 0.393733 0.208768 0.183176 -0.013779 0.147499 0.355463 0.520584 0.441196 0.468492 0.430631 0.495687 0.175420 0.196490 0.375658 0.410488 0.359194 0.213992 0.326146 0.356879 0.102417 0.266663 0.353077 0.280707 0.332860 0.320278 0.315829 0.191809 0.078490 0.020029 0.088458 -0.042632 0.360301 0.106374 0.514682 0.306768 0.523103 0.283335 0.454536 0.238144 0.468189 0.484502 0.205650 0.207377 0.406698 0.374772 0.455294 0.399267 0.454456 0.439056 0.448817 0.456497 0.337619 0.315933 0.402700 0.460305 0.384022 0.245970 0.534839 0.279532 0.378245 0.268705 0.344096 0.176980 0.202884 0.325249 0.218956 -0.034482 0.035904 0.087546 -0.096061 0.149877 0.376216 0.321959 0.474753 0.448770 0.531667 0.473770 0.259364 0.112813 0.234066 0.212974 0.318527 0.369077 0.186233 0.226799 0.270754 0.422391 0.462347 0.420170 -0.026248 0.444563 0.243788 0.298951
0.545000 0.506013 0.330530 0.512426 0.139743 0.102922 0.458256 0.441939 0.337055 0.294818 0.562329 0.469348 0.000000 0.445111 0.353349 0.282453 0.405940 0.379095 0.516201 0.392945 0.108744 0.108259 0.490853 0.365291 0.321142 0.238778 0.196386 0.136747 0.404082 0.392566 0.475283 0.477762 0.536567 0.501111 0.375814 0.346774 0.456984 0.520766 0.367181 0.351065 0.409648 0.254044 0.253781 0.355230 0.434918 0.328887 0.361868 0.370290 0.352111 0.305698 0.208834 0.169011 0.167114 0.085513 0.287608 0.197914 0.536488 0.397430 0.521133 0.368027 0.508614 0.329041 0.415093 0.406641 0.462346 0.342157 0.510897 0.437761 0.391923 0.373800 0.444104 0.517350 0.512251 0.394126 0.240863 0.190874 0.392728 0.493322 0.325745 0.323332 0.465288 0.314927 0.269754 0.311696 0.335286 0.272070 0.085070 0.260057 0.133871 0.091643 0.142745 0.198716 0.049585 0.138021 0.396280 0.238798 0.398874 0.470394 0.435617 0.525416 0.128887 0.156477 0.112577 0.258084 0.197445 0.434814 0.057476 0.259431 0.362245 0.426364 0.465316 0.455642 0.090131 0.422820 0.362258 0.243114
0.515670 0.464560 0.391393 0.494255 0.167825 0.173894 0.456596 0.533301 0.224393 0.344487 0.495335 0.557457 0.445111 0.000000 0.337090 0.392032 0.283444 0.467529 0.403827 0.499294 0.207491 0.224264 0.438575 0.435079 0.198494 0.129498 -0.028281 0.123901 0.242281 0.459246 0.380625 0.459743 0.396969 0.503239 0.256877 0.282662 0.389637 0.390800 0.379844 0.182365 0.242998 0.379718 0.073130 0.217686 0.347601 0.243654 0.358033 0.322695 0.306216 0.177281 0.066305 -0.027648 0.115133 -0.099528 0.430856 0.076783 0.474892 0.236232 0.499563 0.204270 0.419955 0.170406 0.345888 0.373874 0.235401 0.203303 0.385898 0.384563 0.436981 0.374982 0.488911 0.427945 0.434324 0.499372 0.372315 0.352983 0.462451 0.465226 0.349806 0.164485 0.511475 0.205717 0.384698 0.196988 0.414991 0.129098 0.288405 0.372204 0.280505 -0.090531 -0.022842 -0.023291 -0.156952 0.075744 0.349852 0.279177 0.467245 0.403408 0.527428 0.405081 0.284328 -0.002285 0.278805 0.135138 0.359281 0.315769 0.210478 0.153362 0.268170 0.387103 0.469840 0.368758 -0.104770 0.434226 0.250919 0.247138
0.393065 0.261642 0.509087 0.429195 0.464143 0.451006 0.465028 0.205164 0.346655 0.502574 0.390216 0.339672 0.353349 0.337090 0.000000 0.554445 0.203895 0.362325 0.278244 0.427442 0.405348 0.402271 0.541482 0.534521 0.452492 0.432744 0.211961 0.436968 0.241516 0.422222 0.492148 0.489355 0.296626 0.276730 0.325835 0.209169 0.512946 0.292487 0.418994 0.025066 0.350302 0.437317 -0.217532 -0.088294 0.103861 -0.078496 -0.011504 0.028687 0.001306 -0.085984 -0.262745 -0.209651 -0.283262 -0.257301 0.201371 -0.157004 0.252684 0.051990 0.283126 -0.022044 0.091366 -0.043974 0.154730 0.151259 0.258948 -0.010492 0.270583 0.188575 0.416305 0.283754 0.448180 0.355671 0.326092 0.415304 0.381186 0.334160 0.427676 0.386703 0.189005 0.003943 0.312032 0.012611 0.474736 0.250755 0.259746 -0.056646 0.321385 0.534775 0.166570 -0.251366 -0.302061 0.057025 -0.325912 0.447378 0.424921 0.274209 0.451184 0.373914 0.341446 0.329239 0.413033 0.256008 0.386289 0.274054 0.421814 0.302146 0.253324 0.405212 0.314384 0.221870 0.286054 0.113139 -0.269275 0.232786 -0.076397 0.340537
0.364976 0.261546 0.483210 0.447102 0.454387 0.455675 0.428218 0.234740 0.327436 0.471780 0.371323 0.374195 0.282453 0.392032 0.554445 0.000000 0.213130 0.385752 0.255494 0.442680 0.405628 0.361661 0.503173 0.525999 0.383395 0.382068 0.105436 0.395250 0.254197 0.434081 0.443347 0.470855 0.251906 0.266968 0.260416 0.160230 0.425356 0.227845 0.390730 0.006363 0.314306 0.492085 -0.226154 -0.076343 0.121051 -0.046200 -0.002129 0.033591 0.025102 -0.081226 -0.278564 -0.227058 -0.325497 -0.278791 0.207297 -0.135985 0.237945 0.040752 0.270557 -0.031116 0.073191 -0.037974 0.181922 0.187017 0.167974 -0.004061 0.224010 0.168273 0.389385 0.225426 0.424667 0.332886 0.297261 0.397452 0.388159 0.342529 0.409675 0.397436 0.131024 0.015036 0.287559 0.029323 0.498702 0.253008 0.211518 -0.049238 0.337428 0.570983 0.129462 -0.265694 -0.323492 0.014949 -0.342070 0.443339 0.310817 0.310420 0.449220 0.378283 0.360571 0.294403 0.420934 0.251442 0.389523 0.253672 0.450158 0.319743 0.351565 0.347360 0.168770 0.204748 0.258626 0.126134 -0.269156 0.245266 -0.075281 0.243367
0.362467 0.473914 0.054053 0.443656 0.038418 -0.033407 0.158225 0.255018 0.426569 0.146165 0.426102 0.384804 0.405940 0.283444 0.203895 0.213130 0.000000 0.310686 0.499393 0.274766 0.081523 -0.001252 0.317721 0.133535 0.239069 0.209263 0.170563 0.003726 0.595380 0.279696 0.409372 0.321356 0.470694 0.332345 0.194765 0.230440 0.283817 0.431016 0.146078 0.459467 0.471177 0.100349 0.338019 0.459187 0.370518 0.413101 0.276962 0.357879 0.391007 0.381947 0.274690 0.352759 0.068670 0.304660 -0.027205 0.368549 0.450418 0.517670 0.382556 0.482967 0.370164 0.457574 0.545467 0.518423 0.345347 0.444243 0.437365 0.377352 0.276482 0.291591 0.141042 0.442292 0.444360 0.120435 0.005542 -0.047899 0.068777 0.351624 0.275517 0.505591 0.303582 0.518252 0.097483 0.485495 -0.003619 0.468823 -0.201792 0.176204 -0.221848 0.331045 0.271778 0.446707 0.246278 0.243012 0.330201 0.327739 0.226368 0.491272 0.258769 0.503778 -0.111478 0.391158 -0.161301 0.431893 -0.042423 0.469213 -0.125890 0.358205 0.167693 0.488916 0.291710 0.503107 0.353679 0.390011 0.402853 0.240688
0.514820 0.458274 0.449373 0.444738 0.233507 0.297421 0.469027 0.410154 0.219827 0.351985 0.460239 0.533704 0.379095 0.467529 0.362325 0.385752 0.310686 0.000000 0.379389 0.554103 0.239513 0.225354 0.446558 0.434341 0.257329 0.221686 -0.046707 0.230467 0.254985 0.555454 0.429903 0.480337 0.343463 0.437007 0.223392 0.192018 0.382514 0.324460 0.431320 0.075626 0.267506 0.427368 -0.048709 0.122487 0.237185 0.120365 0.227994 0.224742 0.161301 0.040495 -0.070345 -0.147781 -0.002137 -0.208849 0.399314 -0.061421 0.460864 0.190973 0.471725 0.122474 0.337765 0.035138 0.329365 0.318603 0.179588 0.066416 0.361125 0.314779 0.492462 0.426943 0.486638 0.354578 0.363350 0.486179 0.444459 0.436430 0.454754 0.413582 0.396588 0.139719 0.535649 0.122279 0.434628 0.112877 0.422512 -0.000686 0.331665 0.362376 0.324409 -0.197057 -0.129726 -0.059680 -0.251718 0.161593 0.327721 0.338142 0.515691 0.381919 0.535017 0.383540 0.401544 0.027914 0.374949 0.116481 0.437703 0.293947 0.324758 0.129011 0.205144 0.317476 0.429099 0.333205 -0.172662 0.413821 0.113551 0.304585
0.535385 0.585945 0.248600 0.549351 0.093925 0.066246 0.376221 0.452654 0.433356 0.251745 0.513948 0.471800 0.516201 0.403827 0.278244 0.255494 0.499393 0.379389 0.000000 0.444416 0.092269 0.085276 0.425590 0.300226 0.327113 0.262401 0.151405 0.057719 0.480457 0.365513 0.434928 0.423087 0.593724 0.529918 0.289392 0.346985 0.367363 0.483135 0.250573 0.402505 0.450196 0.221471 0.342455 0.440828 0.484060 0.431480 0.417486 0.458271 0.436485 0.375279 0.255023 0.267615 0.185779 0.223767 0.195322 0.328356 0.562683 0.528420 0.537498 0.474250 0.492776 0.433410 0.505261 0.529823 0.433878 0.427777 0.533952 0.472821 0.452789 0.466835 0.348803 0.538840 0.522971 0.315797 0.155961 0.105511 0.276381 0.482649 0.250474 0.423310 0.398250 0.438920 0.204540 0.399566 0.199306 0.395395 -0.049548 0.211514 0.004689 0.225207 0.241974 0.345692 0.149619 0.190961 0.328186 0.259576 0.346773 0.498867 0.428596 0.566007 0.024122 0.280133 -0.005715 0.396900 0.122122 0.480281 0.009535 0.302041 0.210143 0.468127 0.421853 0.540819 0.213349 0.495744 0.392501 0.236385
0.560695 0.481734 0.515275 0.505897 0.295129 0.344964 0.530988 0.457061 0.297546 0.419624 0.485808 0.531260 0.392945 0.499294 0.427442 0.442680 0.274766 0.554103 0.444416 0.000000 0.311660 0.309812 0.494264 0.515287 0.301325 0.269068 -0.046092 0.265349 0.230597 0.500939 0.446531 0.506982 0.404489 0.498403 0.262600 0.243435 0.429089 0.313670 0.409128 0.057453 0.292861 0.474462 -0.051029 0.098037 0.269869 0.118831 0.257889 0.253878 0.175893 0.029715 -0.116670 -0.164361 -0.028624 -0.208147 0.408249 -0.046610 0.464635 0.200042 0.489653 0.113322 0.320124 0.044778 0.315076 0.331271 0.216325 0.063154 0.380572 0.326391 0.577461 0.494845 0.525082 0.416405 0.413384 0.530501 0.478492 0.448788 0.503572 0.471499 0.294945 0.081785 0.472570 0.099315 0.447582 0.149898 0.402560 0.001066 0.354115 0.431020 0.315473 -0.206561 -0.163919 -0.012775 -0.290780 0.247978 0.329388 0.268196 0.503368 0.392616 0.555672 0.409611 0.418979 0.100086 0.396576 0.191994 0.465880 0.309251 0.334759 0.204116 0.197978 0.303478 0.435969 0.314326 -0.213570 0.429524 0.075661 0.287070
0.185823 0.109837 0.347692 0.233149 0.398263 0.380445 0.272596 0.061579 0.220076 0.294751 0.193346 0.204550 0.108744 0.207491 0.405348 0.405628 0.081523 0.239513 0.092269 0.311660 0.000000 0.562451 0.317431 0.372813 0.296314 0.345210 -0.007036 0.234462 0.078354 0.230530 0.318450 0.266451 0.094594 0.119172 0.194270 0.137315 0.359129 0.148665 0.307301 -0.019646 0.176436 0.468470 -0.263274 -0.153581 -0.005196 -0.161925 -0.034644 -0.065724 -0.093210 -0.196486 -0.301529 -0.275366 -0.288840 -0.295676 0.160234 -0.218942 0.085309 -0.066606 0.097073 -0.163112 -0.088037 -0.171639 0.029352 0.023803 0.049555 -0.142803 0.094749 0.057234 0.296189 0.171967 0.273276 0.168807 0.158819 0.272277 0.321836 0.262680 0.265699 0.195388 0.141255 -0.160043 0.144517 -0.082481 0.443937 0.187366 0.137696 -0.147338 0.308159 0.432554 0.123508 -0.279710 -0.291740 -0.029847 -0.323355 0.354082 0.331867 0.284923 0.297403 0.249961 0.238741 0.086256 0.368104 0.193102 0.350081 0.265409 0.383605 0.157704 0.244248 0.275930 0.132854 0.182881 0.206292 0.030139 -0.287601 0.167908 -0.206444 0.236853
0.195755 0.092667 0.356648 0.202281 0.346725 0.338550 0.290378 0.095301 0.169101 0.276767 0.181485 0.204119 0.108259 0.224264 0.402271 0.361661 -0.001252 0.225354 0.085276 0.309812 0.562451 0.000000 0.287090 0.355248 0.264105 0.273887 -0.011408 0.184442 -0.008414 0.273020 0.242082 0.222075 0.077327 0.126128 0.159366 0.133703 0.338397 0.143650 0.308409 -0.061348 0.108213 0.442686 -0.289933 -0.185397 -0.010230 -0.178774 -0.016147 -0.064570 -0.081212 -0.202231 -0.277591 -0.287869 -0.197857 -0.298817 0.225684 -0.225421 0.077986 -0.094600 0.125180 -0.171765 -0.055793 -0.198286 0.000470 0.005727 0.027712 -0.193362 0.075317 0.029015 0.299203 0.212301 0.289719 0.137301 0.130507 0.293490 0.304846 0.278728 0.281473 0.152093 0.166259 -0.195388 0.189615 -0.103606 0.475634 0.158147 0.212114 -0.170060 0.333569 0.381042 0.226986 -0.298253 -0.275456 -0.088586 -0.333980 0.248834 0.356721 0.270710 0.317572 0.188145 0.240301 0.060403 0.366068 0.088187 0.358794 0.216553 0.392900 0.107732 0.204929 0.253799 0.198162 0.166219 0.231677 0.006989 -0.338625 0.135438 -0.189346 0.283729
0.526633 0.420427 0.533615 0.545648 0.390991 0.389652 0.552432 0.357355 0.368421 0.444401 0.509484 0.443596 0.490853 0.438575 0.541482 0.503173 0.317721 0.446558 0.425590 0.494264 0.317431 0.287090 0.000000 0.571746 0.471107 0.422830 0.168607 0.368940 0.329185 0.465588 0.582137 0.592697 0.453729 0.444811 0.453746 0.338726 0.552399 0.431931 0.506074 0.168581 0.412746 0.443621 -0.031242 0.101328 0.286339 0.089552 0.174570 0.204841 0.150533 0.056163 -0.104244 -0.106542 -0.116547 -0.182045 0.306633 -0.054400 0.442233 0.207463 0.448754 0.133440 0.310504 0.100319 0.261458 0.270568 0.410735 0.164746 0.452477 0.378445 0.493889 0.388275 0.544723 0.459016 0.437719 0.481766 0.410759 0.356332 0.497149 0.506206 0.282153 0.118621 0.439608 0.116892 0.444800 0.247475 0.372108 0.050396 0.313340 0.513838 0.202556 -0.169005 -0.166818 0.074820 -0.233266 0.357185 0.411543 0.277926 0.519300 0.472101 0.464488 0.445147 0.384838 0.206300 0.360816 0.259477 0.426819 0.423140 0.290032 0.347525 0.309410 0.336399 0.439202 0.312368 -0.164019 0.372060 0.102661 0.323859
0.472443 0.320404 0.604144 0.471718 0.440961 0.483751 0.577711 0.359819 0.274034 0.495723 0.414990 0.393733 0.365291 0.435079 0.534521 0.525999 0.133535 0.434341 0.300226 0.515287 0.372813 0.355248 0.571746 0.000000 0.435543 0.405341 0.089161 0.427351 0.141089 0.437185 0.489887 0.550177 0.323696 0.407773 0.384034 0.269768 0.494225 0.280024 0.494558 -0.023103 0.279601 0.508941 -0.191452 -0.077885 0.165896 -0.064703 0.090423 0.095141 0.014743 -0.107878 -0.261501 -0.295087 -0.180045 -0.346114 0.363248 -0.215229 0.331671 0.030571 0.368871 -0.054365 0.186640 -0.074327 0.104660 0.138076 0.280192 0.002643 0.321525 0.272999 0.490356 0.351085 0.557841 0.362964 0.331775 0.525568 0.495141 0.460423 0.548930 0.452272 0.213728 -0.070479 0.380444 -0.066873 0.483345 0.087507 0.406729 -0.134329 0.452568 0.531883 0.326859 -0.338999 -0.315046 -0.100168 -0.395273 0.328093 0.323960 0.224824 0.497945 0.335691 0.452352 0.307392 0.509865 0.086666 0.500686 0.144725 0.530575 0.282592 0.409494 0.249241 0.230688 0.188773 0.373248 0.154785 -0.350954 0.309220 -0.064674 0.271324
0.327486 0.294216 0.380598 0.413718 0.402742 0.381781 0.391640 0.196143 0.364218 0.371584 0.274371 0.208768 0.321142 0.198494 0.452492 0.383395 0.239069 0.257329 0.327113 0.301325 0.296314 0.264105 0.471107 0.435543 0.000000 0.566863 0.380546 0.361297 0.286652 0.322580 0.469385 0.447353 0.370453 0.313782 0.420251 0.351313 0.422786 0.325833 0.354649 0.196100 0.391053 0.317446 0.008597 0.066243 0.199135 0.039744 0.087479 0.151004 0.113080 0.060837 -0.061958 -0.027735 -0.111763 -0.056528 0.119725 0.001055 0.285835 0.209014 0.302986 0.120545 0.140744 0.102756 0.103836 0.164248 0.419734 0.191144 0.377704 0.311405 0.359218 0.302200 0.359882 0.401645 0.314675 0.291969 0.199773 0.141170 0.300563 0.362843 0.167459 0.126476 0.226318 0.111358 0.308749 0.255572 0.164959 0.091190 0.139008 0.367759 0.050545 -0.047403 -0.067518 0.167078 -0.084957 0.347650 0.309028 0.267147 0.320238 0.339213 0.251825 0.318927 0.230291 0.260131 0.214469 0.334033 0.269591 0.341802 0.155261 0.364827 0.183805 0.228929 0.271236 0.229857 -0.071048 0.314024 0.060122 0.197343
0.249168 0.235300 0.346891 0.375612 0.489565 0.468407 0.332872 0.117998 0.421331 0.395738 0.247496 0.183176 0.238778 0.129498 0.432744 0.382068 0.209263 0.221686 0.262401 0.269068 0.345210 0.273887 0.422830 0.405341 0.566863 0.000000 0.345526 0.413625 0.283327 0.252285 0.446459 0.396104 0.282620 0.217824 0.302539 0.207054 0.375117 0.254488 0.294897 0.142454 0.401554 0.320172 -0.061509 -0.005033 0.118047 -0.023456 -0.029715 0.042068 0.021422 -0.015643 -0.143049 -0.073552 -0.226161 -0.086507 0.022465 -0.060979 0.204854 0.153678 0.206026 0.067059 0.047750 0.081729 0.099942 0.151548 0.312374 0.116962 0.276708 0.204414 0.308391 0.214170 0.281547 0.335992 0.269727 0.223386 0.185628 0.103636 0.234606 0.318180 0.039932 0.093258 0.136884 0.079749 0.282035 0.267141 0.045047 0.043079 0.107885 0.344341 -0.023616 -0.075667 -0.110278 0.187860 -0.103782 0.423616 0.267331 0.217982 0.275690 0.320352 0.197679 0.284446 0.246498 0.334963 0.218603 0.373597 0.260372 0.337944 0.173794 0.407469 0.133824 0.155151 0.185009 0.148800 -0.084865 0.242705 -0.071405 0.188445
0.059901 0.122927 0.014303 0.176457 0.168060 0.084856 0.056456 -0.016316 0.211011 0.178781 0.060797 -0.013779 0.196386 -0.028281 0.211961 0.105436 0.170563 -0.046707 0.151405 -0.046092 -0.007036 -0.011408 0.168607 0.089161 0.380546 0.345526 0.000000 0.239797 0.267691 0.063572 0.201003 0.150908 0.198827 0.082055 0.225339 0.206613 0.163541 0.209218 0.044001 0.287670 0.284606 -0.044987 0.167263 0.140250 0.122750 0.115048 -0.007100 0.077195 0.118848 0.205008 0.146644 0.220979 0.006253 0.207865 -0.138161 0.178994 0.106687 0.227655 0.093213 0.216410 0.081322 0.234473 0.064310 0.099490 0.340796 0.259454 0.211283 0.176555 0.035199 0.048231 0.038310 0.273293 0.168206 -0.026011 -0.121272 -0.182850 0.004269 0.167342 -0.026479 0.255204 0.008108 0.204268 0.001781 0.288958 -0.107071 0.228907 -0.186195 0.046214 -0.188201 0.201234 0.162245 0.285633 0.210166 0.169124 0.198462 0.116615 0.035342 0.181944 -0.027210 0.213526 -0.113704 0.242936 -0.116138 0.266832 -0.088822 0.264939 -0.136350 0.320828 0.202400 0.131158 0.047879 0.138087 0.191411 0.109990 0.142446 0.058566
0.204862 0.092589 0.424834 0.248920 0.431824 0.477050 0.342350 0.066215 0.173989 0.441187 0.177515 0.147499 0.136747 0.123901 0.436968 0.395250 0.003726 0.230467 0.057719 0.265349 0.234462 0.184442 0.368940 0.427351 0.361297 0.413625 0.239797 0.000000 0.073804 0.235349 0.332338 0.374680 0.078961 0.123022 0.225094 0.067740 0.336635 0.089544 0.303794 -0.117013 0.232199 0.294880 -0.277344 -0.223549 -0.069760 -0.212788 -0.166876 -0.101022 -0.166775 -0.199719 -0.334371 -0.293070 -0.301714 -0.303302 0.109725 -0.268415 0.083804 -0.098805 0.114773 -0.152049 -0.047594 -0.146997 -0.050493 -0.031152 0.140816 -0.110535 0.111743 0.067743 0.262712 0.108525 0.321177 0.186044 0.121600 0.269872 0.317490 0.289341 0.337061 0.263518 -0.011111 -0.107367 0.136835 -0.156794 0.280743 0.013441 0.143453 -0.207311 0.302673 0.391128 0.163438 -0.305041 -0.340406 -0.056786 -0.339268 0.377568 0.194726 0.070636 0.293617 0.164605 0.193918 0.155155 0.405175 0.147874 0.391680 0.078011 0.343394 0.122702 0.295750 0.254845 0.172436 -0.065835 0.106347 -0.068322 -0.302660 0.081792 -0.241169 0.200360
0.319916 0.442276 0.050056 0.454218 0.100808 0.016057 0.147174 0.212105 0.467427 0.176983 0.407795 0.355463 0.404082 0.242281 0.241516 0.254197 0.595380 0.254985 0.480457 0.230597 0.078354 -0.008414 0.329185 0.141089 0.286652 0.283327 0.267691 0.073804 0.000000 0.272091 0.418120 0.327246 0.459298 0.297193 0.188135 0.204921 0.282917 0.428538 0.132942 0.474368 0.501047 0.099982 0.324219 0.435382 0.370265 0.400416 0.223821 0.316727 0.370377 0.381848 0.257908 0.363803 0.013093 0.316389 -0.079419 0.372666 0.409799 0.507185 0.344764 0.481883 0.339108 0.476371 0.525918 0.506490 0.352997 0.447212 0.415536 0.351059 0.227571 0.218719 0.124634 0.453601 0.436932 0.084667 -0.028535 -0.090157 0.050279 0.361638 0.185088 0.520438 0.249012 0.521990 0.105520 0.535401 -0.072973 0.475894 -0.236492 0.182062 -0.281456 0.338681 0.264930 0.486132 0.267248 0.298435 0.306214 0.305361 0.214760 0.502964 0.216691 0.505296 -0.122061 0.453010 -0.175177 0.473654 -0.051337 0.510741 -0.116930 0.415969 0.168548 0.456495 0.244043 0.471706 0.367382 0.351997 0.365814 0.212855
0.485724 0.417339 0.435922 0.453200 0.243682 0.301216 0.459962 0.397615 0.238524 0.357695 0.441264 0.520584 0.392566 0.459246 0.422222 0.434081 0.279696 0.555454 0.365513 0.500939 0.230530 0.273020 0.465588 0.437185 0.322580 0.252285 0.063572 0.235349 0.272091 0.000000 0.431046 0.478229 0.337405 0.407550 0.229246 0.195271 0.386967 0.338588 0.451259 0.101414 0.257989 0.408262 -0.070392 0.100933 0.254782 0.115746 0.193346 0.197731 0.178414 0.062046 -0.051335 -0.115978 -0.010401 -0.182752 0.382060 -0.036567 0.428913 0.172117 0.459902 0.135754 0.333804 0.058976 0.307376 0.313675 0.187668 0.072755 0.345489 0.295242 0.442213 0.381813 0.475012 0.346110 0.344516 0.468453 0.377113 0.381306 0.425651 0.384581 0.421180 0.145153 0.529464 0.135752 0.504687 0.185227 0.399851 0.023561 0.305339 0.364435 0.300570 -0.183932 -0.117121 -0.030500 -0.219631 0.172656 0.363124 0.403676 0.550173 0.391880 0.481439 0.378533 0.367029 0.050496 0.346220 0.130555 0.435194 0.338931 0.304096 0.189644 0.253579 0.349751 0.420371 0.308070 -0.164161 0.378995 0.136995 0.302781
0.478752 0.430575 0.436119 0.529944 0.354505 0.339102 0.471253 0.309672 0.391184 0.404276 0.485016 0.441196 0.475283 0.380625 0.492148 0.443347 0.409372 0.429903 0.434928 0.446531 0.318450 0.242082 0.582137 0.489887 0.469385 0.446459 0.201003 0.332338 0.418120 0.431046 0.000000 0.575796 0.462215 0.420358 0.398208 0.312771 0.521939 0.449793 0.451510 0.253172 0.458199 0.358673 0.048102 0.181081 0.295694 0.154030 0.176424 0.215906 0.192404 0.116609 -0.030930 -0.014140 -0.107641 -0.088856 0.208790 0.012301 0.438712 0.268993 0.418726 0.202248 0.306416 0.172187 0.329908 0.327819 0.388774 0.222403 0.457938 0.389603 0.438554 0.356661 0.458067 0.465297 0.430664 0.391788 0.313603 0.261205 0.392971 0.466918 0.326528 0.195024 0.408795 0.195074 0.366155 0.311910 0.261998 0.127030 0.196128 0.445681 0.082152 -0.066757 -0.077471 0.166925 -0.127341 0.361509 0.434677 0.313620 0.448536 0.483247 0.412189 0.459189 0.291512 0.274424 0.258494 0.323173 0.315445 0.428806 0.182426 0.388023 0.303114 0.395281 0.402353 0.343627 -0.047811 0.374760 0.139602 0.349255
0.529127 0.440602 0.517393 0.549854 0.358507 0.365716 0.551074 0.419938 0.334350 0.442479 0.496392 0.468492 0.477762 0.459743 0.489355 0.470855 0.321356 0.480337 0.423087 0.506982 0.266451 0.222075 0.592697 0.550177 0.447353 0.396104 0.150908 0.374680 0.327246 0.478229 0.575796 0.000000 0.453610 0.488686 0.425658 0.336915 0.528885 0.428409 0.486317 0.174859 0.383690 0.404424 -0.000619 0.131704 0.302185 0.132401 0.212158 0.242458 0.198575 0.094370 -0.060034 -0.090751 -0.062455 -0.167266 0.340603 -0.026376 0.465253 0.222108 0.473765 0.157531 0.343295 0.119121 0.279959 0.294071 0.379108 0.191400 0.461440 0.407372 0.484774 0.387778 0.547033 0.480792 0.436149 0.489924 0.410888 0.367320 0.501531 0.510862 0.312123 0.146648 0.472240 0.134466 0.409164 0.212139 0.379822 0.061572 0.313097 0.482957 0.227004 -0.148934 -0.135646 0.047463 -0.218037 0.295497 0.387539 0.261259 0.505162 0.453104 0.492967 0.456886 0.376102 0.153261 0.355826 0.208517 0.409366 0.389095 0.278672 0.296526 0.309986 0.325484 0.449093 0.331569 -0.146865 0.409674 0.129885 0.295922
0.520932 0.553125 0.265584 0.542971 0.105208 0.063065 0.398184 0.445095 0.410279 0.244557 0.489117 0.430631 0.536567 0.396969 0.296626 0.251906 0.470694 0.343463 0.593724 0.404489 0.094594 0.077327 0.453729 0.323696 0.370453 0.282620 0.198827 0.078961 0.459298 0.337405 0.462215 0.453610 0.000000 0.555032 0.389122 0.434646 0.423309 0.524500 0.294036 0.433648 0.465808 0.217024 0.359859 0.438391 0.493552 0.419841 0.433719 0.468282 0.433508 0.374759 0.268026 0.266348 0.204941 0.215120 0.213116 0.317794 0.556336 0.517339 0.537907 0.462011 0.494933 0.421322 0.458836 0.490545 0.511014 0.455550 0.584999 0.533458 0.437276 0.450041 0.377838 0.559423 0.517703 0.319283 0.165905 0.099917 0.312213 0.508499 0.262437 0.404105 0.404356 0.422226 0.195336 0.386531 0.240183 0.393735 -0.027971 0.233657 0.025496 0.221376 0.236294 0.331013 0.149381 0.178595 0.351197 0.235435 0.346625 0.503138 0.418760 0.567449 0.029756 0.255609 0.006654 0.375644 0.122054 0.482510 -0.003467 0.303714 0.264053 0.449803 0.453060 0.535770 0.203274 0.495070 0.397978 0.214689
0.563294 0.554986 0.370016 0.529420 0.112537 0.125388 0.485007 0.559513 0.281810 0.294948 0.481230 0.495687 0.501111 0.503239 0.276730 0.266968 0.332345 0.437007 0.529918 0.498403 0.119172 0.126128 0.444811 0.407773 0.313782 0.217824 0.082055 0.123022 0.297193 0.407550 0.420358 0.488686 0.555032 0.000000 0.358909 0.411762 0.412230 0.466522 0.363151 0.300009 0.332745 0.299496 0.258955 0.345565 0.462622 0.355191 0.464792 0.455883 0.395408 0.287759 0.195640 0.105781 0.251531 0.049411 0.404632 0.197138 0.566970 0.398212 0.579376 0.344325 0.514969 0.290729 0.377765 0.425696 0.405717 0.338518 0.534500 0.520984 0.493467 0.491783 0.483432 0.519726 0.476513 0.451666 0.314620 0.272675 0.443157 0.520501 0.320865 0.266248 0.491907 0.282859 0.274558 0.212758 0.393864 0.235238 0.162637 0.258217 0.245703 0.050736 0.132695 0.105725 -0.009419 0.059018 0.323861 0.216924 0.422855 0.430726 0.530206 0.498937 0.185157 0.047266 0.183230 0.210295 0.270019 0.376661 0.142082 0.164418 0.261846 0.394445 0.507644 0.481228 0.024261 0.523892 0.328827 0.213888
0.362070 0.282077 0.353501 0.345681 0.219347 0.179426 0.390753 0.227154 0.188390 0.211351 0.289635 0.175420 0.375814 0.256877 0.325835 0.260416 0.194765 0.223392 0.289392 0.262600 0.194270 0.159366 0.453746 0.384034 0.420251 0.302539 0.225339 0.225094 0.188135 0.229246 0.398208 0.425658 0.389122 0.358909 0.000000 0.541652 0.470281 0.401254 0.426022 0.257562 0.296446 0.279152 0.102708 0.142898 0.258012 0.091833 0.237711 0.249181 0.151988 0.112610 0.039655 0.003105 0.066374 -0.058472 0.274689 0.034494 0.339696 0.206897 0.354418 0.132922 0.252198 0.084787 0.056430 0.083861 0.520683 0.249796 0.478245 0.451950 0.365208 0.332357 0.418604 0.381317 0.320055 0.325249 0.263340 0.217211 0.392238 0.406165 0.196915 0.086731 0.286950 0.072300 0.255426 0.143288 0.342690 0.081687 0.207428 0.349557 0.164942 -0.052470 -0.040687 0.054558 -0.092411 0.176794 0.294497 0.171574 0.349137 0.347781 0.311877 0.316320 0.213537 0.085350 0.215605 0.173050 0.268427 0.316452 0.159389 0.200191 0.254611 0.242814 0.398010 0.299846 -0.063854 0.319628 0.172607 0.146625
0.339280 0.336337 0.225064 0.329251 0.058504 0.017228 0.299778 0.290627 0.161607 0.141694 0.241381 0.196490 0.346774 0.282662 0.209169 0.160230 0.230440 0.192018 0.346985 0.243435 0.137315 0.133703 0.338726 0.269768 0.351313 0.207054 0.206613 0.067740 0.204921 0.195271 0.312771 0.336915 0.434646 0.411762 0.541652 0.000000 0.399190 0.440109 0.330510 0.367853 0.278167 0.207703 0.256861 0.282495 0.337984 0.247334 0.403629 0.399689 0.310601 0.245640 0.202933 0.147446 0.240301 0.111220 0.285532 0.217204 0.364316 0.325110 0.391911 0.258237 0.303862 0.198437 0.132521 0.189761 0.490463 0.355223 0.502080 0.523382 0.346299 0.374099 0.340536 0.416243 0.335034 0.262685 0.135654 0.123479 0.305100 0.390950 0.209385 0.181993 0.273838 0.201830 0.178314 0.204164 0.286829 0.227003 0.073882 0.224966 0.124401 0.110862 0.138838 0.135178 0.056744 0.058391 0.287907 0.194434 0.278741 0.334422 0.322598 0.334648 0.062473 0.068748 0.070557 0.222247 0.156939 0.302984 0.029346 0.160488 0.235435 0.303190 0.418380 0.396600 0.068166 0.389937 0.295005 0.111579
0.466328 0.377434 0.461216 0.466256 0.338688 0.302859 0.477431 0.307971 0.340769 0.399172 0.457636 0.375658 0.456984 0.389637 0.512946 0.425356 0.283817 0.382514 0.367363 0.429089 0.359129 0.338397 0.552399 0.494225 0.422786 0.375117 0.163541 0.336635 0.282917 0.386967 0.521939 0.528885 0.423309 0.412230 0.470281 0.399190 0.000000 0.494324 0.497199 0.216223 0.427603 0.413236 -0.003225 0.109747 0.264063 0.090744 0.229895 0.247599 0.176567 0.079856 -0.054448 -0.063210 -0.041644 -0.126393 0.324526 -0.003847 0.399831 0.204379 0.416588 0.129960 0.269466 0.085844 0.231804 0.224236 0.413088 0.154236 0.441009 0.383470 0.460620 0.374249 0.500012 0.456880 0.451345 0.451981 0.366767 0.322007 0.470976 0.482414 0.289103 0.108099 0.426290 0.131541 0.420867 0.276267 0.358782 0.077111 0.271927 0.474591 0.208472 -0.120270 -0.125896 0.104707 -0.199007 0.317977 0.499847 0.259689 0.489922 0.467793 0.445632 0.439560 0.335210 0.197189 0.314515 0.280680 0.364303 0.358623 0.178213 0.367155 0.406065 0.333415 0.465932 0.302296 -0.143897 0.370864 0.089983 0.340838
