0.000000,0.791504,0.712565,0.667084,0.129957,0.278840,0.789423,0.686689,0.541846,0.519170,0.356858,0.745332,0.590414,0.648709,0.650841,0.493080,0.217796,0.621151,0.686335,0.747761,0.282456,0.519255,0.482984,0.738360,0.254954,0.231609,0.158139,0.146419,0.377536,0.617444,0.428197,0.560978,0.696741,0.706107,0.653076,0.625756,0.592264,0.503690,0.584105,0.423403,0.195447,0.677071,0.342815,0.201978,0.375805,0.312509,0.520835,0.467082,0.263420,0.230190,0.217637,0.042040,0.232570,0.076307,0.664397,0.568348,0.781251,0.705341,0.752157,0.688448,0.686062,0.570326,0.588776,0.662104,0.409308,0.384759,0.678297,0.645011,0.631393,0.712931,0.654898,0.566046,0.541323,0.505312,0.370124,0.597203,0.694657,0.647921,0.330541,0.320184,0.623852,0.555263,0.595000,0.264532,0.652833,0.159368,0.550294,0.222694,0.459698,0.057957,0.645461,0.460212,0.334368,0.461345,0.392026,0.293486,0.595767,0.568716,0.705509,0.654858,0.648376,0.370582,0.602992,0.304429,0.535915,0.455088,0.295121,0.092153,0.118241,0.542960,0.620137,0.649708,0.568854,0.360566,0.328400,0.373814
0.791504,0.000000,0.614734,0.726391,0.097967,0.127110,0.735283,0.727137,0.577820,0.493760,0.518861,0.761849,0.680926,0.690825,0.637826,0.539122,0.420323,0.543902,0.758057,0.806013,0.261047,0.479271,0.546531,0.771326,0.315097,0.354490,0.079340,0.098225,0.575422,0.575351,0.443376,0.582813,0.767627,0.725508,0.651106,0.602289,0.468672,0.461458,0.383074,0.427708,0.239842,0.604823,0.365568,0.232875,0.384370,0.385095,0.476128,0.491384,0.195954,0.298259,0.128857,0.142403,0.118285,0.173032,0.481250,0.550803,0.809588,0.841966,0.720103,0.726857,0.642514,0.667396,0.624236,0.691062,0.421007,0.477038,0.752516,0.698883,0.730103,0.783120,0.575669,0.585977,0.492450,0.501894,0.383648,0.439883,0.597673,0.625674,0.225884,0.516531,0.522841,0.646310,0.494320,0.370734,0.523891,0.424552,0.362899,0.231822,0.255809,0.329700,0.541390,0.544354,0.277833,0.549923,0.300185,0.212644,0.460318,0.487006,0.577144,0.519512,0.440398,0.309104,0.428797,0.229165,0.328849,0.363035,0.159924,0.091751,0.057796,0.470974,0.528159,0.532728,0.397035,0.277112,0.258948,0.311846
0.712565,0.614734,0.000000,0.660605,-0.300371,0.064932,0.850072,0.400839,0.386713,0.131614,0.238505,0.628820,0.513672,0.557782,0.820953,0.765345,0.172893,0.509656,0.744557,0.739208,0.523181,0.792976,0.723843,0.689376,-0.048051,0.009078,0.423543,0.481976,0.413526,0.583802,0.741796,0.789636,0.590252,0.497099,0.531499,0.473668,0.636008,0.649000,0.608058,0.606395,0.157830,0.693031,-0.125999,-0.277787,-0.060619,-0.118007,0.122055,0.051666,-0.226742,-0.230483,-0.257234,-0.387324,-0.225319,-0.339185,0.462061,0.602151,0.493288,0.581307,0.592560,0.675891,0.346061,0.479114,0.680261,0.676909,0.102161,0.110149,0.584770,0.642574,0.321080,0.471337,0.793802,0.707186,0.551111,0.501066,0.173820,0.470656,0.503864,0.533554,0.043408,0.211640,0.368793,0.579932,0.701101,0.553148,0.425389,0.047944,0.722686,0.610093,0.134987,0.020183,0.342215,0.204228,-0.128712,0.286507,0.542705,0.431035,0.445927,0.438845,0.461339,0.505755,0.670927,0.604516,0.739904,0.567176,0.390166,0.398459,0.601357,0.493179,0.271502,0.348326,0.365698,0.324066,0.213537,-0.066903,-0.058572,0.338644
0.667084,0.726391,0.660605,0.000000,-0.051402,0.081470,0.753964,0.642950,0.545320,0.422635,0.545612,0.691599,0.693961,0.733665,0.697929,0.677865,0.250616,0.266895,0.790048,0.704939,0.377545,0.560924,0.707640,0.795099,0.195305,0.227298,0.227935,0.302395,0.548211,0.459710,0.495721,0.650636,0.742560,0.667638,0.623044,0.575231,0.408112,0.490772,0.378692,0.504463,0.198227,0.557529,0.180061,0.066683,0.228923,0.241738,0.298881,0.310858,-0.029741,0.129131,-0.073369,0.066928,-0.043746,0.096593,0.414215,0.580319,0.589013,0.684889,0.660628,0.723285,0.569460,0.763967,0.640067,0.696680,0.394658,0.499013,0.741911,0.741302,0.504159,0.576144,0.705595,0.743355,0.499040,0.512099,0.335284,0.298784,0.576723,0.643212,0.092516,0.461794,0.319536,0.630830,0.458703,0.486664,0.451964,0.551210,0.388994,0.388374,0.145378,0.468807,0.388127,0.557231,0.102735,0.544636,0.321516,0.234858,0.365012,0.451972,0.470463,0.461581,0.383731,0.395033,0.430817,0.349435,0.209108,0.321656,0.259283,0.268952,0.120708,0.427490,0.465304,0.418348,0.229046,0.100226,0.126439,0.147968
0.129957,0.097967,-0.300371,-0.051402,0.000000,0.564246,-0.150004,0.388756,0.244911,0.627659,0.105158,-0.053812,-0.019567,0.017682,-0.331973,-0.426531,-0.076528,0.090357,-0.261530,-0.095655,-0.490052,-0.491522,-0.503419,0.057841,0.701016,0.601855,-0.348343,-0.379326,-0.089546,-0.103327,-0.526004,-0.379005,0.028085,0.178183,0.147789,0.128842,-0.020676,-0.204558,-0.078368,-0.198909,-0.048109,-0.033985,0.664282,0.658830,0.594789,0.582770,0.518221,0.569459,0.797895,0.637043,0.736023,0.577073,0.627401,0.585283,0.174915,-0.190561,0.216112,-0.025303,0.034308,-0.126315,0.297441,-0.060082,-0.311734,-0.309220,0.512493,0.347503,0.081781,-0.114600,0.390218,0.311726,-0.289209,-0.261599,-0.174342,-0.135895,0.251051,0.091390,0.117678,-0.053573,0.325273,0.123423,0.348102,-0.122126,-0.159800,-0.420356,0.230872,0.085607,-0.153894,-0.595987,0.364685,-0.006690,0.397781,0.258106,0.692033,0.213912,-0.158171,-0.108198,0.175000,0.138283,0.229385,0.096042,-0.093592,-0.401170,-0.273813,-0.462352,0.234465,0.062317,-0.496050,-0.574970,-0.211311,0.260308,0.248405,0.346789,0.575263,0.706899,0.618006,0.213282
0.278840,0.127110,0.064932,0.081470,0.564246,0.000000,0.107456,0.239063,0.069227,0.433083,-0.081782,-0.074887,-0.163348,-0.028519,-0.025174,-0.094466,-0.312964,0.158865,-0.060389,0.093292,-0.273168,-0.024595,-0.243060,0.081508,0.442310,0.416262,0.032540,0.102697,-0.080146,-0.005813,-0.126737,0.009220,0.066558,0.183088,0.147390,0.110385,0.358088,0.098791,0.241521,0.238638,-0.335232,0.247450,0.410022,0.321156,0.350317,0.237797,0.408883,0.312732,0.505716,0.262515,0.423036,0.175590,0.330134,0.111810,0.262460,-0.122777,0.240021,0.115878,0.043977,-0.050349,0.224696,-0.070499,-0.124032,-0.126769,0.242741,0.056342,0.062481,-0.051830,0.337959,0.319206,0.048597,-0.065496,-0.098952,-0.132421,0.212585,0.190363,0.099525,-0.060150,0.166485,0.141628,0.494153,0.049970,0.200736,-0.105308,0.317106,-0.129191,0.316790,-0.178258,0.297978,-0.216475,0.313738,0.064616,0.404152,0.188179,0.216033,0.202767,0.295047,0.215308,0.176385,0.067632,0.128227,-0.166354,0.030765,-0.187029,0.296240,0.054972,-0.088178,-0.212838,0.031498,0.405719,0.211819,0.302460,0.448349,0.473314,0.398767,0.306426
0.789423,0.735283,0.850072,0.753964,-0.150004,0.107456,0.000000,0.617080,0.559149,0.348495,0.329329,0.738895,0.642336,0.644620,0.813475,0.708767,0.257220,0.539789,0.770462,0.773473,0.458432,0.704887,0.729819,0.778752,0.126277,0.143567,0.319215,0.332262,0.454378,0.651297,0.676489,0.750821,0.744869,0.657777,0.662893,0.609969,0.596882,0.591522,0.589863,0.553484,0.225035,0.699668,0.098128,-0.046143,0.187403,0.139865,0.313943,0.266146,-0.051895,0.005157,-0.091112,-0.160991,-0.051162,-0.129779,0.559139,0.629254,0.622516,0.690280,0.736518,0.794983,0.578754,0.667223,0.694133,0.757511,0.302275,0.357131,0.745660,0.763230,0.462318,0.596321,0.789031,0.705629,0.571923,0.557453,0.239996,0.529613,0.614055,0.631625,0.176118,0.325875,0.454477,0.585828,0.668015,0.479453,0.529777,0.199570,0.615087,0.464579,0.271692,0.154970,0.488161,0.399096,0.072080,0.418865,0.483627,0.379900,0.497981,0.502967,0.582796,0.579061,0.653506,0.523917,0.687400,0.477559,0.428798,0.439810,0.477438,0.353560,0.187788,0.399774,0.506682,0.465205,0.318596,0.077594,0.069356,0.340089
0.686689,0.727137,0.400839,0.642950,0.388756,0.239063,0.617080,0.000000,0.611731,0.798432,0.491721,0.686548,0.658226,0.683538,0.440265,0.270640,0.254977,0.488550,0.488098,0.615773,0.010168,0.184626,0.327585,0.756093,0.469198,0.474012,-0.199558,-0.233735,0.427244,0.501876,0.162257,0.342224,0.745873,0.792257,0.742012,0.724346,0.376231,0.240598,0.294925,0.220845,0.251960,0.516645,0.633111,0.550914,0.643011,0.664613,0.667313,0.694035,0.499047,0.615278,0.482366,0.491874,0.450743,0.484930,0.581383,0.443218,0.635931,0.585920,0.690817,0.610525,0.791487,0.684115,0.331881,0.485057,0.701524,0.749680,0.751060,0.655562,0.695775,0.708810,0.445682,0.429004,0.470050,0.519396,0.455649,0.489197,0.662544,0.606654,0.377253,0.427063,0.581847,0.401396,0.334184,0.052514,0.631293,0.434370,0.175684,-0.124309,0.488491,0.281235,0.728276,0.669262,0.607653,0.598483,0.194864,0.139955,0.503815,0.505487,0.663010,0.534063,0.345197,0.053664,0.253290,-0.031192,0.437526,0.363016,-0.041978,-0.214133,-0.063189,0.484067,0.645590,0.632977,0.538928,0.540363,0.512475,0.312729
0.541846,0.577820,0.386713,0.545320,0.244911,0.069227,0.559149,0.611731,0.000000,0.523052,0.411843,0.580240,0.674358,0.553028,0.437127,0.371637,0.528753,0.347536,0.447390,0.416635,0.331332,0.282533,0.434726,0.645968,0.516549,0.463109,0.188537,0.033860,0.438920,0.475291,0.287679,0.368204,0.595677,0.525459,0.507127,0.427221,0.148800,0.366181,0.337734,0.228591,0.509127,0.406729,0.281697,0.236434,0.411567,0.387074,0.321223,0.417192,0.219560,0.238461,0.126793,0.119873,0.150409,0.208397,0.358162,0.431196,0.588213,0.509645,0.569834,0.596456,0.514171,0.511196,0.513567,0.466336,0.461478,0.480583,0.628568,0.549947,0.392789,0.496147,0.371582,0.471712,0.355373,0.382289,0.310064,0.357476,0.495896,0.496124,0.320776,0.328924,0.229783,0.320420,0.311628,0.244737,0.242606,0.311847,0.185399,0.132582,0.249930,0.387452,0.424710,0.494376,0.256889,0.411290,0.087631,0.084683,0.278670,0.346301,0.516062,0.503270,0.412411,0.360543,0.365695,0.301402,0.345572,0.437797,0.132544,0.109065,-0.048923,0.144343,0.436011,0.427624,0.432732,0.242962,0.183729,0.283549
0.519170,0.493760,0.131614,0.422635,0.627659,0.433083,0.348495,0.798432,0.523052,0.000000,0.386616,0.456316,0.464997,0.530008,0.174123,0.015374,0.102210,0.387910,0.186457,0.332372,-0.179147,-0.080204,0.003861,0.542372,0.570415,0.534420,-0.312893,-0.362027,0.249562,0.345819,-0.144878,0.062011,0.532886,0.668570,0.611947,0.615461,0.300552,0.122691,0.229121,0.063173,0.185014,0.382063,0.748155,0.708050,0.723001,0.733868,0.709498,0.734050,0.705076,0.727489,0.694403,0.637611,0.646869,0.622784,0.547323,0.245981,0.486347,0.326159,0.484206,0.328595,0.721240,0.468495,0.057875,0.205976,0.764024,0.731261,0.537879,0.403749,0.593158,0.549815,0.228133,0.213729,0.309984,0.365692,0.500807,0.439628,0.579776,0.462550,0.471399,0.335068,0.596165,0.223046,0.189057,-0.161014,0.598482,0.327697,0.058640,-0.358475,0.594900,0.180471,0.731839,0.626855,0.766956,0.542565,0.096801,0.083432,0.482187,0.476137,0.610214,0.458525,0.234810,-0.128034,0.084588,-0.213065,0.456297,0.303213,-0.207605,-0.412982,-0.105884,0.506591,0.615721,0.649014,0.643193,0.712045,0.673221,0.304733
0.356858,0.518861,0.238505,0.545612,0.105158,-0.081782,0.329329,0.491721,0.411843,0.386616,0.000000,0.514576,0.695100,0.634552,0.366264,0.361393,0.493582,0.237750,0.503102,0.428985,0.177469,0.207987,0.371650,0.529663,0.223069,0.293295,-0.064248,-0.046903,0.716399,0.323956,0.188704,0.317284,0.492709,0.473465,0.390740,0.381761,0.201151,0.377751,0.100649,0.272537,0.281124,0.228609,0.256139,0.255645,0.243935,0.331889,0.281370,0.400560,0.132651,0.310119,0.126507,0.321659,0.082322,0.400196,0.263448,0.523487,0.431746,0.428355,0.486512,0.428615,0.428131,0.468144,0.356804,0.368245,0.435178,0.464277,0.496907,0.436756,0.362919,0.350439,0.355634,0.513129,0.389957,0.506242,0.477837,0.098706,0.432241,0.488418,0.110341,0.357839,0.182378,0.461915,0.183115,0.350241,0.280328,0.608377,0.049126,0.146547,0.076291,0.589780,0.305101,0.595096,0.208837,0.563082,0.178335,0.165344,0.349557,0.466460,0.413469,0.438039,0.154840,0.303245,0.149713,0.195219,0.104134,0.318273,0.003012,0.066982,0.162419,0.365986,0.394504,0.386529,0.277301,0.203749,0.255292,0.152829
0.745332,0.761849,0.628820,0.691599,-0.053812,-0.074887,0.738895,0.686548,0.580240,0.456316,0.514576,0.000000,0.758195,0.800551,0.711194,0.585779,0.481221,0.622102,0.719587,0.717187,0.426873,0.534070,0.638384,0.784422,0.179493,0.215841,0.118926,0.053765,0.568050,0.741859,0.515704,0.603620,0.773762,0.723475,0.667919,0.670238,0.437088,0.497161,0.461935,0.343131,0.413864,0.616444,0.249721,0.176504,0.305448,0.338460,0.375775,0.422730,0.077635,0.235971,0.082559,0.103383,0.141711,0.162969,0.557118,0.644797,0.664564,0.681683,0.726276,0.737503,0.636845,0.700484,0.680029,0.781835,0.424690,0.512631,0.736301,0.747188,0.511250,0.586229,0.641928,0.635816,0.677610,0.671316,0.303673,0.510767,0.680231,0.714649,0.352435,0.424054,0.472059,0.637364,0.553781,0.366785,0.554979,0.378087,0.335886,0.257704,0.354106,0.272776,0.524126,0.527365,0.221056,0.463689,0.332144,0.288125,0.495073,0.500552,0.622990,0.613703,0.516010,0.390459,0.499059,0.321277,0.380002,0.410904,0.283736,0.126018,0.130774,0.368167,0.560307,0.514852,0.359829,0.180258,0.181559,0.303569
0.590414,0.680926,0.513672,0.693961,-0.019567,-0.163348,0.642336,0.658226,0.674358,0.464997,0.695100,0.758195,0.000000,0.791334,0.647456,0.572309,0.581196,0.410999,0.653510,0.578987,0.426607,0.422113,0.629910,0.761300,0.220009,0.220663,0.097931,0.006099,0.616438,0.595924,0.409947,0.534728,0.732447,0.651042,0.630738,0.603485,0.292627,0.483850,0.374022,0.349941,0.507932,0.451639,0.245961,0.201567,0.325666,0.364098,0.333103,0.420866,0.063469,0.232243,0.063109,0.172926,0.115134,0.287609,0.480975,0.683868,0.578421,0.565220,0.692501,0.688883,0.603426,0.677487,0.623325,0.652105,0.524619,0.591035,0.739489,0.709447,0.429946,0.496748,0.597096,0.667882,0.572954,0.641286,0.415565,0.408192,0.659897,0.713226,0.290495,0.375260,0.294121,0.539274,0.436868,0.417411,0.452858,0.537506,0.246631,0.275398,0.290168,0.516279,0.490442,0.654422,0.222300,0.562172,0.258803,0.202082,0.432553,0.509995,0.620876,0.631188,0.448818,0.454766,0.437299,0.373887,0.304481,0.452701,0.237467,0.178985,0.098270,0.309358,0.554441,0.502501,0.344918,0.165123,0.193429,0.209421
0.648709,0.690825,0.557782,0.733665,0.017682,-0.028519,0.644620,0.683538,0.553028,0.530008,0.634552,0.800551,0.791334,0.000000,0.676277,0.591694,0.399725,0.500109,0.663112,0.666765,0.331880,0.470635,0.593699,0.786692,0.201468,0.296600,0.055649,0.038254,0.647236,0.623708,0.413427,0.577392,0.748626,0.725919,0.666174,0.655999,0.440284,0.509510,0.394630,0.395585,0.359480,0.585680,0.315719,0.238958,0.311249,0.337083,0.372487,0.421337,0.103944,0.275896,0.130985,0.214150,0.152504,0.268443,0.512071,0.610298,0.559243,0.573420,0.632207,0.613542,0.609062,0.659335,0.606272,0.659364,0.539761,0.566355,0.710744,0.690488,0.528200,0.563080,0.603463,0.655598,0.628069,0.647209,0.466968,0.404323,0.665982,0.698414,0.260785,0.514267,0.474855,0.686587,0.514626,0.408116,0.574161,0.523706,0.311703,0.248251,0.308237,0.386303,0.527830,0.608225,0.266575,0.584788,0.346129,0.264801,0.478158,0.529012,0.581936,0.554824,0.407201,0.330774,0.390547,0.252413,0.328117,0.387544,0.220242,0.108238,0.100713,0.430854,0.569969,0.506142,0.357249,0.242437,0.265126,0.277315
0.650841,0.637826,0.820953,0.697929,-0.331973,-0.025174,0.813475,0.440265,0.437127,0.174123,0.366264,0.711194,0.647456,0.676277,0.000000,0.845306,0.298155,0.486705,0.771780,0.712876,0.572536,0.803646,0.783210,0.693823,-0.042450,0.021513,0.427993,0.443708,0.538560,0.648549,0.733513,0.799798,0.689737,0.550127,0.606891,0.564513,0.624012,0.663806,0.587604,0.658854,0.221739,0.674210,-0.044163,-0.198276,0.015156,-0.028337,0.164374,0.126584,-0.268088,-0.159931,-0.272767,-0.265814,-0.215490,-0.212271,0.490282,0.674798,0.497558,0.611753,0.610783,0.715129,0.412917,0.591771,0.759039,0.765055,0.191525,0.252040,0.671046,0.738492,0.328714,0.449396,0.807590,0.758718,0.613865,0.577722,0.223973,0.449895,0.562567,0.627758,0.089179,0.382221,0.392636,0.692375,0.749627,0.666035,0.481530,0.284584,0.654349,0.638322,0.149784,0.225339,0.358122,0.351994,-0.109248,0.399658,0.575472,0.418052,0.426536,0.446225,0.475149,0.501796,0.611623,0.594824,0.693071,0.549518,0.298958,0.364768,0.590318,0.503773,0.194319,0.308240,0.402790,0.329446,0.136762,-0.118769,-0.086135,0.250198
0.493080,0.539122,0.765345,0.677865,-0.426531,-0.094466,0.708767,0.270640,0.371637,0.015374,0.361393,0.585779,0.572309,0.591694,0.845306,0.000000,0.320851,0.313991,0.739936,0.614699,0.624278,0.808864,0.793633,0.609105,-0.110600,-0.016571,0.525641,0.595369,0.561826,0.527382,0.731524,0.790003,0.558312,0.392183,0.437163,0.371527,0.522784,0.700617,0.510492,0.710071,0.184135,0.563976,-0.229866,-0.360902,-0.158307,-0.179751,-0.043675,-0.050667,-0.422043,-0.317749,-0.457181,-0.381138,-0.410759,-0.317354,0.288391,0.616894,0.390538,0.553692,0.477454,0.640881,0.216404,0.517881,0.740305,0.686434,0.032955,0.120227,0.549280,0.631836,0.191018,0.318656,0.742817,0.768637,0.482608,0.465300,0.145121,0.262233,0.395493,0.510013,-0.052085,0.382090,0.190686,0.685485,0.679436,0.793257,0.269877,0.329260,0.620076,0.765897,-0.066700,0.343323,0.138119,0.254832,-0.306554,0.344409,0.540064,0.430987,0.293006,0.360400,0.287275,0.371813,0.481227,0.635885,0.609284,0.607705,0.124294,0.282177,0.588985,0.627803,0.249191,0.227864,0.237318,0.164611,-0.015549,-0.271455,-0.228606,0.164337
0.217796,0.420323,0.172893,0.250616,-0.076528,-0.312964,0.257220,0.254977,0.528753,0.102210,0.493582,0.481221,0.581196,0.399725,0.298155,0.320851,0.000000,0.319822,0.389014,0.303354,0.423499,0.245161,0.409868,0.383139,0.214628,0.253759,0.122987,-0.038486,0.567107,0.448617,0.347622,0.310988,0.421436,0.281679,0.199876,0.155952,-0.064915,0.330234,0.086611,0.096093,0.594260,0.152763,0.001894,0.047958,0.112070,0.164432,-0.004293,0.168199,-0.055372,0.041013,-0.122930,-0.012793,-0.096719,0.106050,0.047466,0.378980,0.421701,0.405556,0.339221,0.400803,0.166860,0.278948,0.518821,0.402180,0.183139,0.235673,0.398946,0.369749,0.214638,0.266021,0.158447,0.338461,0.314456,0.387819,0.181287,0.161751,0.242348,0.323842,0.199175,0.279046,-0.030234,0.310818,0.150854,0.341487,-0.056460,0.288282,-0.054696,0.219746,-0.048793,0.440943,0.082030,0.282377,-0.049971,0.232013,-0.041859,0.094255,0.095338,0.198715,0.245582,0.323536,0.194676,0.408682,0.189633,0.345879,0.018458,0.260241,0.075046,0.162589,0.153845,-0.064804,0.165620,0.159745,0.147480,-0.063398,-0.095506,0.146962
0.621151,0.543902,0.509656,0.266895,0.090357,0.158865,0.539789,0.488550,0.347536,0.387910,0.237750,0.622102,0.410999,0.500109,0.486705,0.313991,0.319822,0.000000,0.412315,0.567896,0.131978,0.396549,0.287019,0.495788,0.174230,0.239651,-0.031718,-0.133315,0.400056,0.664854,0.371301,0.405261,0.484321,0.501191,0.482338,0.500188,0.560650,0.430226,0.431582,0.241688,0.173141,0.609341,0.292425,0.203970,0.264795,0.229370,0.408066,0.385289,0.272652,0.246106,0.248969,0.007409,0.208452,0.017719,0.486878,0.402354,0.549839,0.480646,0.473213,0.435497,0.432651,0.241520,0.412852,0.460905,0.310564,0.208200,0.448473,0.421605,0.461525,0.503407,0.382591,0.246876,0.505625,0.478893,0.289791,0.547318,0.446370,0.371029,0.273328,0.219053,0.617898,0.462493,0.524606,0.120551,0.556443,-0.055307,0.411960,0.119704,0.368730,-0.202829,0.524157,0.208697,0.285433,0.265023,0.383619,0.323815,0.515459,0.432568,0.506137,0.474455,0.492578,0.209755,0.431827,0.114431,0.519504,0.381499,0.227934,-0.032912,0.133393,0.381323,0.441277,0.434910,0.475538,0.328960,0.270619,0.533563
0.686335,0.758057,0.744557,0.790048,-0.261530,-0.060389,0.770462,0.488098,0.447390,0.186457,0.503102,0.719587,0.653510,0.663112,0.771780,0.739936,0.389014,0.412315,0.000000,0.818527,0.459344,0.695655,0.778334,0.728668,0.026339,0.093884,0.285893,0.355072,0.603374,0.517424,0.672792,0.735960,0.720972,0.587295,0.536616,0.482427,0.440678,0.531728,0.373664,0.525495,0.179526,0.556418,0.000804,-0.131127,0.008324,0.022420,0.153886,0.148086,-0.211715,-0.054878,-0.253341,-0.156952,-0.229919,-0.110577,0.343936,0.605155,0.635368,0.753050,0.626737,0.720487,0.438509,0.640475,0.750941,0.756062,0.190276,0.271534,0.678658,0.703599,0.498087,0.577830,0.702337,0.720517,0.541423,0.524341,0.274966,0.334571,0.501051,0.595357,-0.016853,0.424660,0.302147,0.680898,0.498175,0.554882,0.382365,0.397775,0.457754,0.529300,0.017038,0.354796,0.287078,0.395140,-0.090722,0.437151,0.340296,0.227314,0.321647,0.400574,0.406609,0.440379,0.447560,0.517980,0.528543,0.459669,0.147630,0.292597,0.348136,0.385653,0.197777,0.379351,0.350808,0.322787,0.129666,-0.066742,-0.047801,0.199282
0.747761,0.806013,0.739208,0.704939,-0.095655,0.093292,0.773473,0.615773,0.416635,0.332372,0.428985,0.717187,0.578987,0.666765,0.712876,0.614699,0.303354,0.567896,0.818527,0.000000,0.287192,0.624208,0.638703,0.754344,0.127128,0.244067,0.141188,0.198383,0.582650,0.550111,0.610680,0.699525,0.749024,0.686107,0.629915,0.578310,0.536651,0.479764,0.386878,0.488038,0.133796,0.648867,0.183731,0.036267,0.147521,0.142130,0.307547,0.283973,-0.004064,0.112634,-0.039592,-0.044378,-0.070550,-0.039798,0.419919,0.539360,0.652209,0.754700,0.622548,0.670135,0.491732,0.571829,0.640437,0.676632,0.302580,0.322395,0.704362,0.695566,0.657327,0.732810,0.633075,0.610528,0.564335,0.532975,0.355910,0.440631,0.533666,0.569978,0.044899,0.468581,0.507184,0.662807,0.535334,0.416665,0.494451,0.291908,0.479600,0.367644,0.124022,0.178669,0.446224,0.390036,0.095308,0.461549,0.363706,0.263126,0.411790,0.440053,0.471574,0.444552,0.464394,0.373709,0.493477,0.299711,0.294826,0.330162,0.274370,0.213350,0.154586,0.446253,0.407374,0.386745,0.269224,0.140429,0.126890,0.351105
0.282456,0.261047,0.523181,0.377545,-0.490052,-0.273168,0.458432,0.010168,0.331332,-0.179147,0.177469,0.426873,0.426607,0.331880,0.572536,0.624278,0.423499,0.131978,0.459344,0.287192,0.000000,0.639029,0.654226,0.363890,-0.169000,-0.192579,0.653715,0.536282,0.298336,0.518964,0.592284,0.590934,0.326391,0.176496,0.199916,0.190383,0.193257,0.590456,0.535817,0.432997,0.544515,0.341970,-0.392132,-0.382667,-0.158901,-0.174252,-0.165486,-0.115100,-0.478870,-0.463440,-0.490975,-0.460879,-0.315888,-0.333288,0.226048,0.541802,0.193816,0.269221,0.328985,0.470570,0.020853,0.303071,0.655798,0.574988,-0.113353,0.007534,0.324735,0.461084,-0.104645,0.069917,0.550652,0.602967,0.410053,0.405816,-0.049293,0.228156,0.341895,0.450354,0.230852,0.082564,-0.075757,0.371281,0.510450,0.615099,-0.019168,0.071830,0.372763,0.647277,0.012253,0.262140,-0.023600,0.114597,-0.379181,0.062410,0.328786,0.321341,0.192521,0.208441,0.251097,0.389174,0.518507,0.711776,0.611715,0.762419,0.204283,0.351146,0.676142,0.661047,0.166686,-0.136223,0.198099,0.097449,-0.030207,-0.380088,-0.323013,-0.007638
0.519255,0.479271,0.792976,0.560924,-0.491522,-0.024595,0.704887,0.184626,0.282533,-0.080204,0.207987,0.534070,0.422113,0.470635,0.803646,0.808864,0.245161,0.396549,0.695655,0.624208,0.639029,0.000000,0.769643,0.530434,-0.199583,-0.096435,0.562083,0.585132,0.474830,0.536965,0.810685,0.809879,0.499235,0.345271,0.378248,0.331952,0.551068,0.683892,0.546768,0.673064,0.157631,0.627130,-0.293364,-0.417689,-0.220067,-0.278089,-0.060591,-0.117996,-0.444978,-0.396138,-0.479712,-0.492817,-0.438919,-0.473045,0.301747,0.568904,0.375149,0.531790,0.439976,0.590209,0.157806,0.386400,0.715326,0.664322,-0.079601,-0.038808,0.459128,0.562684,0.152463,0.304638,0.732999,0.686535,0.517252,0.447927,0.105180,0.298369,0.369221,0.456448,-0.087732,0.249456,0.209512,0.588308,0.669405,0.692055,0.238367,0.076160,0.659289,0.767723,-0.057969,0.110981,0.114649,0.114405,-0.364408,0.233343,0.529201,0.419992,0.286583,0.316230,0.269564,0.357072,0.553516,0.655509,0.676561,0.646172,0.207186,0.296809,0.666152,0.635310,0.328726,0.204332,0.202141,0.144153,-0.008410,-0.302647,-0.284228,0.226090
0.482984,0.546531,0.723843,0.707640,-0.503419,-0.243060,0.729819,0.327585,0.434726,0.003861,0.371650,0.638384,0.629910,0.593699,0.783210,0.793633,0.409868,0.287019,0.778334,0.638703,0.654226,0.769643,0.000000,0.654690,-0.132438,-0.049964,0.448909,0.434093,0.542473,0.537158,0.780643,0.801238,0.643994,0.459950,0.451054,0.404294,0.332792,0.560453,0.412787,0.545132,0.316611,0.518625,-0.219945,-0.300633,-0.119876,-0.123934,-0.054701,-0.047325,-0.461078,-0.270483,-0.471919,-0.317806,-0.381812,-0.258408,0.261850,0.608749,0.390062,0.569129,0.503333,0.668801,0.274167,0.588381,0.756745,0.736906,0.061823,0.197106,0.586200,0.677024,0.188836,0.323042,0.722026,0.735941,0.551759,0.534905,0.135729,0.272514,0.427698,0.554504,-0.029080,0.331429,0.097904,0.562430,0.522988,0.655217,0.207458,0.325582,0.428172,0.665630,-0.061278,0.359410,0.117392,0.284830,-0.302279,0.303389,0.360634,0.293502,0.195661,0.272467,0.285145,0.362920,0.431519,0.610982,0.553257,0.601259,0.081336,0.258391,0.530998,0.559308,0.248715,0.110094,0.234447,0.138669,-0.085713,-0.321867,-0.282825,0.109118
0.738360,0.771326,0.689376,0.795099,0.057841,0.081508,0.778752,0.756093,0.645968,0.542372,0.529663,0.784422,0.761300,0.786692,0.693823,0.609105,0.383139,0.495788,0.728668,0.754344,0.363890,0.530434,0.654690,0.000000,0.299954,0.361278,0.135369,0.125947,0.570478,0.602044,0.508823,0.664242,0.786001,0.746452,0.700107,0.658558,0.432463,0.483507,0.449377,0.429008,0.347216,0.643957,0.266430,0.167707,0.304235,0.318648,0.364337,0.398730,0.125440,0.225195,0.092360,0.103482,0.109935,0.163740,0.499569,0.582935,0.643737,0.653728,0.677810,0.702126,0.603199,0.678731,0.608368,0.652974,0.491619,0.536363,0.762759,0.733974,0.560621,0.644724,0.667430,0.695742,0.616776,0.619255,0.402613,0.483839,0.655423,0.671500,0.254431,0.430470,0.440589,0.564423,0.518364,0.367247,0.496614,0.384309,0.395561,0.264204,0.292993,0.301734,0.539683,0.534461,0.246995,0.511565,0.304192,0.251189,0.452619,0.481668,0.596104,0.560217,0.486766,0.368032,0.474125,0.301229,0.373643,0.395284,0.245050,0.139177,0.133679,0.412821,0.532887,0.490381,0.372786,0.234990,0.228124,0.325728
0.254954,0.315097,-0.048051,0.195305,0.701016,0.442310,0.126277,0.469198,0.516549,0.570415,0.223069,0.179493,0.220009,0.201468,-0.042450,-0.110600,0.214628,0.174230,0.026339,0.127128,-0.169000,-0.199583,-0.132438,0.299954,0.000000,0.786020,-0.049997,-0.133282,0.159240,0.126640,-0.099914,-0.031363,0.276016,0.328442,0.255856,0.208081,0.014673,0.013691,0.046567,-0.039380,0.149738,0.137412,0.531076,0.515053,0.532221,0.536725,0.425989,0.530663,0.583495,0.499684,0.491769,0.409153,0.438728,0.451605,0.168592,-0.012374,0.387045,0.233370,0.189333,0.138282,0.335863,0.163279,0.026821,-0.014155,0.480820,0.388766,0.316006,0.157810,0.447640,0.450424,-0.087293,-0.000322,-0.026031,0.019425,0.223292,0.127921,0.162702,0.058316,0.323635,0.313158,0.325310,0.123849,0.029419,-0.144108,0.182745,0.221877,-0.065320,-0.345179,0.265479,0.175540,0.343690,0.313393,0.519055,0.268043,-0.131378,-0.043429,0.176664,0.161121,0.256634,0.161930,0.022819,-0.164476,-0.105219,-0.220414,0.228116,0.162908,-0.329598,-0.353984,-0.072998,0.225075,0.264480,0.318194,0.498035,0.532155,0.433107,0.296313
0.231609,0.354490,0.009078,0.227298,0.601855,0.416262,0.143567,0.474012,0.463109,0.534420,0.293295,0.215841,0.220663,0.296600,0.021513,-0.016571,0.253759,0.239651,0.093884,0.244067,-0.192579,-0.096435,-0.049964,0.361278,0.786020,0.000000,-0.095624,-0.111513,0.370758,0.124366,0.014982,0.089283,0.306385,0.341630,0.252249,0.175384,0.069571,0.069928,-0.054352,0.028996,0.063120,0.256441,0.468799,0.433431,0.427705,0.418870,0.319734,0.429229,0.487172,0.469238,0.396190,0.376766,0.273847,0.370276,0.041499,-0.048543,0.378373,0.310170,0.149616,0.128101,0.286265,0.156450,0.066654,-0.010256,0.425592,0.320722,0.296190,0.130843,0.464254,0.459553,-0.108567,0.038098,0.032776,0.039745,0.254903,0.045641,0.097208,0.025982,0.146377,0.447189,0.319077,0.225631,0.053863,-0.026486,0.125682,0.263700,-0.074151,-0.256133,0.075206,0.192644,0.275892,0.260600,0.407472,0.310941,-0.055294,0.020343,0.120819,0.120417,0.144878,0.050616,-0.094958,-0.195821,-0.183189,-0.263088,0.107598,0.080404,-0.338380,-0.312542,-0.020516,0.199264,0.162796,0.186267,0.364120,0.437299,0.326895,0.362467
0.158139,0.079340,0.423543,0.227935,-0.348343,0.032540,0.319215,-0.199558,0.188537,-0.312893,-0.064248,0.118926,0.097931,0.055649,0.427993,0.525641,0.122987,-0.031718,0.285893,0.141188,0.653715,0.562083,0.448909,0.135369,-0.049997,-0.095624,0.000000,0.756681,0.091173,0.249926,0.499308,0.473569,0.084511,-0.076049,-0.018496,-0.067961,0.176782,0.487199,0.464070,0.496569,0.186120,0.219320,-0.453644,-0.488844,-0.268913,-0.352668,-0.272553,-0.270400,-0.469701,-0.578950,-0.543886,-0.594461,-0.423998,-0.495278,0.054415,0.291442,0.097739,0.182237,0.101218,0.291898,-0.173906,0.068494,0.509220,0.358595,-0.312119,-0.258583,0.101604,0.227815,-0.188103,-0.002059,0.361624,0.368952,0.085216,0.038073,-0.171476,0.024835,0.038180,0.114739,0.009891,0.076138,-0.102861,0.299273,0.461409,0.611796,-0.127269,-0.038528,0.478529,0.653732,-0.138416,0.120795,-0.211200,-0.134966,-0.472106,-0.077380,0.341602,0.337037,0.036971,0.031188,0.007483,0.130361,0.375799,0.574001,0.486998,0.637254,0.074885,0.190218,0.608685,0.658632,0.194684,-0.197943,-0.079653,-0.102617,-0.086217,-0.401521,-0.403613,-0.042353
0.146419,0.098225,0.481976,0.302395,-0.379326,0.102697,0.332262,-0.233735,0.033860,-0.362027,-0.046903,0.053765,0.006099,0.038254,0.443708,0.595369,-0.038486,-0.133315,0.355072,0.198383,0.536282,0.585132,0.434093,0.125947,-0.133282,-0.111513,0.756681,0.000000,0.140398,0.092636,0.517715,0.496997,0.043674,-0.112339,-0.073070,-0.155600,0.271990,0.473612,0.366183,0.569793,-0.090166,0.217496,-0.514547,-0.606785,-0.407096,-0.491927,-0.351843,-0.394450,-0.537551,-0.642591,-0.622859,-0.645279,-0.569087,-0.602140,-0.053717,0.188490,0.075133,0.216900,0.050193,0.245071,-0.209817,0.074471,0.447261,0.299183,-0.386285,-0.357501,0.059633,0.155374,-0.156083,-0.012784,0.404592,0.424508,0.012740,-0.049411,-0.182699,-0.080241,-0.066130,0.030104,-0.195966,0.106150,-0.119377,0.345240,0.434400,0.663629,-0.140006,-0.028452,0.560459,0.702126,-0.296197,0.123069,-0.308449,-0.207787,-0.564900,-0.071683,0.388339,0.348652,-0.006921,0.030453,-0.117976,0.012092,0.260330,0.513559,0.412240,0.567646,-0.086986,0.037218,0.540832,0.687203,0.252167,-0.032820,-0.152338,-0.169136,-0.190806,-0.456512,-0.444142,-0.013348
0.377536,0.575422,0.413526,0.548211,-0.089546,-0.080146,0.454378,0.427244,0.438920,0.249562,0.716399,0.568050,0.616438,0.647236,0.538560,0.561826,0.567107,0.400056,0.603374,0.582650,0.298336,0.474830,0.542473,0.570478,0.159240,0.370758,0.091173,0.140398,0.000000,0.479323,0.478081,0.569799,0.566625,0.478788,0.419864,0.345982,0.365799,0.544106,0.161609,0.453478,0.221980,0.463076,0.099382,0.042546,0.077901,0.109373,0.120547,0.217486,-0.082696,0.105398,-0.122668,0.070559,-0.200005,0.074811,0.136355,0.481562,0.464918,0.567226,0.406894,0.460920,0.307407,0.448223,0.541564,0.476485,0.294625,0.294716,0.522297,0.485147,0.385035,0.409274,0.413264,0.575884,0.473535,0.513380,0.443136,0.138756,0.339247,0.418656,-0.021667,0.577154,0.235152,0.629068,0.363842,0.555990,0.204689,0.502036,0.187084,0.376237,-0.125692,0.511308,0.199529,0.437431,-0.016497,0.544272,0.343711,0.314729,0.321623,0.440761,0.269289,0.333394,0.181033,0.381303,0.236703,0.290444,0.082605,0.321622,0.168614,0.275456,0.193054,0.297688,0.292774,0.234577,0.137105,0.039714,0.058734,0.298206
0.617444,0.575351,0.583802,0.459710,-0.103327,-0.005813,0.651297,0.501876,0.475291,0.345819,0.323956,0.741859,0.595924,0.623708,0.648549,0.527382,0.448617,0.664854,0.517424,0.550111,0.518964,0.536965,0.537158,0.602044,0.126640,0.124366,0.249926,0.092636,0.479323,0.000000,0.507037,0.613196,0.617592,0.595545,0.538652,0.571560,0.537102,0.611364,0.631714,0.387575,0.458604,0.616561,0.169114,0.149701,0.271885,0.283616,0.349349,0.378478,0.055639,0.110105,0.074649,-0.021720,0.184356,0.037422,0.586745,0.594216,0.513693,0.499576,0.579491,0.576766,0.488958,0.499410,0.608860,0.698904,0.317612,0.366373,0.576049,0.622811,0.357655,0.463638,0.604364,0.527183,0.638211,0.659130,0.236314,0.613453,0.595645,0.579302,0.529776,0.396877,0.529344,0.569291,0.683121,0.389066,0.521810,0.129486,0.401596,0.271908,0.460390,0.090517,0.481736,0.397866,0.197247,0.361536,0.474700,0.490971,0.638358,0.575753,0.599770,0.625054,0.620300,0.454840,0.582011,0.413687,0.570156,0.548842,0.451859,0.212193,0.147124,0.300702,0.581120,0.525437,0.396089,0.198718,0.222338,0.359663
0.428197,0.443376,0.741796,0.495721,-0.526004,-0.126737,0.676489,0.162257,0.287679,-0.144878,0.188704,0.515704,0.409947,0.413427,0.733513,0.731524,0.347622,0.371301,0.672792,0.610680,0.592284,0.810685,0.780643,0.508823,-0.099914,0.014982,0.499308,0.517715,0.478081,0.507037,0.000000,0.815539,0.492683,0.320747,0.319254,0.262515,0.419564,0.584060,0.413181,0.533537,0.179919,0.539057,-0.341390,-0.429547,-0.267152,-0.296824,-0.157612,-0.181516,-0.493325,-0.403009,-0.513312,-0.497541,-0.464547,-0.469050,0.179447,0.472393,0.315481,0.499084,0.385197,0.546486,0.106074,0.367238,0.678287,0.623827,-0.108905,-0.053373,0.431627,0.525582,0.116967,0.271705,0.644119,0.617719,0.493959,0.430292,0.024524,0.282738,0.253667,0.353082,-0.118774,0.233170,0.124835,0.509561,0.559433,0.616779,0.134983,0.047878,0.519222,0.676780,-0.133107,0.101573,0.028329,0.039144,-0.401487,0.141632,0.399281,0.344623,0.190095,0.222357,0.175716,0.267155,0.449537,0.598903,0.571520,0.583832,0.111027,0.235443,0.568194,0.580760,0.379193,0.109772,0.112056,0.046825,-0.098086,-0.358284,-0.352623,0.278497
0.560978,0.582813,0.789636,0.650636,-0.379005,0.009220,0.750821,0.342224,0.368204,0.062011,0.317284,0.603620,0.534728,0.577392,0.799798,0.790003,0.310988,0.405261,0.735960,0.699525,0.590934,0.809879,0.801238,0.664242,-0.031363,0.089283,0.473569,0.496997,0.569799,0.613196,0.815539,0.000000,0.629931,0.507441,0.490645,0.433807,0.546761,0.678928,0.554542,0.676198,0.212391,0.682354,-0.141080,-0.247656,-0.075200,-0.110599,0.054004,0.031734,-0.332813,-0.251812,-0.351095,-0.332403,-0.293346,-0.287282,0.354220,0.590178,0.427542,0.575522,0.473359,0.594901,0.260564,0.481086,0.719467,0.687259,0.080568,0.127158,0.559912,0.627524,0.292283,0.431180,0.754070,0.745592,0.596111,0.563941,0.212269,0.401644,0.450130,0.520569,0.044644,0.409223,0.307246,0.643064,0.679789,0.677442,0.305841,0.197160,0.585844,0.642099,0.036571,0.209430,0.232462,0.262234,-0.194197,0.356246,0.525312,0.436741,0.388485,0.411191,0.357518,0.418854,0.534225,0.597633,0.625916,0.580913,0.280321,0.381684,0.592305,0.545749,0.282206,0.264795,0.335045,0.243440,0.076050,-0.145245,-0.116995,0.305428
0.696741,0.767627,0.590252,0.742560,0.028085,0.066558,0.744869,0.745873,0.595677,0.532886,0.492709,0.773762,0.732447,0.748626,0.689737,0.558312,0.421436,0.484321,0.720972,0.749024,0.326391,0.499235,0.643994,0.786001,0.276016,0.306385,0.084511,0.043674,0.566625,0.617592,0.492683,0.629931,0.000000,0.848220,0.805383,0.758704,0.458202,0.438063,0.435533,0.428998,0.345755,0.631547,0.400032,0.287001,0.417304,0.412376,0.483510,0.488089,0.127217,0.308000,0.119720,0.207213,0.154333,0.226393,0.568061,0.597837,0.639375,0.672196,0.682048,0.702940,0.684468,0.735027,0.630187,0.709037,0.584701,0.645916,0.854456,0.825609,0.634727,0.678841,0.644688,0.659149,0.635664,0.657215,0.447724,0.541636,0.713651,0.736588,0.313896,0.535363,0.537372,0.591753,0.521316,0.358301,0.576406,0.467435,0.338493,0.228198,0.344653,0.372277,0.604785,0.641962,0.306246,0.610011,0.314390,0.235646,0.457737,0.504770,0.623337,0.553747,0.487440,0.345976,0.473983,0.275193,0.322138,0.357566,0.212307,0.105732,0.082866,0.429503,0.593910,0.550032,0.362505,0.242562,0.246614,0.271721
0.706107,0.725508,0.497099,0.667638,0.178183,0.183088,0.657777,0.792257,0.525459,0.668570,0.473465,0.723475,0.651042,0.725919,0.550127,0.392183,0.281679,0.501191,0.587295,0.686107,0.176496,0.345271,0.459950,0.746452,0.328442,0.341630,-0.076049,-0.112339,0.478788,0.595545,0.320747,0.507441,0.848220,0.000000,0.807077,0.803843,0.502697,0.384741,0.452022,0.336953,0.308130,0.613072,0.556544,0.472422,0.537739,0.541642,0.619120,0.603776,0.333954,0.474895,0.352089,0.377229,0.377202,0.368608,0.658371,0.525944,0.598606,0.576419,0.647522,0.578695,0.743255,0.682324,0.442740,0.596894,0.668232,0.708487,0.771466,0.735259,0.664167,0.673707,0.577254,0.570558,0.639947,0.671818,0.552227,0.605129,0.756764,0.733061,0.431315,0.514390,0.662282,0.524607,0.478918,0.181368,0.667192,0.394685,0.280156,0.022339,0.518379,0.253960,0.730048,0.687958,0.512980,0.647153,0.304536,0.247640,0.576913,0.595130,0.703456,0.594527,0.477328,0.205018,0.408030,0.122898,0.435673,0.375560,0.109744,-0.085646,0.097457,0.569909,0.685106,0.679554,0.499488,0.462384,0.477389,0.315313
0.653076,0.651106,0.531499,0.623044,0.147789,0.147390,0.662893,0.742012,0.507127,0.611947,0.390740,0.667919,0.630738,0.666174,0.606891,0.437163,0.199876,0.482338,0.536616,0.629915,0.199916,0.378248,0.451054,0.700107,0.255856,0.252249,-0.018496,-0.073070,0.419864,0.538652,0.319254,0.490645,0.805383,0.807077,0.000000,0.854609,0.554241,0.400663,0.468398,0.401804,0.291722,0.641673,0.484935,0.353297,0.481812,0.457942,0.599586,0.563328,0.248182,0.378471,0.278655,0.291726,0.294797,0.301023,0.672034,0.593189,0.493159,0.495672,0.632308,0.601607,0.670758,0.641961,0.426287,0.550919,0.691270,0.700492,0.812807,0.774541,0.579334,0.605163,0.621609,0.598943,0.628166,0.646348,0.476399,0.603211,0.770438,0.744758,0.350083,0.392755,0.592106,0.471284,0.513949,0.220955,0.674954,0.391261,0.377013,0.125908,0.474429,0.253167,0.741955,0.673548,0.446100,0.614283,0.389414,0.231272,0.551549,0.559805,0.697500,0.613544,0.546214,0.270877,0.506521,0.199579,0.483980,0.439291,0.233114,0.044683,-0.025471,0.470163,0.679970,0.622584,0.469723,0.386197,0.413832,0.307365
0.625756,0.602289,0.473668,0.575231,0.128842,0.110385,0.609969,0.724346,0.427221,0.615461,0.381761,0.670238,0.603485,0.655999,0.564513,0.371527,0.155952,0.500188,0.482427,0.578310,0.190383,0.331952,0.404294,0.658558,0.208081,0.175384,-0.067961,-0.155600,0.345982,0.571560,0.262515,0.433807,0.758704,0.803843,0.854609,0.000000,0.532169,0.352063,0.488416,0.326189,0.302168,0.591668,0.519917,0.422727,0.521656,0.528543,0.656046,0.624302,0.287205,0.438627,0.348068,0.361201,0.402896,0.377778,0.737660,0.604109,0.450308,0.425449,0.631524,0.568243,0.677052,0.632370,0.379986,0.557808,0.651876,0.713164,0.751821,0.760727,0.530462,0.548917,0.597946,0.541521,0.668548,0.687732,0.456205,0.613458,0.794223,0.760616,0.425028,0.335749,0.610943,0.440083,0.505322,0.147267,0.707821,0.373903,0.318384,0.052308,0.572017,0.187246,0.765253,0.677002,0.499922,0.575921,0.364870,0.213970,0.572627,0.554007,0.724992,0.618941,0.550517,0.221045,0.490610,0.156041,0.514226,0.423620,0.229121,-0.028631,-0.027751,0.486215,0.708573,0.646145,0.458887,0.405978,0.446779,0.254762
0.592264,0.468672,0.636008,0.408112,-0.020676,0.358088,0.596882,0.376231,0.148800,0.300552,0.201151,0.437088,0.292627,0.440284,0.624012,0.522784,-0.064915,0.560650,0.440678,0.536651,0.193257,0.551068,0.332792,0.432463,0.014673,0.069571,0.176782,0.271990,0.365799,0.537102,0.419564,0.546761,0.458202,0.502697,0.554241,0.532169,0.000000,0.662394,0.644358,0.662061,-0.089421,0.699583,0.213494,0.051378,0.164850,0.074099,0.420750,0.291912,0.091710,0.046630,0.102466,-0.072320,0.072066,-0.101841,0.615847,0.501796,0.377579,0.397236,0.426135,0.386194,0.390076,0.303719,0.344758,0.424184,0.277364,0.180603,0.438005,0.453030,0.364174,0.394685,0.634448,0.488757,0.488774,0.456512,0.329947,0.526143,0.497566,0.445077,0.177715,0.306661,0.675409,0.563096,0.753511,0.432021,0.659976,0.044706,0.718227,0.370411,0.358864,-0.063364,0.527661,0.310520,0.196426,0.462526,0.775001,0.601444,0.692864,0.639023,0.520333,0.503393,0.594594,0.367429,0.606150,0.289649,0.509560,0.389709,0.485875,0.268114,0.234561,0.600249,0.516312,0.522455,0.391863,0.268585,0.297011,0.444622
