0.000000,0.614883,0.636470,0.610429,0.498342,0.425566,0.592983,0.636569,0.471317,0.395069,0.629591,0.508901,0.562123,0.410910,0.564116,0.484451,0.396736,0.556236,0.610148,0.632221,0.499388,0.520018,0.634781,0.590898,0.397405,0.383098,0.401076,0.382250,0.360655,0.582433,0.633376,0.619989,0.596758,0.513122,0.540050,0.467591,0.482864,0.475027,0.297631,0.115342,0.374567,0.362992,0.095415,0.297469,0.368042,0.374880,0.327102,0.347437,0.133670,0.190065,-0.028457,0.100705,-0.125135,-0.099050,0.536357,0.439916,0.577393,0.542095,0.547822,0.578963,0.492616,0.542359,0.542889,0.607777,0.475497,0.569238,0.634480,0.631683,0.606350,0.589475,0.609703,0.586275,0.463169,0.521666,0.430944,0.369149,0.548055,0.553435,0.416879,0.466938,0.500301,0.602432,0.487996,0.564414,0.550206,0.373482,0.497515,0.569283,0.214612,0.157356,-0.162696,0.022403,-0.154054,-0.015261,0.440332,0.257124,0.345202,0.322418,0.571196,0.535732,0.554015,0.531212,0.550783,0.525138,0.302839,0.096525,0.460414,0.425934,0.127506,0.289469,0.482927,0.446855,-0.168723,0.030776,-0.038923,0.187302
0.614883,0.000000,0.544832,0.508100,0.367230,0.294520,0.465124,0.624923,0.480056,0.398653,0.576920,0.590654,0.592908,0.530491,0.500969,0.486374,0.456295,0.511192,0.600062,0.591652,0.515892,0.430728,0.594908,0.487609,0.504163,0.483528,0.274761,0.237797,0.456589,0.564060,0.607877,0.612347,0.630004,0.609822,0.576879,0.503854,0.528398,0.534146,0.411739,0.290742,0.485964,0.425238,0.281381,0.440796,0.473167,0.490523,0.477253,0.483703,0.298167,0.327036,0.164838,0.259467,0.074461,0.098346,0.579324,0.531562,0.632427,0.627917,0.607246,0.605212,0.579505,0.605788,0.595629,0.613076,0.526775,0.578386,0.623386,0.619054,0.525340,0.546203,0.553252,0.528337,0.524587,0.531447,0.327485,0.260401,0.591335,0.591494,0.521261,0.489406,0.555979,0.577454,0.555743,0.563017,0.578608,0.506304,0.410594,0.504008,0.327373,0.318812,0.044489,0.197338,0.047461,0.164233,0.463953,0.296127,0.458935,0.437700,0.607830,0.576941,0.513090,0.444208,0.478696,0.469839,0.415328,0.253426,0.361831,0.327963,0.170484,0.407720,0.539982,0.556743,0.020480,0.233456,0.163981,0.220573
0.636470,0.544832,0.000000,0.651938,0.564859,0.502843,0.646659,0.607201,0.449052,0.384146,0.584986,0.405336,0.469135,0.276926,0.568215,0.429040,0.287744,0.561879,0.578624,0.629738,0.481167,0.556522,0.630396,0.636361,0.293725,0.269235,0.473412,0.472395,0.234181,0.552283,0.617050,0.586368,0.543738,0.415968,0.477069,0.405698,0.420707,0.398219,0.191802,-0.027442,0.296480,0.277132,-0.067197,0.156758,0.245481,0.240700,0.185532,0.206760,-0.017801,0.050551,-0.189782,-0.053854,-0.273664,-0.253741,0.462949,0.326784,0.498658,0.447820,0.455228,0.503610,0.382943,0.449193,0.451271,0.559951,0.377096,0.514154,0.594361,0.597202,0.628339,0.591747,0.614650,0.578109,0.369769,0.472456,0.461278,0.390079,0.473432,0.485342,0.321280,0.398910,0.430140,0.569769,0.421127,0.529600,0.490616,0.243065,0.548330,0.580624,0.105329,0.000015,-0.312570,-0.136097,-0.304777,-0.169964,0.393674,0.210335,0.227741,0.192902,0.494128,0.459611,0.559066,0.551690,0.585251,0.523673,0.200709,-0.044565,0.517963,0.477778,0.111546,0.171148,0.394239,0.323666,-0.318884,-0.129440,-0.181952,0.148021
0.610429,0.508100,0.651938,0.000000,0.593164,0.545947,0.652791,0.592282,0.447813,0.402949,0.559884,0.364623,0.427135,0.220713,0.569763,0.426202,0.250646,0.555786,0.562223,0.621591,0.463878,0.569579,0.614067,0.649882,0.266766,0.235739,0.489804,0.508229,0.180948,0.524036,0.601567,0.573513,0.522777,0.383076,0.456308,0.388021,0.389887,0.370066,0.152885,-0.068233,0.271195,0.256750,-0.115636,0.120603,0.214460,0.200354,0.141057,0.161637,-0.059591,0.008759,-0.243074,-0.096863,-0.328723,-0.302619,0.431738,0.294751,0.465755,0.405162,0.409845,0.468859,0.330657,0.413897,0.419836,0.548461,0.335389,0.486035,0.572340,0.576222,0.624930,0.587824,0.608940,0.574691,0.331501,0.440600,0.471495,0.392878,0.453211,0.470856,0.288296,0.410603,0.406436,0.561365,0.382838,0.518445,0.464457,0.207291,0.559085,0.587024,0.065815,-0.044268,-0.363625,-0.183067,-0.357360,-0.218339,0.380481,0.193547,0.183359,0.152127,0.469774,0.434667,0.554190,0.560317,0.590697,0.526653,0.163640,-0.084956,0.529890,0.488961,0.087382,0.134075,0.364563,0.277523,-0.364280,-0.175473,-0.230111,0.133924
0.498342,0.367230,0.564859,0.593164,0.000000,0.601101,0.593753,0.473286,0.421710,0.421382,0.482257,0.264658,0.331900,0.107970,0.570079,0.387107,0.188214,0.528029,0.423362,0.505579,0.376058,0.543199,0.530306,0.601108,0.214614,0.154490,0.540938,0.554102,0.073908,0.475244,0.492571,0.475381,0.387522,0.236413,0.325335,0.283309,0.338548,0.290626,0.090910,-0.143416,0.170325,0.193418,-0.205601,0.024895,0.146291,0.113618,0.000513,0.041905,-0.158205,-0.088480,-0.322161,-0.197431,-0.395672,-0.396221,0.328541,0.162300,0.364321,0.269954,0.276586,0.336615,0.199847,0.273781,0.322092,0.427200,0.256445,0.382647,0.452837,0.465944,0.531784,0.460563,0.563540,0.507485,0.189728,0.321601,0.456911,0.358993,0.326957,0.352092,0.216716,0.375030,0.342257,0.486518,0.286483,0.423795,0.392139,0.094775,0.561423,0.548370,0.014004,-0.163731,-0.421823,-0.275689,-0.416495,-0.306228,0.300603,0.142514,0.107149,0.072810,0.356572,0.314522,0.487585,0.493785,0.546214,0.444092,0.085786,-0.134589,0.504019,0.452848,-0.009587,0.068396,0.295035,0.166914,-0.416378,-0.248751,-0.335129,0.098255
0.425566,0.294520,0.502843,0.545947,0.601101,0.000000,0.537100,0.412616,0.425172,0.477076,0.404394,0.205137,0.270182,0.067907,0.543078,0.402649,0.142474,0.451409,0.357400,0.451902,0.348295,0.522439,0.460166,0.570809,0.158817,0.122484,0.566772,0.602639,0.032633,0.371012,0.426425,0.429755,0.319907,0.179263,0.286735,0.225016,0.300814,0.254696,0.073883,-0.142902,0.142889,0.197993,-0.273691,-0.043714,0.082752,0.038378,-0.065324,-0.018729,-0.161941,-0.096085,-0.362287,-0.217722,-0.438592,-0.431483,0.281710,0.143029,0.291107,0.192210,0.189187,0.254667,0.106840,0.193159,0.281712,0.370724,0.180790,0.316679,0.395869,0.409648,0.490199,0.424666,0.485533,0.491724,0.148362,0.242987,0.418171,0.371928,0.295553,0.332871,0.134925,0.349440,0.257431,0.440029,0.230527,0.402743,0.308827,0.058457,0.555090,0.542507,-0.057984,-0.168096,-0.444797,-0.294732,-0.425759,-0.313580,0.316666,0.157128,0.066673,0.057328,0.308058,0.276029,0.465050,0.464306,0.521124,0.444848,0.077848,-0.128021,0.489655,0.446940,-0.013902,0.016377,0.224210,0.080827,-0.420022,-0.260088,-0.350244,0.090674
0.592983,0.465124,0.646659,0.652791,0.593753,0.537100,0.000000,0.562538,0.398001,0.350860,0.545281,0.320126,0.395763,0.169039,0.550688,0.372010,0.194841,0.544872,0.524559,0.595296,0.415944,0.549784,0.588121,0.634296,0.202833,0.174283,0.494025,0.517581,0.123101,0.507342,0.573975,0.536583,0.483714,0.321834,0.403990,0.346789,0.333669,0.308259,0.098805,-0.143592,0.203438,0.190970,-0.170701,0.061207,0.160619,0.149754,0.082183,0.105085,-0.115251,-0.038970,-0.286084,-0.144386,-0.365839,-0.352011,0.389656,0.231060,0.424643,0.360639,0.375124,0.441394,0.299088,0.378759,0.369802,0.517233,0.294976,0.455473,0.536339,0.541973,0.611048,0.562472,0.593406,0.541315,0.279028,0.418558,0.478950,0.393322,0.401848,0.412208,0.236952,0.353350,0.368972,0.526814,0.333351,0.472361,0.431797,0.136597,0.551695,0.558269,0.044106,-0.115097,-0.408695,-0.236865,-0.403161,-0.271475,0.320454,0.153499,0.124817,0.085161,0.417291,0.383719,0.520615,0.532715,0.570723,0.488365,0.096247,-0.157587,0.522484,0.474332,0.074843,0.080090,0.317062,0.225147,-0.410042,-0.241643,-0.282732,0.102369
0.636569,0.624923,0.607201,0.592282,0.473286,0.412616,0.562538,0.000000,0.508028,0.445778,0.599902,0.541847,0.572617,0.451661,0.568887,0.506399,0.391777,0.564315,0.616960,0.634239,0.526441,0.502827,0.622332,0.572222,0.457172,0.431492,0.367917,0.358864,0.355099,0.578289,0.638344,0.635479,0.616594,0.558999,0.568365,0.484394,0.495567,0.489238,0.364953,0.183502,0.443466,0.378471,0.144517,0.346720,0.414686,0.407136,0.385422,0.402429,0.205876,0.248977,0.033447,0.151621,-0.066423,-0.040609,0.568351,0.477530,0.601177,0.572259,0.560456,0.581682,0.512348,0.570976,0.564740,0.630913,0.492067,0.585311,0.635212,0.628881,0.593682,0.598935,0.595635,0.564593,0.468135,0.511729,0.390225,0.317475,0.565764,0.573917,0.465565,0.500306,0.544938,0.614300,0.528989,0.588259,0.585028,0.434217,0.505458,0.574797,0.278596,0.207042,-0.093374,0.083266,-0.088368,0.050064,0.455015,0.285839,0.383359,0.357897,0.598139,0.566698,0.557495,0.496087,0.544658,0.502782,0.339818,0.143291,0.435249,0.391932,0.147881,0.343581,0.500302,0.484663,-0.112159,0.095944,0.024185,0.195780
0.471317,0.480056,0.449052,0.447813,0.421710,0.425172,0.398001,0.508028,0.000000,0.577766,0.460030,0.457145,0.466565,0.397495,0.509461,0.505493,0.381017,0.458555,0.450203,0.473758,0.418988,0.375987,0.499659,0.478185,0.464519,0.416317,0.347929,0.323427,0.361392,0.451570,0.502116,0.520824,0.479577,0.474687,0.500144,0.427846,0.469716,0.452359,0.324228,0.208242,0.374739,0.348866,0.107353,0.263940,0.351933,0.333836,0.289956,0.309464,0.164441,0.176537,0.005239,0.086217,-0.068817,-0.036863,0.437619,0.374464,0.487145,0.422921,0.388646,0.377151,0.390671,0.419870,0.486619,0.470007,0.433132,0.459789,0.494517,0.489640,0.436676,0.426782,0.460075,0.509953,0.405827,0.336516,0.255660,0.274334,0.434410,0.481031,0.366530,0.486347,0.430381,0.507749,0.431059,0.482185,0.469459,0.388699,0.452917,0.487984,0.173250,0.207437,-0.049290,0.083596,-0.036797,0.066662,0.417498,0.226131,0.346448,0.361437,0.498998,0.462258,0.503024,0.448983,0.480486,0.461993,0.311984,0.199163,0.341783,0.375266,0.127325,0.352602,0.463191,0.381133,-0.054527,0.139229,0.040255,0.206085
0.395069,0.398653,0.384146,0.402949,0.421382,0.477076,0.350860,0.445778,0.577766,0.000000,0.393126,0.419554,0.391307,0.336383,0.499878,0.454643,0.292262,0.453428,0.365409,0.406093,0.400706,0.382283,0.447935,0.429959,0.402168,0.327913,0.404809,0.388162,0.229655,0.404557,0.417740,0.455419,0.407782,0.380694,0.420276,0.321926,0.456650,0.388568,0.309641,0.175443,0.343315,0.349022,0.050807,0.201739,0.293874,0.262505,0.215113,0.234941,0.131768,0.164049,-0.013118,0.074672,-0.085326,-0.084140,0.414919,0.319038,0.441044,0.372215,0.337315,0.318538,0.320241,0.355505,0.441668,0.416646,0.363906,0.398450,0.417849,0.414585,0.372627,0.370988,0.438396,0.430062,0.292443,0.247726,0.221208,0.154985,0.388554,0.422188,0.364627,0.475471,0.416987,0.454730,0.382940,0.428569,0.443223,0.337026,0.460174,0.471537,0.214560,0.139715,-0.067418,0.032320,-0.060601,0.017425,0.397508,0.236401,0.307234,0.301337,0.435571,0.386760,0.429523,0.368817,0.430466,0.374657,0.311529,0.190694,0.355037,0.290942,0.087734,0.269835,0.369389,0.305406,-0.074061,0.118369,0.003556,0.188017
0.629591,0.576920,0.584986,0.559884,0.482257,0.404394,0.545281,0.599902,0.460030,0.393126,0.000000,0.524885,0.577342,0.440789,0.561040,0.506816,0.461170,0.547266,0.554321,0.575107,0.455264,0.494602,0.602549,0.550908,0.438126,0.422346,0.393225,0.356421,0.413514,0.580721,0.587290,0.594423,0.550456,0.494311,0.528542,0.481873,0.499203,0.484045,0.306874,0.148282,0.347587,0.409160,0.141822,0.328579,0.390061,0.407786,0.327800,0.361730,0.148192,0.205469,0.008762,0.122701,-0.093456,-0.062401,0.518498,0.435472,0.561957,0.511127,0.517237,0.544776,0.487028,0.529151,0.557524,0.583982,0.508040,0.555295,0.600344,0.599243,0.545249,0.516426,0.588006,0.587988,0.472196,0.508894,0.406159,0.397024,0.531984,0.543842,0.429208,0.516974,0.505966,0.602713,0.469624,0.538587,0.535021,0.381708,0.444413,0.537344,0.235331,0.194361,-0.120242,0.060862,-0.113186,0.017951,0.439442,0.253222,0.366329,0.359376,0.558164,0.508233,0.515205,0.513210,0.497647,0.498445,0.304387,0.151144,0.398541,0.389140,0.097847,0.323291,0.509292,0.451142,-0.108686,0.076743,-0.031096,0.210403
0.508901,0.590654,0.405336,0.364623,0.264658,0.205137,0.320126,0.541847,0.457145,0.419554,0.524885,0.000000,0.603731,0.609622,0.455730,0.470473,0.462415,0.482499,0.503798,0.468448,0.419859,0.306325,0.499545,0.358783,0.552189,0.509967,0.187920,0.135459,0.462293,0.527177,0.504185,0.538290,0.566611,0.598036,0.548829,0.508977,0.511720,0.486873,0.454864,0.368676,0.469515,0.464979,0.391984,0.507638,0.522387,0.555390,0.525074,0.535864,0.377963,0.399884,0.300772,0.357671,0.219969,0.216901,0.566264,0.532422,0.614406,0.604985,0.574033,0.548223,0.601299,0.607566,0.610422,0.566089,0.580811,0.571829,0.543136,0.540578,0.396047,0.418321,0.463019,0.420512,0.514564,0.477593,0.254242,0.162507,0.564881,0.560264,0.551446,0.518110,0.569964,0.532830,0.516855,0.472181,0.582802,0.573315,0.314037,0.409075,0.458436,0.391860,0.202485,0.316211,0.202631,0.282038,0.422255,0.310896,0.513498,0.492446,0.558507,0.513557,0.391065,0.331911,0.347767,0.322772,0.415829,0.345789,0.217362,0.163183,0.090728,0.467262,0.541614,0.568263,0.176697,0.360601,0.260792,0.202367
0.562123,0.592908,0.469135,0.427135,0.331900,0.270182,0.395763,0.572617,0.466565,0.391307,0.577342,0.603731,0.000000,0.577583,0.525376,0.542084,0.503136,0.470001,0.537209,0.510870,0.437119,0.382742,0.522293,0.422256,0.515099,0.517883,0.253301,0.206205,0.485176,0.543298,0.539920,0.572377,0.545898,0.562481,0.544096,0.492683,0.513870,0.513467,0.464909,0.346782,0.440902,0.464166,0.323986,0.469726,0.514377,0.528634,0.482676,0.513104,0.366446,0.392730,0.231390,0.320633,0.133671,0.146116,0.575236,0.538007,0.594381,0.583000,0.574796,0.568217,0.556783,0.576000,0.615063,0.567875,0.573506,0.566822,0.574248,0.570680,0.470434,0.471527,0.495903,0.485320,0.496049,0.488491,0.303843,0.285035,0.557036,0.565921,0.499929,0.500475,0.543401,0.555390,0.525933,0.527923,0.565128,0.524431,0.370855,0.487581,0.375750,0.369972,0.111085,0.277610,0.126509,0.243751,0.439244,0.292959,0.478726,0.475313,0.587176,0.559216,0.462428,0.378637,0.409121,0.406932,0.399237,0.307489,0.250888,0.263195,0.071033,0.439999,0.553186,0.561749,0.105831,0.282179,0.169812,0.216623
0.410910,0.530491,0.276926,0.220713,0.107970,0.067907,0.169039,0.451661,0.397495,0.336383,0.440789,0.609622,0.577583,0.000000,0.356961,0.479958,0.524892,0.340242,0.416234,0.369713,0.382346,0.203473,0.378219,0.225245,0.566650,0.577173,0.085627,0.016754,0.542981,0.429547,0.409751,0.461438,0.475838,0.581965,0.495519,0.445563,0.491772,0.495598,0.503408,0.500256,0.474620,0.480700,0.492729,0.558455,0.559932,0.569730,0.576055,0.592496,0.506887,0.502476,0.426219,0.456346,0.339999,0.354052,0.536211,0.566309,0.546078,0.558015,0.534068,0.480933,0.541390,0.533333,0.578653,0.470600,0.544194,0.487968,0.462625,0.452071,0.286164,0.326720,0.321473,0.363146,0.525746,0.430706,0.124993,0.142446,0.508182,0.517805,0.520911,0.467436,0.516407,0.461976,0.503990,0.442327,0.504235,0.610865,0.192405,0.321829,0.458875,0.528777,0.348208,0.460534,0.359967,0.439366,0.409233,0.295791,0.537297,0.560211,0.539449,0.507373,0.324608,0.234036,0.234811,0.280238,0.476201,0.480336,0.092532,0.093241,0.137228,0.517489,0.518217,0.586765,0.338399,0.481026,0.366904,0.232541
0.564116,0.500969,0.568215,0.569763,0.570079,0.543078,0.550688,0.568887,0.509461,0.499878,0.561040,0.455730,0.525376,0.356961,0.000000,0.552650,0.364667,0.571127,0.500891,0.555959,0.473250,0.548675,0.574538,0.588384,0.388432,0.356918,0.491052,0.481099,0.269489,0.556020,0.556123,0.578345,0.487852,0.407851,0.454043,0.396890,0.482016,0.451329,0.329672,0.100851,0.337885,0.370067,0.003382,0.239938,0.347849,0.316630,0.218032,0.279235,0.108413,0.177554,-0.097359,0.030892,-0.205631,-0.213200,0.490752,0.368086,0.508100,0.429929,0.431492,0.462285,0.355126,0.417587,0.506902,0.527658,0.431658,0.510441,0.556073,0.567163,0.563218,0.514337,0.583270,0.557016,0.361842,0.425878,0.442198,0.381637,0.472723,0.503873,0.372552,0.484470,0.483827,0.588490,0.461335,0.554876,0.522892,0.324104,0.590574,0.619050,0.178535,0.064874,-0.215937,-0.047868,-0.197265,-0.064536,0.406916,0.241288,0.298954,0.290509,0.500784,0.470920,0.548816,0.465821,0.555339,0.483075,0.271403,0.087571,0.445766,0.433545,0.049785,0.284497,0.446186,0.363426,-0.208735,-0.008610,-0.129687,0.178022
0.484451,0.486374,0.429040,0.426202,0.387107,0.402649,0.372010,0.506399,0.505493,0.454643,0.506816,0.470473,0.542084,0.479958,0.552650,0.000000,0.526099,0.406817,0.454377,0.468404,0.468459,0.444838,0.470402,0.465171,0.492877,0.525679,0.351424,0.327006,0.463117,0.449813,0.495477,0.553176,0.450629,0.477774,0.484787,0.424029,0.507251,0.537064,0.427083,0.335505,0.410215,0.473003,0.191811,0.372442,0.454335,0.410330,0.354500,0.415194,0.310645,0.327711,0.084720,0.202346,-0.036061,0.016351,0.502541,0.501327,0.478934,0.428101,0.420083,0.429833,0.344364,0.401117,0.535188,0.478164,0.457688,0.466720,0.521612,0.521181,0.450351,0.434786,0.432149,0.553075,0.444647,0.382297,0.311314,0.399627,0.487889,0.549609,0.381897,0.523848,0.444435,0.561230,0.473027,0.572431,0.456363,0.460122,0.421336,0.546621,0.188335,0.335986,-0.010797,0.193207,0.024917,0.181917,0.501337,0.304689,0.404964,0.462037,0.546095,0.522906,0.507593,0.424871,0.443204,0.505045,0.386871,0.323559,0.302191,0.374342,0.075368,0.399392,0.501650,0.441179,0.024452,0.209329,0.060149,0.212212
0.396736,0.456295,0.287744,0.250646,0.188214,0.142474,0.194841,0.391777,0.381017,0.292262,0.461170,0.462415,0.503136,0.524892,0.364667,0.526099,0.000000,0.298717,0.336411,0.328625,0.405922,0.307466,0.382616,0.276578,0.535761,0.564289,0.178853,0.088502,0.612525,0.439764,0.375275,0.431144,0.377252,0.471795,0.431449,0.390544,0.538813,0.564721,0.408995,0.451907,0.411055,0.492740,0.375503,0.457976,0.477339,0.464518,0.421151,0.477774,0.363845,0.357608,0.253863,0.284791,0.158325,0.218490,0.417856,0.478019,0.455029,0.422697,0.408467,0.369108,0.375863,0.381480,0.501129,0.373766,0.465212,0.382420,0.424944,0.423313,0.272897,0.261892,0.334770,0.446108,0.484294,0.398587,0.127189,0.289072,0.405828,0.458136,0.465003,0.476946,0.458277,0.463850,0.475735,0.472924,0.403539,0.494300,0.186441,0.350692,0.227906,0.454048,0.195394,0.331458,0.214756,0.317246,0.456517,0.276689,0.472571,0.535517,0.494678,0.435212,0.365555,0.331720,0.269530,0.395322,0.471335,0.476266,0.165513,0.247027,0.146649,0.472267,0.532203,0.494280,0.231284,0.365598,0.220860,0.267347
0.556236,0.511192,0.561879,0.555786,0.528029,0.451409,0.544872,0.564315,0.458555,0.453428,0.547266,0.482499,0.470001,0.340242,0.571127,0.406817,0.298717,0.000000,0.499650,0.552718,0.440369,0.478696,0.585125,0.543587,0.380687,0.297742,0.422560,0.406433,0.205429,0.604806,0.546458,0.541625,0.522417,0.422962,0.452281,0.384429,0.468005,0.399303,0.238132,0.023635,0.314481,0.291507,0.036145,0.236883,0.321907,0.311349,0.244743,0.269009,0.047116,0.117357,-0.069372,0.013885,-0.154568,-0.180060,0.466650,0.304710,0.547118,0.470120,0.467514,0.472445,0.422178,0.449684,0.482466,0.549612,0.431537,0.502220,0.536173,0.536928,0.521851,0.489997,0.589206,0.490108,0.340824,0.433808,0.382850,0.247102,0.447600,0.451994,0.437440,0.484917,0.535149,0.576233,0.437052,0.478147,0.568530,0.317493,0.523798,0.514241,0.267539,0.012616,-0.175199,-0.053578,-0.181615,-0.081115,0.340460,0.199366,0.286515,0.231235,0.473833,0.412845,0.484748,0.455371,0.513655,0.384131,0.238458,0.044852,0.428716,0.333144,0.074355,0.260872,0.410853,0.375698,-0.199830,-0.020148,-0.104448,0.163057
0.610148,0.600062,0.578624,0.562223,0.423362,0.357400,0.524559,0.616960,0.450203,0.365409,0.554321,0.503798,0.537209,0.416234,0.500891,0.454377,0.336411,0.499650,0.000000,0.631449,0.491363,0.472114,0.574115,0.531111,0.393700,0.379510,0.300467,0.294766,0.322229,0.504826,0.611389,0.591425,0.599397,0.549991,0.555057,0.476601,0.421979,0.423237,0.332480,0.173627,0.437266,0.352947,0.155292,0.353645,0.399368,0.388767,0.389990,0.392335,0.205977,0.235869,0.042247,0.166492,-0.040797,0.000547,0.553888,0.484581,0.552145,0.553838,0.548021,0.578197,0.492921,0.555581,0.533051,0.608606,0.457758,0.561168,0.623070,0.607187,0.595906,0.622183,0.531624,0.514392,0.491762,0.527126,0.407192,0.310329,0.582876,0.577019,0.396613,0.425130,0.465617,0.557513,0.467311,0.534167,0.534428,0.426999,0.445884,0.529527,0.255968,0.224920,-0.080202,0.103222,-0.073155,0.055911,0.426733,0.274092,0.351966,0.323525,0.571485,0.564437,0.525028,0.487156,0.504898,0.470501,0.316602,0.114257,0.404084,0.362488,0.095157,0.272263,0.442492,0.454903,-0.107035,0.081595,0.026699,0.163120
0.632221,0.591652,0.629738,0.621591,0.505579,0.451902,0.595296,0.634239,0.473758,0.406093,0.575107,0.468448,0.510870,0.369713,0.555959,0.468404,0.328625,0.552718,0.631449,0.000000,0.512909,0.528502,0.612305,0.596821,0.367889,0.347906,0.413219,0.414694,0.279595,0.546462,0.626622,0.606208,0.590536,0.507472,0.520113,0.446297,0.438982,0.420924,0.268062,0.089375,0.383212,0.325326,0.058088,0.281913,0.357155,0.325020,0.310772,0.326847,0.111901,0.156878,-0.065647,0.061110,-0.162627,-0.128273,0.533876,0.429456,0.549183,0.516531,0.516669,0.545846,0.437545,0.506708,0.514857,0.610616,0.418683,0.541116,0.620526,0.613634,0.631000,0.627386,0.583428,0.565838,0.457523,0.529700,0.426882,0.343724,0.548412,0.556313,0.382759,0.452117,0.485478,0.589811,0.457615,0.557200,0.538430,0.360167,0.510185,0.570251,0.202367,0.126809,-0.191974,-0.004940,-0.185874,-0.047235,0.422452,0.242508,0.295368,0.270010,0.555348,0.524831,0.552855,0.534872,0.559269,0.506491,0.286843,0.055043,0.476619,0.414501,0.142659,0.240019,0.425768,0.402897,-0.207672,-0.018978,-0.089049,0.170957
0.499388,0.515892,0.481167,0.463878,0.376058,0.348295,0.415944,0.526441,0.418988,0.400706,0.455264,0.419859,0.437119,0.382346,0.473250,0.468459,0.405922,0.440369,0.491363,0.512909,0.000000,0.539566,0.510839,0.464623,0.437873,0.406130,0.334803,0.295503,0.341837,0.470498,0.496449,0.500202,0.450170,0.432625,0.453299,0.337362,0.532046,0.523123,0.421179,0.291787,0.499191,0.412168,0.102653,0.290177,0.330922,0.267898,0.290687,0.337375,0.191813,0.205303,0.028619,0.090197,-0.063141,-0.036277,0.465294,0.440773,0.485045,0.452132,0.431860,0.422378,0.352305,0.372511,0.434970,0.460244,0.363104,0.411278,0.509984,0.501914,0.486443,0.482990,0.472736,0.474395,0.395718,0.422544,0.232911,0.274683,0.450050,0.461863,0.457945,0.390383,0.493870,0.521348,0.585154,0.592612,0.486050,0.386090,0.446882,0.515990,0.199972,0.217375,-0.047905,0.070185,-0.035286,0.066503,0.491966,0.315659,0.350810,0.351735,0.495965,0.476602,0.507243,0.387896,0.464429,0.458146,0.419300,0.233898,0.425888,0.382394,0.153256,0.311378,0.414634,0.383905,-0.058712,0.125648,0.016523,0.174618
0.520018,0.430728,0.556522,0.569579,0.543199,0.522439,0.549784,0.502827,0.375987,0.382283,0.494602,0.306325,0.382742,0.203473,0.548675,0.444838,0.307466,0.478696,0.472114,0.528502,0.539566,0.000000,0.528679,0.570633,0.270427,0.247545,0.503192,0.489844,0.197567,0.468615,0.493283,0.485690,0.397709,0.294136,0.374608,0.293117,0.443117,0.411929,0.228378,0.043433,0.313929,0.344389,-0.114596,0.132615,0.202901,0.148134,0.096923,0.156952,-0.028925,0.027070,-0.216580,-0.097245,-0.308880,-0.290107,0.390373,0.299730,0.398747,0.332738,0.332155,0.382569,0.221342,0.295231,0.363196,0.447516,0.268946,0.375864,0.494188,0.498702,0.558082,0.506097,0.529407,0.517002,0.298681,0.401996,0.398069,0.393185,0.397785,0.419639,0.298128,0.362930,0.394045,0.508286,0.432709,0.539201,0.409089,0.199024,0.522662,0.571179,0.042967,-0.012807,-0.319530,-0.165005,-0.306059,-0.192184,0.424756,0.237947,0.189426,0.181077,0.418955,0.381851,0.515676,0.481397,0.525256,0.486006,0.239409,0.008026,0.506854,0.470274,0.035339,0.125039,0.337963,0.232820,-0.299175,-0.129520,-0.251228,0.128929
0.634781,0.594908,0.630396,0.614067,0.530306,0.460166,0.588121,0.622332,0.499659,0.447935,0.602549,0.499545,0.522293,0.378219,0.574538,0.470402,0.382616,0.585125,0.574115,0.612305,0.510839,0.528679,0.000000,0.608979,0.419355,0.373278,0.443493,0.416331,0.334307,0.600003,0.626694,0.614671,0.590162,0.496741,0.544786,0.456929,0.511474,0.476828,0.271167,0.093683,0.373235,0.371524,0.063334,0.257291,0.331945,0.345352,0.282722,0.295779,0.070785,0.133196,-0.076703,0.034133,-0.162799,-0.142446,0.502294,0.379656,0.571618,0.516909,0.504925,0.522974,0.464919,0.510149,0.523586,0.579306,0.476796,0.564476,0.613918,0.617568,0.578822,0.553580,0.634052,0.582533,0.419473,0.476117,0.396126,0.317909,0.512055,0.526813,0.445238,0.484064,0.513771,0.602857,0.491008,0.549643,0.555871,0.355147,0.514229,0.573179,0.197948,0.103999,-0.183947,-0.024701,-0.181708,-0.053565,0.452010,0.265082,0.340631,0.302458,0.542584,0.486730,0.542797,0.532784,0.552505,0.504934,0.298984,0.096644,0.476837,0.424079,0.128329,0.277120,0.472067,0.415999,-0.191608,0.014004,-0.053389,0.180584
0.590898,0.487609,0.636361,0.649882,0.601108,0.570809,0.634296,0.572222,0.478185,0.429959,0.550908,0.358783,0.422256,0.225245,0.588384,0.465171,0.276578,0.543587,0.531111,0.596821,0.464623,0.570633,0.608979,0.000000,0.286290,0.261656,0.510348,0.526295,0.207593,0.509766,0.593804,0.575835,0.503653,0.374805,0.458437,0.390792,0.401546,0.387189,0.162478,-0.049827,0.264660,0.277708,-0.132895,0.102646,0.203815,0.194424,0.114916,0.145613,-0.060511,0.005977,-0.267839,-0.125052,-0.357264,-0.326464,0.407869,0.280617,0.446164,0.369431,0.365156,0.423267,0.294772,0.379488,0.414899,0.521712,0.342177,0.483632,0.564031,0.574082,0.607547,0.558653,0.598247,0.594195,0.333370,0.421035,0.464607,0.430751,0.437598,0.469016,0.273573,0.422500,0.390156,0.569210,0.386140,0.526692,0.443519,0.206339,0.573490,0.604104,0.021130,-0.042727,-0.373268,-0.193218,-0.359051,-0.216338,0.393811,0.195333,0.182070,0.168313,0.453020,0.417137,0.562789,0.556824,0.590994,0.542240,0.167648,-0.065294,0.519450,0.516088,0.086682,0.152206,0.368607,0.254845,-0.362960,-0.169742,-0.229403,0.149053
0.397405,0.504163,0.293725,0.266766,0.214614,0.158817,0.202833,0.457172,0.464519,0.402168,0.438126,0.552189,0.515099,0.566650,0.388432,0.492877,0.535761,0.380687,0.393700,0.367889,0.437873,0.270427,0.419355,0.286290,0.000000,0.619046,0.139619,0.072462,0.524514,0.461129,0.432395,0.474707,0.461836,0.547723,0.494519,0.422366,0.520423,0.538367,0.498564,0.474756,0.500001,0.461230,0.417867,0.499803,0.520246,0.517798,0.498824,0.522305,0.418283,0.406202,0.332495,0.349537,0.247037,0.275841,0.470851,0.503042,0.537475,0.509856,0.464006,0.427397,0.482600,0.477807,0.525084,0.447667,0.516614,0.452394,0.444081,0.435171,0.282769,0.300392,0.372217,0.400798,0.473503,0.371979,0.131704,0.170315,0.460239,0.480757,0.555448,0.516493,0.537187,0.488951,0.533497,0.477024,0.503564,0.561163,0.247155,0.363968,0.389791,0.454444,0.274974,0.371827,0.280606,0.363214,0.445739,0.331589,0.530365,0.543472,0.525367,0.487034,0.365542,0.269250,0.286759,0.323068,0.470632,0.459582,0.160650,0.162780,0.124111,0.531961,0.538144,0.548961,0.263831,0.426720,0.308326,0.224717
0.383098,0.483528,0.269235,0.235739,0.154490,0.122484,0.174283,0.431492,0.416317,0.327913,0.422346,0.509967,0.517883,0.577173,0.356918,0.525679,0.564289,0.297742,0.379510,0.347906,0.406130,0.247545,0.373278,0.261656,0.619046,0.000000,0.119893,0.060502,0.567375,0.399726,0.415992,0.466210,0.432124,0.540115,0.483759,0.398896,0.497725,0.543909,0.493364,0.512544,0.470141,0.468366,0.431255,0.503938,0.526354,0.516700,0.511839,0.540037,0.478832,0.458709,0.349293,0.383019,0.254670,0.302307,0.471067,0.531157,0.491096,0.479072,0.443866,0.417997,0.432980,0.446751,0.513186,0.417456,0.490339,0.433644,0.438969,0.427628,0.271019,0.297789,0.314117,0.416900,0.481243,0.357005,0.117761,0.229673,0.444881,0.477882,0.483810,0.477922,0.470527,0.470510,0.503877,0.478791,0.444530,0.557692,0.203474,0.358915,0.343546,0.513866,0.288052,0.423298,0.311168,0.421083,0.444751,0.313653,0.514537,0.567490,0.532849,0.505149,0.369364,0.265277,0.266682,0.356093,0.479661,0.490655,0.116181,0.174392,0.139896,0.516784,0.512551,0.548906,0.301646,0.444044,0.331456,0.252647
0.401076,0.274761,0.473412,0.489804,0.540938,0.566772,0.494025,0.367917,0.347929,0.404809,0.393225,0.187920,0.253301,0.085627,0.491052,0.351424,0.178853,0.422560,0.300467,0.413219,0.334803,0.503192,0.443493,0.510348,0.139619,0.119893,0.000000,0.630077,0.064859,0.380180,0.382295,0.380757,0.279984,0.151304,0.243099,0.184052,0.337886,0.224809,0.026245,-0.109515,0.088206,0.216521,-0.259042,-0.066300,0.053281,0.001595,-0.076127,-0.034266,-0.181865,-0.125836,-0.351932,-0.252427,-0.417111,-0.413194,0.281036,0.095826,0.269572,0.176340,0.169586,0.202606,0.083633,0.150922,0.269116,0.323089,0.174245,0.271899,0.358014,0.374938,0.450705,0.380489,0.451470,0.457910,0.125290,0.231180,0.319698,0.329070,0.227477,0.266006,0.147705,0.289693,0.247526,0.389171,0.219369,0.349534,0.275248,0.025694,0.473441,0.468872,-0.035444,-0.154636,-0.406467,-0.277546,-0.386685,-0.303508,0.333872,0.185562,0.084467,0.055043,0.267120,0.192987,0.413788,0.435215,0.463929,0.393680,0.130881,-0.076956,0.492374,0.398766,0.056012,-0.033889,0.209834,0.050748,-0.370714,-0.245483,-0.350984,0.111483
0.382250,0.237797,0.472395,0.508229,0.554102,0.602639,0.517581,0.358864,0.323427,0.388162,0.356421,0.135459,0.206205,0.016754,0.481099,0.327006,0.088502,0.406433,0.294766,0.414694,0.295503,0.489844,0.416331,0.526295,0.072462,0.060502,0.630077,0.000000,-0.028862,0.329453,0.377361,0.369230,0.265847,0.114141,0.211900,0.158025,0.249521,0.162946,-0.026741,-0.195120,0.045321,0.146917,-0.327002,-0.121849,0.009669,-0.047910,-0.124003,-0.089223,-0.221422,-0.158492,-0.410262,-0.285956,-0.475026,-0.470129,0.249544,0.065094,0.228810,0.138594,0.127783,0.186565,0.032221,0.126021,0.220176,0.320915,0.114860,0.254506,0.340150,0.357065,0.460004,0.399480,0.437077,0.441973,0.081844,0.208256,0.366710,0.336891,0.213023,0.248439,0.072821,0.267640,0.203920,0.376561,0.156165,0.334129,0.244206,-0.025084,0.494976,0.480175,-0.076185,-0.217840,-0.476420,-0.332222,-0.457831,-0.357305,0.270511,0.130041,-0.000692,-0.022625,0.235224,0.177670,0.399169,0.429410,0.468077,0.385202,0.035384,-0.178515,0.484808,0.400971,0.024640,-0.095145,0.141198,-0.000905,-0.440225,-0.324519,-0.409241,0.075272
0.360655,0.456589,0.234181,0.180948,0.073908,0.032633,0.123101,0.355099,0.361392,0.229655,0.413514,0.462293,0.485176,0.542981,0.269489,0.463117,0.612525,0.205429,0.322229,0.279595,0.341837,0.197567,0.334307,0.207593,0.524514,0.567375,0.064859,-0.028862,0.000000,0.352506,0.352656,0.401563,0.380107,0.497428,0.437346,0.407632,0.482648,0.545554,0.418646,0.487757,0.401963,0.465866,0.433944,0.469152,0.451961,0.494702,0.461755,0.491277,0.411871,0.395291,0.322119,0.349188,0.249830,0.316236,0.384912,0.485670,0.424204,0.425027,0.413245,0.373145,0.423523,0.407635,0.477875,0.342205,0.460087,0.369639,0.397956,0.395966,0.206996,0.219815,0.264303,0.405641,0.507513,0.356169,0.083707,0.276614,0.410406,0.448620,0.421641,0.401723,0.372649,0.389011,0.455207,0.415389,0.334415,0.494815,0.102623,0.264235,0.209029,0.516783,0.278727,0.391391,0.299604,0.385445,0.433569,0.256467,0.484758,0.549859,0.470275,0.438307,0.331024,0.277043,0.215692,0.377628,0.455642,0.490997,0.079598,0.220666,0.156249,0.491206,0.529176,0.505253,0.306916,0.443940,0.350685,0.258157
0.582433,0.564060,0.552283,0.524036,0.475244,0.371012,0.507342,0.578289,0.451570,0.404557,0.580721,0.527177,0.543298,0.429547,0.556020,0.449813,0.439764,0.604806,0.504826,0.546462,0.470498,0.468615,0.600003,0.509766,0.461129,0.399726,0.380180,0.329453,0.352506,0.000000,0.562583,0.561205,0.533660,0.475211,0.467673,0.405017,0.530053,0.481831,0.312106,0.142389,0.383874,0.369236,0.159755,0.331257,0.408107,0.399034,0.331310,0.363827,0.133145,0.191761,0.039874,0.103893,-0.048012,-0.064561,0.498029,0.373276,0.583398,0.524492,0.522496,0.511458,0.472592,0.496443,0.530052,0.544001,0.490661,0.522404,0.551351,0.555980,0.510793,0.467368,0.602267,0.504118,0.410615,0.491036,0.357817,0.246865,0.463008,0.475912,0.522998,0.501710,0.588691,0.585478,0.505929,0.515727,0.589203,0.387133,0.458801,0.501704,0.308223,0.129895,-0.067740,0.057013,-0.070061,0.027793,0.415459,0.297450,0.414826,0.350911,0.522944,0.449559,0.471209,0.442823,0.476632,0.395726,0.338427,0.174227,0.415763,0.315506,0.105122,0.367963,0.503343,0.468651,-0.090014,0.081277,-0.014618,0.175971
0.633376,0.607877,0.617050,0.601567,0.492571,0.426425,0.573975,0.638344,0.502116,0.417740,0.587290,0.504185,0.539920,0.409751,0.556123,0.495477,0.375275,0.546458,0.611389,0.626622,0.496449,0.493283,0.626694,0.593804,0.432395,0.415992,0.382295,0.377361,0.352656,0.562583,0.000000,0.643321,0.614885,0.544846,0.562446,0.485627,0.464538,0.471993,0.313726,0.130894,0.400017,0.337506,0.098377,0.295970,0.372586,0.379258,0.343018,0.354272,0.150976,0.195095,-0.032244,0.096003,-0.117791,-0.082116,0.533043,0.437484,0.568465,0.539219,0.522560,0.555995,0.470685,0.542096,0.537266,0.613011,0.456534,0.573810,0.631805,0.632153,0.600161,0.597181,0.595246,0.582019,0.456911,0.505911,0.429123,0.359734,0.548352,0.565165,0.413925,0.468757,0.486356,0.597304,0.485532,0.563801,0.535813,0.386326,0.510296,0.579415,0.201305,0.167164,-0.150604,0.033502,-0.141148,0.001950,0.444581,0.283084,0.366715,0.343714,0.573870,0.547638,0.566332,0.514566,0.561738,0.530176,0.291994,0.093687,0.454214,0.435483,0.127053,0.313857,0.488098,0.450508,-0.169865,0.044115,-0.002289,0.176309
0.619989,0.612347,0.586368,0.573513,0.475381,0.429755,0.536583,0.635479,0.520824,0.455419,0.594423,0.538290,0.572377,0.461438,0.578345,0.553176,0.431144,0.541625,0.591425,0.606208,0.500202,0.485690,0.614671,0.575835,0.474707,0.466210,0.380757,0.369230,0.401563,0.561205,0.643321,0.000000,0.618089,0.568091,0.572425,0.504519,0.509569,0.513009,0.365792,0.204819,0.420504,0.399364,0.154332,0.350304,0.419279,0.431307,0.379043,0.397166,0.217574,0.263113,0.026552,0.153883,-0.073924,-0.042286,0.560299,0.478323,0.587565,0.553406,0.534652,0.559494,0.489953,0.554377,0.573253,0.612186,0.498748,0.584478,0.628682,0.631929,0.567647,0.564073,0.588029,0.596349,0.472243,0.502713,0.417716,0.368399,0.569818,0.593721,0.442632,0.513860,0.508768,0.609771,0.507269,0.580114,0.548647,0.435858,0.501601,0.584740,0.240551,0.228259,-0.092687,0.096043,-0.078023,0.067658,0.468608,0.293454,0.403054,0.396371,0.594300,0.559870,0.557526,0.493273,0.537206,0.523843,0.342238,0.174424,0.418249,0.406086,0.136398,0.363199,0.524837,0.486200,-0.096591,0.121183,0.049891,0.208881
0.596758,0.630004,0.543738,0.522777,0.387522,0.319907,0.483714,0.616594,0.479577,0.407782,0.550456,0.566611,0.545898,0.475838,0.487852,0.450629,0.377252,0.522417,0.599397,0.590536,0.450170,0.397709,0.590162,0.503653,0.461836,0.432124,0.279984,0.265847,0.380107,0.533660,0.614885,0.618089,0.000000,0.612014,0.588359,0.506532,0.460759,0.454507,0.327700,0.209293,0.425498,0.370629,0.238378,0.399454,0.438481,0.468761,0.445478,0.431719,0.248749,0.282915,0.105343,0.211069,0.018900,0.050031,0.550093,0.473208,0.607729,0.594276,0.571595,0.579054,0.564141,0.609476,0.563025,0.622955,0.515465,0.597607,0.620782,0.614568,0.515125,0.550985,0.547463,0.516827,0.491378,0.508843,0.365953,0.248676,0.584302,0.582736,0.466144,0.485816,0.511154,0.565322,0.474835,0.509504,0.564293,0.478324,0.412560,0.489660,0.310294,0.257934,-0.004237,0.158199,-0.004202,0.120875,0.419281,0.265837,0.407626,0.380083,0.576909,0.538665,0.480152,0.452024,0.463184,0.441186,0.344413,0.185142,0.362110,0.302867,0.149109,0.351388,0.488931,0.509152,-0.026298,0.179602,0.144320,0.186383
0.513122,0.609822,0.415968,0.383076,0.236413,0.179263,0.321834,0.558999,0.474687,0.380694,0.494311,0.598036,0.562481,0.581965,0.407851,0.477774,0.471795,0.422962,0.549991,0.507472,0.432625,0.294136,0.496741,0.374805,0.547723,0.540115,0.151304,0.114141,0.497428,0.475211,0.544846,0.568091,0.612014,0.000000,0.588353,0.524711,0.486407,0.496754,0.429652,0.396028,0.493702,0.437200,0.404177,0.518286,0.534464,0.553791,0.560549,0.553609,0.411972,0.410143,0.283621,0.352593,0.198356,0.247107,0.564333,0.554264,0.593075,0.602102,0.569260,0.543339,0.574114,0.603563,0.593235,0.574425,0.553359,0.570203,0.574507,0.562765,0.414583,0.471176,0.433360,0.462894,0.554816,0.494531,0.243067,0.194810,0.583325,0.593289,0.506068,0.500558,0.514354,0.523124,0.500954,0.492761,0.540140,0.588158,0.292837,0.413953,0.371402,0.441936,0.197083,0.345762,0.200341,0.311754,0.442407,0.299197,0.504167,0.510310,0.594382,0.561227,0.428711,0.377809,0.365061,0.393333,0.444626,0.362392,0.230714,0.215394,0.176230,0.463886,0.529891,0.580436,0.176122,0.365556,0.297795,0.234245
0.540050,0.576879,0.477069,0.456308,0.325335,0.286735,0.403990,0.568365,0.500144,0.420276,0.528542,0.548829,0.544096,0.495519,0.454043,0.484787,0.431449,0.452281,0.555057,0.520113,0.453299,0.374608,0.544786,0.458437,0.494519,0.483759,0.243099,0.211900,0.437346,0.467673,0.562446,0.572425,0.588359,0.588353,0.000000,0.537659,0.475504,0.489075,0.382628,0.290676,0.450150,0.435781,0.261334,0.391198,0.416882,0.452904,0.447657,0.441558,0.281658,0.306383,0.140441,0.244296,0.068674,0.128191,0.519084,0.498215,0.558990,0.545342,0.505137,0.512214,0.522334,0.561429,0.546089,0.558428,0.554652,0.590944,0.599056,0.585421,0.458666,0.499815,0.481348,0.508567,0.483319,0.440367,0.254786,0.256951,0.558389,0.567983,0.447124,0.503224,0.474703,0.555628,0.480103,0.509195,0.528063,0.512030,0.358707,0.480871,0.280975,0.349870,0.059624,0.237081,0.064498,0.205629,0.460571,0.297964,0.441786,0.444186,0.574733,0.553483,0.465570,0.444455,0.419404,0.450107,0.373187,0.270197,0.294213,0.299875,0.106906,0.377948,0.497277,0.500818,0.052974,0.250185,0.187106,0.194595
0.467591,0.503854,0.405698,0.388021,0.283309,0.225016,0.346789,0.484394,0.427846,0.321926,0.481873,0.508977,0.492683,0.445563,0.396890,0.424029,0.390544,0.384429,0.476601,0.446297,0.337362,0.293117,0.456929,0.390792,0.422366,0.398896,0.184052,0.158025,0.407632,0.405017,0.485627,0.504519,0.506532,0.524711,0.537659,0.000000,0.385836,0.398927,0.345561,0.235306,0.342346,0.317625,0.239118,0.363207,0.361207,0.417683,0.386115,0.400061,0.217160,0.221426,0.121544,0.196077,0.069690,0.113163,0.470282,0.447212,0.479055,0.462760,0.411502,0.439304,0.467789,0.510312,0.504697,0.511095,0.481372,0.508586,0.498531,0.522516,0.419795,0.408164,0.411774,0.438671,0.449259,0.439964,0.303453,0.269100,0.513889,0.522695,0.375213,0.460414,0.408856,0.460520,0.381595,0.404965,0.418664,0.420104,0.311722,0.415167,0.222117,0.282685,0.032892,0.165631,0.026102,0.121193,0.347024,0.201265,0.358910,0.367183,0.468112,0.461967,0.411260,0.399805,0.394001,0.388227,0.256068,0.163526,0.248661,0.291731,0.098354,0.359882,0.547834,0.419950,0.005215,0.216053,0.125748,0.172732
0.482864,0.528398,0.420707,0.389887,0.338548,0.300814,0.333669,0.495567,0.469716,0.456650,0.499203,0.511720,0.513870,0.491772,0.482016,0.507251,0.538813,0.468005,0.421979,0.438982,0.532046,0.443117,0.511474,0.401546,0.520423,0.497725,0.337886,0.249521,0.482648,0.530053,0.464538,0.509569,0.460759,0.486407,0.475504,0.385836,0.000000,0.600034,0.435492,0.385711,0.476029,0.509753,0.258905,0.396912,0.429628,0.412485,0.383652,0.420622,0.272828,0.298381,0.159628,0.207834,0.068988,0.076465,0.518118,0.460339,0.547582,0.502575,0.490947,0.442842,0.443977,0.432138,0.534065,0.448762,0.483679,0.440925,0.494080,0.493407,0.383637,0.365161,0.476547,0.497030,0.421660,0.385217,0.176481,0.206707,0.457831,0.491913,0.533536,0.490140,0.528291,0.515563,0.567669,0.533066,0.516894,0.467997,0.373517,0.465311,0.300066,0.320302,0.091667,0.205588,0.102161,0.187013,0.508625,0.297587,0.465419,0.480083,0.547093,0.472868,0.479413,0.400151,0.421651,0.429309,0.491790,0.391801,0.315861,0.304915,0.140970,0.392921,0.527353,0.498382,0.101543,0.289072,0.145065,0.284909
0.475027,0.534146,0.398219,0.370066,0.290626,0.254696,0.308259,0.489238,0.452359,0.388568,0.484045,0.486873,0.513467,0.495598,0.451329,0.537064,0.564721,0.399303,0.423237,0.420924,0.523123,0.411929,0.476828,0.387189,0.538367,0.543909,0.224809,0.162946,0.545554,0.481831,0.471993,0.513009,0.454507,0.496754,0.489075,0.398927,0.600034,0.000000,0.486326,0.417091,0.503230,0.486711,0.289523,0.423023,0.445475,0.447308,0.416874,0.463791,0.340430,0.371271,0.196414,0.277495,0.110332,0.141130,0.467699,0.515847,0.521091,0.493959,0.484371,0.466849,0.431508,0.433637,0.513033,0.437480,0.454402,0.435079,0.499455,0.499356,0.372943,0.367116,0.439007,0.506606,0.456942,0.382722,0.187905,0.286003,0.468222,0.508123,0.494607,0.478545,0.496985,0.521353,0.585113,0.580433,0.477493,0.490216,0.358572,0.466445,0.227135,0.386234,0.117400,0.258146,0.133834,0.254954,0.486997,0.276253,0.474142,0.518890,0.561922,0.543241,0.500862,0.382571,0.420917,0.495977,0.477671,0.403085,0.282234,0.362903,0.142354,0.478647,0.557649,0.538839,0.122903,0.318335,0.214946,0.273882
