0.000000 0.792851 0.792283 0.713963 0.650894 0.843693 0.749550 0.634372 0.618340 0.781088 0.889781 0.760953 0.810098 0.672084 0.766592 0.727988 0.759109 0.715192 0.817211 0.853876 0.785960 0.773746 0.723825 0.730536 0.764214 0.796942 0.514941 0.593188 0.737549 0.735071 0.781554 0.733134 0.796396 0.827013 0.597253 0.723655 0.831600 0.783851 0.798492 0.236575 0.875568 0.657091 -0.306785 0.009357 0.061765 -0.175142 0.031142 0.023903 -0.218910 -0.497571 -0.355745 -0.398704 -0.458665 -0.575832 0.217616 0.438428 0.903759 0.652164 -0.269011 -0.444282 0.281312 0.037529 0.749758 0.606544 0.168108 -0.023476 0.305784 0.244782 0.677102 0.454069 0.779489 0.712798 0.664248 0.618812 0.788972 0.775504 0.784483 0.756981 -0.268199 -0.343642 0.045215 0.136670 0.759944 0.707156 0.173701 0.104664 0.825647 0.739234 -0.298758 0.468427 0.817571 0.737324 0.299495 0.794707 0.750709 0.446587 0.708430 0.725903 0.822850 0.838499 0.863717 0.786157 0.866856 0.821002 0.742841 0.761506 0.656752 0.720523 0.510503 0.219844 0.290116 0.577491 0.578984 0.446672 -0.305753 0.624388
0.792851 0.000000 0.515535 0.508937 0.438773 0.699456 0.480964 0.456691 0.395476 0.555754 0.676761 0.675140 0.580313 0.589077 0.503775 0.506869 0.761900 0.780241 0.619349 0.764724 0.535784 0.526555 0.474473 0.473225 0.591373 0.631262 0.549356 0.632426 0.604949 0.563964 0.541540 0.509546 0.767951 0.772561 0.534690 0.602109 0.581938 0.557144 0.567258 0.334626 0.625780 0.395978 0.026403 0.334301 0.315734 0.213808 0.307244 0.315664 0.082109 -0.120736 -0.071035 -0.006034 -0.191930 -0.254397 0.333394 0.555697 0.851260 0.889820 0.051021 -0.114541 0.383673 0.279702 0.759565 0.771235 0.246985 0.278632 0.575046 0.550237 0.767276 0.593019 0.489299 0.479547 0.460491 0.430275 0.487253 0.559633 0.571489 0.531816 -0.087850 -0.012843 0.233620 0.467327 0.633948 0.514359 0.363406 0.414054 0.533804 0.498651 -0.070528 0.530116 0.668296 0.590952 0.262833 0.591782 0.497186 0.357146 0.551552 0.568335 0.645612 0.599712 0.608867 0.568353 0.572526 0.548216 0.545123 0.568345 0.351135 0.423538 0.280453 0.207639 0.304115 0.436201 0.498176 0.361286 -0.149392 0.376558
0.792283 0.515535 0.000000 0.915911 0.806788 0.753305 0.948619 0.880870 0.830451 0.882440 0.814611 0.831675 0.898234 0.819702 0.893157 0.863350 0.701501 0.546251 0.890395 0.825420 0.885693 0.798017 0.922381 0.945302 0.806063 0.791468 0.216774 0.266112 0.788814 0.854004 0.927136 0.902313 0.633751 0.705026 0.296287 0.461826 0.853453 0.776930 0.716647 -0.036104 0.806880 0.708159 -0.661051 -0.355103 -0.005520 -0.466013 -0.419944 -0.404879 -0.379730 -0.650345 -0.677338 -0.681860 -0.778719 -0.805479 -0.197738 0.033238 0.699391 0.352298 -0.638775 -0.756455 0.043354 -0.123834 0.572911 0.405814 0.096942 -0.380111 -0.069496 -0.190847 0.284425 0.060514 0.887934 0.846899 0.530564 0.460533 0.868350 0.763640 0.756437 0.794067 -0.608072 -0.583808 -0.380270 -0.212595 0.617224 0.815954 -0.253216 -0.306466 0.889609 0.845908 -0.683619 0.263629 0.590225 0.588497 -0.023557 0.678619 0.775899 0.248198 0.449790 0.581739 0.609521 0.785500 0.708165 0.759762 0.865739 0.879172 0.527388 0.657895 0.537529 0.878993 0.546642 0.190776 0.019716 0.628260 0.343941 0.118046 -0.581400 0.637211
0.713963 0.508937 0.915911 0.000000 0.734764 0.672253 0.915366 0.929350 0.806642 0.862086 0.726294 0.863102 0.850673 0.885197 0.865838 0.868922 0.707986 0.497703 0.871669 0.791722 0.851447 0.788637 0.925371 0.931531 0.784949 0.769961 0.151600 0.228315 0.747976 0.841042 0.898797 0.873743 0.581195 0.637523 0.157128 0.338030 0.791496 0.716992 0.632072 -0.096774 0.729398 0.588660 -0.668749 -0.360905 0.034736 -0.459032 -0.442249 -0.447206 -0.378854 -0.633884 -0.683184 -0.657950 -0.787550 -0.795076 -0.291574 -0.016638 0.626059 0.341832 -0.649729 -0.771047 -0.044552 -0.134353 0.561385 0.382842 0.108869 -0.401365 -0.064375 -0.184720 0.197500 -0.071217 0.822567 0.812212 0.434541 0.337270 0.798145 0.741337 0.672361 0.720364 -0.679351 -0.568624 -0.464444 -0.196514 0.578475 0.847130 -0.324735 -0.295224 0.844640 0.853210 -0.736737 0.250575 0.523256 0.529381 -0.170110 0.604930 0.733267 0.179863 0.307167 0.495761 0.512253 0.716630 0.611937 0.741968 0.793049 0.839320 0.402520 0.608747 0.422759 0.837542 0.501473 0.125865 -0.091187 0.581044 0.267855 0.023947 -0.622355 0.575050
0.650894 0.438773 0.806788 0.734764 0.000000 0.776665 0.799030 0.669045 0.927808 0.851200 0.761097 0.755740 0.853602 0.667857 0.857333 0.821931 0.602787 0.554781 0.686876 0.763138 0.833261 0.661224 0.677958 0.779472 0.837445 0.817600 0.255282 0.258997 0.848721 0.774138 0.865822 0.893413 0.640055 0.744881 0.410904 0.491589 0.764553 0.665066 0.686572 0.207591 0.708543 0.761630 -0.481675 -0.207465 0.166611 -0.222623 -0.304947 -0.197095 -0.110397 -0.408989 -0.479997 -0.448653 -0.631484 -0.592331 -0.009450 0.148974 0.690132 0.436050 -0.446795 -0.532939 0.207580 0.075575 0.547375 0.501810 0.032542 -0.247373 -0.036255 -0.146279 0.345818 0.220593 0.871303 0.885022 0.631360 0.607696 0.804695 0.637313 0.767563 0.796745 -0.374102 -0.270673 -0.159699 -0.010017 0.486925 0.583009 -0.090137 -0.121592 0.764788 0.665135 -0.527114 0.400082 0.471887 0.541552 0.162548 0.622932 0.685367 0.334384 0.492223 0.647160 0.585575 0.702963 0.635571 0.606671 0.739297 0.752124 0.516835 0.578812 0.489835 0.720614 0.477768 0.254096 0.175123 0.590016 0.319201 0.135807 -0.423739 0.516116
0.843693 0.699456 0.753305 0.672253 0.776665 0.000000 0.715903 0.569934 0.722125 0.847779 0.839234 0.744327 0.817001 0.667418 0.796123 0.749911 0.675330 0.691318 0.712800 0.825057 0.787477 0.712291 0.662299 0.706744 0.820169 0.869188 0.586998 0.662740 0.770461 0.729770 0.798908 0.775418 0.751539 0.801360 0.571474 0.667995 0.764324 0.680900 0.734154 0.257746 0.800375 0.611741 -0.311262 0.002469 0.073150 -0.144183 -0.007697 0.018185 -0.162961 -0.452812 -0.367445 -0.367019 -0.479479 -0.547875 0.201909 0.389056 0.853066 0.637346 -0.295797 -0.437104 0.237935 0.011488 0.681058 0.617603 0.114548 -0.037427 0.235485 0.174947 0.624308 0.446124 0.816967 0.763492 0.631831 0.631494 0.775100 0.760911 0.787073 0.749281 -0.285212 -0.292042 0.054369 0.161547 0.612968 0.606478 0.187108 0.134604 0.793914 0.700746 -0.319064 0.486560 0.718645 0.667175 0.278796 0.732175 0.666524 0.374779 0.671925 0.721580 0.762363 0.788953 0.790195 0.705360 0.822032 0.785951 0.694069 0.685833 0.571770 0.678930 0.427339 0.320240 0.252128 0.581116 0.508621 0.352943 -0.334252 0.564669
0.749550 0.480964 0.948619 0.915366 0.799030 0.715903 0.000000 0.896402 0.834045 0.872770 0.785465 0.843960 0.889331 0.824288 0.895069 0.870494 0.703216 0.519394 0.883237 0.793837 0.876069 0.788022 0.927475 0.950978 0.782706 0.768955 0.190459 0.238789 0.777473 0.846394 0.924234 0.898851 0.611290 0.681395 0.229551 0.403352 0.830063 0.740480 0.681495 -0.101928 0.774442 0.688978 -0.699476 -0.388786 0.004247 -0.485118 -0.479723 -0.455317 -0.385587 -0.652474 -0.700741 -0.688896 -0.820872 -0.825297 -0.266085 -0.017910 0.660644 0.327601 -0.654582 -0.776637 0.036113 -0.108503 0.577598 0.410804 0.082610 -0.407178 -0.088589 -0.213402 0.231715 -0.002405 0.875455 0.844104 0.493865 0.419705 0.859768 0.758601 0.725422 0.776336 -0.658478 -0.598996 -0.434312 -0.243608 0.599486 0.832627 -0.311467 -0.340191 0.877814 0.859242 -0.746748 0.242716 0.538658 0.558947 -0.096713 0.641715 0.756119 0.211431 0.397683 0.559661 0.565717 0.772719 0.661784 0.751503 0.842185 0.873881 0.463186 0.621817 0.479359 0.887341 0.528063 0.178181 -0.019128 0.636319 0.300966 0.061967 -0.626873 0.615839
0.634372 0.456691 0.880870 0.929350 0.669045 0.569934 0.896402 0.000000 0.742191 0.775025 0.638027 0.830589 0.781132 0.865550 0.786689 0.793084 0.676151 0.459711 0.850784 0.744721 0.771182 0.708024 0.905658 0.904451 0.669659 0.648952 0.042930 0.110079 0.679942 0.807550 0.839088 0.818567 0.509003 0.583882 0.060429 0.241326 0.705207 0.638334 0.525641 -0.202682 0.630293 0.540423 -0.675628 -0.384021 0.062598 -0.451961 -0.504233 -0.498798 -0.338423 -0.564075 -0.683950 -0.634693 -0.791378 -0.764702 -0.373944 -0.124204 0.539319 0.276652 -0.641421 -0.751319 -0.052162 -0.095180 0.501868 0.357822 0.071901 -0.431194 -0.115003 -0.225741 0.118828 -0.133075 0.742398 0.740136 0.336564 0.242284 0.727579 0.630998 0.568752 0.642005 -0.706117 -0.559445 -0.526909 -0.250462 0.517584 0.807159 -0.411910 -0.387998 0.753095 0.778146 -0.770224 0.135436 0.408002 0.430802 -0.250599 0.503759 0.660701 0.101446 0.192722 0.378784 0.397435 0.619805 0.492084 0.647699 0.697555 0.757137 0.279115 0.502406 0.327007 0.782981 0.473659 0.070795 -0.159791 0.551194 0.169971 -0.090346 -0.635026 0.511745
0.618340 0.395476 0.830451 0.806642 0.927808 0.722125 0.834045 0.742191 0.000000 0.884639 0.743113 0.806430 0.883980 0.745461 0.899107 0.889597 0.612374 0.501213 0.692428 0.757190 0.861699 0.727659 0.735603 0.825439 0.854624 0.841301 0.181274 0.229091 0.848250 0.800117 0.891460 0.924250 0.588378 0.700745 0.310706 0.421621 0.789370 0.691425 0.685258 0.163923 0.719832 0.741288 -0.561271 -0.288472 0.151659 -0.296561 -0.363598 -0.282998 -0.176777 -0.498069 -0.550095 -0.522035 -0.699158 -0.658330 -0.112387 0.100499 0.636479 0.373372 -0.531616 -0.625640 0.096268 0.008044 0.549191 0.433766 0.052555 -0.319982 -0.076089 -0.191642 0.255202 0.111176 0.877794 0.919693 0.617036 0.540627 0.800080 0.674131 0.761762 0.808313 -0.470077 -0.328085 -0.274253 -0.049405 0.490827 0.663308 -0.191492 -0.157566 0.803850 0.741971 -0.622323 0.393915 0.473803 0.552925 0.061066 0.627850 0.722552 0.318668 0.422581 0.630543 0.555966 0.723170 0.628353 0.672673 0.758017 0.792491 0.476948 0.619012 0.465002 0.767477 0.505100 0.188985 0.097266 0.596747 0.315847 0.117645 -0.485141 0.526515
0.781088 0.555754 0.882440 0.862086 0.851200 0.847779 0.872770 0.775025 0.884639 0.000000 0.824513 0.853437 0.907716 0.817621 0.932788 0.930205 0.708181 0.578114 0.792828 0.833987 0.912548 0.829567 0.821543 0.879105 0.905260 0.917811 0.369796 0.454805 0.845432 0.830825 0.914729 0.917158 0.646866 0.729445 0.354112 0.517922 0.854312 0.747273 0.761986 0.109674 0.836195 0.668679 -0.584485 -0.268273 0.001374 -0.381176 -0.296564 -0.269014 -0.354100 -0.655683 -0.609115 -0.601806 -0.720629 -0.752467 -0.088032 0.193582 0.744197 0.463375 -0.581005 -0.703241 0.004801 -0.105355 0.660846 0.484234 0.045309 -0.295827 0.000375 -0.089494 0.389446 0.155885 0.889792 0.901076 0.609747 0.516842 0.862387 0.844911 0.804414 0.822943 -0.552279 -0.472369 -0.276513 -0.031039 0.609090 0.786604 -0.147666 -0.087355 0.913954 0.881032 -0.622017 0.453228 0.659033 0.663790 0.051215 0.741716 0.771855 0.304290 0.514174 0.693983 0.679252 0.838235 0.768986 0.824575 0.888102 0.909944 0.580688 0.717695 0.517089 0.857771 0.508067 0.238059 0.049940 0.606095 0.422144 0.204658 -0.549006 0.635299
0.889781 0.676761 0.814611 0.726294 0.761097 0.839234 0.785465 0.638027 0.743113 0.824513 0.000000 0.793323 0.880383 0.669771 0.821639 0.786105 0.734996 0.704369 0.772121 0.813675 0.808120 0.745162 0.725579 0.761651 0.805591 0.832970 0.409657 0.494201 0.842154 0.783139 0.837079 0.816482 0.798069 0.850744 0.600513 0.716724 0.848794 0.780189 0.821060 0.305343 0.862805 0.762271 -0.316993 -0.006061 0.116078 -0.156483 -0.021517 -0.002965 -0.142571 -0.461457 -0.343376 -0.390776 -0.470696 -0.562602 0.240827 0.422894 0.860348 0.592859 -0.315554 -0.456356 0.308434 0.095850 0.735272 0.634115 0.135530 -0.049708 0.217452 0.136446 0.592363 0.414227 0.863947 0.812156 0.758278 0.716312 0.832114 0.778536 0.861552 0.847743 -0.247502 -0.287558 0.060105 0.140280 0.674725 0.659171 0.166698 0.074905 0.849784 0.734906 -0.323862 0.506674 0.783082 0.765880 0.359950 0.804603 0.746462 0.465469 0.752660 0.792720 0.843718 0.863494 0.863633 0.774336 0.865589 0.828526 0.752931 0.781763 0.676723 0.741131 0.480889 0.315613 0.352159 0.637585 0.595615 0.465295 -0.274162 0.656684
0.760953 0.675140 0.831675 0.863102 0.755740 0.744327 0.843960 0.830589 0.806430 0.853437 0.793323 0.000000 0.868669 0.868984 0.839882 0.862919 0.784593 0.646629 0.803802 0.840426 0.813815 0.762096 0.815246 0.842997 0.792370 0.823280 0.275894 0.396146 0.823820 0.838281 0.869669 0.869311 0.697013 0.775420 0.302134 0.452951 0.768973 0.676402 0.646029 0.104485 0.743269 0.617732 -0.458006 -0.131415 0.193523 -0.201296 -0.199215 -0.174604 -0.163418 -0.464489 -0.462812 -0.418610 -0.636324 -0.636382 -0.067721 0.227231 0.740296 0.576452 -0.441925 -0.575586 0.124800 0.058766 0.746866 0.624864 0.111401 -0.195390 0.146523 0.060990 0.413625 0.184244 0.797551 0.835532 0.572111 0.471528 0.753173 0.734795 0.701656 0.747506 -0.502368 -0.321116 -0.228488 0.088980 0.616466 0.771950 -0.102713 -0.015284 0.805677 0.801252 -0.576983 0.450998 0.595583 0.634167 -0.000459 0.667720 0.697445 0.280648 0.436677 0.627297 0.618304 0.760562 0.662791 0.755455 0.772546 0.811067 0.482013 0.674598 0.402361 0.750352 0.453919 0.198295 0.065317 0.599591 0.399363 0.174435 -0.480689 0.541614
0.810098 0.580313 0.898234 0.850673 0.853602 0.817001 0.889331 0.781132 0.883980 0.907716 0.880383 0.868669 0.000000 0.811462 0.914803 0.898703 0.735750 0.618826 0.814900 0.833163 0.891791 0.810196 0.831204 0.874231 0.867367 0.878914 0.299957 0.387657 0.877321 0.864453 0.930669 0.920130 0.716748 0.795822 0.420473 0.560530 0.874601 0.796058 0.781671 0.195284 0.840031 0.768221 -0.508520 -0.189757 0.099007 -0.291173 -0.235748 -0.198094 -0.230973 -0.564691 -0.525647 -0.528778 -0.666437 -0.692628 -0.003371 0.243303 0.776178 0.489904 -0.507001 -0.633431 0.151034 0.002919 0.682732 0.532881 0.136957 -0.228280 0.059946 -0.047453 0.411421 0.216244 0.912326 0.898215 0.670979 0.588307 0.859797 0.790751 0.823724 0.846497 -0.449523 -0.385917 -0.182260 0.019533 0.639996 0.759378 -0.058326 -0.069020 0.892280 0.824865 -0.555331 0.451634 0.668128 0.696528 0.141716 0.765221 0.794887 0.388154 0.594813 0.729668 0.720856 0.847819 0.775983 0.801773 0.875773 0.881485 0.621414 0.754758 0.575780 0.831281 0.517688 0.254897 0.188947 0.660681 0.475481 0.273061 -0.440279 0.637943
0.672084 0.589077 0.819702 0.885197 0.667857 0.667418 0.824288 0.865550 0.745461 0.817621 0.669771 0.868984 0.811462 0.000000 0.797209 0.835344 0.736692 0.564450 0.772408 0.791732 0.773611 0.724067 0.844802 0.844632 0.752939 0.758969 0.273552 0.355827 0.744592 0.829319 0.832490 0.831913 0.565836 0.646033 0.135613 0.296348 0.703026 0.637672 0.560403 -0.000352 0.672054 0.485017 -0.528459 -0.208354 0.116306 -0.293243 -0.291845 -0.291860 -0.260769 -0.516217 -0.543214 -0.478662 -0.685037 -0.670511 -0.198894 0.088696 0.616988 0.442603 -0.520999 -0.644976 -0.031854 -0.068342 0.641009 0.466624 0.145467 -0.249030 0.080370 -0.011609 0.259386 0.030377 0.737709 0.760273 0.409217 0.311434 0.701089 0.724014 0.601284 0.641241 -0.606526 -0.422114 -0.332271 0.027297 0.514251 0.772411 -0.186611 -0.089189 0.759462 0.800770 -0.635528 0.331960 0.523748 0.521397 -0.166674 0.571694 0.636127 0.152552 0.317844 0.507824 0.497398 0.681862 0.565867 0.711234 0.717721 0.765772 0.379733 0.596453 0.312106 0.733552 0.370996 0.187673 -0.057448 0.575752 0.311326 0.046284 -0.533986 0.514007
0.766592 0.503775 0.893157 0.865838 0.857333 0.796123 0.895069 0.786689 0.899107 0.932788 0.821639 0.839882 0.914803 0.797209 0.000000 0.934469 0.685024 0.564045 0.796434 0.830850 0.939176 0.877923 0.836142 0.892666 0.896794 0.898062 0.319351 0.388781 0.818635 0.835668 0.930583 0.918039 0.619852 0.717780 0.352435 0.514817 0.884369 0.804977 0.800871 0.092280 0.852484 0.737281 -0.625663 -0.311506 0.032918 -0.422025 -0.344304 -0.317583 -0.344751 -0.662274 -0.634042 -0.633743 -0.752309 -0.782823 -0.108428 0.152655 0.722827 0.402939 -0.582275 -0.724430 0.034407 -0.130032 0.619339 0.430531 0.043069 -0.364413 -0.027407 -0.127238 0.341552 0.117377 0.901850 0.894389 0.599351 0.523325 0.885698 0.822399 0.790003 0.819199 -0.543571 -0.490378 -0.290748 -0.108054 0.669753 0.821863 -0.168625 -0.169407 0.920228 0.874111 -0.651059 0.383028 0.622066 0.618699 0.018193 0.704180 0.820203 0.333712 0.482739 0.657946 0.651012 0.821236 0.755639 0.797881 0.883035 0.896558 0.548482 0.690570 0.556861 0.865023 0.591485 0.114866 0.057794 0.607723 0.365003 0.166969 -0.566107 0.618083
0.727988 0.506869 0.863350 0.868922 0.821931 0.749911 0.870494 0.793084 0.889597 0.930205 0.786105 0.862919 0.898703 0.835344 0.934469 0.000000 0.719662 0.530321 0.776820 0.803555 0.919034 0.851111 0.827760 0.880647 0.876957 0.894693 0.298992 0.393024 0.846659 0.831894 0.906484 0.915725 0.598798 0.697062 0.301762 0.471634 0.850833 0.748143 0.747222 0.120160 0.820477 0.692264 -0.598558 -0.289776 0.051029 -0.376226 -0.315626 -0.284303 -0.328508 -0.650786 -0.610261 -0.602977 -0.737273 -0.748435 -0.137214 0.177017 0.682253 0.410098 -0.590856 -0.720105 -0.043716 -0.105624 0.672029 0.438212 0.061967 -0.331025 -0.007349 -0.113657 0.328028 0.091402 0.866275 0.909424 0.616526 0.484330 0.852189 0.835601 0.763323 0.806092 -0.568536 -0.445415 -0.318855 -0.026201 0.614857 0.808598 -0.201071 -0.095721 0.898630 0.889327 -0.666490 0.459517 0.617895 0.650102 -0.004568 0.720194 0.773978 0.299110 0.464840 0.683850 0.636784 0.827193 0.733256 0.830199 0.861098 0.898646 0.534311 0.719916 0.488952 0.861581 0.525893 0.177816 0.024512 0.592635 0.403457 0.189423 -0.551009 0.613004
0.759109 0.761900 0.701501 0.707986 0.602787 0.675330 0.703216 0.676151 0.612374 0.708181 0.734996 0.784593 0.735750 0.736692 0.685024 0.719662 0.000000 0.796629 0.750571 0.783933 0.703103 0.653267 0.691679 0.703697 0.676666 0.696713 0.312172 0.415098 0.790790 0.777536 0.725936 0.708888 0.697982 0.743521 0.361193 0.464125 0.696341 0.608759 0.600224 0.149781 0.685289 0.542672 -0.288047 0.055533 0.258163 -0.044844 -0.049182 -0.011896 -0.092664 -0.336248 -0.354351 -0.272187 -0.505269 -0.519353 0.019111 0.308668 0.792072 0.681794 -0.280665 -0.422154 0.205107 0.154897 0.825515 0.682828 0.189054 -0.025033 0.306678 0.232544 0.552118 0.331766 0.644000 0.661633 0.517235 0.401398 0.673781 0.687815 0.633342 0.657004 -0.360172 -0.207229 -0.052567 0.259738 0.584664 0.661174 0.020431 0.117540 0.698413 0.692740 -0.426473 0.444363 0.612620 0.621466 0.072594 0.650461 0.579319 0.269281 0.516643 0.626241 0.626210 0.708457 0.630299 0.697930 0.693708 0.728778 0.478672 0.645804 0.364523 0.653154 0.346706 0.286513 0.137494 0.557921 0.443688 0.234907 -0.359066 0.544509
0.715192 0.780241 0.546251 0.497703 0.554781 0.691318 0.519394 0.459711 0.501213 0.578114 0.704369 0.646629 0.618826 0.564450 0.564045 0.530321 0.796629 0.000000 0.575762 0.742693 0.566988 0.528401 0.475966 0.505151 0.614761 0.616210 0.372568 0.452156 0.665671 0.680300 0.593745 0.580104 0.683439 0.744723 0.545767 0.564493 0.559136 0.539033 0.565935 0.296243 0.589720 0.519721 -0.016889 0.305223 0.316309 0.159229 0.199252 0.237784 0.116762 -0.101633 -0.103055 -0.029036 -0.249861 -0.307486 0.312688 0.445481 0.804755 0.747681 -0.034934 -0.166564 0.377863 0.223379 0.733857 0.771692 0.172516 0.152605 0.426623 0.412176 0.687324 0.555685 0.555796 0.514160 0.505506 0.493546 0.574825 0.520596 0.573402 0.564685 -0.067221 0.014818 0.277015 0.416828 0.521223 0.425489 0.335102 0.258798 0.547117 0.447059 -0.111822 0.393627 0.597242 0.551623 0.280657 0.551483 0.462553 0.323679 0.565178 0.558345 0.628634 0.577230 0.587267 0.495210 0.560111 0.528726 0.484048 0.545350 0.408072 0.415493 0.274559 0.239962 0.241824 0.415455 0.422022 0.293896 -0.125115 0.445293
0.817211 0.619349 0.890395 0.871669 0.686876 0.712800 0.883237 0.850784 0.692428 0.792828 0.772121 0.803802 0.814900 0.772408 0.796434 0.776820 0.750571 0.575762 0.000000 0.795746 0.819735 0.745636 0.882012 0.872336 0.711462 0.710392 0.259078 0.300252 0.730521 0.793712 0.841585 0.788794 0.709533 0.717790 0.330871 0.498515 0.798463 0.734141 0.673321 -0.053647 0.758426 0.628949 -0.544045 -0.210400 0.044419 -0.365774 -0.324085 -0.309086 -0.336458 -0.563602 -0.589657 -0.578901 -0.683932 -0.720353 -0.152848 0.114611 0.727451 0.446846 -0.527710 -0.650798 0.119010 -0.003127 0.622379 0.487920 0.132125 -0.260369 0.064935 -0.061980 0.379729 0.070758 0.794815 0.747383 0.478784 0.415675 0.809254 0.729367 0.693945 0.733454 -0.558424 -0.519565 -0.313377 -0.134322 0.670590 0.818438 -0.181413 -0.219808 0.819132 0.801229 -0.606200 0.310533 0.591697 0.609766 -0.006165 0.681923 0.747139 0.275980 0.436079 0.560819 0.599796 0.763024 0.669063 0.747355 0.808535 0.834015 0.509668 0.644671 0.509684 0.825803 0.518886 0.176072 0.042534 0.589577 0.381554 0.157126 -0.496796 0.626048
0.853876 0.764724 0.825420 0.791722 0.763138 0.825057 0.793837 0.744721 0.757190 0.833987 0.813675 0.840426 0.833163 0.791732 0.830850 0.803555 0.783933 0.742693 0.795746 0.000000 0.821305 0.790524 0.748476 0.786491 0.817558 0.839889 0.446427 0.520134 0.779191 0.801058 0.845528 0.828629 0.730337 0.832457 0.443486 0.572209 0.808723 0.751824 0.732045 0.175766 0.809005 0.618752 -0.400756 -0.075771 0.182784 -0.172337 -0.088993 -0.077463 -0.161909 -0.469007 -0.450656 -0.424041 -0.584360 -0.624998 0.064645 0.287836 0.861486 0.657945 -0.320439 -0.515849 0.208983 0.026568 0.732677 0.615397 0.095133 -0.154209 0.252328 0.194911 0.602420 0.408134 0.789288 0.777710 0.580491 0.529592 0.770537 0.731477 0.740193 0.740914 -0.376852 -0.308826 -0.088827 0.115114 0.697990 0.723250 0.026848 0.016825 0.805789 0.739434 -0.441193 0.386367 0.696131 0.618326 0.124555 0.672495 0.729279 0.344468 0.526787 0.624010 0.681622 0.756375 0.756392 0.721759 0.813056 0.794981 0.591293 0.671226 0.538013 0.711071 0.531854 0.125664 0.160549 0.589031 0.434076 0.247967 -0.441593 0.513189
0.785960 0.535784 0.885693 0.851447 0.833261 0.787477 0.876069 0.771182 0.861699 0.912548 0.808120 0.813815 0.891791 0.773611 0.939176 0.919034 0.703103 0.566988 0.819735 0.821305 0.000000 0.878471 0.825485 0.876112 0.884715 0.878292 0.315995 0.374823 0.807776 0.808611 0.906498 0.881804 0.633469 0.710684 0.384062 0.556487 0.891955 0.811031 0.806447 0.102632 0.864575 0.736243 -0.602252 -0.294186 0.003657 -0.421558 -0.324723 -0.291963 -0.368117 -0.658221 -0.632042 -0.633911 -0.738692 -0.773632 -0.110411 0.179809 0.738168 0.427342 -0.581352 -0.714560 0.026417 -0.123467 0.620002 0.424976 0.058358 -0.343023 -0.010657 -0.120194 0.378046 0.125900 0.880693 0.876660 0.595260 0.498384 0.886637 0.823859 0.783845 0.811762 -0.548239 -0.497955 -0.298246 -0.104128 0.707730 0.830609 -0.166866 -0.153721 0.911746 0.867146 -0.630226 0.417482 0.627707 0.615950 0.021182 0.725000 0.827825 0.332681 0.473399 0.653578 0.651268 0.825489 0.755563 0.810566 0.891146 0.905520 0.569482 0.690463 0.545439 0.884330 0.613503 0.104918 0.053050 0.569725 0.373087 0.168005 -0.573365 0.617527
0.773746 0.526555 0.798017 0.788637 0.661224 0.712291 0.788022 0.708024 0.727659 0.829567 0.745162 0.762096 0.810196 0.724067 0.877923 0.851111 0.653267 0.528401 0.745636 0.790524 0.878471 0.000000 0.768104 0.794032 0.815626 0.834704 0.345379 0.467432 0.667300 0.733597 0.818749 0.780750 0.519582 0.624565 0.368375 0.540361 0.861359 0.841158 0.807719 0.115237 0.865023 0.662701 -0.559655 -0.277191 -0.061349 -0.459884 -0.210219 -0.237600 -0.419127 -0.710685 -0.576230 -0.618686 -0.653513 -0.745026 -0.059197 0.232620 0.688830 0.382775 -0.518695 -0.683520 -0.063642 -0.243392 0.592996 0.307060 0.021122 -0.366475 0.036740 -0.031436 0.409497 0.155516 0.757500 0.754343 0.558352 0.434445 0.782337 0.784778 0.685204 0.712108 -0.464836 -0.470952 -0.253862 -0.081861 0.780128 0.848430 -0.135606 -0.099712 0.872627 0.846139 -0.553512 0.351379 0.682438 0.624239 0.020907 0.705442 0.838681 0.387068 0.459152 0.596517 0.647286 0.783301 0.778634 0.817666 0.860990 0.856350 0.541220 0.713927 0.593318 0.788638 0.659886 -0.109252 0.021349 0.478092 0.367202 0.227308 -0.500639 0.588307
0.723825 0.474473 0.922381 0.925371 0.677958 0.662299 0.927475 0.905658 0.735603 0.821543 0.725579 0.815246 0.831204 0.844802 0.836142 0.827760 0.691679 0.475966 0.882012 0.748476 0.825485 0.768104 0.000000 0.943168 0.722691 0.718167 0.196708 0.254301 0.697370 0.818841 0.883308 0.835362 0.558808 0.597724 0.158542 0.334685 0.777876 0.693783 0.611427 -0.181939 0.730150 0.575398 -0.691485 -0.388012 -0.017021 -0.503823 -0.465265 -0.488605 -0.421440 -0.668984 -0.710491 -0.704382 -0.806523 -0.829686 -0.320217 -0.061877 0.597944 0.273175 -0.678812 -0.800120 -0.064651 -0.215439 0.541282 0.340577 0.148807 -0.422983 -0.075903 -0.205802 0.180184 -0.082304 0.812222 0.758291 0.387509 0.317074 0.802779 0.760336 0.641373 0.685349 -0.708192 -0.659001 -0.479774 -0.273898 0.575632 0.844597 -0.332776 -0.354837 0.846177 0.859253 -0.746346 0.182674 0.524692 0.516285 -0.194987 0.593972 0.696832 0.126876 0.331583 0.479326 0.512069 0.722477 0.611908 0.739854 0.806792 0.839898 0.412100 0.591260 0.427864 0.860113 0.487002 0.167823 -0.101001 0.590987 0.274456 0.030179 -0.643221 0.598185
0.730536 0.473225 0.945302 0.931531 0.779472 0.706744 0.950978 0.904451 0.825439 0.879105 0.761651 0.842997 0.874231 0.844632 0.892666 0.880647 0.703697 0.505151 0.872336 0.786491 0.876112 0.794032 0.943168 0.000000 0.788926 0.779626 0.185006 0.240556 0.770598 0.849813 0.920795 0.899500 0.571601 0.640601 0.197767 0.374723 0.823421 0.727756 0.666137 -0.121744 0.770630 0.657743 -0.709936 -0.401251 0.004334 -0.496500 -0.481383 -0.473795 -0.404269 -0.668510 -0.719143 -0.708871 -0.825543 -0.838676 -0.293535 -0.033311 0.636926 0.302861 -0.690531 -0.806745 -0.042699 -0.174997 0.565957 0.374085 0.089215 -0.435630 -0.109219 -0.235068 0.208490 -0.031229 0.856294 0.832141 0.457858 0.376627 0.849307 0.773865 0.703974 0.754136 -0.692914 -0.624865 -0.466840 -0.253765 0.588760 0.843077 -0.338859 -0.344085 0.882406 0.876341 -0.763229 0.235226 0.537749 0.547686 -0.137753 0.628103 0.732634 0.165322 0.367368 0.534621 0.546775 0.754578 0.651794 0.757202 0.838340 0.873042 0.441860 0.616578 0.455350 0.887937 0.517968 0.178136 -0.074503 0.608351 0.284985 0.042347 -0.651045 0.615768
0.764214 0.591373 0.806063 0.784949 0.837445 0.820169 0.782706 0.669659 0.854624 0.905260 0.805591 0.792370 0.867367 0.752939 0.896794 0.876957 0.676666 0.614761 0.711462 0.817558 0.884715 0.815626 0.722691 0.788926 0.000000 0.919099 0.408001 0.464537 0.823628 0.787009 0.871781 0.870189 0.660725 0.740760 0.450647 0.566528 0.850562 0.791214 0.806327 0.277697 0.825814 0.694202 -0.450813 -0.134263 0.076628 -0.270326 -0.159639 -0.116438 -0.259891 -0.551596 -0.484617 -0.465961 -0.596714 -0.629418 0.055803 0.309182 0.760484 0.535271 -0.448761 -0.569388 0.077233 -0.047259 0.630778 0.489008 0.098627 -0.188172 0.099211 0.006769 0.446651 0.238543 0.844078 0.851263 0.612767 0.556719 0.801461 0.793131 0.784202 0.786949 -0.383101 -0.323469 -0.118175 0.108717 0.655855 0.739520 0.003238 0.046448 0.852107 0.795968 -0.484253 0.517532 0.635484 0.637325 0.128227 0.704754 0.774888 0.386014 0.532379 0.690564 0.668010 0.783744 0.740169 0.750526 0.816142 0.822044 0.570905 0.691411 0.522408 0.762168 0.525973 0.155527 0.134177 0.536774 0.405725 0.223156 -0.432222 0.600721
0.796942 0.631262 0.791468 0.769961 0.817600 0.869188 0.768955 0.648952 0.841301 0.917811 0.832970 0.823280 0.878914 0.758969 0.898062 0.894693 0.696713 0.616210 0.710392 0.839889 0.878292 0.834704 0.718167 0.779626 0.919099 0.000000 0.482146 0.592659 0.834671 0.777684 0.870461 0.869939 0.680272 0.765632 0.470220 0.599757 0.848013 0.764754 0.805341 0.303038 0.851160 0.669259 -0.426581 -0.114537 0.075992 -0.235504 -0.091160 -0.071377 -0.236313 -0.571057 -0.466127 -0.467663 -0.577182 -0.628854 0.096855 0.364638 0.795398 0.570624 -0.422583 -0.561924 0.070613 -0.065680 0.702740 0.527501 0.069952 -0.174563 0.150395 0.073419 0.522738 0.312145 0.848398 0.869756 0.675103 0.595969 0.802460 0.826388 0.796426 0.791295 -0.373409 -0.308306 -0.081586 0.152854 0.663358 0.732681 0.044234 0.115920 0.869085 0.816386 -0.455562 0.562051 0.717211 0.701224 0.176877 0.753676 0.770594 0.416599 0.601585 0.749334 0.739200 0.830401 0.810380 0.806842 0.858461 0.852973 0.651279 0.752884 0.560038 0.758477 0.513360 0.204706 0.175629 0.567566 0.492776 0.326437 -0.401487 0.603939
0.514941 0.549356 0.216774 0.151600 0.255282 0.586998 0.190459 0.042930 0.181274 0.369796 0.409657 0.275894 0.299957 0.273552 0.319351 0.298992 0.312172 0.372568 0.259078 0.446427 0.315995 0.345379 0.196708 0.185006 0.408001 0.482146 0.000000 0.874997 0.282798 0.182705 0.271661 0.248924 0.482938 0.473381 0.506599 0.518074 0.375983 0.325095 0.448396 0.327271 0.474916 0.124247 0.097279 0.272858 0.117941 0.157852 0.375308 0.343978 0.033260 -0.151246 0.056807 0.031903 -0.010791 -0.096279 0.436111 0.541603 0.525682 0.535387 0.169644 0.009915 0.199747 0.046216 0.454143 0.391675 0.213594 0.319157 0.515831 0.524181 0.618341 0.544037 0.305010 0.263838 0.356883 0.439752 0.290348 0.499213 0.370855 0.286169 0.069290 -0.037020 0.329762 0.353856 0.437538 0.265692 0.472035 0.480776 0.364532 0.349588 0.129858 0.485993 0.564565 0.457968 0.318644 0.449964 0.309996 0.335299 0.513136 0.491894 0.532496 0.470699 0.521684 0.416806 0.421983 0.366336 0.560082 0.400919 0.336006 0.240018 0.202454 0.169850 0.345581 0.321289 0.512668 0.455040 -0.002571 0.218180
0.593188 0.632426 0.266112 0.228315 0.258997 0.662740 0.238789 0.110079 0.229091 0.454805 0.494201 0.396146 0.387657 0.355827 0.388781 0.393024 0.415098 0.452156 0.300252 0.520134 0.374823 0.467432 0.254301 0.240556 0.464537 0.592659 0.874997 0.000000 0.361037 0.283412 0.341643 0.312872 0.500983 0.511931 0.488431 0.533617 0.417577 0.365240 0.473963 0.338757 0.531521 0.139417 0.056138 0.250973 0.038003 0.107911 0.399812 0.345585 -0.049652 -0.260407 -0.001123 -0.030665 -0.064176 -0.174823 0.410173 0.579963 0.602840 0.607035 0.097821 -0.072938 0.132508 -0.016483 0.576377 0.461139 0.146501 0.250138 0.517339 0.542593 0.679987 0.558756 0.353299 0.339184 0.432550 0.423349 0.339710 0.568603 0.425166 0.340648 0.017412 -0.039714 0.307793 0.414732 0.477297 0.340880 0.435824 0.519423 0.447532 0.438851 0.077662 0.516138 0.658952 0.541502 0.300759 0.522800 0.359576 0.340870 0.563511 0.554833 0.604696 0.538115 0.611857 0.523835 0.509458 0.452549 0.589471 0.523729 0.378288 0.284848 0.212784 0.188767 0.299469 0.321102 0.541055 0.496832 -0.044219 0.264957
0.737549 0.604949 0.788814 0.747976 0.848721 0.770461 0.777473 0.679942 0.848250 0.845432 0.842154 0.823820 0.877321 0.744592 0.818635 0.846659 0.790790 0.665671 0.730521 0.779191 0.807776 0.667300 0.697370 0.770598 0.823628 0.834671 0.282798 0.361037 0.000000 0.855215 0.847094 0.880454 0.738053 0.815763 0.451547 0.552868 0.788666 0.684072 0.710569 0.333606 0.756891 0.751732 -0.342777 -0.028878 0.202612 -0.093551 -0.115203 -0.023498 -0.077600 -0.383130 -0.371075 -0.339981 -0.523263 -0.510221 0.110709 0.354692 0.767061 0.582561 -0.389697 -0.470348 0.197810 0.172934 0.752832 0.651388 0.082985 -0.093794 0.118620 0.014330 0.484233 0.307978 0.836530 0.879201 0.724932 0.626859 0.796845 0.733326 0.808915 0.831890 -0.311661 -0.167822 -0.028962 0.233616 0.531623 0.620648 0.036464 0.098609 0.787951 0.720129 -0.438967 0.584946 0.617632 0.714747 0.252400 0.752373 0.671452 0.395101 0.644161 0.795017 0.714163 0.796669 0.714661 0.733221 0.769514 0.795433 0.609366 0.738752 0.507940 0.720348 0.401145 0.411380 0.267189 0.637073 0.513956 0.321836 -0.308192 0.606039
0.735071 0.563964 0.854004 0.841042 0.774138 0.729770 0.846394 0.807550 0.800117 0.830825 0.783139 0.838281 0.864453 0.829319 0.835668 0.831894 0.777536 0.680300 0.793712 0.801058 0.808611 0.733597 0.818841 0.849813 0.787009 0.777684 0.182705 0.283412 0.855215 0.000000 0.883959 0.868201 0.628796 0.710658 0.276768 0.391250 0.754562 0.697191 0.630780 0.075726 0.718752 0.675893 -0.512729 -0.193092 0.086159 -0.287394 -0.280651 -0.239659 -0.223098 -0.488058 -0.534566 -0.487977 -0.658573 -0.667568 -0.093178 0.113532 0.710736 0.445303 -0.526782 -0.630915 0.097215 -0.040248 0.656919 0.540714 0.086063 -0.284808 0.006934 -0.089700 0.328911 0.135056 0.834533 0.794319 0.531940 0.474086 0.820725 0.722908 0.690563 0.710586 -0.480147 -0.371253 -0.186075 0.023546 0.501363 0.692303 -0.114784 -0.151231 0.794159 0.738706 -0.578621 0.286198 0.545261 0.560843 0.004316 0.610349 0.649927 0.234888 0.506099 0.602178 0.592148 0.705626 0.646678 0.670127 0.759094 0.771275 0.449190 0.627161 0.453910 0.730047 0.403551 0.325707 0.042628 0.587326 0.318724 0.111141 -0.465035 0.596993
0.781554 0.541540 0.927136 0.898797 0.865822 0.798908 0.924234 0.839088 0.891460 0.914729 0.837079 0.869669 0.930669 0.832490 0.930583 0.906484 0.725936 0.593745 0.841585 0.845528 0.906498 0.818749 0.883308 0.920795 0.871781 0.870461 0.271661 0.341643 0.847094 0.883959 0.000000 0.937918 0.670733 0.749745 0.325555 0.472243 0.855778 0.769302 0.734250 0.070275 0.809086 0.718769 -0.605342 -0.287493 0.061610 -0.381328 -0.345709 -0.318368 -0.299098 -0.607401 -0.628073 -0.618265 -0.756550 -0.769423 -0.125563 0.107038 0.738063 0.425107 -0.574420 -0.711525 0.088789 -0.087579 0.634914 0.477649 0.094589 -0.344377 0.003730 -0.118901 0.339255 0.117170 0.917574 0.887103 0.580200 0.521152 0.869848 0.783816 0.765340 0.791261 -0.545756 -0.474008 -0.286820 -0.089441 0.616414 0.788314 -0.163808 -0.195537 0.889762 0.836237 -0.646679 0.340725 0.595711 0.597795 0.002876 0.676509 0.770677 0.291161 0.495295 0.639521 0.638556 0.794382 0.727083 0.761357 0.862988 0.872885 0.537588 0.673510 0.528415 0.843475 0.531285 0.212961 0.073202 0.637002 0.355124 0.142646 -0.551599 0.623817
0.733134 0.509546 0.902313 0.873743 0.893413 0.775418 0.898851 0.818567 0.924250 0.917158 0.816482 0.869311 0.920130 0.831913 0.918039 0.915725 0.708888 0.580104 0.788794 0.828629 0.881804 0.780750 0.835362 0.899500 0.870189 0.869939 0.248924 0.312872 0.880454 0.868201 0.937918 0.000000 0.643852 0.754847 0.331425 0.467117 0.833441 0.735254 0.722130 0.135382 0.788466 0.740988 -0.565881 -0.256415 0.120016 -0.320372 -0.321172 -0.271447 -0.232659 -0.558324 -0.568611 -0.558788 -0.716034 -0.707535 -0.095666 0.139057 0.705886 0.424054 -0.556002 -0.667982 0.067660 -0.039824 0.647792 0.486680 0.075154 -0.309459 -0.011772 -0.127515 0.333139 0.145754 0.897254 0.920239 0.630693 0.543230 0.843608 0.753128 0.781246 0.823508 -0.503946 -0.390156 -0.264995 -0.029430 0.563300 0.740656 -0.168318 -0.143119 0.866721 0.817853 -0.631828 0.403306 0.585721 0.632131 0.062485 0.692119 0.746688 0.311906 0.495303 0.674980 0.638732 0.790697 0.707294 0.753271 0.829949 0.854631 0.537179 0.688906 0.512434 0.816639 0.505726 0.229852 0.092931 0.642571 0.389938 0.171543 -0.495329 0.613230
0.796396 0.767951 0.633751 0.581195 0.640055 0.751539 0.611290 0.509003 0.588378 0.646866 0.798069 0.697013 0.716748 0.565836 0.619852 0.598798 0.697982 0.683439 0.709533 0.730337 0.633469 0.519582 0.558808 0.571601 0.660725 0.680272 0.482938 0.500983 0.738053 0.628796 0.670733 0.643852 0.000000 0.908852 0.664770 0.713454 0.697367 0.638889 0.662288 0.386039 0.681407 0.582983 -0.034160 0.276971 0.355389 0.157981 0.176932 0.221404 0.124388 -0.140670 -0.088190 -0.090913 -0.253295 -0.291499 0.364263 0.542317 0.850225 0.770741 0.001647 -0.148956 0.567464 0.450461 0.708923 0.768425 0.311129 0.261551 0.506090 0.407495 0.686114 0.519182 0.705860 0.660156 0.649781 0.659310 0.638730 0.609171 0.748735 0.722229 -0.075022 -0.028414 0.231846 0.339910 0.619595 0.505500 0.354411 0.288248 0.631749 0.536150 -0.120486 0.613298 0.691214 0.724272 0.440522 0.740626 0.614161 0.527425 0.703714 0.758274 0.770662 0.750879 0.687493 0.633224 0.666306 0.650542 0.709491 0.690578 0.559124 0.550283 0.397350 0.370285 0.540206 0.680275 0.651984 0.505274 -0.095457 0.498152
0.827013 0.772561 0.705026 0.637523 0.744881 0.801360 0.681395 0.583882 0.700745 0.729445 0.850744 0.775420 0.795822 0.646033 0.717780 0.697062 0.743521 0.744723 0.717790 0.832457 0.710684 0.624565 0.597724 0.640601 0.740760 0.765632 0.473381 0.511931 0.815763 0.710658 0.749745 0.754847 0.908852 0.000000 0.680285 0.742191 0.757742 0.700204 0.737114 0.413922 0.753366 0.684924 -0.107133 0.219367 0.354896 0.109492 0.137039 0.202701 0.113187 -0.208424 -0.148648 -0.143288 -0.327849 -0.353309 0.353432 0.536280 0.880357 0.768704 -0.063066 -0.222421 0.492826 0.388852 0.760113 0.769464 0.199420 0.164815 0.424409 0.355166 0.714556 0.555378 0.762840 0.758531 0.736642 0.715293 0.702633 0.643228 0.790791 0.786583 -0.090452 -0.017177 0.205341 0.349525 0.668123 0.554414 0.292386 0.262260 0.698689 0.589781 -0.199227 0.603897 0.715593 0.743484 0.440194 0.766662 0.680746 0.545125 0.709189 0.788568 0.796334 0.788794 0.741025 0.665363 0.720771 0.704789 0.704646 0.726159 0.596686 0.587953 0.465279 0.276942 0.484555 0.677528 0.615978 0.465634 -0.137900 0.524424
0.597253 0.534690 0.296287 0.157128 0.410904 0.571474 0.229551 0.060429 0.310706 0.354112 0.600513 0.302134 0.420473 0.135613 0.352435 0.301762 0.361193 0.545767 0.330871 0.443486 0.384062 0.368375 0.158542 0.197767 0.450647 0.470220 0.506599 0.488431 0.451547 0.276768 0.325555 0.331425 0.664770 0.680285 0.000000 0.901856 0.511960 0.523147 0.636727 0.616708 0.574044 0.576904 0.287311 0.471840 0.289278 0.296340 0.485172 0.530101 0.269423 0.029883 0.233446 0.142788 0.152278 0.035690 0.700681 0.723696 0.644523 0.588219 0.263261 0.170088 0.512514 0.380311 0.454895 0.501834 0.273945 0.451733 0.495710 0.461600 0.755373 0.707174 0.432627 0.403914 0.698916 0.753764 0.415631 0.369613 0.596839 0.560151 0.367054 0.231020 0.569188 0.452834 0.542874 0.167833 0.608948 0.493149 0.376675 0.211231 0.272951 0.603533 0.625634 0.651444 0.762736 0.651270 0.463525 0.619064 0.731792 0.666704 0.726499 0.566450 0.605072 0.393634 0.448770 0.374396 0.702758 0.584166 0.638215 0.229110 0.388091 0.124127 0.616502 0.344033 0.636540 0.660835 0.291615 0.374796
0.723655 0.602109 0.461826 0.338030 0.491589 0.667995 0.403352 0.241326 0.421621 0.517922 0.716724 0.452951 0.560530 0.296348 0.514817 0.471634 0.464125 0.564493 0.498515 0.572209 0.556487 0.540361 0.334685 0.374723 0.566528 0.599757 0.518074 0.533617 0.552868 0.391250 0.472243 0.467117 0.713454 0.742191 0.901856 0.000000 0.666222 0.651607 0.768946 0.526805 0.724900 0.645201 0.099017 0.325617 0.164324 0.105786 0.360314 0.387320 0.070338 -0.197956 0.045595 -0.062519 -0.029938 -0.165612 0.586895 0.706316 0.721882 0.596132 0.072521 -0.045149 0.385413 0.280587 0.556243 0.521054 0.164243 0.289322 0.401027 0.375274 0.768171 0.622264 0.552085 0.537977 0.742824 0.734289 0.567451 0.548749 0.709156 0.686899 0.161660 0.028811 0.389289 0.334646 0.695067 0.391598 0.471302 0.395111 0.568667 0.430195 0.090428 0.652041 0.748824 0.747597 0.671621 0.780190 0.630441 0.620762 0.745492 0.743557 0.809689 0.723163 0.737774 0.593721 0.632645 0.573985 0.772323 0.697405 0.695068 0.447295 0.493591 0.092430 0.538811 0.420810 0.681585 0.653195 0.105633 0.481429
0.831600 0.581938 0.853453 0.791496 0.764553 0.764324 0.830063 0.705207 0.789370 0.854312 0.848794 0.768973 0.874601 0.703026 0.884369 0.850833 0.696341 0.559136 0.798463 0.808723 0.891955 0.861359 0.777876 0.823421 0.850562 0.848013 0.375983 0.417577 0.788666 0.754562 0.855778 0.833441 0.697367 0.757742 0.511960 0.666222 0.000000 0.911708 0.902252 0.248165 0.921253 0.797247 -0.483691 -0.182879 0.065240 -0.340102 -0.169469 -0.157214 -0.287182 -0.597491 -0.500404 -0.545258 -0.590641 -0.664141 0.075777 0.324852 0.770670 0.471218 -0.446583 -0.591238 0.126643 -0.023198 0.621998 0.419924 0.117233 -0.216176 0.095994 -0.013845 0.475008 0.273963 0.847116 0.828768 0.674507 0.603911 0.846521 0.801599 0.842760 0.853879 -0.375046 -0.420479 -0.155696 -0.020934 0.794894 0.820082 -0.028356 -0.044487 0.897156 0.833431 -0.485327 0.493932 0.744814 0.739597 0.218878 0.811494 0.889413 0.514645 0.625224 0.741264 0.768964 0.877807 0.830460 0.842202 0.891441 0.887806 0.690378 0.774139 0.664532 0.846303 0.653132 0.090306 0.277428 0.663055 0.531867 0.364974 -0.394082 0.676931
