0.000000,0.318651,0.671373,0.622489,0.344937,0.462185,0.693683,0.691399,-0.007745,0.416838,0.604225,0.719153,0.658622,0.584275,0.589084,0.510273,0.303253,0.643076,0.690367,0.716814,0.557245,0.571283,0.673935,0.561588,0.093385,-0.131535,0.258857,0.275106,0.025508,0.679761,0.442142,0.612650,0.501362,0.751835,0.465992,0.554743,0.559274,0.480644,0.587990,0.310616,0.565588,0.653839,-0.197419,-0.143658,-0.327624,-0.371355,0.451318,-0.005287,-0.363853,-0.358508,-0.151209,-0.437524,0.201829,-0.496953,0.685895,-0.121084,0.739990,0.318553,0.662706,0.560776,0.642147,0.732198,0.550892,0.471163,0.183358,0.406846,0.706873,0.710880,0.658418,0.632572,0.705228,-0.025681,0.312721,0.707944,0.685994,0.336321,0.715490,0.646061,0.303727,-0.017184,0.449085,0.023135,0.646915,0.164204,0.729406,-0.451041,0.565402,0.321440,0.677487,-0.497059,0.560442,-0.391464,0.037644,-0.405669,0.517499,0.569063,0.679686,0.515977,0.681120,0.485747,0.598051,-0.344080,0.571371,0.229046,0.642878,-0.186876,0.540307,0.256253,0.514020,0.627407,0.670097,0.545919,0.425818,0.281468,-0.250235,0.308142
0.318651,0.000000,-0.104101,0.113660,-0.198128,-0.264988,-0.117629,0.136728,0.027487,-0.105524,0.545037,0.509287,0.251660,0.329714,-0.038585,-0.021667,0.494436,0.391575,0.606497,0.000987,0.055600,-0.033191,0.022144,-0.124891,0.016176,0.009186,-0.151559,-0.264043,0.610473,0.078750,0.030034,0.091257,0.723406,0.426580,0.363475,0.039195,0.126675,0.290702,-0.091815,0.260482,0.232726,0.017084,0.458862,0.433450,0.321416,0.308132,0.538245,0.600967,0.228538,0.331837,0.229803,0.353964,0.250886,0.340357,-0.064356,0.639023,0.620323,0.879345,0.536649,0.624589,0.495882,0.352171,0.533474,0.510266,0.328812,0.385955,0.419284,0.439589,0.522963,0.072599,0.016245,0.544656,0.562164,0.117008,-0.048817,0.391067,0.089194,0.359277,0.368822,0.455026,0.426173,0.687454,0.031568,0.414505,-0.041968,0.464152,-0.144058,0.121178,-0.171148,0.448849,0.021204,0.422713,0.134380,0.373475,0.118522,0.061570,0.166259,0.390148,0.172686,0.436193,-0.198279,0.440862,-0.204742,0.074159,-0.131432,0.472578,-0.209159,-0.107113,0.062895,0.307775,0.232209,0.485000,0.359862,0.518025,0.483447,-0.019857
0.671373,-0.104101,0.000000,0.846965,0.596968,0.750289,0.910946,0.847220,-0.021068,0.573458,0.275833,0.515041,0.636229,0.503271,0.810524,0.826010,0.147933,0.521227,0.440463,0.886295,0.681554,0.731491,0.878883,0.900512,0.183903,-0.132320,0.435681,0.575336,-0.261811,0.688603,0.581209,0.750179,0.120796,0.632331,0.434463,0.699834,0.746948,0.557533,0.852399,0.454134,0.571649,0.822561,-0.666059,-0.603070,-0.737081,-0.776224,0.122218,-0.439979,-0.757845,-0.775590,-0.606567,-0.833125,-0.225691,-0.854129,0.864981,-0.413521,0.328413,-0.132499,0.186826,0.080217,0.207180,0.553028,0.161490,0.259428,0.094969,0.256955,0.547909,0.546442,0.306427,0.767918,0.754429,-0.212794,0.106642,0.769334,0.848631,0.408631,0.835854,0.662162,0.065529,-0.176661,0.098161,-0.295812,0.797834,0.054924,0.777625,-0.773919,0.846490,0.595280,0.764393,-0.780027,0.573837,-0.775273,-0.329777,-0.755549,0.716549,0.717317,0.754477,0.486649,0.781754,0.338764,0.870421,-0.643628,0.867330,0.404148,0.851781,-0.368054,0.855371,0.639337,0.662641,0.594701,0.568610,0.406089,0.313140,-0.117781,-0.625866,0.503328
0.622489,0.113660,0.846965,0.000000,0.552529,0.670665,0.818735,0.893375,0.033145,0.503200,0.353440,0.609474,0.651862,0.521385,0.775605,0.819750,0.293455,0.546360,0.596064,0.817101,0.640646,0.674080,0.879205,0.875127,0.189610,-0.095532,0.426235,0.539693,-0.061393,0.614614,0.586070,0.737619,0.284369,0.661458,0.499345,0.673129,0.756159,0.627018,0.785754,0.589384,0.567198,0.759981,-0.551961,-0.498631,-0.644417,-0.686207,0.200919,-0.275998,-0.704270,-0.674276,-0.610562,-0.691786,-0.295803,-0.713817,0.760388,-0.153010,0.400260,0.067150,0.238273,0.180814,0.221259,0.582964,0.199146,0.343871,0.184332,0.364461,0.610549,0.611346,0.382672,0.730508,0.680615,-0.000911,0.281525,0.724488,0.748164,0.533303,0.800597,0.732865,0.113264,-0.028476,0.094529,-0.093847,0.740970,0.194674,0.630342,-0.566341,0.747719,0.697221,0.576107,-0.563634,0.487055,-0.624319,-0.388153,-0.596835,0.763198,0.691512,0.728966,0.622299,0.759101,0.455733,0.759781,-0.436979,0.762462,0.501717,0.739856,-0.136325,0.769706,0.675142,0.665458,0.614769,0.539597,0.478878,0.372007,-0.016996,-0.451294,0.514289
0.344937,-0.198128,0.596968,0.552529,0.000000,0.789330,0.609347,0.529091,0.562692,0.754261,0.039910,0.300541,0.224949,0.359572,0.692952,0.659577,0.121990,0.305057,0.211490,0.528276,0.574651,0.583506,0.607879,0.619077,0.601559,0.508866,0.679958,0.698224,-0.039793,0.518113,0.698468,0.664387,-0.021021,0.321189,0.209640,0.480857,0.511920,0.376715,0.564213,0.266127,0.340268,0.487291,-0.438590,-0.312155,-0.408745,-0.448637,0.142196,-0.212142,-0.414001,-0.453119,-0.414185,-0.546363,-0.324446,-0.594203,0.536407,-0.317816,0.155352,-0.204692,0.132561,0.136775,0.002926,0.329560,0.143290,0.133478,0.068545,0.117224,0.356012,0.400330,0.133187,0.574458,0.708698,0.098494,0.190757,0.623285,0.492182,0.270150,0.528201,0.456186,0.063987,0.013548,0.071572,-0.164788,0.460670,0.241176,0.439170,-0.512716,0.485636,0.436012,0.400303,-0.529853,0.525939,-0.516186,-0.206973,-0.396947,0.447195,0.458652,0.473368,0.426954,0.605056,0.440538,0.661484,-0.274032,0.679276,0.620819,0.582305,-0.184774,0.546986,0.521735,0.489495,0.325555,0.380951,0.363484,0.127205,-0.087919,-0.436541,0.406721
0.462185,-0.264988,0.750289,0.670665,0.789330,0.000000,0.731091,0.630440,0.367718,0.778317,-0.037216,0.303861,0.267812,0.449413,0.771655,0.738796,-0.000781,0.313801,0.194456,0.668785,0.544891,0.677254,0.736617,0.742329,0.481515,0.252452,0.649839,0.658222,-0.264018,0.591698,0.688678,0.689203,-0.059951,0.388426,0.197518,0.503632,0.550220,0.383378,0.666639,0.199183,0.394319,0.584469,-0.572219,-0.470718,-0.551813,-0.597453,0.032075,-0.398950,-0.556396,-0.593392,-0.492419,-0.694050,-0.367588,-0.741773,0.646333,-0.502137,0.145205,-0.285903,0.108495,0.063211,-0.007653,0.373377,0.015376,0.041198,0.014351,0.124137,0.379760,0.402735,0.125037,0.592397,0.755409,-0.075102,0.058063,0.682468,0.619092,0.253246,0.618857,0.452987,-0.018543,-0.190414,-0.003580,-0.350107,0.572787,0.120634,0.559747,-0.690069,0.611797,0.441628,0.532256,-0.716342,0.549007,-0.682658,-0.261170,-0.600926,0.530073,0.569635,0.565061,0.390741,0.617698,0.328523,0.762310,-0.502520,0.770545,0.489018,0.695338,-0.352074,0.698466,0.551509,0.543449,0.387475,0.403056,0.226479,0.102929,-0.208647,-0.599041,0.439452
0.693683,-0.117629,0.910946,0.818735,0.609347,0.731091,0.000000,0.847583,-0.014464,0.571484,0.325157,0.534741,0.652450,0.471518,0.789006,0.800011,0.169325,0.558388,0.442535,0.887071,0.691831,0.714509,0.854923,0.881233,0.159892,-0.121403,0.421381,0.578718,-0.254544,0.705831,0.565010,0.746046,0.108521,0.620593,0.393684,0.707890,0.723320,0.526636,0.844537,0.442587,0.532126,0.828125,-0.660845,-0.579623,-0.722046,-0.761656,0.152508,-0.420040,-0.735790,-0.764305,-0.585888,-0.834471,-0.184485,-0.863136,0.875975,-0.433207,0.354690,-0.135766,0.218885,0.120588,0.244951,0.585077,0.215298,0.303316,0.052281,0.241706,0.534157,0.544069,0.312859,0.795556,0.767769,-0.247251,0.098224,0.773794,0.860478,0.371782,0.840852,0.661301,0.081173,-0.164468,0.135106,-0.296630,0.788066,0.022701,0.789537,-0.793093,0.839322,0.557329,0.796020,-0.801185,0.589063,-0.785705,-0.314391,-0.758928,0.692159,0.699938,0.747708,0.486737,0.804323,0.367742,0.889324,-0.640709,0.884166,0.427230,0.867142,-0.389900,0.850037,0.620644,0.657228,0.564481,0.564629,0.438876,0.335480,-0.081649,-0.626770,0.501867
0.691399,0.136728,0.847220,0.893375,0.529091,0.630440,0.847583,0.000000,0.008562,0.510173,0.457851,0.693302,0.717149,0.568663,0.752898,0.804400,0.343644,0.635434,0.611958,0.843468,0.653383,0.656660,0.862478,0.855624,0.151378,-0.115731,0.370674,0.495816,-0.044843,0.667353,0.569219,0.760614,0.310337,0.710475,0.502602,0.697759,0.747217,0.617619,0.783103,0.569254,0.543097,0.797811,-0.519624,-0.455431,-0.617064,-0.655272,0.281423,-0.239893,-0.668445,-0.641617,-0.550636,-0.688431,-0.198559,-0.719281,0.798584,-0.168164,0.463137,0.093303,0.323584,0.268778,0.320270,0.698482,0.308244,0.450946,0.188305,0.419395,0.651392,0.661230,0.428345,0.786543,0.698044,-0.024598,0.288814,0.754444,0.781336,0.497040,0.827760,0.755470,0.161721,0.011956,0.182541,-0.055262,0.742403,0.186282,0.680053,-0.584699,0.755296,0.641240,0.640369,-0.593507,0.549755,-0.624450,-0.322495,-0.597944,0.734181,0.681852,0.741132,0.620982,0.793158,0.482587,0.785339,-0.452534,0.778025,0.479878,0.776198,-0.164537,0.763985,0.628485,0.660968,0.622672,0.579874,0.536943,0.413779,0.061036,-0.443830,0.491493
-0.007745,0.027487,-0.021068,0.033145,0.562692,0.367718,-0.014464,0.008562,0.000000,0.604850,-0.041690,0.116207,-0.123851,0.290144,0.219612,0.113240,0.121759,-0.018319,0.033547,-0.094309,0.140641,0.115129,0.109063,0.001050,0.727538,0.838489,0.371210,0.271241,0.355639,0.159684,0.524961,0.327467,0.098633,-0.004564,0.072492,0.077822,-0.009497,0.038133,-0.076389,-0.124737,-0.086175,-0.125983,0.159305,0.227835,0.252610,0.209653,0.242797,0.273483,0.224585,0.231602,0.126667,0.131307,-0.098121,0.084465,-0.112613,0.015922,0.074309,0.031379,0.196674,0.240631,0.059126,0.062603,0.179474,0.030488,0.212433,0.091239,0.142459,0.154679,0.063337,0.061565,0.317400,0.518597,0.334704,0.210394,-0.132532,0.029947,-0.052699,0.035949,0.091896,0.302491,0.127778,0.177990,-0.126789,0.350840,-0.089000,0.119517,-0.216448,-0.081603,-0.191301,0.079696,0.201031,0.149076,0.131546,0.256320,-0.106709,-0.085995,-0.040222,0.162767,0.078946,0.287542,0.023102,0.298384,0.038289,0.364528,-0.001477,0.221305,-0.135440,-0.020846,0.016333,-0.004433,0.086260,0.186503,-0.058793,0.142421,0.168798,0.028460
0.416838,-0.105524,0.573458,0.503200,0.754261,0.778317,0.571484,0.510173,0.604850,0.000000,0.045768,0.372833,0.214871,0.617463,0.654945,0.620738,0.100549,0.284497,0.172958,0.524716,0.493522,0.561897,0.592758,0.550576,0.713763,0.523807,0.491270,0.453890,0.007383,0.597236,0.764744,0.729211,0.064460,0.371776,0.234844,0.471558,0.465018,0.369675,0.504664,0.116461,0.241952,0.463907,-0.345375,-0.238646,-0.295547,-0.348843,0.232087,-0.113535,-0.319159,-0.327962,-0.297454,-0.480463,-0.270121,-0.538905,0.486871,-0.399191,0.194963,-0.159254,0.205235,0.192002,0.086432,0.419408,0.176909,0.158433,0.107903,0.185548,0.404977,0.443924,0.198705,0.574751,0.701211,0.179859,0.264969,0.679353,0.449452,0.176396,0.472845,0.389843,0.040173,0.048377,0.133790,-0.097317,0.412321,0.285542,0.422631,-0.490326,0.383705,0.239505,0.359522,-0.528250,0.528373,-0.468589,-0.132512,-0.386546,0.361549,0.420913,0.446344,0.377837,0.528400,0.347487,0.611818,-0.302034,0.611590,0.457970,0.574994,-0.178128,0.473038,0.354404,0.429932,0.331376,0.400939,0.304134,0.073663,-0.036200,-0.350376,0.346181
0.604225,0.545037,0.275833,0.353440,0.039910,-0.037216,0.325157,0.457851,-0.041690,0.045768,0.000000,0.722787,0.698901,0.451005,0.277836,0.239737,0.639968,0.651528,0.679039,0.339683,0.314187,0.224947,0.340339,0.229540,-0.035835,-0.092718,-0.053777,-0.031017,0.502169,0.443782,0.187188,0.406178,0.547541,0.519727,0.403592,0.348921,0.374564,0.409829,0.235766,0.358048,0.269207,0.340512,0.102402,0.105038,-0.028604,-0.060463,0.539432,0.297994,-0.098696,-0.041660,0.006472,-0.063064,0.262214,-0.084634,0.332778,0.313985,0.652623,0.520231,0.569772,0.543980,0.648916,0.592622,0.704014,0.668633,0.266948,0.444242,0.563237,0.535619,0.506235,0.386958,0.293403,0.242291,0.481705,0.363146,0.333142,0.321439,0.420934,0.528319,0.434498,0.405138,0.562001,0.423691,0.339316,0.272322,0.356944,0.007561,0.227625,0.230978,0.289251,-0.001158,0.240754,0.006653,0.012719,-0.009646,0.261398,0.217770,0.378035,0.434895,0.428980,0.483731,0.213316,0.113441,0.193872,0.220840,0.260759,0.164354,0.135376,0.077738,0.233428,0.400631,0.458264,0.612484,0.479775,0.458370,0.108576,0.157477
0.719153,0.509287,0.515041,0.609474,0.300541,0.303861,0.534741,0.693302,0.116207,0.372833,0.722787,0.000000,0.638855,0.663320,0.483988,0.502921,0.567355,0.726951,0.757762,0.594779,0.435759,0.393594,0.606160,0.488687,0.136937,-0.001184,0.122753,0.177925,0.359233,0.594418,0.453897,0.639073,0.625809,0.727221,0.473051,0.503295,0.532322,0.540701,0.452856,0.420125,0.391648,0.590241,-0.095882,-0.048828,-0.186990,-0.232431,0.540222,0.190341,-0.261876,-0.184092,-0.159883,-0.274446,0.066293,-0.319725,0.519471,0.100121,0.695227,0.476515,0.597368,0.625519,0.555528,0.738616,0.603282,0.702055,0.290442,0.548686,0.708507,0.725753,0.590664,0.600748,0.516489,0.229809,0.502215,0.612557,0.509041,0.416149,0.592604,0.658216,0.346611,0.231427,0.428735,0.321701,0.490828,0.327329,0.479402,-0.193302,0.435227,0.380570,0.395405,-0.231497,0.484511,-0.199147,-0.031277,-0.178951,0.483841,0.471861,0.566138,0.580579,0.620525,0.589201,0.461344,-0.084795,0.439335,0.392131,0.519765,0.129464,0.387075,0.309224,0.444161,0.537352,0.575019,0.639513,0.372209,0.389274,-0.029954,0.327809
0.658622,0.251660,0.636229,0.651862,0.224949,0.267812,0.652450,0.717149,-0.123851,0.214871,0.698901,0.638855,0.000000,0.478504,0.576222,0.556699,0.463725,0.598096,0.617854,0.631729,0.577656,0.484377,0.656529,0.599127,-0.049206,-0.243522,0.092183,0.249479,0.130578,0.574249,0.324078,0.607299,0.356503,0.586478,0.517617,0.591066,0.611551,0.512289,0.592691,0.536075,0.447366,0.616084,-0.271384,-0.267317,-0.406766,-0.449467,0.367946,-0.091078,-0.457571,-0.443027,-0.275797,-0.445824,0.127226,-0.461683,0.653400,0.058775,0.499311,0.220073,0.380496,0.254957,0.563617,0.624314,0.452976,0.512331,0.284223,0.427660,0.591554,0.536071,0.458795,0.617791,0.507848,-0.024005,0.340712,0.582418,0.656760,0.431283,0.693861,0.657652,0.301189,0.195301,0.361763,0.067892,0.630636,0.105071,0.657861,-0.359499,0.593642,0.471983,0.604589,-0.361047,0.381595,-0.378101,-0.151774,-0.400156,0.505084,0.434734,0.561658,0.424397,0.601375,0.306596,0.529597,-0.283778,0.513355,0.215892,0.557761,-0.118443,0.497936,0.344283,0.451307,0.566921,0.538419,0.525928,0.482780,0.173810,-0.245599,0.286535
0.584275,0.329714,0.503271,0.521385,0.359572,0.449413,0.471518,0.568663,0.290144,0.617463,0.451005,0.663320,0.478504,0.000000,0.543596,0.555611,0.389280,0.489290,0.436279,0.509674,0.373651,0.479774,0.553152,0.455897,0.460625,0.226676,0.221764,0.145423,0.306749,0.608939,0.618804,0.701112,0.445324,0.613564,0.419018,0.438772,0.510877,0.526887,0.415265,0.218966,0.346380,0.448369,-0.072722,-0.043390,-0.149060,-0.186229,0.469138,0.125663,-0.206483,-0.147933,-0.111285,-0.264123,-0.035378,-0.310978,0.443203,-0.035068,0.460838,0.235301,0.426090,0.421893,0.376384,0.611636,0.456849,0.449887,0.273413,0.426895,0.610320,0.616071,0.435205,0.515153,0.523837,0.386076,0.467420,0.594245,0.399733,0.254783,0.490900,0.519570,0.252745,0.265247,0.379662,0.243511,0.411899,0.431955,0.409812,-0.231278,0.310163,0.241556,0.291255,-0.266407,0.481678,-0.221429,-0.025054,-0.190760,0.375231,0.419061,0.505255,0.497880,0.466519,0.407716,0.421764,-0.098491,0.402383,0.307500,0.448396,0.040570,0.333077,0.218071,0.390087,0.513394,0.531621,0.435639,0.285670,0.207588,-0.126595,0.277132
0.589084,-0.038585,0.810524,0.775605,0.692952,0.771655,0.789006,0.752898,0.219612,0.654945,0.277836,0.483988,0.576222,0.543596,0.000000,0.845544,0.312158,0.541390,0.432254,0.753183,0.712103,0.801851,0.813556,0.793119,0.397970,0.116181,0.514224,0.600233,-0.017116,0.731216,0.594383,0.751246,0.100045,0.519989,0.419469,0.629598,0.791888,0.674198,0.794932,0.512322,0.538986,0.734463,-0.478326,-0.410036,-0.565425,-0.613088,0.267348,-0.249269,-0.616439,-0.630136,-0.498688,-0.678607,-0.223535,-0.710535,0.767506,-0.242334,0.329332,-0.082545,0.207609,0.136641,0.178808,0.498995,0.236103,0.238725,0.187707,0.297997,0.562398,0.567555,0.289109,0.693384,0.738384,-0.026408,0.295692,0.788059,0.735729,0.428342,0.784374,0.704987,0.233640,0.069928,0.269775,-0.099085,0.768221,0.312412,0.702229,-0.605412,0.725369,0.579145,0.641521,-0.621778,0.586708,-0.622149,-0.270334,-0.576216,0.650378,0.612237,0.699029,0.543990,0.735883,0.407817,0.763053,-0.442355,0.763270,0.462823,0.692565,-0.322880,0.691684,0.549621,0.624461,0.564445,0.582086,0.478932,0.320739,-0.095028,-0.566838,0.442072
0.510273,-0.021667,0.826010,0.819750,0.659577,0.738796,0.800011,0.804400,0.113240,0.620738,0.239737,0.502921,0.556699,0.555611,0.845544,0.000000,0.320092,0.540101,0.405427,0.793428,0.687144,0.753146,0.810788,0.848499,0.335098,0.050246,0.463989,0.588837,-0.061488,0.670029,0.614430,0.772317,0.088650,0.543103,0.389980,0.651469,0.802998,0.661769,0.822077,0.576786,0.532076,0.770947,-0.593695,-0.512034,-0.654518,-0.691653,0.181304,-0.325412,-0.697240,-0.694357,-0.634232,-0.742830,-0.385485,-0.765435,0.782061,-0.241399,0.270856,-0.092926,0.103420,0.082909,0.061717,0.517861,0.171512,0.317909,0.123222,0.287557,0.530242,0.550033,0.254190,0.763581,0.679793,-0.013804,0.251777,0.750620,0.749209,0.495886,0.788951,0.708956,0.143088,0.058978,0.135317,-0.093581,0.753731,0.278190,0.625295,-0.620786,0.774443,0.715125,0.573956,-0.623299,0.554730,-0.685403,-0.420543,-0.630846,0.725982,0.693613,0.723392,0.602646,0.759092,0.431613,0.808700,-0.466434,0.810700,0.553040,0.750693,-0.223783,0.762952,0.690747,0.645806,0.562197,0.523718,0.460404,0.311637,-0.124657,-0.578080,0.534839
0.303253,0.494436,0.147933,0.293455,0.121990,-0.000781,0.169325,0.343644,0.121759,0.100549,0.639968,0.567355,0.463725,0.389280,0.312158,0.320092,0.000000,0.708721,0.486501,0.189842,0.253117,0.195423,0.243562,0.173690,0.191640,0.138021,-0.081608,0.027211,0.671125,0.439622,0.219471,0.393103,0.393465,0.323487,0.301353,0.214063,0.432573,0.530346,0.183289,0.424826,0.114027,0.288523,0.157194,0.160015,0.063829,0.026892,0.531531,0.347271,-0.049500,0.029687,-0.056689,0.023096,0.003622,-0.004272,0.188949,0.373447,0.528370,0.483511,0.343402,0.417958,0.328952,0.444281,0.598415,0.678009,0.414374,0.565074,0.534123,0.514317,0.305306,0.293265,0.162929,0.356938,0.573613,0.310295,0.169811,0.291505,0.304937,0.509460,0.644886,0.708778,0.590206,0.617664,0.236683,0.483226,0.165379,0.150622,0.148381,0.277143,0.061545,0.121458,0.223963,0.092159,-0.045257,0.117005,0.174295,0.118397,0.315463,0.506789,0.355411,0.509959,0.122867,0.212747,0.114730,0.342724,0.128114,0.258980,-0.003291,0.080302,0.117710,0.272236,0.342051,0.580391,0.268039,0.301623,0.092237,0.160572
0.643076,0.391575,0.521227,0.546360,0.305057,0.313801,0.558388,0.635434,-0.018319,0.284497,0.651528,0.726951,0.598096,0.489290,0.541390,0.540101,0.708721,0.000000,0.584512,0.571742,0.454331,0.433352,0.543280,0.491588,0.116860,-0.053219,0.123210,0.239329,0.291325,0.672723,0.336977,0.565849,0.386238,0.614400,0.376536,0.446195,0.603557,0.607980,0.502383,0.429625,0.386452,0.641378,-0.126568,-0.086511,-0.249800,-0.284525,0.518261,0.085784,-0.326141,-0.285153,-0.222335,-0.351123,0.056913,-0.395869,0.578525,0.035906,0.643132,0.408107,0.461223,0.512936,0.419483,0.662044,0.635368,0.698026,0.284123,0.544327,0.673814,0.699587,0.406562,0.565172,0.469297,0.036845,0.374168,0.585040,0.553826,0.331314,0.620431,0.693310,0.543294,0.368938,0.584359,0.340469,0.530697,0.334904,0.551773,-0.274841,0.508102,0.362504,0.495349,-0.328637,0.518015,-0.272331,-0.046111,-0.258379,0.421554,0.437593,0.621704,0.589988,0.678963,0.594488,0.506162,-0.172385,0.495865,0.383249,0.515910,-0.047532,0.392765,0.279057,0.385399,0.467373,0.535750,0.668304,0.382106,0.258453,-0.209144,0.321932
0.690367,0.606497,0.440463,0.596064,0.211490,0.194456,0.442535,0.611958,0.033547,0.172958,0.679039,0.757762,0.617854,0.436279,0.432254,0.405427,0.486501,0.584512,0.000000,0.511981,0.471026,0.381871,0.563620,0.414359,0.007912,-0.090220,0.164344,0.182195,0.362442,0.450890,0.309416,0.468474,0.720365,0.694659,0.547345,0.454872,0.512668,0.531094,0.416784,0.503829,0.520497,0.482680,-0.014323,0.021236,-0.128576,-0.170333,0.484037,0.256676,-0.211372,-0.146115,-0.116086,-0.162399,0.109912,-0.196335,0.443060,0.289290,0.736150,0.592756,0.582147,0.577150,0.573168,0.608644,0.535025,0.548700,0.348419,0.509498,0.664457,0.657471,0.682974,0.497447,0.468183,0.231575,0.493908,0.512236,0.455464,0.515729,0.534602,0.630653,0.343333,0.197073,0.391862,0.329341,0.494719,0.312038,0.443934,-0.056645,0.372415,0.474906,0.341552,-0.080318,0.370740,-0.072730,-0.013870,-0.075881,0.523485,0.444822,0.535341,0.599047,0.580430,0.604373,0.346086,0.036349,0.322535,0.329469,0.393468,0.207392,0.316603,0.287910,0.441944,0.556284,0.529256,0.625572,0.469171,0.472642,0.088283,0.309238
0.716814,0.000987,0.886295,0.817101,0.528276,0.668785,0.887071,0.843468,-0.094309,0.524716,0.339683,0.594779,0.631729,0.509674,0.753183,0.793428,0.189842,0.571742,0.511981,0.000000,0.657854,0.690176,0.833656,0.854997,0.104332,-0.209443,0.344712,0.479823,-0.229774,0.684602,0.497514,0.717648,0.205767,0.684005,0.389898,0.662949,0.743619,0.562190,0.842774,0.485304,0.551775,0.852562,-0.633126,-0.556300,-0.710160,-0.745372,0.182728,-0.357892,-0.731887,-0.736470,-0.582025,-0.801569,-0.186018,-0.825300,0.867484,-0.380269,0.392251,-0.041853,0.254425,0.175643,0.241997,0.608964,0.215742,0.343292,0.035575,0.262915,0.564262,0.580413,0.414304,0.825424,0.697961,-0.231283,0.168807,0.784724,0.846021,0.405834,0.837119,0.684435,0.075061,-0.190723,0.117350,-0.228745,0.803054,0.063200,0.760068,-0.743898,0.846557,0.568358,0.762890,-0.747584,0.585709,-0.747192,-0.305902,-0.729917,0.756831,0.751330,0.769842,0.532487,0.792091,0.369207,0.865330,-0.629135,0.849419,0.398301,0.846695,-0.340675,0.851140,0.625591,0.674048,0.594948,0.555061,0.427383,0.316274,-0.060455,-0.577618,0.507182
0.557245,0.055600,0.681554,0.640646,0.574651,0.544891,0.691831,0.653383,0.140641,0.493522,0.314187,0.435759,0.577656,0.373651,0.712103,0.687144,0.253117,0.454331,0.471026,0.657854,0.000000,0.790460,0.662808,0.655594,0.246097,0.070184,0.389908,0.529466,0.016026,0.603434,0.456719,0.618591,0.184320,0.513053,0.479115,0.631983,0.681798,0.558985,0.704434,0.542783,0.660163,0.678572,-0.399897,-0.311864,-0.485621,-0.520594,0.262263,-0.121203,-0.509859,-0.542900,-0.382413,-0.563379,-0.016409,-0.585619,0.681175,-0.094973,0.420577,0.044974,0.280239,0.186897,0.317234,0.480554,0.297061,0.247284,0.230309,0.223795,0.530373,0.557403,0.405661,0.684280,0.688537,0.002448,0.317023,0.707499,0.694689,0.525057,0.702908,0.639542,0.245687,0.075384,0.291209,-0.019272,0.744937,0.229337,0.675363,-0.466054,0.663846,0.597123,0.620739,-0.478825,0.559067,-0.474234,-0.125197,-0.454935,0.602415,0.597219,0.615432,0.476876,0.692066,0.383559,0.650892,-0.362420,0.655041,0.395116,0.607764,-0.241575,0.596114,0.504630,0.573869,0.534263,0.496522,0.518271,0.330944,0.026009,-0.402313,0.366960
0.571283,-0.033191,0.731491,0.674080,0.583506,0.677254,0.714509,0.656660,0.115129,0.561897,0.224947,0.393594,0.484377,0.479774,0.801851,0.753146,0.195423,0.433352,0.381871,0.690176,0.790460,0.000000,0.693094,0.695950,0.308635,0.046928,0.484166,0.507151,-0.052913,0.695576,0.483025,0.621921,0.072291,0.476114,0.341788,0.541302,0.724819,0.633970,0.749651,0.477711,0.654115,0.678847,-0.441114,-0.348112,-0.531883,-0.557048,0.189964,-0.196951,-0.549176,-0.588618,-0.425115,-0.621613,-0.170307,-0.650474,0.697918,-0.214937,0.343848,-0.076859,0.207946,0.131753,0.157631,0.436597,0.189813,0.122749,0.086870,0.172149,0.485596,0.524707,0.314472,0.626566,0.682490,-0.042678,0.212000,0.689837,0.670068,0.390591,0.691412,0.592030,0.220324,-0.020194,0.289042,-0.108855,0.798829,0.329318,0.659293,-0.563245,0.668839,0.563198,0.613252,-0.575199,0.579443,-0.560023,-0.185525,-0.531891,0.642624,0.667807,0.684425,0.514525,0.669795,0.392129,0.692302,-0.419777,0.687112,0.376788,0.608410,-0.354170,0.650030,0.518231,0.598975,0.554029,0.533244,0.413077,0.303040,-0.081563,-0.545096,0.451641
0.673935,0.022144,0.878883,0.879205,0.607879,0.736617,0.854923,0.862478,0.109063,0.592758,0.340339,0.606160,0.656529,0.553152,0.813556,0.810788,0.243562,0.543280,0.563620,0.833656,0.662808,0.693094,0.000000,0.875998,0.255027,-0.027127,0.446082,0.577546,-0.106502,0.693855,0.632344,0.788124,0.275529,0.681286,0.512884,0.692080,0.731664,0.582278,0.799500,0.484126,0.566444,0.779559,-0.536000,-0.474663,-0.597197,-0.650029,0.225293,-0.290233,-0.641979,-0.643645,-0.506546,-0.707643,-0.193442,-0.739483,0.797778,-0.274969,0.404192,0.001136,0.263432,0.172234,0.269153,0.573383,0.232138,0.314186,0.252876,0.381925,0.632098,0.618212,0.391710,0.740059,0.763399,-0.075992,0.217878,0.770505,0.775500,0.457206,0.796281,0.679473,0.135202,-0.070127,0.149611,-0.162479,0.759686,0.153120,0.740417,-0.630731,0.766982,0.606330,0.677501,-0.658542,0.597625,-0.637581,-0.241559,-0.606292,0.690550,0.675610,0.729426,0.535590,0.763743,0.400950,0.799323,-0.504997,0.791598,0.441090,0.802867,-0.209347,0.769953,0.596989,0.632387,0.597960,0.582664,0.458828,0.323296,0.008236,-0.462812,0.490238
0.561588,-0.124891,0.900512,0.875127,0.619077,0.742329,0.881233,0.855624,0.001050,0.550576,0.229540,0.488687,0.599127,0.455897,0.793119,0.848499,0.173690,0.491588,0.414359,0.854997,0.655594,0.695950,0.875998,0.000000,0.197773,-0.097607,0.448620,0.606353,-0.234830,0.629236,0.584478,0.738835,0.082435,0.581468,0.405513,0.680073,0.745699,0.557033,0.837093,0.504791,0.525751,0.800343,-0.696951,-0.629488,-0.752728,-0.789246,0.080647,-0.446109,-0.778834,-0.787266,-0.676038,-0.829251,-0.334993,-0.843809,0.822199,-0.373898,0.251229,-0.159060,0.086258,0.011070,0.093335,0.498791,0.087970,0.235807,0.098111,0.243741,0.500229,0.498474,0.227620,0.751430,0.697531,-0.167674,0.116230,0.721720,0.796364,0.424778,0.802542,0.654662,0.030525,-0.148198,0.014647,-0.276091,0.765853,0.075709,0.693509,-0.736525,0.827711,0.653024,0.673255,-0.733019,0.525128,-0.770140,-0.412616,-0.732225,0.734976,0.708591,0.720615,0.510810,0.757207,0.343930,0.854791,-0.604617,0.858363,0.480575,0.821246,-0.302783,0.853220,0.714819,0.657601,0.542755,0.495738,0.381917,0.283970,-0.153079,-0.610930,0.530460
0.093385,0.016176,0.183903,0.189610,0.601559,0.481515,0.159892,0.151378,0.727538,0.713763,-0.035835,0.136937,-0.049206,0.460625,0.397970,0.335098,0.191640,0.116860,0.007912,0.104332,0.246097,0.308635,0.255027,0.197773,0.000000,0.775732,0.438870,0.243529,0.311371,0.363501,0.659981,0.476928,0.047743,0.105015,0.163967,0.176963,0.248519,0.274567,0.150087,0.019778,0.058205,0.073144,0.007933,0.082384,0.044600,0.009043,0.286587,0.173754,0.000001,0.003786,-0.085390,-0.094427,-0.227625,-0.129920,0.100142,-0.074127,0.080241,-0.021424,0.112717,0.167864,-0.046189,0.130403,0.184135,0.057994,0.236117,0.124150,0.261934,0.280194,0.066976,0.253558,0.409308,0.471956,0.345795,0.363269,0.023775,0.052714,0.122273,0.185591,0.164278,0.349199,0.203291,0.193972,0.095682,0.518208,0.061623,-0.080670,-0.013895,0.050813,-0.052179,-0.098002,0.234202,-0.075877,-0.064999,0.009119,0.073846,0.121949,0.183060,0.302188,0.233347,0.304626,0.208527,0.087635,0.232667,0.400401,0.149594,0.044666,0.061593,0.127489,0.140579,0.128225,0.219286,0.266064,0.046796,0.032409,-0.054623,0.142808
-0.131535,0.009186,-0.132320,-0.095532,0.508866,0.252452,-0.121403,-0.115731,0.838489,0.523807,-0.092718,-0.001184,-0.243522,0.226676,0.116181,0.050246,0.138021,-0.053219,-0.090220,-0.209443,0.070184,0.046928,-0.027127,-0.097607,0.775732,0.000000,0.354788,0.218303,0.413520,0.114721,0.499042,0.256448,0.028514,-0.093477,-0.000283,-0.009605,-0.057315,0.015969,-0.152049,-0.151114,-0.118006,-0.205417,0.222984,0.303904,0.332026,0.301809,0.221860,0.307365,0.317475,0.298288,0.175656,0.202221,-0.121900,0.158260,-0.195548,0.062234,0.002824,0.020430,0.094211,0.188831,-0.051139,-0.029009,0.174326,0.025487,0.185758,0.047523,0.059318,0.096394,-0.024324,0.004573,0.231550,0.548147,0.271930,0.089996,-0.239162,-0.053239,-0.154101,-0.037218,0.139204,0.404123,0.169417,0.264034,-0.205394,0.407771,-0.185179,0.194544,-0.301428,-0.099310,-0.287921,0.157225,0.149423,0.209163,0.136418,0.320486,-0.190913,-0.130285,-0.079701,0.138404,0.019114,0.271674,-0.056431,0.366694,-0.034059,0.362238,-0.084457,0.253182,-0.229942,-0.063858,-0.067777,-0.055932,0.045484,0.173125,-0.067548,0.148373,0.189902,0.025462
0.258857,-0.151559,0.435681,0.426235,0.679958,0.649839,0.421381,0.370674,0.371210,0.491270,-0.053777,0.122753,0.092183,0.221764,0.514224,0.463989,-0.081608,0.123210,0.164344,0.344712,0.389908,0.484166,0.446082,0.448620,0.438870,0.354788,0.000000,0.615511,-0.121833,0.307176,0.507890,0.395232,-0.001371,0.251351,0.169243,0.331295,0.353460,0.245472,0.409800,0.154651,0.457763,0.256920,-0.265382,-0.174297,-0.298917,-0.293329,0.031032,-0.200871,-0.268400,-0.319013,-0.253666,-0.355400,-0.223448,-0.392996,0.378944,-0.157739,0.071716,-0.156841,0.120214,0.110865,-0.006424,0.190516,0.068453,-0.076536,-0.027227,0.003160,0.214956,0.258265,0.133830,0.317927,0.557006,0.094994,-0.008824,0.383748,0.332261,0.267524,0.359471,0.300035,0.037431,-0.123941,0.043465,-0.184774,0.339906,0.279824,0.319402,-0.330276,0.307225,0.404193,0.277555,-0.337990,0.377699,-0.342354,-0.134165,-0.249631,0.397306,0.413654,0.382103,0.335373,0.427351,0.380837,0.458971,-0.077156,0.485606,0.515205,0.364439,-0.121043,0.433150,0.435243,0.432467,0.319708,0.332577,0.221881,0.315137,-0.012958,-0.314776,0.370634
0.275106,-0.264043,0.575336,0.539693,0.698224,0.658222,0.578718,0.495816,0.271241,0.453890,-0.031017,0.177925,0.249479,0.145423,0.600233,0.588837,0.027211,0.239329,0.182195,0.479823,0.529466,0.507151,0.577546,0.606353,0.243529,0.218303,0.615511,0.000000,-0.230662,0.336199,0.502968,0.527358,-0.029933,0.303307,0.268641,0.550216,0.429024,0.283948,0.567512,0.315541,0.405805,0.480121,-0.474033,-0.409432,-0.480238,-0.508557,-0.024073,-0.402088,-0.480130,-0.528451,-0.442686,-0.557895,-0.210083,-0.576606,0.518705,-0.274574,0.113084,-0.225813,0.022507,-0.032930,0.013198,0.233955,0.039349,0.070791,0.002190,0.069000,0.244836,0.285728,0.060691,0.440336,0.618071,-0.082926,-0.008308,0.470915,0.546755,0.317489,0.538094,0.420956,0.028315,-0.105283,0.003741,-0.292551,0.441187,0.025904,0.479952,-0.493896,0.541606,0.510727,0.469394,-0.511671,0.442032,-0.503903,-0.176118,-0.413659,0.427108,0.414100,0.424391,0.290626,0.532459,0.263094,0.595220,-0.302426,0.616595,0.481827,0.564356,-0.162933,0.559016,0.509521,0.420802,0.325283,0.359119,0.297492,0.176490,-0.168644,-0.428627,0.305429
0.025508,0.610473,-0.261811,-0.061393,-0.039793,-0.264018,-0.254544,-0.044843,0.355639,0.007383,0.502169,0.359233,0.130578,0.306749,-0.017116,-0.061488,0.671125,0.291325,0.362442,-0.229774,0.016026,-0.052913,-0.106502,-0.234830,0.311371,0.413520,-0.121833,-0.230662,0.000000,0.146319,0.135561,0.119243,0.478517,0.117248,0.204831,-0.054935,0.080760,0.295457,-0.234364,0.151725,-0.023498,-0.183601,0.509970,0.509381,0.473788,0.451739,0.488363,0.664371,0.382319,0.455613,0.282311,0.455588,0.121425,0.445004,-0.259567,0.598234,0.386937,0.584505,0.309117,0.421226,0.271889,0.140433,0.526180,0.435470,0.387340,0.334168,0.264920,0.264274,0.258496,-0.053347,-0.057118,0.680717,0.603960,-0.010800,-0.274495,0.177307,-0.121419,0.165121,0.537476,0.748574,0.540023,0.758489,-0.113324,0.567752,-0.220717,0.553320,-0.341173,-0.004944,-0.360139,0.542089,-0.018650,0.520244,0.150462,0.542710,-0.109448,-0.164714,-0.023786,0.313092,0.008231,0.413165,-0.301727,0.627580,-0.297473,0.208472,-0.288115,0.498583,-0.418258,-0.182051,-0.079322,0.090195,0.147778,0.427349,0.212704,0.456751,0.473950,-0.003370
0.679761,0.078750,0.688603,0.614614,0.518113,0.591698,0.705831,0.667353,0.159684,0.597236,0.443782,0.594418,0.574249,0.608939,0.731216,0.670029,0.439622,0.672723,0.450890,0.684602,0.603434,0.695576,0.693855,0.629236,0.363501,0.114721,0.307176,0.336199,0.146319,0.000000,0.559578,0.719308,0.214672,0.590375,0.336107,0.513799,0.662491,0.618441,0.654173,0.323821,0.453630,0.660150,-0.294073,-0.204886,-0.343960,-0.394772,0.373637,-0.074050,-0.379096,-0.426038,-0.240358,-0.529666,-0.008733,-0.578265,0.690462,-0.238564,0.473213,0.072560,0.355853,0.311456,0.319632,0.589125,0.446825,0.420352,0.220269,0.405688,0.613169,0.641512,0.408202,0.659540,0.691275,-0.062976,0.252330,0.720963,0.621089,0.224039,0.646405,0.573807,0.463108,0.201570,0.534975,0.055413,0.697298,0.340358,0.701167,-0.524169,0.592333,0.335074,0.644203,-0.578800,0.656612,-0.466504,-0.001765,-0.446769,0.480353,0.586821,0.724964,0.548571,0.693817,0.447761,0.672620,-0.382029,0.646493,0.306862,0.657003,-0.285641,0.532934,0.313811,0.473000,0.548427,0.615620,0.502946,0.328143,0.099315,-0.398330,0.441628
0.442142,0.030034,0.581209,0.586070,0.698468,0.688678,0.565010,0.569219,0.524961,0.764744,0.187188,0.453897,0.324078,0.618804,0.594383,0.614430,0.219471,0.336977,0.309416,0.497514,0.456719,0.483025,0.632344,0.584478,0.659981,0.499042,0.507890,0.502968,0.135561,0.559578,0.000000,0.786650,0.240677,0.467964,0.358727,0.523332,0.465361,0.385142,0.464024,0.183825,0.307935,0.408227,-0.350368,-0.270359,-0.322741,-0.364624,0.194668,-0.126702,-0.348086,-0.341658,-0.363419,-0.446790,-0.314181,-0.486534,0.448113,-0.226101,0.311629,0.018256,0.246071,0.231408,0.168111,0.439485,0.244290,0.308195,0.169840,0.254187,0.454575,0.463429,0.260491,0.549657,0.729822,0.331441,0.265502,0.582904,0.431744,0.281034,0.478429,0.420069,0.111682,0.159811,0.132817,-0.032507,0.368103,0.314917,0.351975,-0.402814,0.367831,0.383017,0.271179,-0.409377,0.427368,-0.406983,-0.225579,-0.333284,0.389074,0.439747,0.498964,0.482398,0.568867,0.459007,0.565546,-0.178911,0.581120,0.550720,0.586713,0.057440,0.450841,0.424565,0.407494,0.444720,0.491195,0.418776,0.209317,0.052622,-0.248430,0.392254
0.612650,0.091257,0.750179,0.737619,0.664387,0.689203,0.746046,0.760614,0.327467,0.729211,0.406178,0.639073,0.607299,0.701112,0.751246,0.772317,0.393103,0.565849,0.468474,0.717648,0.618591,0.621921,0.788124,0.738835,0.476928,0.256448,0.395232,0.527358,0.119243,0.719308,0.786650,0.000000,0.292999,0.643425,0.459263,0.675289,0.663689,0.566989,0.673068,0.390722,0.400200,0.667029,-0.416946,-0.354708,-0.447157,-0.507755,0.331523,-0.165851,-0.500242,-0.490536,-0.421897,-0.593777,-0.193593,-0.631943,0.682276,-0.219878,0.421512,0.043961,0.338779,0.277512,0.316369,0.609966,0.388053,0.504801,0.214655,0.385916,0.630168,0.647137,0.369348,0.745538,0.753035,0.178110,0.390225,0.767285,0.672013,0.380911,0.713225,0.650281,0.195415,0.187248,0.265801,0.005958,0.588428,0.271019,0.596278,-0.518039,0.617985,0.505853,0.527665,-0.537312,0.588895,-0.530364,-0.198161,-0.463020,0.536376,0.543596,0.631772,0.543190,0.712695,0.435700,0.726872,-0.320955,0.721074,0.535920,0.738845,-0.072767,0.617826,0.489172,0.502531,0.563087,0.592519,0.536390,0.293317,0.032947,-0.379534,0.447351
0.501362,0.723406,0.120796,0.284369,-0.021021,-0.059951,0.108521,0.310337,0.098633,0.064460,0.547541,0.625809,0.356503,0.445324,0.100045,0.088650,0.393465,0.386238,0.720365,0.205767,0.184320,0.072291,0.275529,0.082435,0.047743,0.028514,-0.001371,-0.029933,0.478517,0.214672,0.240677,0.292999,0.000000,0.670193,0.579161,0.275803,0.209275,0.304394,0.066827,0.222347,0.358143,0.169544,0.315818,0.301346,0.217462,0.188750,0.536680,0.480766,0.135667,0.220808,0.198388,0.188794,0.294432,0.159069,0.107780,0.421909,0.697885,0.727740,0.624231,0.614682,0.608586,0.468669,0.575384,0.531572,0.444447,0.498407,0.595846,0.583724,0.681968,0.228830,0.249461,0.455695,0.499249,0.259822,0.143062,0.347214,0.225595,0.376942,0.346895,0.267492,0.400890,0.514242,0.148951,0.300318,0.197869,0.266188,0.011669,0.167805,0.062639,0.222688,0.236443,0.280144,0.236805,0.257781,0.249572,0.233755,0.329900,0.440156,0.301235,0.464099,0.007744,0.286513,-0.011379,0.154292,0.134419,0.477107,-0.006768,-0.001882,0.215153,0.461121,0.444390,0.516727,0.382802,0.635822,0.449202,0.076718
0.751835,0.426580,0.632331,0.661458,0.321189,0.388426,0.620593,0.710475,-0.004564,0.371776,0.519727,0.727221,0.586478,0.613564,0.519989,0.543103,0.323487,0.614400,0.694659,0.684005,0.513053,0.476114,0.681286,0.581468,0.105015,-0.093477,0.251351,0.303307,0.117248,0.590375,0.467964,0.643425,0.670193,0.000000,0.633924,0.608839,0.557988,0.524849,0.547001,0.353126,0.612801,0.624272,-0.155778,-0.135980,-0.282219,-0.314665,0.442869,0.037140,-0.337784,-0.311250,-0.182737,-0.378736,0.153215,-0.406363,0.616621,0.014184,0.673113,0.414204,0.570016,0.493176,0.541631,0.666184,0.552741,0.554901,0.313685,0.484505,0.727977,0.763729,0.634403,0.607189,0.610931,0.141995,0.357034,0.644946,0.623189,0.444208,0.660905,0.664938,0.307957,0.066751,0.392532,0.186949,0.563242,0.222883,0.633050,-0.300436,0.541346,0.428215,0.545550,-0.344883,0.588575,-0.266000,0.080385,-0.272179,0.558827,0.594190,0.678371,0.559234,0.677727,0.481816,0.541211,-0.212159,0.519215,0.301326,0.623045,0.064973,0.513980,0.334118,0.507670,0.686131,0.651741,0.595614,0.459858,0.341148,-0.099123,0.337758
0.465992,0.363475,0.434463,0.499345,0.209640,0.197518,0.393684,0.502602,0.072492,0.234844,0.403592,0.473051,0.517617,0.419018,0.419469,0.389980,0.301353,0.376536,0.547345,0.389898,0.479115,0.341788,0.512884,0.405513,0.163967,-0.000283,0.169243,0.268641,0.204831,0.336107,0.358727,0.459263,0.579161,0.633924,0.000000,0.660712,0.497913,0.488967,0.393855,0.406492,0.490883,0.410965,-0.014603,-0.077168,-0.155625,-0.194558,0.432813,0.114377,-0.249334,-0.187293,-0.114174,-0.182602,0.179954,-0.182346,0.404180,0.228881,0.481177,0.386982,0.423252,0.276326,0.536580,0.454791,0.388499,0.356744,0.600436,0.531743,0.663809,0.612234,0.458673,0.378925,0.433862,0.272447,0.400465,0.466576,0.449250,0.491592,0.512397,0.570049,0.278503,0.223010,0.308686,0.246555,0.393265,0.235131,0.478103,-0.058524,0.343679,0.411186,0.344103,-0.078705,0.320517,-0.056071,0.006073,-0.093687,0.379377,0.315556,0.450733,0.377392,0.471778,0.325442,0.273229,-0.024994,0.283061,0.195792,0.371855,0.183629,0.265967,0.205458,0.359698,0.555717,0.589124,0.572109,0.486880,0.375080,0.095694,0.098122
0.554743,0.039195,0.699834,0.673129,0.480857,0.503632,0.707890,0.697759,0.077822,0.471558,0.348921,0.503295,0.591066,0.438772,0.629598,0.651469,0.214063,0.446195,0.454872,0.662949,0.631983,0.541302,0.692080,0.680073,0.176963,-0.009605,0.331295,0.550216,-0.054935,0.513799,0.523332,0.675289,0.275803,0.608839,0.660712,0.000000,0.637526,0.508679,0.680034,0.474919,0.492706,0.668990,-0.419789,-0.409219,-0.504207,-0.541081,0.262606,-0.239590,-0.554258,-0.536805,-0.442259,-0.587452,-0.029494,-0.595341,0.693601,-0.171208,0.386946,0.041046,0.274860,0.157613,0.370773,0.516308,0.322685,0.376402,0.141886,0.278593,0.513295,0.554921,0.335033,0.648781,0.664936,0.012320,0.244155,0.675813,0.734709,0.466143,0.747408,0.669085,0.112145,0.022308,0.191352,-0.104214,0.575895,0.069624,0.624960,-0.497867,0.641853,0.539906,0.597797,-0.489808,0.469260,-0.502569,-0.235421,-0.481997,0.538143,0.487607,0.590418,0.422527,0.691965,0.341391,0.660197,-0.314253,0.674160,0.450873,0.694646,-0.064855,0.634014,0.494601,0.515474,0.551155,0.649202,0.573429,0.476659,0.085790,-0.329670,0.380578
0.559274,0.126675,0.746948,0.756159,0.511920,0.550220,0.723320,0.747217,-0.009497,0.465018,0.374564,0.532322,0.611551,0.510877,0.791888,0.802998,0.432573,0.603557,0.512668,0.743619,0.681798,0.724819,0.731664,0.745699,0.248519,-0.057315,0.353460,0.429024,0.080760,0.662491,0.465361,0.663689,0.209275,0.557988,0.497913,0.637526,0.000000,0.840058,0.823568,0.707697,0.601807,0.788851,-0.424865,-0.383064,-0.561536,-0.585509,0.347778,-0.118133,-0.619117,-0.593292,-0.510182,-0.610417,-0.204970,-0.634950,0.776586,-0.061711,0.387146,0.069217,0.190988,0.154117,0.177286,0.515792,0.255078,0.330401,0.215436,0.340797,0.600390,0.607822,0.347252,0.696564,0.598545,0.004889,0.325598,0.699463,0.701601,0.448902,0.764816,0.736731,0.317197,0.141135,0.299562,0.057983,0.805437,0.412987,0.643302,-0.492280,0.734193,0.667882,0.594683,-0.486986,0.535681,-0.538373,-0.338115,-0.522203,0.737443,0.656189,0.733013,0.634142,0.768342,0.503479,0.710526,-0.351017,0.709143,0.476168,0.659980,-0.167830,0.678794,0.611297,0.696717,0.594829,0.646941,0.584977,0.459393,0.056775,-0.456218,0.545662
