0.000000 0.579175 0.577232 0.559684 0.295474 0.235411 0.602765 0.565868 0.417862 0.319761 0.579730 0.525408 0.561380 0.527152 0.446800 0.380072 0.349425 0.360953 0.599549 0.600200 0.239105 0.231879 0.576360 0.569223 0.379565 0.364895 0.187381 0.231618 0.507471 0.419369 0.445546 0.515385 0.540223 0.569332 0.520041 0.517740 0.371205 0.428341 0.278953 0.241304 0.265755 0.352384 0.456293 0.479782 0.477222 0.477099 0.480145 0.463763 0.456858 0.466301 0.486901 0.359661 0.486612 0.325314 0.461168 0.471102 0.594131 0.547294 0.588779 0.536150 0.568096 0.532243 0.508942 0.495388 0.510912 0.499458 0.582970 0.556492 0.583996 0.539463 0.550797 0.532921 0.467411 0.529285 0.387432 0.312576 0.532083 0.538690 0.366238 0.342537 0.486011 0.513863 0.370316 0.357361 0.520283 0.507935 0.280120 0.313928 0.327228 0.444856 0.422538 0.408597 0.405140 0.424677 0.422159 0.254591 0.507071 0.464858 0.535292 0.523672 0.382801 0.367300 0.312366 0.333308 0.328217 0.346714 0.142250 0.059852 0.137774 0.381659 0.492687 0.548034 0.525606 0.339620 0.304163 0.233183
0.579175 0.000000 0.558747 0.535312 0.342790 0.127936 0.581523 0.555528 0.449244 0.209236 0.542803 0.563429 0.499032 0.556477 0.458629 0.380848 0.320257 0.428985 0.564770 0.595386 0.253994 0.287476 0.547187 0.565643 0.430355 0.374852 0.204383 0.270159 0.444605 0.455953 0.465514 0.527261 0.536010 0.569313 0.453943 0.475795 0.338125 0.435382 0.329143 0.236988 0.274511 0.402422 0.438847 0.456283 0.484811 0.492978 0.433935 0.436930 0.490884 0.504159 0.503009 0.420073 0.493115 0.311356 0.461441 0.448633 0.543488 0.587557 0.517258 0.577007 0.495916 0.543001 0.434541 0.497979 0.426262 0.515379 0.548286 0.542293 0.573679 0.571648 0.541037 0.484412 0.497397 0.508003 0.310693 0.239809 0.490759 0.508736 0.351133 0.345978 0.473069 0.498163 0.370578 0.379518 0.484350 0.477603 0.334900 0.392843 0.392197 0.416078 0.472097 0.429907 0.452473 0.433425 0.320852 0.253431 0.429128 0.412181 0.491195 0.453808 0.347341 0.276878 0.305250 0.223639 0.259392 0.252385 0.187178 0.037959 0.125525 0.312191 0.468337 0.519804 0.449288 0.290479 0.216476 0.191657
0.577232 0.558747 0.000000 0.476882 0.409987 0.254201 0.600513 0.482249 0.490118 0.296887 0.534967 0.485236 0.492909 0.475243 0.496271 0.438626 0.272191 0.360880 0.528644 0.563625 0.313537 0.280254 0.530926 0.594655 0.439834 0.459443 0.246916 0.298444 0.459461 0.413502 0.465779 0.516739 0.464893 0.504072 0.477288 0.470839 0.346305 0.447345 0.331962 0.237028 0.300067 0.371180 0.381991 0.420029 0.445100 0.429479 0.393595 0.393935 0.413926 0.416178 0.442615 0.320142 0.409955 0.200008 0.442003 0.435123 0.508712 0.519924 0.514023 0.547983 0.473475 0.463973 0.420449 0.437001 0.460802 0.450145 0.534168 0.538108 0.532132 0.519369 0.544413 0.515526 0.465062 0.474975 0.352478 0.245968 0.489448 0.473538 0.316037 0.285820 0.434753 0.471072 0.367849 0.377005 0.484986 0.441358 0.398942 0.399146 0.385109 0.371552 0.413280 0.351361 0.385103 0.399350 0.375157 0.265822 0.443586 0.385448 0.509016 0.485349 0.355197 0.327729 0.383654 0.323815 0.315215 0.300653 0.249526 0.139160 0.105669 0.305527 0.465009 0.497997 0.472425 0.306292 0.234337 0.245279
0.559684 0.535312 0.476882 0.000000 0.185685 0.082582 0.555033 0.599496 0.355482 0.191163 0.513387 0.533580 0.500422 0.525449 0.365457 0.283278 0.328367 0.364420 0.561223 0.549077 0.146326 0.182680 0.571900 0.525345 0.346464 0.269246 0.058751 0.123603 0.445426 0.439778 0.368864 0.442610 0.531743 0.553827 0.451615 0.483406 0.329712 0.401786 0.185395 0.238951 0.280508 0.360058 0.530124 0.513832 0.537080 0.536296 0.520943 0.523485 0.520547 0.549490 0.526822 0.492812 0.516213 0.489536 0.432817 0.467405 0.536981 0.552420 0.540020 0.512774 0.524245 0.581559 0.431442 0.456318 0.455390 0.569863 0.563684 0.557819 0.587360 0.517402 0.501722 0.461039 0.437398 0.475392 0.281776 0.215130 0.496084 0.503497 0.322607 0.390316 0.459697 0.512387 0.355518 0.398936 0.461000 0.550052 0.172147 0.304271 0.266697 0.500653 0.469753 0.509090 0.442338 0.507502 0.305619 0.216535 0.452301 0.428996 0.513157 0.493667 0.337274 0.328533 0.154264 0.217665 0.290178 0.357487 0.010899 -0.130969 0.074225 0.287863 0.479206 0.568929 0.495712 0.374053 0.360327 0.142151
0.295474 0.342790 0.409987 0.185685 0.000000 0.157198 0.381007 0.249446 0.516752 0.213298 0.312986 0.293844 0.239005 0.310919 0.483457 0.408334 0.065101 0.232244 0.242168 0.302383 0.353661 0.331868 0.251211 0.391924 0.382996 0.445896 0.464165 0.358052 0.205589 0.249967 0.361007 0.353045 0.244793 0.270907 0.262457 0.245379 0.180074 0.311234 0.377513 0.252819 0.234833 0.360378 0.180350 0.217866 0.249115 0.244054 0.165579 0.150658 0.250057 0.219537 0.264602 0.178216 0.263524 -0.020021 0.325772 0.265022 0.229475 0.335767 0.203463 0.384762 0.170909 0.217682 0.153256 0.205303 0.197628 0.202822 0.263773 0.297434 0.272117 0.360126 0.391127 0.330925 0.306156 0.266786 0.239268 0.082905 0.313302 0.263535 0.132565 0.090457 0.241693 0.208106 0.270198 0.268425 0.342021 0.166204 0.516423 0.430191 0.474578 0.192167 0.301260 0.157746 0.246077 0.187099 0.171452 0.201835 0.184642 0.122143 0.292815 0.248895 0.179555 0.178568 0.418935 0.185300 0.153174 0.045098 0.349169 0.210984 0.087221 0.062974 0.258615 0.224537 0.212318 0.146598 0.042139 0.141011
0.235411 0.127936 0.254201 0.082582 0.157198 0.000000 0.202255 0.115812 0.216146 0.510183 0.217878 0.044260 0.268907 0.083268 0.254391 0.312044 0.197117 0.035654 0.230295 0.207089 0.234282 0.098893 0.186863 0.220861 0.211433 0.385484 0.101102 0.154781 0.290758 0.019411 0.217246 0.257823 0.186159 0.193204 0.312993 0.210671 0.240914 0.134024 0.062734 0.126537 0.111390 0.061895 0.132430 0.158565 0.091130 0.080240 0.161424 0.121095 0.046186 0.019866 0.088699 -0.103998 0.066531 -0.043621 0.135918 0.154212 0.267557 0.098961 0.279342 0.110650 0.273234 0.058504 0.329941 0.163638 0.329735 0.064554 0.245928 0.194614 0.154846 0.158370 0.187115 0.328795 0.182663 0.244457 0.233856 0.275474 0.219524 0.237073 0.170956 0.071585 0.173298 0.164525 0.102929 0.019669 0.189294 0.152849 0.110607 -0.026354 0.052165 0.128540 -0.012033 -0.004513 0.009360 0.056859 0.370478 0.114858 0.314195 0.242158 0.267934 0.296888 0.143250 0.264504 0.247022 0.391234 0.198572 0.209882 0.056854 0.250240 0.135006 0.300734 0.144232 0.158520 0.271306 0.129458 0.147863 0.179689
0.602765 0.581523 0.600513 0.555033 0.381007 0.202255 0.000000 0.563305 0.472091 0.289294 0.575841 0.542967 0.538402 0.533982 0.501161 0.415342 0.312903 0.381287 0.573264 0.590612 0.279213 0.286180 0.574650 0.602987 0.433387 0.413229 0.235241 0.268677 0.480230 0.447106 0.470326 0.525702 0.525676 0.561191 0.498750 0.518782 0.370832 0.461532 0.312755 0.272806 0.309346 0.410918 0.469682 0.485044 0.503624 0.499559 0.474536 0.468383 0.476738 0.489315 0.503749 0.403926 0.496618 0.325660 0.473343 0.486240 0.553314 0.569975 0.551198 0.564947 0.526664 0.542485 0.460123 0.480843 0.484587 0.518448 0.573457 0.571754 0.582329 0.559032 0.579090 0.542665 0.485156 0.517946 0.366367 0.253447 0.533173 0.529993 0.346851 0.350536 0.483742 0.514286 0.396070 0.404296 0.512330 0.510331 0.347507 0.394447 0.380883 0.455709 0.471031 0.440978 0.434614 0.455301 0.377058 0.268478 0.477404 0.428869 0.541428 0.516321 0.394064 0.347545 0.326480 0.305134 0.320799 0.322798 0.182749 0.050531 0.112707 0.314812 0.505296 0.550274 0.512103 0.339405 0.290389 0.203339
0.565868 0.555528 0.482249 0.599496 0.249446 0.115812 0.563305 0.000000 0.384265 0.251785 0.540888 0.547410 0.520283 0.572329 0.412119 0.321411 0.334206 0.374347 0.573274 0.570139 0.183128 0.220463 0.561910 0.536324 0.364690 0.294040 0.121279 0.166143 0.446821 0.439479 0.388972 0.474786 0.555681 0.583821 0.477212 0.504140 0.338218 0.406950 0.213477 0.237174 0.278306 0.376749 0.523419 0.502269 0.533630 0.533712 0.511152 0.505359 0.536228 0.553259 0.546694 0.476722 0.545218 0.448839 0.457983 0.458293 0.552593 0.575146 0.544513 0.527859 0.531025 0.576003 0.455974 0.491027 0.454976 0.549434 0.572371 0.559918 0.599451 0.554342 0.527618 0.492380 0.479022 0.513595 0.312253 0.237829 0.518672 0.534435 0.343265 0.370693 0.478436 0.493883 0.363639 0.379749 0.476628 0.525550 0.223252 0.318621 0.331680 0.477247 0.487603 0.499848 0.471264 0.487088 0.313326 0.220550 0.451536 0.427907 0.514809 0.478333 0.354177 0.315497 0.194416 0.214640 0.273831 0.311049 0.036104 -0.105931 0.105156 0.292736 0.481991 0.554945 0.480167 0.335626 0.313060 0.121818
0.417862 0.449244 0.490118 0.355482 0.516752 0.216146 0.472091 0.384265 0.000000 0.275363 0.402906 0.367401 0.357197 0.418717 0.491417 0.451456 0.187013 0.314411 0.389590 0.433360 0.343941 0.291112 0.398264 0.494136 0.453617 0.529168 0.305044 0.302950 0.340673 0.349962 0.411845 0.449551 0.367910 0.395393 0.371173 0.326524 0.233640 0.356960 0.297324 0.267893 0.328318 0.375873 0.343091 0.365152 0.411299 0.401569 0.314995 0.312523 0.404267 0.372430 0.407001 0.321968 0.366527 0.158952 0.375688 0.367283 0.360545 0.457193 0.350097 0.496951 0.296472 0.349433 0.287242 0.313011 0.326754 0.363908 0.411202 0.437371 0.421600 0.473117 0.434491 0.448650 0.434515 0.400608 0.212639 0.195664 0.417406 0.374469 0.226527 0.205468 0.332755 0.338999 0.333928 0.362405 0.412302 0.321814 0.451606 0.431470 0.440938 0.342956 0.378262 0.300770 0.329431 0.345710 0.235354 0.190886 0.296321 0.231788 0.434263 0.401936 0.233459 0.299198 0.397663 0.275060 0.216677 0.164574 0.250249 0.110671 0.071137 0.135035 0.397582 0.390904 0.366807 0.254586 0.167511 0.165428
0.319761 0.209236 0.296887 0.191163 0.213298 0.510183 0.289294 0.251785 0.275363 0.000000 0.329913 0.157101 0.358626 0.234782 0.334477 0.440254 0.261776 0.097850 0.324277 0.295805 0.235150 0.137785 0.260586 0.289129 0.146054 0.337538 0.199355 0.171961 0.367044 0.125986 0.226790 0.299703 0.275591 0.274997 0.401812 0.272230 0.265871 0.172750 0.100470 0.213969 0.159515 0.108830 0.229488 0.239151 0.185363 0.178503 0.221731 0.197231 0.156597 0.123986 0.208361 -0.002593 0.170972 0.034126 0.223179 0.234296 0.346698 0.192133 0.354235 0.202074 0.351541 0.150360 0.417764 0.260498 0.396616 0.157824 0.329677 0.284085 0.254393 0.243734 0.273612 0.424022 0.231527 0.324350 0.303688 0.324164 0.310739 0.333385 0.213988 0.142947 0.254320 0.251200 0.216536 0.120627 0.272025 0.254871 0.192586 0.086942 0.114155 0.242515 0.022267 0.048774 0.034268 0.085663 0.397198 0.131270 0.362419 0.301371 0.354425 0.369468 0.212685 0.378717 0.254483 0.450898 0.229493 0.259837 0.000014 0.175197 0.117053 0.315783 0.251973 0.266419 0.359761 0.168887 0.217406 0.142189
0.579730 0.542803 0.534967 0.513387 0.312986 0.217878 0.575841 0.540888 0.402906 0.329913 0.000000 0.533772 0.598248 0.543409 0.481188 0.381363 0.412499 0.408513 0.562373 0.558450 0.297436 0.308738 0.551568 0.535814 0.382693 0.355130 0.242089 0.249822 0.526768 0.449418 0.486445 0.518069 0.540105 0.553963 0.519373 0.488416 0.425207 0.444678 0.334154 0.295636 0.290932 0.377520 0.469905 0.490291 0.464263 0.480620 0.484218 0.467050 0.441337 0.440402 0.481351 0.331393 0.496131 0.291740 0.487434 0.483948 0.570810 0.516070 0.562350 0.513129 0.571359 0.522068 0.538428 0.531889 0.528244 0.489929 0.554205 0.525682 0.535108 0.507180 0.565686 0.547777 0.474899 0.545214 0.404370 0.358660 0.522040 0.531913 0.441601 0.386949 0.533429 0.513730 0.419321 0.367953 0.544917 0.498344 0.296696 0.308750 0.354923 0.422346 0.418514 0.386130 0.396026 0.373777 0.430340 0.291351 0.533178 0.487284 0.534437 0.512471 0.422303 0.390716 0.350794 0.355718 0.366596 0.322670 0.144243 0.089675 0.211018 0.389459 0.478056 0.510787 0.529950 0.336973 0.315149 0.180707
0.525408 0.563429 0.485236 0.533580 0.293844 0.044260 0.542967 0.547410 0.367401 0.157101 0.533772 0.000000 0.500271 0.584373 0.484001 0.357830 0.395564 0.500690 0.516436 0.530552 0.295000 0.356128 0.551413 0.533350 0.427911 0.307870 0.180402 0.208250 0.468402 0.522828 0.481551 0.507081 0.533504 0.547229 0.412291 0.453387 0.406562 0.467281 0.341556 0.288209 0.286317 0.441214 0.493915 0.507602 0.505943 0.533237 0.462355 0.498545 0.518663 0.545564 0.538807 0.491417 0.502322 0.400707 0.461831 0.471219 0.499954 0.554857 0.495388 0.528142 0.506753 0.581890 0.427468 0.504577 0.436979 0.557038 0.523810 0.520886 0.533982 0.505650 0.547917 0.458960 0.462517 0.490657 0.290638 0.199396 0.466296 0.490262 0.414496 0.459296 0.542446 0.537317 0.454847 0.459011 0.484099 0.525113 0.279786 0.380729 0.340207 0.433659 0.494614 0.488370 0.494748 0.461992 0.280515 0.304584 0.439914 0.453063 0.477285 0.419504 0.372575 0.255669 0.217578 0.164621 0.297351 0.270365 0.117690 -0.038345 0.182188 0.308744 0.434493 0.532179 0.441048 0.332764 0.297529 0.138338
0.561380 0.499032 0.492909 0.500422 0.239005 0.268907 0.538402 0.520283 0.357197 0.358626 0.598248 0.500271 0.000000 0.509271 0.456705 0.348872 0.470020 0.403712 0.563681 0.538227 0.287869 0.299593 0.563229 0.505905 0.382121 0.357352 0.198393 0.241764 0.555712 0.432021 0.496388 0.527708 0.558881 0.557603 0.545543 0.498223 0.456324 0.428753 0.296322 0.303541 0.282577 0.363186 0.486925 0.505139 0.463697 0.478363 0.503667 0.483113 0.433472 0.425540 0.472133 0.314782 0.481711 0.323660 0.458801 0.484733 0.585171 0.485619 0.573413 0.460976 0.588890 0.506828 0.573156 0.543509 0.565991 0.483665 0.555805 0.507547 0.513338 0.480821 0.537399 0.554305 0.458373 0.559156 0.421546 0.399161 0.506462 0.541180 0.472075 0.420853 0.545339 0.525185 0.426617 0.353159 0.523266 0.508698 0.236312 0.259101 0.281384 0.446117 0.368793 0.384969 0.359623 0.369533 0.463315 0.287106 0.555898 0.516852 0.526812 0.516097 0.413105 0.407446 0.301736 0.378502 0.360130 0.339863 0.060110 0.074216 0.235325 0.432858 0.457812 0.500589 0.534605 0.327146 0.335358 0.187695
0.527152 0.556477 0.475243 0.525449 0.310919 0.083268 0.533982 0.572329 0.418717 0.234782 0.543409 0.584373 0.509271 0.000000 0.475285 0.388247 0.396698 0.470277 0.526645 0.542530 0.293716 0.305267 0.534439 0.529930 0.393415 0.326098 0.175276 0.185840 0.474139 0.501072 0.439846 0.495185 0.527278 0.546089 0.453633 0.447592 0.370381 0.442821 0.308981 0.292924 0.338315 0.416022 0.497840 0.506897 0.525078 0.540072 0.471035 0.488659 0.542481 0.537554 0.557995 0.470013 0.526220 0.370089 0.487432 0.467028 0.507536 0.556446 0.499552 0.542247 0.491951 0.547900 0.455560 0.516705 0.441918 0.532092 0.529138 0.533891 0.539987 0.525564 0.516584 0.489323 0.505362 0.509096 0.295215 0.286643 0.492419 0.502501 0.388118 0.401180 0.512076 0.505847 0.447849 0.448751 0.498687 0.503799 0.317461 0.380605 0.382584 0.433320 0.478348 0.455104 0.472966 0.437449 0.298458 0.274446 0.440273 0.430347 0.508177 0.455137 0.367428 0.318184 0.270148 0.220841 0.295742 0.270574 0.107752 -0.035367 0.160595 0.295797 0.467299 0.531269 0.471141 0.333330 0.285982 0.130894
0.446800 0.458629 0.496271 0.365457 0.483457 0.254391 0.501161 0.412119 0.491417 0.334477 0.481188 0.484001 0.456705 0.475285 0.000000 0.487676 0.364589 0.451989 0.417942 0.442517 0.477436 0.435921 0.462760 0.519200 0.473329 0.495943 0.354199 0.300687 0.457591 0.459152 0.502375 0.507981 0.446846 0.453441 0.440484 0.401781 0.432374 0.469807 0.406717 0.357566 0.345499 0.439910 0.411957 0.449684 0.424714 0.440210 0.374773 0.402562 0.417266 0.410039 0.456762 0.336810 0.392402 0.198997 0.448530 0.435666 0.425766 0.468806 0.419336 0.478075 0.417378 0.422944 0.399550 0.420801 0.443114 0.424285 0.462281 0.470056 0.425615 0.452979 0.522185 0.500392 0.442517 0.452973 0.315706 0.234017 0.444992 0.432673 0.381232 0.391102 0.499140 0.468743 0.482369 0.429246 0.469145 0.427314 0.434447 0.431832 0.400847 0.360091 0.398544 0.347539 0.392676 0.363445 0.337315 0.347106 0.429269 0.396806 0.481836 0.428018 0.373207 0.308534 0.363090 0.291504 0.345440 0.260647 0.200628 0.100593 0.224106 0.280181 0.382881 0.445996 0.421143 0.318208 0.282293 0.158053
0.380072 0.380848 0.438626 0.283278 0.408334 0.312044 0.415342 0.321411 0.451456 0.440254 0.381363 0.357830 0.348872 0.388247 0.487676 0.000000 0.227122 0.279763 0.365619 0.396217 0.358893 0.270368 0.359314 0.450849 0.318804 0.449259 0.280723 0.277629 0.370045 0.329787 0.347152 0.416454 0.335041 0.344205 0.368416 0.301415 0.260299 0.291083 0.268740 0.278919 0.264900 0.270283 0.304005 0.321230 0.346752 0.345696 0.231207 0.265773 0.344906 0.316549 0.369951 0.241152 0.274395 0.098694 0.307938 0.300880 0.335737 0.343028 0.350534 0.388953 0.329845 0.277922 0.341172 0.297890 0.372953 0.309717 0.382938 0.384917 0.349828 0.377634 0.381418 0.451829 0.346540 0.331990 0.250813 0.213650 0.339891 0.347048 0.220171 0.230342 0.325340 0.348500 0.376129 0.339955 0.342261 0.321766 0.402299 0.336443 0.286362 0.303803 0.211261 0.205668 0.207218 0.235987 0.285792 0.204042 0.317505 0.275480 0.400513 0.361478 0.254573 0.298270 0.291041 0.309696 0.192215 0.190821 0.150462 0.137208 0.065089 0.196377 0.343007 0.383717 0.354761 0.190709 0.150336 0.152789
0.349425 0.320257 0.272191 0.328367 0.065101 0.197117 0.312903 0.334206 0.187013 0.261776 0.412499 0.395564 0.470020 0.396698 0.364589 0.227122 0.000000 0.496740 0.372960 0.337099 0.312188 0.323347 0.421626 0.318986 0.310761 0.262352 0.075508 0.119282 0.525364 0.434339 0.432881 0.406335 0.436621 0.394815 0.395630 0.297096 0.480570 0.387724 0.285427 0.354500 0.276071 0.297799 0.425014 0.462139 0.357514 0.403065 0.400439 0.435424 0.341450 0.331154 0.378625 0.263639 0.309943 0.277337 0.353735 0.405570 0.430538 0.330009 0.406492 0.311895 0.457160 0.393361 0.515490 0.507034 0.482491 0.421903 0.394836 0.373034 0.308781 0.275446 0.351766 0.397736 0.375803 0.426279 0.255993 0.391870 0.321212 0.373538 0.534033 0.510059 0.531619 0.494633 0.453254 0.365123 0.404362 0.464344 0.133346 0.206158 0.121385 0.351351 0.216504 0.266672 0.240364 0.238222 0.354426 0.303699 0.474522 0.511360 0.414483 0.400830 0.323118 0.349163 0.201320 0.327725 0.374565 0.323257 -0.075925 0.035890 0.310794 0.386811 0.302707 0.392679 0.430523 0.318263 0.353175 0.116364
0.360953 0.428985 0.360880 0.364420 0.232244 0.035654 0.381287 0.374347 0.314411 0.097850 0.408513 0.500690 0.403712 0.470277 0.451989 0.279763 0.496740 0.000000 0.359274 0.375645 0.406749 0.422236 0.440567 0.405122 0.426041 0.318359 0.136634 0.159738 0.456344 0.543220 0.477923 0.450382 0.443377 0.411704 0.346381 0.306009 0.474651 0.506976 0.397682 0.343497 0.358976 0.417991 0.445638 0.485776 0.442989 0.469861 0.383826 0.461274 0.447925 0.454634 0.474126 0.412246 0.373597 0.280982 0.448244 0.421251 0.381949 0.442191 0.365855 0.448014 0.386600 0.451078 0.386696 0.495833 0.397973 0.481848 0.412713 0.437661 0.374319 0.366580 0.415014 0.353172 0.415339 0.398177 0.203081 0.226349 0.342417 0.347086 0.464953 0.518118 0.541536 0.514316 0.493088 0.475258 0.426921 0.464265 0.284060 0.388556 0.310547 0.316832 0.402471 0.371535 0.419400 0.363185 0.231599 0.370498 0.404606 0.448242 0.428705 0.358737 0.363957 0.246426 0.253950 0.182951 0.374335 0.264492 0.108259 0.006370 0.267096 0.270523 0.329369 0.433491 0.387118 0.342058 0.296271 0.121029
0.599549 0.564770 0.528644 0.561223 0.242168 0.230295 0.573264 0.573274 0.389590 0.324277 0.562373 0.516436 0.563681 0.526645 0.417942 0.365619 0.372960 0.359274 0.000000 0.609707 0.201463 0.227348 0.585024 0.552167 0.389057 0.358737 0.144200 0.247930 0.502779 0.401537 0.445981 0.528167 0.576845 0.593129 0.527150 0.521029 0.374519 0.400497 0.244031 0.255955 0.269289 0.370405 0.490337 0.482753 0.490585 0.490607 0.496806 0.477498 0.472585 0.484966 0.487208 0.382700 0.503296 0.378887 0.431746 0.471221 0.593781 0.556295 0.570128 0.509089 0.560997 0.542134 0.523872 0.523924 0.508905 0.518997 0.588500 0.551293 0.597761 0.568088 0.525837 0.541297 0.492423 0.552522 0.360069 0.318105 0.517095 0.569572 0.381555 0.373071 0.489742 0.519543 0.369151 0.350521 0.487224 0.522535 0.233284 0.292873 0.289807 0.489733 0.402109 0.437272 0.375817 0.432919 0.406257 0.230585 0.494217 0.473168 0.522548 0.518995 0.340152 0.364241 0.236978 0.308688 0.258920 0.301662 0.045952 0.009943 0.133508 0.365683 0.497047 0.535825 0.510623 0.280119 0.272817 0.158587
0.600200 0.595386 0.563625 0.549077 0.302383 0.207089 0.590612 0.570139 0.433360 0.295805 0.558450 0.530552 0.538227 0.542530 0.442517 0.396217 0.337099 0.375645 0.609707 0.000000 0.211017 0.243236 0.577288 0.578269 0.417310 0.390140 0.185069 0.290477 0.475824 0.433239 0.457545 0.536914 0.558895 0.590494 0.502854 0.513755 0.336848 0.402598 0.273970 0.237232 0.264300 0.378991 0.458692 0.459625 0.492586 0.494474 0.461064 0.444686 0.489175 0.492828 0.497412 0.398372 0.501074 0.337941 0.429540 0.450272 0.576272 0.577460 0.552843 0.541777 0.532993 0.542551 0.491705 0.523191 0.477300 0.515627 0.579238 0.556285 0.596805 0.580630 0.542188 0.537527 0.509367 0.542458 0.340355 0.289852 0.512947 0.556188 0.367019 0.348261 0.476966 0.507341 0.372063 0.356224 0.480794 0.494698 0.296098 0.349975 0.340214 0.461740 0.435149 0.435800 0.409805 0.435099 0.374710 0.218635 0.461088 0.433677 0.506369 0.488565 0.348758 0.314102 0.264535 0.272896 0.237905 0.265738 0.100312 0.018357 0.103586 0.327261 0.503737 0.536131 0.480368 0.261026 0.223439 0.165747
0.239105 0.253994 0.313537 0.146326 0.353661 0.234282 0.279213 0.183128 0.343941 0.235150 0.297436 0.295000 0.287869 0.293716 0.477436 0.358893 0.312188 0.406749 0.201463 0.211017 0.000000 0.442866 0.265642 0.306604 0.359445 0.409112 0.285647 0.147461 0.372276 0.356582 0.395975 0.347943 0.259014 0.234855 0.285405 0.190539 0.464039 0.466033 0.426279 0.367873 0.400824 0.351622 0.298342 0.368202 0.293284 0.304279 0.276944 0.332084 0.249165 0.231477 0.301404 0.174236 0.221547 0.048596 0.404582 0.364508 0.236393 0.252626 0.259702 0.335588 0.236493 0.223904 0.263519 0.267699 0.311353 0.245819 0.263879 0.290215 0.198449 0.236816 0.323631 0.330920 0.288664 0.284563 0.229330 0.243847 0.286957 0.232322 0.316537 0.338005 0.382993 0.354389 0.450545 0.407224 0.366186 0.296136 0.376401 0.342977 0.324346 0.203048 0.265143 0.174949 0.274608 0.214405 0.300664 0.439566 0.359489 0.353354 0.369859 0.320449 0.318251 0.281630 0.384583 0.306385 0.371026 0.216804 0.265324 0.240949 0.267513 0.239404 0.191614 0.267351 0.317897 0.276723 0.218074 0.176659
0.231879 0.287476 0.280254 0.182680 0.331868 0.098893 0.286180 0.220463 0.291112 0.137785 0.308738 0.356128 0.299593 0.305267 0.435921 0.270368 0.323347 0.422236 0.227348 0.243236 0.442866 0.000000 0.308193 0.301051 0.421205 0.350638 0.340480 0.313231 0.305221 0.392800 0.490607 0.402595 0.336559 0.299991 0.216946 0.231533 0.426628 0.405248 0.443882 0.346109 0.197367 0.431367 0.307402 0.322923 0.262885 0.315014 0.242392 0.291209 0.272763 0.269161 0.309174 0.236040 0.273501 0.116939 0.318908 0.335260 0.240508 0.286002 0.229159 0.306683 0.253075 0.299742 0.252140 0.330034 0.276362 0.288849 0.262042 0.253036 0.220167 0.259146 0.389590 0.288998 0.289876 0.319850 0.235964 0.142059 0.234567 0.271756 0.385677 0.374629 0.424646 0.334960 0.396205 0.341790 0.335622 0.284396 0.339429 0.391795 0.322962 0.250786 0.287157 0.228586 0.281700 0.199464 0.189980 0.316696 0.311465 0.358645 0.274285 0.210878 0.260834 0.169070 0.261771 0.143301 0.224607 0.034753 0.151398 0.146036 0.294475 0.273985 0.200180 0.230835 0.223200 0.155609 0.143604 -0.004236
0.576360 0.547187 0.530926 0.571900 0.251211 0.186863 0.574650 0.561910 0.398264 0.260586 0.551568 0.551413 0.563229 0.534439 0.462760 0.359314 0.421626 0.440567 0.585024 0.577288 0.265642 0.308193 0.000000 0.577570 0.455255 0.391528 0.137642 0.222159 0.519521 0.488117 0.509544 0.557887 0.588250 0.589169 0.508105 0.506097 0.420886 0.455671 0.284304 0.296242 0.300802 0.409980 0.526912 0.532331 0.541889 0.545989 0.508447 0.518692 0.520211 0.533671 0.535461 0.456299 0.499048 0.417623 0.441531 0.487147 0.568466 0.555568 0.562998 0.518131 0.561598 0.580238 0.504364 0.529257 0.538760 0.572657 0.590410 0.562943 0.580697 0.532519 0.551616 0.531853 0.483671 0.536597 0.338184 0.280015 0.489469 0.530454 0.425037 0.449121 0.534768 0.563320 0.441084 0.436441 0.498365 0.561281 0.258975 0.364575 0.287235 0.499726 0.445637 0.488506 0.436262 0.488535 0.369616 0.278294 0.500650 0.498743 0.530785 0.506244 0.375039 0.337362 0.216248 0.271446 0.311520 0.326446 0.030220 -0.041945 0.180321 0.360597 0.474365 0.568649 0.510785 0.332537 0.330370 0.157719
0.569223 0.565643 0.594655 0.525345 0.391924 0.220861 0.602987 0.536324 0.494136 0.289129 0.535814 0.533350 0.505905 0.529930 0.519200 0.450849 0.318986 0.405122 0.552167 0.578269 0.306604 0.301051 0.577570 0.000000 0.479970 0.472367 0.216580 0.290087 0.471737 0.459584 0.490044 0.552409 0.522647 0.554133 0.490710 0.494638 0.356910 0.448983 0.308999 0.270922 0.321896 0.412363 0.461279 0.474713 0.514936 0.505483 0.446276 0.454498 0.493433 0.500240 0.507398 0.421253 0.469680 0.314487 0.440957 0.462214 0.519349 0.564405 0.517319 0.557108 0.492388 0.532518 0.438509 0.478915 0.478423 0.524646 0.566493 0.570643 0.567888 0.558420 0.554924 0.539576 0.496343 0.500178 0.312475 0.222793 0.494361 0.509472 0.347315 0.359394 0.475812 0.511802 0.418192 0.429326 0.480435 0.502132 0.372838 0.423835 0.366650 0.450839 0.454943 0.444128 0.431868 0.461548 0.343786 0.255913 0.446555 0.411647 0.524929 0.491931 0.364294 0.317316 0.300372 0.277467 0.286719 0.290304 0.157850 0.031774 0.107932 0.285312 0.497231 0.543902 0.480059 0.312267 0.260700 0.187147
0.379565 0.430355 0.439834 0.346464 0.382996 0.211433 0.433387 0.364690 0.453617 0.146054 0.382693 0.427911 0.382121 0.393415 0.473329 0.318804 0.310761 0.426041 0.389057 0.417310 0.359445 0.421205 0.455255 0.479970 0.000000 0.533554 0.226505 0.367072 0.349748 0.406243 0.547202 0.523068 0.438342 0.445763 0.356779 0.373613 0.366472 0.431252 0.339624 0.263407 0.280276 0.468984 0.407674 0.401998 0.435608 0.440289 0.366891 0.380415 0.418568 0.417712 0.409375 0.374917 0.388763 0.257973 0.350451 0.380727 0.360286 0.453971 0.349162 0.444658 0.341252 0.425638 0.316997 0.404957 0.359061 0.427245 0.425923 0.421002 0.408562 0.460153 0.451158 0.402622 0.436608 0.407003 0.177103 0.141821 0.334182 0.381768 0.362756 0.349469 0.429867 0.394507 0.364533 0.366528 0.378249 0.372287 0.333233 0.379247 0.355889 0.346617 0.418194 0.405634 0.397687 0.399754 0.210804 0.243620 0.333017 0.333826 0.384283 0.335806 0.252012 0.151126 0.253594 0.134895 0.186165 0.104219 0.177177 0.057300 0.186576 0.185622 0.352584 0.377295 0.308212 0.181158 0.131550 0.079027
0.364895 0.374852 0.459443 0.269246 0.445896 0.385484 0.413229 0.294040 0.529168 0.337538 0.355130 0.307870 0.357352 0.326098 0.495943 0.449259 0.262352 0.318359 0.358737 0.390140 0.409112 0.350638 0.391528 0.472367 0.533554 0.000000 0.271202 0.355795 0.375326 0.329558 0.483726 0.497120 0.363350 0.375496 0.381928 0.318276 0.318573 0.364145 0.304091 0.295639 0.307557 0.363609 0.330048 0.357661 0.370357 0.368271 0.298839 0.303639 0.338930 0.311627 0.347067 0.247223 0.279889 0.117076 0.313366 0.352425 0.338381 0.378293 0.334609 0.410865 0.301770 0.305873 0.318979 0.328791 0.368984 0.331692 0.391607 0.399616 0.348724 0.410634 0.394956 0.456769 0.409405 0.380989 0.197792 0.230228 0.344629 0.356806 0.286947 0.255598 0.345249 0.348016 0.346289 0.336731 0.344111 0.319593 0.402137 0.373985 0.324008 0.323648 0.278383 0.257334 0.258785 0.298303 0.281967 0.226110 0.337106 0.290641 0.411543 0.388118 0.223137 0.268944 0.348532 0.303534 0.224310 0.167895 0.198097 0.159247 0.144145 0.191479 0.341487 0.350302 0.344125 0.205024 0.160586 0.150911
0.187381 0.204383 0.246916 0.058751 0.464165 0.101102 0.235241 0.121279 0.305044 0.199355 0.242089 0.180402 0.198393 0.175276 0.354199 0.280723 0.075508 0.136634 0.144200 0.185069 0.285647 0.340480 0.137642 0.216580 0.226505 0.271202 0.000000 0.416966 0.131418 0.160213 0.304368 0.247843 0.177730 0.179444 0.169119 0.167862 0.146227 0.189758 0.342411 0.194347 0.038689 0.247157 0.061362 0.092346 0.065357 0.099128 0.069714 0.030333 0.071505 0.040164 0.097526 -0.010942 0.165780 -0.121435 0.194382 0.153285 0.156595 0.172264 0.125495 0.207136 0.134685 0.115935 0.146937 0.177255 0.139850 0.062301 0.140974 0.124600 0.121169 0.208722 0.295607 0.225691 0.146651 0.195884 0.232148 0.060070 0.182231 0.179467 0.173662 0.081072 0.201805 0.114725 0.214502 0.100503 0.243638 0.054277 0.360314 0.291499 0.317895 0.108200 0.122160 0.001604 0.072332 -0.033869 0.191910 0.150934 0.142790 0.118384 0.127572 0.112479 0.159406 0.112620 0.335325 0.176611 0.070763 -0.073560 0.225802 0.247790 0.133910 0.117278 0.135541 0.058461 0.091245 0.003719 -0.043740 0.069059
0.231618 0.270159 0.298444 0.123603 0.358052 0.154781 0.268677 0.166143 0.302950 0.171961 0.249822 0.208250 0.241764 0.185840 0.300687 0.277629 0.119282 0.159738 0.247930 0.290477 0.147461 0.313231 0.222159 0.290087 0.367072 0.355795 0.416966 0.000000 0.136710 0.176895 0.378972 0.345100 0.263404 0.270580 0.234701 0.259395 0.107427 0.135844 0.244246 0.114909 -0.028689 0.272666 0.119954 0.092748 0.137307 0.162528 0.101896 0.054171 0.160720 0.129745 0.149333 0.078224 0.224163 -0.013006 0.107483 0.142600 0.207582 0.246353 0.177990 0.233597 0.187953 0.189401 0.187443 0.261312 0.188460 0.155724 0.229433 0.187118 0.210623 0.304094 0.294645 0.257870 0.246682 0.253854 0.201009 0.075695 0.161958 0.268053 0.230914 0.115297 0.225176 0.151909 0.175289 0.061338 0.205462 0.093976 0.280881 0.248779 0.260166 0.174428 0.148062 0.105830 0.089004 0.052270 0.155457 -0.020315 0.144447 0.121436 0.130913 0.121164 0.084029 0.048279 0.206351 0.097463 -0.039684 -0.120947 0.122203 0.155398 0.063527 0.102474 0.246687 0.114491 0.084612 -0.073140 -0.113476 -0.032113
0.507471 0.444605 0.459461 0.445426 0.205589 0.290758 0.480230 0.446821 0.340673 0.367044 0.526768 0.468402 0.555712 0.474139 0.457591 0.370045 0.525364 0.456344 0.502779 0.475824 0.372276 0.305221 0.519521 0.471737 0.349748 0.375326 0.131418 0.136710 0.000000 0.464706 0.459556 0.487455 0.494048 0.486295 0.494732 0.402399 0.497555 0.464428 0.336529 0.409711 0.364657 0.338299 0.473470 0.540662 0.440142 0.470504 0.480649 0.500886 0.406457 0.403575 0.453969 0.307407 0.379041 0.301908 0.464798 0.514397 0.540489 0.432627 0.532678 0.433387 0.545244 0.461859 0.565703 0.515472 0.551544 0.476536 0.514265 0.501813 0.447932 0.395349 0.484067 0.540858 0.441089 0.523859 0.377801 0.439564 0.490144 0.497092 0.483150 0.490036 0.554713 0.566066 0.481124 0.443946 0.506153 0.540897 0.261656 0.291322 0.229462 0.445769 0.302174 0.324546 0.309028 0.339999 0.481072 0.395784 0.566350 0.550289 0.541757 0.537538 0.379456 0.471145 0.321946 0.441968 0.448850 0.430719 0.067257 0.120328 0.275986 0.442090 0.394148 0.505941 0.557566 0.413271 0.416283 0.245910
0.419369 0.455953 0.413502 0.439778 0.249967 0.019411 0.447106 0.439479 0.349962 0.125986 0.449418 0.522828 0.432021 0.501072 0.459152 0.329787 0.434339 0.543220 0.401537 0.433239 0.356582 0.392800 0.488117 0.459584 0.406243 0.329558 0.160213 0.176895 0.464706 0.000000 0.458468 0.451862 0.450846 0.441763 0.370151 0.349732 0.408838 0.468368 0.370146 0.335262 0.311354 0.387738 0.464367 0.507607 0.482377 0.525268 0.406547 0.471675 0.504733 0.499897 0.523219 0.466561 0.415731 0.327130 0.430444 0.430398 0.408800 0.461199 0.417637 0.468048 0.418486 0.492609 0.387930 0.480894 0.415188 0.513012 0.452359 0.471317 0.422462 0.384501 0.458032 0.397180 0.420550 0.428267 0.218486 0.250503 0.390293 0.387848 0.463836 0.499400 0.526397 0.523598 0.531718 0.504729 0.433941 0.479363 0.317685 0.434840 0.310897 0.383188 0.423470 0.403990 0.428919 0.385174 0.255084 0.347631 0.424617 0.422026 0.440117 0.371061 0.378150 0.257986 0.227013 0.188720 0.373816 0.301054 0.082383 -0.054953 0.202774 0.229102 0.380443 0.491170 0.408004 0.358531 0.340380 0.118126
0.445546 0.465514 0.465779 0.368864 0.361007 0.217246 0.470326 0.388972 0.411845 0.226790 0.486445 0.481551 0.496388 0.439846 0.502375 0.347152 0.432881 0.477923 0.445981 0.457545 0.395975 0.490607 0.509544 0.490044 0.547202 0.483726 0.304368 0.378972 0.459556 0.458468 0.000000 0.585051 0.513856 0.491485 0.405455 0.379448 0.447067 0.449802 0.407942 0.325572 0.249523 0.448590 0.415719 0.439692 0.416775 0.447045 0.381676 0.400859 0.395722 0.396199 0.421173 0.328984 0.392495 0.227930 0.380250 0.425115 0.445075 0.453336 0.419857 0.451207 0.443798 0.462518 0.432952 0.499059 0.452931 0.447567 0.451179 0.417183 0.415647 0.444669 0.508288 0.468200 0.443999 0.481455 0.297466 0.263570 0.360945 0.424221 0.472420 0.422915 0.517779 0.474404 0.438282 0.392287 0.445602 0.431353 0.331016 0.392605 0.319386 0.374754 0.365174 0.354590 0.354642 0.330215 0.312153 0.288746 0.432178 0.452567 0.422548 0.385146 0.333754 0.249496 0.301716 0.242217 0.268688 0.157908 0.139015 0.108811 0.287840 0.330716 0.356759 0.405567 0.383415 0.215178 0.202306 0.126468
0.515385 0.527261 0.516739 0.442610 0.353045 0.257823 0.525702 0.474786 0.449551 0.299703 0.518069 0.507081 0.527708 0.495185 0.507981 0.416454 0.406335 0.450382 0.528167 0.536914 0.347943 0.402595 0.557887 0.552409 0.523068 0.497120 0.247843 0.345100 0.487455 0.451862 0.585051 0.000000 0.562288 0.557024 0.473285 0.438162 0.414222 0.429760 0.347847 0.289389 0.261379 0.408811 0.444558 0.459633 0.470091 0.481445 0.407775 0.426055 0.454067 0.459711 0.472863 0.371421 0.426612 0.270936 0.398124 0.428413 0.504519 0.512350 0.479915 0.492493 0.488922 0.497500 0.467237 0.513950 0.488229 0.489310 0.524188 0.486384 0.504408 0.522142 0.523403 0.521518 0.492111 0.515004 0.306338 0.269498 0.414247 0.485172 0.424030 0.399908 0.507341 0.496953 0.418849 0.393858 0.456109 0.471039 0.328710 0.385224 0.316678 0.415146 0.378535 0.397482 0.380145 0.392947 0.334242 0.266073 0.449163 0.462244 0.470833 0.432848 0.332527 0.276954 0.273267 0.252633 0.249404 0.202634 0.091799 0.058217 0.241602 0.342400 0.408154 0.472449 0.428596 0.232907 0.207457 0.135513
0.540223 0.536010 0.464893 0.531743 0.244793 0.186159 0.525676 0.555681 0.367910 0.275591 0.540105 0.533504 0.558881 0.527278 0.446846 0.335041 0.436621 0.443377 0.576845 0.558895 0.259014 0.336559 0.588250 0.522647 0.438342 0.363350 0.177730 0.263404 0.494048 0.450846 0.513856 0.562288 0.000000 0.605704 0.506748 0.482110 0.424260 0.420332 0.297873 0.298141 0.250631 0.409661 0.524068 0.511784 0.508887 0.526417 0.494065 0.493407 0.505588 0.515557 0.519358 0.425233 0.510783 0.403382 0.434475 0.459442 0.564210 0.539752 0.536407 0.483862 0.554787 0.559636 0.510687 0.542404 0.525274 0.545497 0.573069 0.522906 0.558984 0.537806 0.530427 0.513460 0.477118 0.536615 0.346927 0.289452 0.461253 0.537160 0.448467 0.450818 0.539165 0.528111 0.416851 0.375095 0.485356 0.528420 0.227733 0.327083 0.298032 0.481175 0.421049 0.464590 0.414233 0.438698 0.360050 0.262856 0.488800 0.510626 0.495312 0.465398 0.340448 0.313199 0.201767 0.243537 0.265631 0.255401 -0.009230 -0.035102 0.240240 0.377856 0.429160 0.515192 0.466567 0.276701 0.277220 0.109674
0.569332 0.569313 0.504072 0.553827 0.270907 0.193204 0.561191 0.583821 0.395393 0.274997 0.553963 0.547229 0.557603 0.546089 0.453441 0.344205 0.394815 0.411704 0.593129 0.590494 0.234855 0.299991 0.589169 0.554133 0.445763 0.375496 0.179444 0.270580 0.486295 0.441763 0.491485 0.557024 0.605704 0.000000 0.512000 0.525640 0.391068 0.414457 0.281537 0.269269 0.258048 0.416060 0.509460 0.497144 0.512697 0.527611 0.498571 0.485349 0.510364 0.521873 0.518232 0.432523 0.525615 0.405443 0.433594 0.466438 0.581168 0.573972 0.553354 0.509797 0.556881 0.578698 0.507149 0.540779 0.504810 0.552193 0.588881 0.550921 0.584682 0.571781 0.549616 0.532112 0.494217 0.548156 0.338846 0.277092 0.499342 0.566495 0.416090 0.420778 0.524111 0.525513 0.401910 0.368882 0.482890 0.523107 0.248278 0.329114 0.316714 0.488877 0.455457 0.484955 0.442226 0.458913 0.369799 0.242347 0.483387 0.481299 0.503177 0.477390 0.352248 0.300275 0.214814 0.237114 0.250755 0.264775 0.042311 -0.035175 0.185947 0.361330 0.472623 0.531682 0.469997 0.280764 0.263086 0.124420
0.520041 0.453943 0.477288 0.451615 0.262457 0.312993 0.498750 0.477212 0.371173 0.401812 0.519373 0.412291 0.545543 0.453633 0.440484 0.368416 0.395630 0.346381 0.527150 0.502854 0.285405 0.216946 0.508105 0.490710 0.356779 0.381928 0.169119 0.234701 0.494732 0.370151 0.405455 0.473285 0.506748 0.512000 0.000000 0.523646 0.403516 0.388640 0.262636 0.277624 0.290080 0.328738 0.441611 0.457478 0.440693 0.427550 0.456262 0.428147 0.407313 0.385709 0.434791 0.263262 0.436042 0.255360 0.437832 0.438860 0.538724 0.449759 0.543143 0.437294 0.525964 0.433159 0.518172 0.478773 0.555057 0.439998 0.563090 0.527074 0.491429 0.473010 0.464158 0.516441 0.417499 0.482283 0.399220 0.370343 0.489772 0.518658 0.376602 0.343815 0.463963 0.466476 0.407335 0.309902 0.489630 0.451886 0.280847 0.262379 0.289146 0.416877 0.307899 0.319433 0.290047 0.333582 0.457931 0.245832 0.515072 0.451051 0.516399 0.515084 0.349828 0.420640 0.314488 0.398731 0.335523 0.347021 0.081523 0.077499 0.171337 0.364926 0.488860 0.471320 0.515771 0.318613 0.311308 0.176363
0.517740 0.475795 0.470839 0.483406 0.245379 0.210671 0.518782 0.504140 0.326524 0.272230 0.488416 0.453387 0.498223 0.447592 0.401781 0.301415 0.297096 0.306009 0.521029 0.513755 0.190539 0.231533 0.506097 0.494638 0.373613 0.318276 0.167862 0.259395 0.402399 0.349732 0.379448 0.438162 0.482110 0.525640 0.523646 0.000000 0.359715 0.383348 0.224411 0.206578 0.225202 0.387593 0.440404 0.412169 0.433883 0.421810 0.466106 0.422929 0.412261 0.418252 0.424000 0.323288 0.493949 0.339517 0.394501 0.428603 0.515409 0.495509 0.517517 0.432885 0.498477 0.488800 0.433908 0.448284 0.461382 0.455890 0.546491 0.519904 0.515431 0.501887 0.492677 0.474076 0.386774 0.469722 0.353831 0.230232 0.500003 0.533832 0.313251 0.339750 0.449746 0.443865 0.355781 0.277829 0.435623 0.435368 0.232523 0.262088 0.306097 0.441032 0.412243 0.420664 0.384503 0.405397 0.373149 0.183579 0.446503 0.391214 0.455097 0.443254 0.373020 0.297286 0.223730 0.270366 0.244543 0.269511 0.105092 0.015870 0.095482 0.314542 0.523553 0.460042 0.439577 0.268762 0.247523 0.103439
0.371205 0.338125 0.346305 0.329712 0.180074 0.240914 0.370832 0.338218 0.233640 0.265871 0.425207 0.406562 0.456324 0.370381 0.432374 0.260299 0.480570 0.474651 0.374519 0.336848 0.464039 0.426628 0.420886 0.356910 0.366472 0.318573 0.146227 0.107427 0.497555 0.408838 0.447067 0.414222 0.424260 0.391068 0.403516 0.359715 0.000000 0.550197 0.409790 0.394195 0.400216 0.428349 0.460286 0.494476 0.384091 0.397968 0.457754 0.499120 0.319308 0.338734 0.382066 0.256714 0.348651 0.262579 0.471789 0.492681 0.414436 0.354873 0.423892 0.367329 0.434040 0.388605 0.441906 0.437222 0.454198 0.396270 0.412641 0.405609 0.342724 0.325220 0.420389 0.414713 0.350376 0.428629 0.339336 0.330586 0.396685 0.400342 0.450964 0.492465 0.522737 0.499857 0.472116 0.419037 0.443041 0.476339 0.218415 0.261983 0.239927 0.346618 0.323005 0.325226 0.343853 0.328986 0.405011 0.464078 0.529567 0.548068 0.476469 0.445403 0.425740 0.359892 0.287625 0.353135 0.445673 0.334155 0.119147 0.153794 0.362804 0.421389 0.311134 0.393309 0.460636 0.355568 0.364176 0.124297
0.428341 0.435382 0.447345 0.401786 0.311234 0.134024 0.461532 0.406950 0.356960 0.172750 0.444678 0.467281 0.428753 0.442821 0.469807 0.291083 0.387724 0.506976 0.400497 0.402598 0.466033 0.405248 0.455671 0.448983 0.431252 0.364145 0.189758 0.135844 0.464428 0.468368 0.449802 0.429760 0.420332 0.414457 0.388640 0.383348 0.550197 0.000000 0.454693 0.399953 0.470109 0.498206 0.472709 0.512645 0.460832 0.454888 0.469309 0.515119 0.403113 0.420823 0.451741 0.360884 0.415257 0.277646 0.551435 0.531319 0.417789 0.461090 0.429255 0.500863 0.399203 0.442563 0.382963 0.446240 0.400702 0.445427 0.445132 0.485729 0.418251 0.413429 0.468703 0.410509 0.402668 0.422859 0.305000 0.254555 0.445872 0.399033 0.372939 0.443732 0.500818 0.513225 0.482819 0.506714 0.481512 0.487005 0.358983 0.411880 0.392793 0.365943 0.454128 0.393511 0.440441 0.412410 0.354270 0.486538 0.474250 0.471704 0.511893 0.466124 0.436526 0.330053 0.355458 0.301274 0.434059 0.332340 0.254413 0.135734 0.250966 0.305722 0.372148 0.452701 0.461879 0.373742 0.317857 0.181548
