0.000000,0.512899,0.399641,0.324381,0.105268,0.083047,0.501808,0.568415,0.184714,0.162837,0.478692,0.481494,0.338173,0.366773,0.290566,0.121249,0.390600,0.444142,0.572687,0.426375,0.087431,0.130796,0.491808,0.378394,0.134723,0.060633,0.015197,0.044912,0.437814,0.532027,0.292876,0.290667,0.519913,0.447712,0.296543,0.259055,0.199840,0.226620,0.185380,0.145915,0.217719,0.156890,0.019552,0.268896,0.401167,0.142972,0.150393,0.153033,0.312514,0.061393,0.145577,-0.037684,-0.035944,-0.117728,0.088324,0.022625,0.495745,0.363503,0.362036,0.246719,0.289905,0.293843,0.470894,0.343020,0.467741,0.382427,0.453170,0.503265,0.466083,0.319396,0.215216,0.213792,0.373457,0.459174,0.098090,0.158530,0.237290,0.129330,0.083115,0.093513,0.445351,0.466812,0.286234,0.160769,0.177322,0.077728,0.187833,0.189353,0.119636,-0.005053,-0.032725,0.037525,0.141120,0.005965,0.104853,0.248900,0.358313,0.396152,0.368476,0.358426,0.311448,0.024934,0.231905,0.215569,0.381238,0.364028,0.289028,0.146458,0.171254,0.200410,0.185977,0.281712,0.067231,0.208126,0.072183,0.282079
0.512899,0.000000,0.493321,0.488059,0.273010,0.327403,0.547155,0.694795,0.354193,0.330935,0.486170,0.567417,0.487106,0.507359,0.399467,0.237274,0.272874,0.445046,0.603310,0.398431,0.122694,0.144514,0.648502,0.531301,0.360029,0.279679,0.045112,0.177200,0.499380,0.646566,0.412275,0.357244,0.621755,0.582359,0.430495,0.362094,0.184636,0.221779,0.084275,0.010970,0.149027,0.075546,0.186553,0.491554,0.435287,0.237936,0.238756,0.261060,0.351116,0.073988,0.200513,0.020286,0.033298,-0.052488,0.099042,0.005867,0.647808,0.721037,0.533945,0.459985,0.465985,0.568042,0.522153,0.671177,0.449450,0.523361,0.529570,0.589121,0.585439,0.419520,0.402880,0.371788,0.400279,0.447315,0.185066,0.196950,0.407955,0.336446,0.168419,0.289192,0.445950,0.612618,0.299687,0.216809,0.296390,0.232037,0.118686,0.186104,0.028287,0.055698,0.035072,0.170142,0.104868,0.174860,0.077370,0.289358,0.433502,0.533802,0.408144,0.455487,0.357653,0.239871,0.182264,0.257636,0.366154,0.497218,0.068771,0.012337,0.091310,0.268454,0.407466,0.494540,0.255236,0.491834,0.263462,0.175288
0.399641,0.493321,0.000000,0.649294,0.011367,-0.007580,0.277055,0.441248,-0.028039,0.003554,0.231508,0.154326,0.136504,0.047628,0.025917,-0.171860,0.488653,0.121299,0.438706,0.013157,-0.218840,-0.240441,0.551524,0.303408,0.170989,-0.006409,-0.113407,-0.116113,0.221764,0.359845,0.006464,-0.032038,0.453157,0.228984,0.120514,0.039149,-0.160645,-0.115646,-0.235262,-0.177975,-0.229888,-0.163302,0.438803,0.548366,0.443611,0.497108,0.530281,0.533088,0.474521,0.440149,0.445764,0.392466,0.373367,0.335616,0.211375,0.272926,0.660372,0.542157,0.529899,0.593066,0.570174,0.525642,0.564854,0.436844,0.286451,0.447771,0.508594,0.400540,0.551142,0.452711,-0.000497,-0.044848,0.254853,0.117594,-0.269890,-0.256325,0.007876,-0.043984,0.504463,0.375934,0.511723,0.534293,-0.101583,-0.170355,0.253911,0.521075,-0.181370,-0.173900,0.023832,0.358175,0.129871,0.426954,-0.192005,0.453765,-0.164488,0.158413,0.247432,0.392365,0.061902,0.058001,0.107901,0.504976,-0.136458,0.015747,0.167248,0.299514,-0.123558,-0.212670,-0.181433,0.203110,0.529549,0.531609,0.483314,0.461006,0.468172,0.192903
0.324381,0.488059,0.649294,0.000000,-0.180738,0.000734,0.078305,0.401661,-0.191667,-0.166820,0.033164,0.060817,-0.035569,-0.045280,-0.190172,-0.349846,0.450954,-0.002091,0.290194,-0.129584,-0.358485,-0.411480,0.482122,0.114526,0.031987,-0.109383,-0.289236,-0.275306,0.045511,0.331065,-0.168279,-0.242365,0.369830,0.153003,0.030964,-0.051833,-0.300440,-0.265782,-0.414511,-0.338903,-0.375610,-0.303437,0.587768,0.614181,0.362058,0.623441,0.632512,0.628045,0.470414,0.523566,0.574802,0.546960,0.502361,0.485653,0.084972,0.266202,0.640427,0.591427,0.664161,0.713452,0.666359,0.637086,0.505405,0.514312,0.081801,0.447634,0.409277,0.294717,0.628549,0.275337,-0.066604,-0.191872,0.074824,0.046367,-0.353406,-0.388476,-0.034111,-0.063899,0.535541,0.432364,0.498551,0.502260,-0.249301,-0.343298,0.150131,0.609500,-0.418270,-0.384668,-0.127160,0.369095,0.200462,0.557464,-0.158493,0.558642,-0.350403,-0.006538,0.141671,0.292800,-0.151955,-0.139048,-0.095446,0.472452,-0.362201,-0.240529,0.024795,0.179360,-0.315396,-0.455703,-0.288187,0.180511,0.601400,0.659680,0.635215,0.422909,0.645977,0.113390
0.105268,0.273010,0.011367,-0.180738,0.000000,0.610068,0.436114,0.294697,0.722583,0.754056,0.406344,0.433166,0.456293,0.482008,0.618457,0.660525,-0.199321,0.327215,0.318675,0.429406,0.505014,0.591303,0.220364,0.518113,0.704990,0.718719,0.655355,0.682141,0.441824,0.293691,0.641178,0.622870,0.264346,0.377338,0.371159,0.377617,0.412032,0.440769,0.460708,0.316696,0.445021,0.343068,-0.261708,-0.035626,0.117187,-0.291609,-0.275333,-0.269651,-0.096330,-0.381778,-0.351573,-0.473180,-0.321392,-0.421789,0.263605,-0.159096,0.070575,0.139592,-0.110759,-0.150156,-0.136518,-0.029491,0.073946,0.223130,0.338472,0.150160,0.264586,0.344131,-0.064021,0.340691,0.552567,0.619671,0.294436,0.344313,0.484208,0.503552,0.464999,0.464318,-0.121365,0.012529,0.124097,0.155810,0.530153,0.558100,0.382958,-0.206439,0.553748,0.542011,0.328217,-0.133593,-0.042094,-0.274730,0.145849,-0.270709,0.451843,0.398271,0.372222,0.353108,0.557131,0.558358,0.546425,-0.070013,0.544451,0.530403,0.393270,0.366218,0.263755,0.412599,0.245697,0.204255,0.002990,-0.142822,-0.248882,0.277959,-0.254665,0.010162
0.083047,0.327403,-0.007580,0.000734,0.610068,0.000000,0.297733,0.323477,0.554454,0.612249,0.316236,0.349885,0.349990,0.390194,0.423906,0.470782,-0.248448,0.155166,0.185987,0.242159,0.346517,0.410892,0.291288,0.397396,0.652828,0.702079,0.492349,0.495881,0.232439,0.263116,0.511614,0.434439,0.276894,0.394032,0.415925,0.427988,0.303348,0.335509,0.294611,0.187283,0.331833,0.266073,-0.015270,0.112015,0.134697,-0.082730,-0.084611,-0.060209,-0.068259,-0.286815,-0.128357,-0.268219,-0.092464,-0.185805,0.202234,-0.059396,0.098827,0.239438,0.075191,0.034194,0.067315,0.166007,0.041485,0.335817,0.201436,0.176920,0.264766,0.313287,0.064103,0.252273,0.583031,0.523481,0.158566,0.375379,0.464931,0.428108,0.529898,0.530694,-0.076779,0.172928,0.194053,0.174192,0.373043,0.353406,0.346024,-0.067346,0.314182,0.289732,0.250464,-0.023930,0.113875,-0.026920,0.266055,-0.034162,0.270588,0.240166,0.221576,0.208297,0.345487,0.375101,0.337026,-0.079273,0.266127,0.227616,0.158234,0.186595,0.021341,0.154514,0.115196,0.132320,0.111697,0.034977,-0.029841,0.229753,-0.080012,-0.206346
0.501808,0.547155,0.277055,0.078305,0.436114,0.297733,0.000000,0.593938,0.574468,0.468463,0.666869,0.653687,0.708200,0.620537,0.665539,0.505873,0.050372,0.583125,0.604778,0.670077,0.412900,0.468992,0.473092,0.695534,0.364325,0.342460,0.291559,0.439270,0.610300,0.554055,0.656575,0.650895,0.561942,0.630385,0.483150,0.473922,0.442239,0.463731,0.407120,0.238856,0.467309,0.325187,-0.281870,0.087026,0.328296,-0.163441,-0.169537,-0.148229,0.126181,-0.261165,-0.204264,-0.414368,-0.355888,-0.473182,0.055911,-0.233420,0.371955,0.358113,0.136638,0.022965,0.086907,0.181003,0.347106,0.378072,0.600705,0.361046,0.458534,0.588340,0.299060,0.388385,0.494469,0.513574,0.488303,0.525389,0.412769,0.451750,0.476980,0.373253,-0.161158,-0.063623,0.245142,0.378888,0.596912,0.487920,0.293668,-0.200462,0.492719,0.494641,0.162824,-0.251070,-0.196570,-0.272437,0.152980,-0.253527,0.343381,0.332880,0.420433,0.383172,0.662234,0.662598,0.573547,-0.132396,0.558021,0.550039,0.489395,0.464052,0.396085,0.411646,0.338267,0.173048,-0.017114,0.069651,-0.227950,0.265735,-0.219639,0.204733
0.568415,0.694795,0.441248,0.401661,0.294697,0.323477,0.593938,0.000000,0.356855,0.393645,0.548803,0.645898,0.480324,0.591734,0.453742,0.315815,0.246963,0.501871,0.625633,0.465851,0.193400,0.236107,0.677742,0.605416,0.346058,0.291798,0.093612,0.184759,0.536597,0.665373,0.444511,0.440089,0.656278,0.632965,0.478100,0.432228,0.288222,0.331430,0.226155,0.155646,0.266807,0.207002,0.087501,0.401826,0.482836,0.155352,0.157436,0.184696,0.322399,0.013872,0.126973,-0.078043,-0.042450,-0.143764,0.163171,0.024464,0.529488,0.571114,0.433775,0.330497,0.373611,0.492914,0.505433,0.591008,0.534920,0.588678,0.580882,0.666764,0.491864,0.459397,0.418591,0.432871,0.423125,0.485560,0.255341,0.279974,0.435644,0.328720,0.073103,0.208100,0.443121,0.598259,0.382440,0.315897,0.321621,0.171786,0.249772,0.310495,0.130053,0.032380,0.054500,0.087221,0.158034,0.092233,0.203403,0.380939,0.488830,0.549228,0.489809,0.530167,0.442245,0.171624,0.303782,0.344911,0.440106,0.530878,0.213619,0.162034,0.191358,0.260580,0.326982,0.402152,0.150065,0.439745,0.139699,0.223751
0.184714,0.354193,-0.028039,-0.191667,0.722583,0.554454,0.574468,0.356855,0.000000,0.708897,0.503164,0.524599,0.594613,0.600655,0.701584,0.699216,-0.239596,0.424939,0.361393,0.579952,0.549820,0.626595,0.218237,0.586663,0.613075,0.638571,0.558841,0.687493,0.519894,0.362296,0.714966,0.700155,0.295311,0.478890,0.416002,0.434295,0.462009,0.482349,0.464730,0.278659,0.505154,0.337248,-0.369217,-0.082215,0.111307,-0.351035,-0.366673,-0.347182,-0.099299,-0.460690,-0.389533,-0.562536,-0.442304,-0.549616,0.092897,-0.295685,0.104646,0.203296,-0.076301,-0.174307,-0.138330,0.001312,0.089551,0.277389,0.397542,0.135998,0.223496,0.377038,0.025941,0.260073,0.595284,0.662952,0.347532,0.417470,0.565955,0.589212,0.517462,0.504260,-0.252322,-0.076276,0.087313,0.184744,0.621792,0.605169,0.315102,-0.318389,0.570714,0.575774,0.205835,-0.285867,-0.228045,-0.398056,0.120564,-0.376831,0.432958,0.330116,0.343084,0.319235,0.616569,0.627694,0.539686,-0.202445,0.591134,0.565345,0.413186,0.398396,0.308429,0.433956,0.284669,0.180667,-0.104235,-0.138632,-0.337532,0.253263,-0.311732,0.027642
0.162837,0.330935,0.003554,-0.166820,0.754056,0.612249,0.468463,0.393645,0.708897,0.000000,0.463046,0.500354,0.479095,0.555315,0.646395,0.710257,-0.175730,0.349773,0.354904,0.459442,0.537429,0.628974,0.286062,0.554637,0.685941,0.713290,0.615357,0.659357,0.464475,0.340922,0.660564,0.658240,0.315223,0.438365,0.444787,0.452311,0.483088,0.511831,0.519983,0.384658,0.500501,0.412002,-0.258139,-0.007987,0.168167,-0.287491,-0.265435,-0.246152,-0.066611,-0.391807,-0.337129,-0.478504,-0.332881,-0.429489,0.288067,-0.111050,0.064617,0.185332,-0.086485,-0.132906,-0.122497,0.039081,0.086735,0.271481,0.394692,0.227114,0.303172,0.408157,-0.057435,0.370721,0.595928,0.683456,0.299666,0.380883,0.535070,0.565392,0.528567,0.516182,-0.180437,0.060842,0.138254,0.229696,0.573356,0.619176,0.385723,-0.168675,0.595177,0.596053,0.348613,-0.095436,-0.007386,-0.247266,0.224674,-0.238132,0.509955,0.467732,0.412342,0.408169,0.609329,0.619203,0.571008,-0.058446,0.570103,0.561452,0.410876,0.409964,0.297243,0.458804,0.294359,0.195763,0.021378,-0.103727,-0.238493,0.285623,-0.265142,0.026622
0.478692,0.486170,0.231508,0.033164,0.406344,0.316236,0.666869,0.548803,0.503164,0.463046,0.000000,0.654358,0.637864,0.605836,0.585177,0.476012,0.103835,0.498646,0.517889,0.513775,0.295146,0.410544,0.427563,0.562517,0.345386,0.339482,0.276855,0.359408,0.506212,0.513960,0.594950,0.593573,0.508963,0.551645,0.415315,0.421562,0.326966,0.374804,0.367410,0.254688,0.404024,0.267990,-0.176749,0.099481,0.351852,-0.097732,-0.167534,-0.124054,0.141848,-0.201565,-0.127899,-0.339989,-0.262660,-0.360860,0.130991,-0.132531,0.284007,0.298440,0.113502,0.017390,0.108356,0.203534,0.382885,0.364466,0.523862,0.290229,0.386401,0.476753,0.185297,0.318962,0.480845,0.530454,0.452685,0.512397,0.406417,0.450274,0.448169,0.335837,-0.129304,-0.001647,0.261678,0.335523,0.495659,0.426441,0.276495,-0.179274,0.445388,0.444988,0.200307,-0.135416,-0.110431,-0.194233,0.199737,-0.139478,0.293228,0.431541,0.428674,0.379806,0.592628,0.602853,0.523101,-0.049471,0.480667,0.474821,0.421387,0.444393,0.347423,0.406578,0.294521,0.274694,0.016916,0.095003,-0.138584,0.295994,-0.148702,0.103406
0.481494,0.567417,0.154326,0.060817,0.433166,0.349885,0.653687,0.645898,0.524599,0.500354,0.654358,0.000000,0.637452,0.716782,0.636614,0.515803,0.091022,0.661851,0.610725,0.617282,0.360745,0.465688,0.486506,0.594278,0.346947,0.344284,0.231976,0.360811,0.627759,0.662508,0.634768,0.638319,0.545184,0.612322,0.445335,0.425065,0.401613,0.422904,0.424662,0.262533,0.467262,0.315008,-0.219977,0.142552,0.360544,-0.120685,-0.172169,-0.168658,0.177200,-0.208084,-0.145076,-0.360237,-0.326780,-0.449637,0.097200,-0.196470,0.302356,0.355606,0.153427,0.032957,0.064247,0.200880,0.364021,0.464136,0.535269,0.376703,0.420644,0.559633,0.239946,0.367399,0.516937,0.555643,0.525760,0.608443,0.452813,0.497686,0.488759,0.363273,-0.171093,-0.064364,0.256574,0.378228,0.562220,0.482530,0.267649,-0.193438,0.473933,0.528790,0.149801,-0.253666,-0.073077,-0.241457,0.301347,-0.251378,0.310363,0.426805,0.516517,0.482396,0.645195,0.674634,0.609206,-0.064441,0.567168,0.537824,0.570392,0.547627,0.424009,0.410444,0.375545,0.313466,0.038343,0.134543,-0.169273,0.321260,-0.136508,0.230178
0.338173,0.487106,0.136504,-0.035569,0.456293,0.349990,0.708200,0.480324,0.594613,0.479095,0.637864,0.637452,0.000000,0.625110,0.682163,0.533052,-0.092532,0.523292,0.467749,0.594441,0.430070,0.484199,0.396745,0.619452,0.357016,0.365582,0.295397,0.461462,0.536567,0.486851,0.678815,0.650679,0.450538,0.570861,0.514175,0.504575,0.448300,0.449347,0.410161,0.218256,0.488815,0.315714,-0.278417,0.072523,0.222196,-0.214098,-0.222748,-0.202839,0.029663,-0.334913,-0.227974,-0.441145,-0.356843,-0.479878,0.034861,-0.271635,0.233269,0.318398,0.063389,-0.042559,0.033713,0.130406,0.194215,0.341695,0.544127,0.264467,0.336880,0.472862,0.191607,0.274149,0.567841,0.567474,0.480074,0.533047,0.484259,0.506785,0.558950,0.462632,-0.227690,-0.085320,0.163789,0.260204,0.582250,0.480465,0.281778,-0.292978,0.483072,0.485535,0.153822,-0.292843,-0.160597,-0.279536,0.232844,-0.285068,0.315482,0.278366,0.357690,0.313316,0.618641,0.637074,0.531766,-0.179418,0.533552,0.498559,0.433235,0.402804,0.346236,0.379175,0.303143,0.157834,-0.062979,0.013340,-0.248070,0.244047,-0.228825,0.099903
0.366773,0.507359,0.047628,-0.045280,0.482008,0.390194,0.620537,0.591734,0.600655,0.555315,0.605836,0.716782,0.625110,0.000000,0.676570,0.613039,-0.041740,0.586313,0.502081,0.638790,0.458600,0.540647,0.389242,0.615209,0.372626,0.409552,0.298705,0.440799,0.620339,0.557490,0.652038,0.678619,0.425886,0.598339,0.475058,0.477477,0.479158,0.490900,0.451545,0.287056,0.513795,0.349298,-0.291232,0.063771,0.249424,-0.233675,-0.264040,-0.247331,0.047159,-0.342967,-0.240457,-0.456054,-0.401019,-0.506904,0.031423,-0.245756,0.195087,0.323955,0.081145,-0.075686,-0.035050,0.155940,0.236190,0.405562,0.488467,0.279912,0.302257,0.496675,0.178437,0.297228,0.539132,0.656964,0.441912,0.504719,0.531750,0.587722,0.527558,0.455031,-0.275423,-0.051513,0.184682,0.369100,0.599439,0.568866,0.248107,-0.227381,0.503902,0.572303,0.112929,-0.272617,-0.187583,-0.315262,0.191860,-0.312603,0.377107,0.351709,0.439654,0.429389,0.635801,0.674257,0.550825,-0.107532,0.561082,0.531603,0.503450,0.522427,0.387203,0.409271,0.358465,0.235966,-0.034240,0.055316,-0.233433,0.283917,-0.204278,0.187187
0.290566,0.399467,0.025917,-0.190172,0.618457,0.423906,0.665539,0.453742,0.701584,0.646395,0.585177,0.636614,0.682163,0.676570,0.000000,0.703912,-0.176965,0.542881,0.492338,0.658307,0.609098,0.667689,0.325474,0.648376,0.488406,0.513789,0.484354,0.608974,0.609265,0.465238,0.734580,0.743969,0.396408,0.553852,0.510921,0.531471,0.581690,0.588829,0.564754,0.376828,0.610721,0.458291,-0.412265,-0.044279,0.145392,-0.383275,-0.341231,-0.326330,-0.093963,-0.479112,-0.395307,-0.589331,-0.470934,-0.591335,0.104730,-0.261430,0.119604,0.201773,-0.078139,-0.197255,-0.145001,-0.009982,0.109087,0.249687,0.526183,0.203100,0.308448,0.471268,0.061261,0.352038,0.606447,0.672049,0.440430,0.507001,0.596810,0.637025,0.573591,0.523210,-0.318994,-0.092024,0.119011,0.258318,0.706593,0.655036,0.358309,-0.330254,0.640186,0.648801,0.257937,-0.308399,-0.161819,-0.392098,0.245036,-0.396284,0.514934,0.375624,0.396944,0.350396,0.693263,0.719660,0.603883,-0.202594,0.652106,0.614800,0.472386,0.408825,0.423345,0.508008,0.388801,0.132824,-0.120458,-0.133131,-0.375038,0.182069,-0.378270,0.123478
0.121249,0.237274,-0.171860,-0.349846,0.660525,0.470782,0.505873,0.315815,0.699216,0.710257,0.476012,0.515803,0.533052,0.613039,0.703912,0.000000,-0.289021,0.382243,0.311485,0.567941,0.680289,0.750330,0.154773,0.538309,0.516390,0.607124,0.611147,0.665220,0.472971,0.268987,0.691319,0.723675,0.223546,0.439213,0.445979,0.489658,0.625760,0.636413,0.646578,0.508773,0.651392,0.547720,-0.449434,-0.166289,0.028763,-0.481355,-0.443976,-0.423960,-0.209230,-0.555357,-0.496455,-0.641064,-0.493807,-0.586648,0.192999,-0.187192,-0.085754,0.056775,-0.229110,-0.320181,-0.287465,-0.098419,-0.023020,0.150120,0.382848,0.095903,0.165506,0.335565,-0.159149,0.276275,0.593687,0.717446,0.256004,0.357880,0.648326,0.694110,0.545050,0.555579,-0.389184,-0.061725,-0.002333,0.151589,0.693086,0.742794,0.331943,-0.333359,0.701562,0.707838,0.345062,-0.220531,-0.110273,-0.419867,0.262109,-0.414997,0.623566,0.403103,0.317166,0.283916,0.651483,0.661058,0.556355,-0.232132,0.637938,0.589203,0.375340,0.335314,0.396860,0.574149,0.392083,0.067335,-0.192567,-0.277879,-0.432750,0.097477,-0.466321,0.017511
0.390600,0.272874,0.488653,0.450954,-0.199321,-0.248448,0.050372,0.246963,-0.239596,-0.175730,0.103835,0.091022,-0.092532,-0.041740,-0.176965,-0.289021,0.000000,0.169074,0.271036,-0.042301,-0.379997,-0.343520,0.267708,0.013437,-0.139602,-0.284797,-0.322180,-0.305317,0.185027,0.235942,-0.179657,-0.147467,0.223655,0.000009,-0.149041,-0.226309,-0.283666,-0.270010,-0.254171,-0.189845,-0.275813,-0.266657,0.290657,0.294969,0.370797,0.393734,0.320732,0.312822,0.454529,0.466617,0.323495,0.370487,0.205578,0.257872,0.044512,0.159304,0.423571,0.280695,0.269954,0.339564,0.251632,0.262112,0.523765,0.224242,0.130525,0.296978,0.251880,0.188474,0.300904,0.177012,-0.293279,-0.222615,0.222988,0.058652,-0.373249,-0.283129,-0.284064,-0.326338,0.340197,0.097945,0.287951,0.341845,-0.273553,-0.254360,-0.147219,0.366911,-0.230843,-0.167788,-0.181916,0.220502,-0.012310,0.256947,-0.166448,0.247978,-0.293710,0.113663,0.181309,0.319358,-0.032260,-0.052135,0.011365,0.414702,-0.116074,0.008090,0.197960,0.296906,0.012262,-0.102147,-0.077423,0.262945,0.294217,0.402355,0.308693,0.287704,0.388538,0.313759
0.444142,0.445046,0.121299,-0.002091,0.327215,0.155166,0.583125,0.501871,0.424939,0.349773,0.498646,0.661851,0.523292,0.586313,0.542881,0.382243,0.169074,0.000000,0.593666,0.612189,0.287405,0.389971,0.376225,0.474450,0.195769,0.154348,0.129999,0.258956,0.620207,0.615504,0.517155,0.550405,0.450052,0.462834,0.320734,0.280762,0.331180,0.327592,0.383243,0.215961,0.398229,0.236976,-0.280465,0.056764,0.337578,-0.169063,-0.224229,-0.247146,0.184806,-0.157572,-0.211999,-0.362057,-0.403188,-0.506703,0.023734,-0.276265,0.287143,0.220847,0.064408,-0.062563,-0.070527,-0.012191,0.328947,0.322131,0.507760,0.344927,0.378412,0.500977,0.249310,0.320109,0.337386,0.370696,0.503108,0.528133,0.322190,0.366568,0.295997,0.151013,-0.123081,-0.267532,0.185685,0.306618,0.500620,0.377269,0.178081,-0.282566,0.438392,0.500113,0.077186,-0.392015,-0.159320,-0.329745,0.207445,-0.366310,0.201359,0.330359,0.469328,0.405871,0.602609,0.601524,0.566078,-0.108830,0.578267,0.533080,0.611394,0.536878,0.495415,0.389322,0.378802,0.320882,-0.066765,0.097011,-0.249221,0.251122,-0.155996,0.365312
0.572687,0.603310,0.438706,0.290194,0.318675,0.185987,0.604778,0.625633,0.361393,0.354904,0.517889,0.610725,0.467749,0.502081,0.492338,0.311485,0.271036,0.593666,0.000000,0.556534,0.248757,0.291840,0.562029,0.543531,0.305387,0.224585,0.178364,0.261956,0.599772,0.650945,0.457310,0.448490,0.590889,0.516571,0.328351,0.272980,0.279336,0.305302,0.272665,0.182252,0.274307,0.218391,-0.096496,0.252325,0.377197,0.023844,0.049802,0.024355,0.258425,-0.004762,-0.026769,-0.162092,-0.178801,-0.274981,0.139305,-0.048640,0.530664,0.434263,0.289497,0.214609,0.200141,0.254651,0.506045,0.455581,0.506909,0.421598,0.529830,0.576954,0.428395,0.553716,0.333826,0.326090,0.510975,0.506445,0.194568,0.243888,0.305565,0.195647,0.088176,0.065248,0.389401,0.521712,0.423034,0.335086,0.307160,0.046012,0.334974,0.376676,0.137156,-0.099166,-0.013359,-0.081438,0.133102,-0.093172,0.229769,0.398468,0.496024,0.539541,0.539972,0.548545,0.534632,0.142232,0.424679,0.470531,0.543335,0.512237,0.372748,0.272171,0.256394,0.244328,0.208131,0.258341,-0.024467,0.342290,0.009384,0.389469
0.426375,0.398431,0.013157,-0.129584,0.429406,0.242159,0.670077,0.465851,0.579952,0.459442,0.513775,0.617282,0.594441,0.638790,0.658307,0.567941,-0.042301,0.612189,0.556534,0.000000,0.535712,0.566285,0.261244,0.601087,0.278265,0.306817,0.321023,0.472835,0.644860,0.463543,0.629231,0.664955,0.377205,0.548411,0.376907,0.387469,0.521336,0.511725,0.491839,0.296552,0.553046,0.388667,-0.518752,-0.136432,0.130509,-0.383299,-0.383074,-0.385807,-0.054886,-0.417920,-0.413015,-0.571683,-0.571420,-0.656342,-0.099127,-0.373475,0.180044,0.181260,-0.038843,-0.201850,-0.177757,-0.038037,0.185137,0.228079,0.462065,0.163864,0.240105,0.450611,0.181286,0.280538,0.414261,0.507080,0.468078,0.505046,0.462126,0.535857,0.406815,0.327140,-0.345932,-0.238822,0.057228,0.248541,0.642587,0.571213,0.130222,-0.374026,0.552019,0.580094,0.076089,-0.439648,-0.327458,-0.480774,0.177143,-0.500368,0.402721,0.230554,0.343650,0.300892,0.659465,0.651851,0.539705,-0.292059,0.626865,0.578020,0.490856,0.404160,0.511691,0.480833,0.421466,0.075667,-0.232801,-0.122616,-0.443353,0.071491,-0.400080,0.293733
0.087431,0.122694,-0.218840,-0.358485,0.505014,0.346517,0.412900,0.193400,0.549820,0.537429,0.295146,0.360745,0.430070,0.458600,0.609098,0.680289,-0.379997,0.287405,0.248757,0.535712,0.000000,0.727665,0.064282,0.427058,0.346150,0.458857,0.587398,0.554996,0.389791,0.159380,0.558172,0.587701,0.091685,0.315976,0.418143,0.465446,0.719619,0.672778,0.649917,0.525258,0.678052,0.637794,-0.466905,-0.177306,-0.113524,-0.507048,-0.374601,-0.377821,-0.324943,-0.588528,-0.485942,-0.604679,-0.442741,-0.535421,0.164566,-0.150015,-0.140382,-0.031056,-0.240263,-0.335599,-0.301168,-0.180388,-0.179518,0.002568,0.264257,-0.015148,0.075695,0.243451,-0.119958,0.240097,0.508984,0.577855,0.145868,0.271819,0.580514,0.617324,0.525422,0.554836,-0.406147,-0.056474,-0.036553,0.125079,0.684504,0.661346,0.345463,-0.303222,0.639002,0.599864,0.380293,-0.205285,-0.033774,-0.346256,0.328637,-0.401315,0.639080,0.201057,0.118176,0.091201,0.541040,0.531551,0.418414,-0.299080,0.511801,0.437137,0.239153,0.124826,0.359711,0.472635,0.353894,-0.175430,-0.277766,-0.349251,-0.456343,-0.139025,-0.524568,0.044800
0.130796,0.144514,-0.240441,-0.411480,0.591303,0.410892,0.468992,0.236107,0.626595,0.628974,0.410544,0.465688,0.484199,0.540647,0.667689,0.750330,-0.343520,0.389971,0.291840,0.566285,0.727665,0.000000,0.087057,0.457048,0.420173,0.538624,0.627895,0.620809,0.426991,0.233561,0.652456,0.683438,0.164919,0.372963,0.422250,0.473642,0.673479,0.669035,0.708160,0.573540,0.702139,0.622061,-0.489287,-0.210915,-0.034300,-0.526151,-0.450101,-0.459969,-0.259335,-0.586020,-0.514967,-0.663623,-0.492631,-0.607625,0.219757,-0.170247,-0.142851,-0.052069,-0.277204,-0.373429,-0.342169,-0.212003,-0.113422,0.048883,0.345011,0.038676,0.135440,0.299152,-0.188231,0.268758,0.579220,0.651752,0.187302,0.338335,0.647807,0.674467,0.547030,0.538268,-0.402006,-0.112420,-0.002675,0.090791,0.724885,0.719356,0.369638,-0.397084,0.730188,0.698371,0.424860,-0.263469,-0.045122,-0.430833,0.354998,-0.464528,0.639217,0.344199,0.258247,0.182612,0.631321,0.612289,0.536592,-0.331201,0.632990,0.530664,0.364210,0.243761,0.446967,0.580242,0.445844,0.007275,-0.279086,-0.354061,-0.489415,-0.051876,-0.534087,0.033368
0.491808,0.648502,0.551524,0.482122,0.220364,0.291288,0.473092,0.677742,0.218237,0.286062,0.427563,0.486506,0.396745,0.389242,0.325474,0.154773,0.267708,0.376225,0.562029,0.261244,0.064282,0.087057,0.000000,0.517363,0.365288,0.243279,0.018631,0.072132,0.395460,0.599531,0.313931,0.277311,0.664837,0.519894,0.496000,0.395378,0.199183,0.254463,0.121133,0.097604,0.143480,0.145045,0.257013,0.483593,0.477294,0.269797,0.324538,0.352238,0.359922,0.143035,0.257702,0.088397,0.133626,0.041656,0.225542,0.164692,0.558801,0.582287,0.475966,0.427121,0.468797,0.498805,0.431971,0.539651,0.543683,0.603847,0.645607,0.605121,0.507446,0.448314,0.352829,0.279635,0.344725,0.386121,0.128040,0.119296,0.369675,0.266721,0.207564,0.291996,0.452244,0.553611,0.242004,0.181212,0.338995,0.282061,0.122822,0.180375,0.163343,0.154663,0.205253,0.279604,0.191877,0.268724,0.118231,0.338243,0.425720,0.506639,0.339848,0.401203,0.337523,0.273867,0.145946,0.208187,0.326492,0.426134,0.078833,0.029640,0.069474,0.177893,0.465220,0.484452,0.297769,0.439508,0.260864,0.154889
0.378394,0.531301,0.303408,0.114526,0.518113,0.397396,0.695534,0.605416,0.586663,0.554637,0.562517,0.594278,0.619452,0.615209,0.648376,0.538309,0.013437,0.474450,0.543531,0.601087,0.427058,0.457048,0.517363,0.000000,0.501865,0.451500,0.340206,0.469075,0.609287,0.514589,0.642280,0.639541,0.560046,0.648680,0.530744,0.515405,0.450829,0.483104,0.382235,0.236190,0.426174,0.347843,-0.226031,0.111718,0.290438,-0.134943,-0.122106,-0.090064,0.097023,-0.251960,-0.201643,-0.381056,-0.315333,-0.406326,0.098201,-0.164209,0.335421,0.391822,0.133998,0.046911,0.084824,0.235783,0.288918,0.406443,0.562460,0.412484,0.484148,0.607120,0.261900,0.451067,0.506138,0.551346,0.460731,0.451681,0.404043,0.438415,0.490405,0.421421,-0.120907,0.047774,0.259290,0.408027,0.559284,0.519048,0.313966,-0.087341,0.461972,0.491289,0.167622,-0.160984,-0.132297,-0.200809,0.126351,-0.182014,0.382489,0.344274,0.420130,0.425030,0.606218,0.626686,0.545163,-0.038333,0.508966,0.545039,0.426913,0.449909,0.301510,0.361415,0.281909,0.118604,0.075391,0.079407,-0.156605,0.317593,-0.183413,0.172830
0.134723,0.360029,0.170989,0.031987,0.704990,0.652828,0.364325,0.346058,0.613075,0.685941,0.345386,0.346947,0.357016,0.372626,0.488406,0.516390,-0.139602,0.195769,0.305387,0.278265,0.346150,0.420173,0.365288,0.501865,0.000000,0.734803,0.547742,0.560824,0.333228,0.318642,0.538653,0.479157,0.377628,0.417806,0.411572,0.385148,0.294426,0.365191,0.307030,0.236956,0.292767,0.262565,-0.035962,0.117568,0.199752,-0.066001,-0.050297,-0.019732,0.032510,-0.216801,-0.143217,-0.265646,-0.108695,-0.196238,0.300791,0.007583,0.220170,0.281743,0.087656,0.071764,0.085408,0.178132,0.149895,0.349952,0.327461,0.264743,0.391660,0.392042,0.080019,0.385992,0.541391,0.526762,0.220816,0.318634,0.369990,0.364975,0.445647,0.455073,0.053796,0.228064,0.255694,0.238696,0.408008,0.439268,0.426579,0.008319,0.385836,0.382970,0.323655,0.040328,0.096670,-0.036494,0.144328,-0.014024,0.367944,0.398711,0.368580,0.368572,0.419749,0.444566,0.446290,0.045962,0.353944,0.374379,0.252750,0.288394,0.069914,0.225345,0.126348,0.161464,0.227543,0.043752,-0.001603,0.349598,-0.070495,-0.094157
0.060633,0.279679,-0.006409,-0.109383,0.718719,0.702079,0.342460,0.291798,0.638571,0.713290,0.339482,0.344284,0.365582,0.409552,0.513789,0.607124,-0.284797,0.154348,0.224585,0.306817,0.458857,0.538624,0.243279,0.451500,0.734803,0.000000,0.644858,0.628975,0.277744,0.233078,0.572032,0.523353,0.279178,0.394659,0.423468,0.438719,0.393446,0.449028,0.418231,0.338225,0.422275,0.359863,-0.127645,0.031429,0.099757,-0.193734,-0.170339,-0.147854,-0.117259,-0.366405,-0.254763,-0.381482,-0.185078,-0.275212,0.301567,-0.030475,0.062059,0.180254,-0.029172,-0.055587,-0.029882,0.094373,0.033703,0.269170,0.270478,0.178720,0.284101,0.334643,-0.039603,0.320232,0.606066,0.602453,0.144963,0.302496,0.507663,0.487040,0.535017,0.554790,-0.087705,0.195529,0.173040,0.164724,0.477390,0.517636,0.432488,-0.094584,0.471644,0.448203,0.377528,0.001551,0.086674,-0.123687,0.202401,-0.106452,0.445011,0.370864,0.310075,0.281077,0.444093,0.460901,0.435084,-0.070479,0.392914,0.370791,0.222757,0.236373,0.113067,0.303248,0.181146,0.136854,0.092628,-0.080053,-0.117848,0.237492,-0.189946,-0.166228
0.015197,0.045112,-0.113407,-0.289236,0.655355,0.492349,0.291559,0.093612,0.558841,0.615357,0.276855,0.231976,0.295397,0.298705,0.484354,0.611147,-0.322180,0.129999,0.178364,0.321023,0.587398,0.627895,0.018631,0.340206,0.547742,0.644858,0.000000,0.652462,0.233929,0.067339,0.512738,0.495739,0.080353,0.208898,0.287570,0.338026,0.475082,0.500147,0.535561,0.478102,0.501986,0.487291,-0.283622,-0.128088,-0.064136,-0.356046,-0.287023,-0.299551,-0.265654,-0.440808,-0.399791,-0.474220,-0.257148,-0.350308,0.368844,-0.008625,-0.110161,-0.083784,-0.239579,-0.247360,-0.230927,-0.159046,-0.082099,0.029193,0.169326,-0.024969,0.129359,0.184225,-0.204993,0.309547,0.501311,0.526233,0.059697,0.177292,0.474652,0.469536,0.441181,0.478292,-0.131005,0.081943,0.094384,0.041947,0.518696,0.544954,0.456005,-0.196902,0.582783,0.492805,0.507175,-0.013177,0.089710,-0.230381,0.212981,-0.246552,0.546787,0.309256,0.176812,0.133735,0.444741,0.395488,0.426014,-0.177503,0.436351,0.367642,0.208495,0.100496,0.241943,0.423126,0.232684,0.008347,-0.112852,-0.337671,-0.312252,-0.003486,-0.383723,-0.100016
0.044912,0.177200,-0.116113,-0.275306,0.682141,0.495881,0.439270,0.184759,0.687493,0.659357,0.359408,0.360811,0.461462,0.440799,0.608974,0.665220,-0.305317,0.258956,0.261956,0.472835,0.554996,0.620809,0.072132,0.469075,0.560824,0.628975,0.652462,0.000000,0.358303,0.175306,0.618807,0.606111,0.173556,0.351790,0.325077,0.373060,0.441632,0.467513,0.457337,0.305582,0.478635,0.347056,-0.411347,-0.194207,-0.060418,-0.417903,-0.387038,-0.383843,-0.230027,-0.492427,-0.456309,-0.567633,-0.413433,-0.509137,0.131454,-0.257737,-0.025535,0.055545,-0.203093,-0.250316,-0.236600,-0.115265,-0.054991,0.131103,0.259719,0.028179,0.137379,0.256099,-0.136319,0.256115,0.522712,0.569748,0.214073,0.278535,0.532154,0.540283,0.452275,0.474401,-0.258312,-0.063289,0.003289,0.031903,0.555373,0.594823,0.305309,-0.332606,0.563696,0.535816,0.281208,-0.239439,-0.142671,-0.400301,0.117192,-0.379719,0.490784,0.300388,0.257487,0.205096,0.524636,0.522491,0.485297,-0.249668,0.548336,0.516077,0.299889,0.233521,0.256152,0.429471,0.262119,0.063236,-0.146901,-0.292349,-0.385208,0.134976,-0.383788,-0.049510
0.437814,0.499380,0.221764,0.045511,0.441824,0.232439,0.610300,0.536597,0.519894,0.464475,0.506212,0.627759,0.536567,0.620339,0.609265,0.472971,0.185027,0.620207,0.599772,0.644860,0.389791,0.426991,0.395460,0.609287,0.333228,0.277744,0.233929,0.358303,0.000000,0.580533,0.553150,0.581883,0.435903,0.508743,0.339597,0.316595,0.422232,0.417602,0.379184,0.224870,0.406469,0.301997,-0.290655,0.092477,0.256600,-0.188489,-0.166474,-0.161489,0.127623,-0.202371,-0.231115,-0.354648,-0.410899,-0.471784,0.018507,-0.191629,0.302387,0.332221,0.084272,-0.030316,-0.023687,0.098070,0.336257,0.344239,0.463435,0.275630,0.344601,0.498891,0.240023,0.397094,0.330860,0.482145,0.598027,0.507438,0.315712,0.418848,0.323494,0.258657,-0.112749,-0.083857,0.193811,0.398652,0.510408,0.481460,0.147869,-0.143621,0.439289,0.512243,0.032688,-0.251334,-0.239994,-0.286970,0.062705,-0.323767,0.333574,0.310470,0.480122,0.512520,0.623470,0.640209,0.540674,0.031216,0.554812,0.594654,0.575172,0.550285,0.456774,0.417966,0.363699,0.183441,0.034606,0.100088,-0.233990,0.269389,-0.185494,0.440207
0.532027,0.646566,0.359845,0.331065,0.293691,0.263116,0.554055,0.665373,0.362296,0.340922,0.513960,0.662508,0.486851,0.557490,0.465238,0.268987,0.235942,0.615504,0.650945,0.463543,0.159380,0.233561,0.599531,0.514589,0.318642,0.233078,0.067339,0.175306,0.580533,0.000000,0.458007,0.422436,0.625123,0.564234,0.418690,0.336965,0.249320,0.290117,0.217037,0.128087,0.251425,0.162788,0.023293,0.358016,0.432026,0.126493,0.112646,0.102518,0.332335,0.014568,0.084932,-0.108268,-0.109814,-0.219503,0.121013,-0.045400,0.526230,0.508862,0.403509,0.295023,0.295752,0.375913,0.456882,0.567414,0.495758,0.518216,0.552124,0.597091,0.454793,0.422766,0.431649,0.354820,0.470131,0.534479,0.245753,0.238651,0.388297,0.264266,0.139691,0.128458,0.459328,0.506725,0.416399,0.289938,0.316592,0.037772,0.254640,0.325485,0.101712,-0.125694,0.049050,-0.007816,0.193002,-0.022915,0.162002,0.407758,0.579544,0.563407,0.500771,0.526539,0.495270,0.116221,0.366901,0.375670,0.510229,0.517882,0.262796,0.173642,0.235382,0.323901,0.321030,0.400985,0.107102,0.418181,0.126822,0.287599
0.292876,0.412275,0.006464,-0.168279,0.641178,0.511614,0.656575,0.444511,0.714966,0.660564,0.594950,0.634768,0.678815,0.652038,0.734580,0.691319,-0.179657,0.517155,0.457310,0.629231,0.558172,0.652456,0.313931,0.642280,0.538653,0.572032,0.512738,0.618807,0.553150,0.458007,0.000000,0.763168,0.424250,0.588706,0.503861,0.524607,0.526250,0.548824,0.555297,0.376524,0.582405,0.434919,-0.382008,-0.058357,0.179334,-0.323792,-0.348628,-0.343378,-0.058238,-0.453499,-0.379460,-0.575530,-0.457539,-0.573278,0.132882,-0.253551,0.134342,0.209807,-0.070111,-0.166824,-0.128995,0.031609,0.148583,0.316835,0.491877,0.231140,0.319180,0.485404,0.037456,0.335211,0.673738,0.681447,0.419051,0.544875,0.609232,0.621184,0.587966,0.527331,-0.253359,-0.064032,0.182373,0.234365,0.685535,0.629349,0.357735,-0.337558,0.636774,0.630666,0.272678,-0.293587,-0.131630,-0.384451,0.283498,-0.378030,0.462435,0.406879,0.407927,0.345992,0.688239,0.686152,0.616610,-0.234598,0.646607,0.595946,0.470589,0.409546,0.407719,0.516012,0.383279,0.194980,-0.116697,-0.120234,-0.350935,0.197154,-0.354677,0.057715
0.290667,0.357244,-0.032038,-0.242365,0.622870,0.434439,0.650895,0.440089,0.700155,0.658240,0.593573,0.638319,0.650679,0.678619,0.743969,0.723675,-0.147467,0.550405,0.448490,0.664955,0.587701,0.683438,0.277311,0.639541,0.479157,0.523353,0.495739,0.606111,0.581883,0.422436,0.763168,0.000000,0.367499,0.553444,0.488549,0.520820,0.561357,0.569784,0.596989,0.410845,0.618229,0.460180,-0.450701,-0.118203,0.159990,-0.401545,-0.422139,-0.407324,-0.096700,-0.499702,-0.444436,-0.633564,-0.529113,-0.629764,0.107974,-0.293921,0.065710,0.139754,-0.147911,-0.261083,-0.221878,-0.044289,0.122675,0.232261,0.518223,0.221410,0.277835,0.470228,-0.018308,0.310125,0.604710,0.701559,0.437051,0.516943,0.614651,0.667330,0.539452,0.479764,-0.346323,-0.142570,0.106477,0.223698,0.689964,0.663851,0.297341,-0.372769,0.674145,0.680837,0.253837,-0.321128,-0.195155,-0.450168,0.250437,-0.442707,0.496842,0.410313,0.400503,0.340446,0.710434,0.711343,0.619253,-0.243333,0.694264,0.646997,0.501844,0.446325,0.477427,0.575705,0.420444,0.193539,-0.192981,-0.183690,-0.427717,0.172796,-0.413083,0.116370
0.519913,0.621755,0.453157,0.369830,0.264346,0.276894,0.561942,0.656278,0.295311,0.315223,0.508963,0.545184,0.450538,0.425886,0.396408,0.223546,0.223655,0.450052,0.590889,0.377205,0.091685,0.164919,0.664837,0.560046,0.377628,0.279178,0.080353,0.173556,0.435903,0.625123,0.424250,0.367499,0.000000,0.678555,0.492157,0.416864,0.206536,0.299220,0.181758,0.153664,0.227444,0.187514,0.080571,0.326049,0.476483,0.198120,0.169474,0.201510,0.326320,0.049975,0.121952,-0.063686,-0.024699,-0.114891,0.158887,0.054275,0.551652,0.513366,0.407670,0.332620,0.402163,0.453315,0.495984,0.549477,0.565915,0.593295,0.673861,0.672561,0.443469,0.478989,0.398280,0.290157,0.377417,0.455942,0.198188,0.170968,0.374844,0.242114,0.154097,0.202398,0.438401,0.464435,0.345441,0.277828,0.345637,0.105188,0.232544,0.282797,0.179847,-0.010609,0.089943,0.064035,0.152249,0.095524,0.203568,0.401420,0.509815,0.466678,0.427922,0.465096,0.435724,0.095514,0.283762,0.314783,0.343923,0.397421,0.155591,0.151923,0.213561,0.212175,0.349210,0.357418,0.159225,0.382780,0.098143,0.117819
0.447712,0.582359,0.228984,0.153003,0.377338,0.394032,0.630385,0.632965,0.478890,0.438365,0.551645,0.612322,0.570861,0.598339,0.553852,0.439213,0.000009,0.462834,0.516571,0.548411,0.315976,0.372963,0.519894,0.648680,0.417806,0.394659,0.208898,0.351790,0.508743,0.564234,0.588706,0.553444,0.678555,0.000000,0.585587,0.567415,0.391052,0.460396,0.316866,0.226643,0.405222,0.322548,-0.148482,0.157840,0.314373,-0.024973,-0.063175,-0.020200,0.112639,-0.246039,-0.091907,-0.318454,-0.241934,-0.332906,0.021860,-0.123459,0.394316,0.439619,0.264671,0.119153,0.218352,0.355556,0.343532,0.506015,0.517843,0.440936,0.492401,0.636302,0.324670,0.398241,0.545721,0.506157,0.402973,0.532384,0.428183,0.418885,0.524647,0.438401,-0.096806,0.135357,0.334130,0.406054,0.510293,0.463658,0.300986,-0.094293,0.371131,0.415592,0.140549,-0.177508,-0.074850,-0.145536,0.192935,-0.112129,0.341916,0.322625,0.413779,0.362706,0.522420,0.565906,0.460781,-0.119796,0.401399,0.391608,0.321921,0.359506,0.233869,0.258765,0.294264,0.102888,0.132762,0.161783,-0.057107,0.267941,-0.128892,0.065660
0.296543,0.430495,0.120514,0.030964,0.371159,0.415925,0.483150,0.478100,0.416002,0.444787,0.415315,0.445335,0.514175,0.475058,0.510921,0.445979,-0.149041,0.320734,0.328351,0.376907,0.418143,0.422250,0.496000,0.530744,0.411572,0.423468,0.287570,0.325077,0.339597,0.418690,0.503861,0.488549,0.492157,0.585587,0.000000,0.737384,0.535208,0.567273,0.420536,0.353043,0.491264,0.455493,-0.063822,0.181514,0.217263,-0.085903,-0.028052,0.034673,-0.045725,-0.354759,-0.093689,-0.322699,-0.155434,-0.243273,0.177277,-0.017444,0.213339,0.331858,0.163980,0.034098,0.141240,0.235507,0.031305,0.324446,0.544052,0.447981,0.477250,0.568297,0.206365,0.304394,0.616423,0.539406,0.256947,0.415406,0.503284,0.461811,0.638677,0.575428,-0.149547,0.209987,0.281095,0.347469,0.513789,0.455050,0.402845,-0.058457,0.400432,0.404242,0.308320,-0.043690,0.115618,-0.006294,0.323575,-0.027761,0.414462,0.290397,0.282145,0.249905,0.434251,0.484154,0.339097,-0.115326,0.311900,0.279186,0.188064,0.235519,0.163997,0.224976,0.231605,-0.033476,0.123757,0.079502,-0.048026,0.151396,-0.150415,-0.066152
0.259055,0.362094,0.039149,-0.051833,0.377617,0.427988,0.473922,0.432228,0.434295,0.452311,0.421562,0.425065,0.504575,0.477477,0.531471,0.489658,-0.226309,0.280762,0.272980,0.387469,0.465446,0.473642,0.395378,0.515405,0.385148,0.438719,0.338026,0.373060,0.316595,0.336965,0.524607,0.520820,0.416864,0.567415,0.737384,0.000000,0.556156,0.590580,0.457241,0.380084,0.532372,0.492062,-0.129451,0.109890,0.142976,-0.166221,-0.108730,-0.031646,-0.129784,-0.431710,-0.149038,-0.384085,-0.199438,-0.284713,0.145394,-0.040916,0.114533,0.250247,0.077649,-0.049408,0.066473,0.173163,-0.020032,0.249093,0.487741,0.375244,0.387403,0.530509,0.129207,0.284528,0.623773,0.577060,0.249165,0.416397,0.558198,0.522478,0.661367,0.610925,-0.231433,0.173668,0.230199,0.301367,0.526844,0.482475,0.378219,-0.111070,0.437711,0.421250,0.307593,-0.059849,0.071317,-0.068395,0.330231,-0.082863,0.446367,0.254023,0.218838,0.176388,0.442818,0.489879,0.323231,-0.183795,0.330064,0.285691,0.160177,0.181306,0.188575,0.271638,0.259488,-0.060630,0.021216,-0.015721,-0.129661,0.074757,-0.233207,-0.089187
0.199840,0.184636,-0.160645,-0.300440,0.412032,0.303348,0.442239,0.288222,0.462009,0.483088,0.326966,0.401613,0.448300,0.479158,0.581690,0.625760,-0.283666,0.331180,0.279336,0.521336,0.719619,0.673479,0.199183,0.450829,0.294426,0.393446,0.475082,0.441632,0.422232,0.249320,0.526250,0.561357,0.206536,0.391052,0.535208,0.556156,0.000000,0.762253,0.701606,0.621106,0.717173,0.714587,-0.395925,-0.088910,-0.012336,-0.436123,-0.269826,-0.253700,-0.228045,-0.522669,-0.397839,-0.536929,-0.393849,-0.480641,0.219452,-0.011691,-0.096445,0.018581,-0.161487,-0.274212,-0.222998,-0.101892,-0.150122,0.034975,0.365563,0.112935,0.196080,0.346060,-0.067551,0.263521,0.508917,0.567616,0.177165,0.302715,0.571143,0.601130,0.556325,0.555923,-0.370014,0.011024,0.022322,0.184884,0.684451,0.678813,0.327780,-0.246152,0.645935,0.625146,0.430145,-0.130060,0.061912,-0.250336,0.395253,-0.323924,0.686605,0.268816,0.212386,0.178833,0.576288,0.575746,0.440087,-0.261614,0.504413,0.418611,0.252871,0.157064,0.402899,0.502185,0.387497,-0.218014,-0.157915,-0.241265,-0.383646,-0.140887,-0.503386,0.082715
