0.000000 0.265140 0.748779 0.436366 -0.395241 -0.475094 0.760899 0.561371 -0.140506 -0.253659 0.736941 0.247817 0.626659 0.490689 0.361544 -0.214566 0.146934 0.461390 0.670641 0.701636 0.212875 0.130635 0.512612 0.587728 -0.283955 -0.428830 -0.363684 -0.507436 0.290640 0.487044 0.209188 0.314970 0.083680 0.408980 -0.295612 0.025683 0.165624 -0.270655 0.029108 -0.199565 -0.104196 -0.011808 -0.138938 -0.088080 0.216915 -0.074152 0.397049 -0.026045 0.190869 -0.236156 0.202966 -0.264585 0.660327 -0.425543 0.657947 -0.407501 0.759960 -0.005487 0.615196 0.051767 0.703375 -0.239980 0.689095 -0.242991 -0.128918 -0.177353 0.033763 0.389986 0.542767 0.221998 0.582536 -0.132301 -0.073416 0.203357 0.246479 -0.219744 0.169801 0.007072 0.660803 -0.276692 0.713753 -0.325582 0.414778 -0.192439 0.725842 -0.471361 0.530849 -0.378129 0.673426 -0.470972 0.199674 -0.374832 -0.010665 -0.454712 0.114431 0.065355 0.236083 -0.282127 0.572624 0.171082 0.582897 -0.435135 0.616921 -0.302445 0.419255 -0.243725 0.365455 0.036651 0.050031 0.088582 0.009532 0.132341 0.414852 0.091237 -0.238146 0.015851
0.265140 0.000000 0.164208 0.612630 0.352437 0.317785 0.166802 0.465520 0.469498 0.506840 0.186225 0.685491 0.321363 0.423272 0.567282 0.442745 0.424620 0.431362 0.523839 0.494590 0.322419 0.144044 0.556537 0.356754 0.279059 0.294898 0.270640 0.217687 0.556247 0.533684 0.495044 0.368327 0.554962 0.427426 0.358883 0.377755 0.311982 0.322661 0.176327 0.233214 0.486874 0.388706 0.424172 0.467331 0.423151 0.369335 0.483223 0.493561 0.408887 0.261604 0.387199 0.223160 0.095610 0.194581 0.292636 0.391598 0.362241 0.663806 0.425252 0.640092 0.234066 0.490601 0.304382 0.507045 0.408597 0.481292 0.577898 0.547808 0.520723 0.541032 0.454435 0.508002 0.368574 0.442313 0.303852 0.371232 0.486974 0.498728 0.269595 0.348729 0.198045 0.430933 0.174938 0.450479 0.041779 0.274529 0.311507 0.387744 -0.038353 0.284724 0.573821 0.313183 0.557880 0.336406 0.558854 0.465877 0.536380 0.462112 0.438749 0.550942 0.275879 0.313217 0.161348 0.410972 0.367427 0.494880 0.046988 0.101118 0.335587 0.231182 0.516266 0.550368 0.409315 0.272285 0.275867 0.378441
0.748779 0.164208 0.000000 0.387173 -0.452082 -0.560084 0.808083 0.574354 -0.199149 -0.341477 0.728253 0.163059 0.639677 0.499146 0.328202 -0.234681 0.027265 0.403602 0.564019 0.632946 0.216870 0.125033 0.515831 0.676046 -0.358244 -0.503086 -0.414418 -0.593294 0.210376 0.402262 0.197052 0.361078 0.020811 0.358224 -0.316520 -0.026826 0.177270 -0.318177 0.043207 -0.222843 -0.152379 -0.038298 -0.257022 -0.220092 0.182341 -0.202055 0.326956 -0.158576 0.081063 -0.403690 0.038213 -0.430256 0.590518 -0.579389 0.684678 -0.494931 0.683386 -0.132553 0.531060 -0.109254 0.638766 -0.364028 0.638029 -0.339800 -0.177440 -0.266243 -0.031644 0.336506 0.474342 0.099291 0.524360 -0.184926 -0.196187 0.046413 0.219894 -0.263263 0.134789 -0.059623 0.539967 -0.384334 0.642239 -0.441230 0.465581 -0.224486 0.714315 -0.584262 0.579088 -0.390113 0.686370 -0.590783 0.186516 -0.482902 -0.100444 -0.548950 0.128398 0.041836 0.257931 -0.353498 0.622155 0.219930 0.661947 -0.554356 0.705258 -0.347479 0.519494 -0.268536 0.421665 0.115053 0.143917 0.084771 -0.048567 0.140069 0.448791 0.066519 -0.339325 0.039811
0.436366 0.612630 0.387173 0.000000 0.018010 -0.003409 0.369106 0.710905 0.303336 0.254827 0.418576 0.579243 0.504699 0.472731 0.559358 0.360788 0.452498 0.288891 0.584206 0.611860 0.236937 0.066071 0.667523 0.546931 0.132824 0.054531 -0.003346 -0.090600 0.556571 0.552641 0.483508 0.423889 0.434518 0.447698 0.169669 0.400965 0.229405 0.140242 0.076667 0.087199 0.195481 0.172086 0.325055 0.337215 0.460445 0.322363 0.571470 0.361692 0.433344 0.160493 0.405499 0.165054 0.296709 0.100753 0.393564 0.194207 0.466595 0.425356 0.523889 0.549010 0.392332 0.374466 0.467144 0.319858 0.381956 0.420656 0.539414 0.683588 0.501795 0.504491 0.495164 0.368080 0.243223 0.404891 0.222329 0.271606 0.393956 0.426295 0.345947 0.220056 0.379400 0.253500 0.209411 0.245043 0.244259 0.144158 0.358173 0.210308 0.135026 0.148323 0.461215 0.233299 0.424344 0.201866 0.414216 0.446128 0.493139 0.308321 0.542614 0.540705 0.441448 0.178532 0.317344 0.311637 0.441952 0.358238 0.130744 0.068131 0.224079 0.292464 0.508872 0.542501 0.556199 0.318187 0.178937 0.226297
-0.395241 0.352437 -0.452082 0.018010 0.000000 0.758176 -0.453534 -0.158715 0.460807 0.596746 -0.412145 0.272156 -0.317351 -0.157676 0.090928 0.501068 0.187923 -0.017200 -0.120178 -0.211272 0.181899 0.107319 0.035318 -0.231705 0.491188 0.647577 0.707723 0.751358 0.146775 -0.072488 0.247929 0.053299 0.434924 0.062047 0.539117 0.217716 0.222978 0.532508 0.247042 0.449486 0.495036 0.318041 0.440039 0.442885 0.226388 0.426502 0.055608 0.422624 0.281719 0.506445 0.169765 0.432175 -0.480632 0.431565 -0.297417 0.665582 -0.250636 0.562105 -0.038845 0.456984 -0.304328 0.545959 -0.249769 0.586940 0.426878 0.533493 0.453377 0.125900 -0.019026 0.223554 -0.030548 0.513780 0.372529 0.190099 0.037671 0.378831 0.239148 0.284359 -0.245560 0.496923 -0.416161 0.579023 -0.107175 0.545176 -0.515861 0.570545 -0.112505 0.642790 -0.549399 0.571818 0.177179 0.444301 0.321938 0.550845 0.326263 0.260409 0.152783 0.581811 -0.141982 0.324222 -0.268402 0.591854 -0.343643 0.581202 -0.082163 0.566639 -0.180685 -0.033996 0.249507 -0.017281 0.326493 0.290745 -0.002408 0.086506 0.424129 0.358735
-0.475094 0.317785 -0.560084 -0.003409 0.758176 0.000000 -0.561597 -0.229237 0.450570 0.675054 -0.510726 0.237256 -0.412151 -0.229693 0.085134 0.503723 0.194851 -0.084907 -0.186873 -0.265408 0.043972 0.015067 -0.064347 -0.282887 0.573736 0.717676 0.718486 0.777868 0.106627 -0.065054 0.215310 -0.032708 0.333348 -0.058041 0.486803 0.199740 0.071944 0.471025 0.093775 0.352949 0.467529 0.257170 0.448606 0.471217 0.206020 0.446883 -0.001816 0.413006 0.246082 0.530285 0.181538 0.484350 -0.529435 0.514492 -0.423057 0.674824 -0.347403 0.548304 -0.148094 0.472894 -0.399252 0.584655 -0.359637 0.631591 0.438521 0.568480 0.410116 0.074659 -0.090079 0.178009 -0.136845 0.502195 0.342401 0.158977 -0.034458 0.367884 0.146496 0.260308 -0.294341 0.565284 -0.453868 0.644739 -0.259305 0.479894 -0.580935 0.642771 -0.236338 0.634271 -0.636003 0.635680 0.183338 0.510338 0.357703 0.610226 0.289604 0.279569 0.141607 0.611797 -0.231141 0.239189 -0.342612 0.644916 -0.422491 0.617115 -0.134388 0.574598 -0.288520 0.005053 0.119498 0.058039 0.335041 0.235530 -0.103925 0.154109 0.414295 0.287690
0.760899 0.166802 0.808083 0.369106 -0.453534 -0.561597 0.000000 0.570878 -0.179338 -0.351762 0.715876 0.168193 0.646305 0.503137 0.320474 -0.264550 -0.017568 0.400648 0.586538 0.630492 0.232071 0.151092 0.502403 0.617804 -0.372210 -0.518764 -0.428105 -0.586632 0.192712 0.393170 0.163165 0.326366 0.033224 0.373521 -0.320199 -0.054149 0.184175 -0.300003 0.072654 -0.196425 -0.145310 -0.013267 -0.235451 -0.193230 0.155898 -0.204990 0.325483 -0.134411 0.071693 -0.386663 0.063827 -0.408942 0.611670 -0.556170 0.694066 -0.491661 0.689200 -0.132623 0.543979 -0.106527 0.701793 -0.340759 0.623129 -0.356836 -0.194684 -0.262658 -0.034413 0.319878 0.459269 0.107478 0.526833 -0.193182 -0.156408 0.064028 0.245349 -0.237335 0.154904 -0.054512 0.558550 -0.389189 0.649401 -0.438134 0.476996 -0.210314 0.725965 -0.578063 0.561064 -0.422715 0.709377 -0.581125 0.176397 -0.472676 -0.098232 -0.545673 0.116155 0.032580 0.225575 -0.357142 0.596162 0.176987 0.620224 -0.556337 0.667616 -0.386693 0.470097 -0.305433 0.412708 0.102011 0.099549 0.051913 -0.077184 0.107920 0.418155 0.069087 -0.307078 0.046478
0.561371 0.465520 0.574354 0.710905 -0.158715 -0.229237 0.570878 0.000000 0.135683 0.036515 0.576639 0.509384 0.625375 0.607439 0.489532 0.190460 0.275127 0.275032 0.601550 0.646780 0.270482 0.098158 0.643579 0.653578 -0.101464 -0.204747 -0.189671 -0.300118 0.439774 0.478119 0.397931 0.450019 0.329636 0.492470 -0.027841 0.217123 0.256003 0.016284 0.124111 0.025543 -0.004270 0.081336 0.153148 0.170898 0.386732 0.164132 0.560273 0.227245 0.365927 -0.036486 0.330906 -0.029075 0.469558 -0.140041 0.562263 -0.039083 0.580508 0.229105 0.579562 0.346834 0.578068 0.180037 0.576661 0.137652 0.136252 0.204442 0.327537 0.604586 0.450870 0.355046 0.574181 0.249370 0.099016 0.293358 0.152970 0.067921 0.341347 0.260001 0.427696 0.011636 0.493523 0.023978 0.352237 0.104814 0.438889 -0.100705 0.453580 -0.026664 0.373006 -0.125847 0.358098 -0.030193 0.268988 -0.076252 0.296166 0.314430 0.420547 0.086569 0.628514 0.482260 0.585214 -0.098296 0.485030 0.055668 0.502195 0.139686 0.213604 0.075128 0.195817 0.188304 0.374051 0.497376 0.609201 0.289402 0.067733 0.184100
-0.140506 0.469498 -0.199149 0.303336 0.460807 0.450570 -0.179338 0.135683 0.000000 0.536125 -0.154915 0.417420 0.108285 0.123430 0.338774 0.344127 0.478871 0.124243 0.106635 0.044278 0.094899 0.004869 0.221240 0.016646 0.439486 0.521821 0.333147 0.410052 0.493125 0.272007 0.397973 0.238106 0.401948 0.142982 0.418015 0.392754 0.188614 0.416065 0.017608 0.166142 0.463785 0.274161 0.532502 0.566119 0.357344 0.522461 0.344480 0.545496 0.356679 0.448568 0.396858 0.428145 -0.167651 0.437037 -0.127486 0.491683 0.017741 0.590316 0.055601 0.493767 -0.023098 0.537760 0.003119 0.581710 0.469080 0.512428 0.498150 0.305460 0.133472 0.385529 0.139305 0.547272 0.508375 0.363148 0.141161 0.413786 0.360155 0.461662 0.031684 0.508709 -0.072698 0.557719 -0.143947 0.393814 -0.259076 0.491986 -0.119987 0.345982 -0.329439 0.430028 0.259290 0.460863 0.412554 0.491659 0.249675 0.333760 0.306686 0.507412 0.010790 0.318620 -0.109471 0.438087 -0.248976 0.417580 0.012002 0.463942 -0.284632 0.054172 0.074866 0.219252 0.481970 0.378906 0.134390 0.240742 0.380180 0.165043
-0.253659 0.506840 -0.341477 0.254827 0.596746 0.675054 -0.351762 0.036515 0.536125 0.000000 -0.292756 0.448000 -0.172366 0.065863 0.247256 0.447894 0.300945 0.132646 0.024845 -0.002995 0.006758 0.010261 0.132842 -0.023109 0.472762 0.618420 0.490471 0.547171 0.326383 0.265928 0.297523 0.098052 0.337524 0.062466 0.409312 0.271578 0.073513 0.393914 0.050782 0.245076 0.526845 0.353714 0.413911 0.466756 0.243792 0.408920 0.140990 0.418232 0.232906 0.402383 0.221361 0.371493 -0.362150 0.393766 -0.221308 0.551985 -0.159030 0.576798 0.005536 0.507058 -0.222022 0.590044 -0.156066 0.632161 0.443454 0.616686 0.452513 0.265345 0.120037 0.284998 0.035576 0.499965 0.398138 0.331758 0.095771 0.350870 0.209804 0.359937 -0.104421 0.480455 -0.231133 0.582313 -0.178363 0.429218 -0.396015 0.524352 -0.079225 0.514766 -0.453225 0.511571 0.409094 0.440886 0.488208 0.535543 0.390885 0.370927 0.381478 0.599400 0.063683 0.398764 -0.065688 0.544972 -0.173709 0.608375 0.114145 0.607315 -0.183113 0.174190 0.233465 0.186543 0.421900 0.354492 0.142165 0.275722 0.342832 0.375503
0.736941 0.186225 0.728253 0.418576 -0.412145 -0.510726 0.715876 0.576639 -0.154915 -0.292756 0.000000 0.263165 0.653359 0.556858 0.264421 -0.235551 0.181406 0.444451 0.533532 0.602351 0.174881 0.020305 0.516377 0.608033 -0.395064 -0.506754 -0.416535 -0.548151 0.253455 0.419536 0.264608 0.426089 0.082774 0.442115 -0.272340 0.010812 0.093273 -0.313777 0.000035 -0.197265 -0.163048 -0.072268 -0.212100 -0.186193 0.153094 -0.126296 0.377476 -0.073068 0.177856 -0.249855 0.149320 -0.269646 0.605336 -0.444101 0.642336 -0.378018 0.670911 -0.051389 0.553842 -0.008631 0.626710 -0.255577 0.698365 -0.225086 -0.098984 -0.139745 0.001479 0.399249 0.463940 0.160385 0.557578 -0.123171 -0.060480 0.226484 0.168392 -0.252527 0.118712 -0.041212 0.550382 -0.350509 0.602727 -0.370682 0.423230 -0.206366 0.654733 -0.486256 0.535616 -0.338549 0.632163 -0.486383 0.166423 -0.386465 -0.052372 -0.449019 0.056509 -0.043567 0.159725 -0.335733 0.579361 0.220150 0.616224 -0.431096 0.630975 -0.289060 0.427846 -0.193360 0.363702 0.017697 0.172256 0.007145 0.026564 0.138526 0.466470 0.022114 -0.211922 -0.004996
0.247817 0.685491 0.163059 0.579243 0.272156 0.237256 0.168193 0.509384 0.417420 0.448000 0.263165 0.000000 0.416694 0.594661 0.553378 0.402593 0.424388 0.406644 0.468691 0.422473 0.268415 0.033401 0.544424 0.367400 0.180463 0.192421 0.188349 0.130525 0.547341 0.499856 0.469257 0.382885 0.460841 0.371527 0.280437 0.290683 0.244764 0.266054 0.159238 0.181750 0.360709 0.269886 0.376153 0.399568 0.376589 0.331868 0.493720 0.448624 0.437517 0.249282 0.427710 0.260298 0.131576 0.174292 0.320670 0.377815 0.335997 0.573823 0.409499 0.591423 0.268134 0.467457 0.306480 0.463860 0.389615 0.452959 0.503597 0.513159 0.414483 0.426394 0.396797 0.477769 0.332939 0.395740 0.234552 0.372116 0.427792 0.434555 0.191885 0.242130 0.161753 0.356553 0.161301 0.393882 0.037511 0.245101 0.325659 0.339565 -0.011352 0.245614 0.517401 0.293464 0.558886 0.317415 0.476593 0.395178 0.484366 0.399133 0.417988 0.542183 0.275186 0.276634 0.145011 0.339439 0.352531 0.465578 -0.021822 0.044391 0.357219 0.234274 0.523455 0.560457 0.405533 0.278250 0.278005 0.332628
0.626659 0.321363 0.639677 0.504699 -0.317351 -0.412151 0.646305 0.625375 0.108285 -0.172366 0.653359 0.416694 0.000000 0.617724 0.455090 -0.051137 0.314537 0.347286 0.576015 0.599835 0.219542 0.015120 0.590149 0.585369 -0.281030 -0.384721 -0.358780 -0.459081 0.449973 0.441757 0.270231 0.426339 0.165013 0.408757 -0.149887 0.100032 0.173614 -0.154114 0.021328 -0.123471 -0.056955 -0.013326 -0.019817 -0.015541 0.208136 -0.013989 0.464391 0.061053 0.208431 -0.158804 0.209416 -0.153477 0.517985 -0.239158 0.583905 -0.202376 0.634103 0.079344 0.469659 0.132219 0.616235 -0.060502 0.625275 -0.075796 0.064325 -0.090244 0.104122 0.353092 0.443539 0.275233 0.493885 0.068837 0.100590 0.195355 0.223135 0.031336 0.286809 0.196536 0.435913 -0.159693 0.518746 -0.174500 0.360534 -0.045741 0.509199 -0.296030 0.444354 -0.207518 0.488764 -0.295283 0.251226 -0.124001 0.108424 -0.211277 0.181762 0.131839 0.253279 -0.139707 0.518574 0.297361 0.497696 -0.265822 0.438842 -0.179019 0.369263 -0.067023 0.195195 0.010639 0.180538 0.131072 0.172979 0.273519 0.450851 0.075315 -0.082854 0.009080
0.490689 0.423272 0.499146 0.472731 -0.157676 -0.229693 0.503137 0.607439 0.123430 0.065863 0.556858 0.594661 0.617724 0.000000 0.415218 0.009720 0.186322 0.495137 0.475682 0.506673 0.241503 0.019284 0.512793 0.564932 -0.252487 -0.265837 -0.273902 -0.334431 0.376933 0.474512 0.305858 0.395495 0.226440 0.426625 -0.016134 0.101133 0.180746 -0.058988 0.126290 -0.016113 0.107708 0.155012 -0.012167 0.012530 0.152426 -0.041053 0.425898 0.159230 0.194549 -0.177417 0.231322 -0.151269 0.432567 -0.255848 0.595566 -0.094176 0.509435 0.171389 0.405402 0.173586 0.482979 0.039399 0.491702 0.058261 0.069219 0.104030 0.166480 0.436530 0.390665 0.219091 0.469619 0.159280 0.078933 0.234948 0.210628 -0.001104 0.256305 0.165859 0.348048 -0.207317 0.391205 -0.097136 0.365492 0.092336 0.406356 -0.226654 0.514340 -0.103178 0.429984 -0.253824 0.438414 -0.141013 0.322109 -0.151987 0.276282 0.107102 0.326950 -0.068424 0.563703 0.366846 0.513683 -0.218045 0.458498 -0.132129 0.457555 0.077132 0.194293 0.085236 0.327580 0.059001 0.243753 0.348735 0.447205 0.145641 0.021153 0.184524
0.361544 0.567282 0.328202 0.559358 0.090928 0.085134 0.320474 0.489532 0.338774 0.247256 0.264421 0.553378 0.455090 0.415218 0.000000 0.444873 0.348099 0.343467 0.569866 0.526333 0.292432 0.125584 0.551973 0.454191 0.345471 0.193360 0.196929 0.014105 0.617437 0.587358 0.438236 0.291843 0.272279 0.212736 0.090177 0.204103 0.280473 0.139013 0.046831 -0.012884 0.273008 0.159388 0.357804 0.417270 0.552171 0.368769 0.471680 0.316831 0.412502 0.126827 0.354895 0.144091 0.211312 0.027558 0.354632 0.172453 0.455150 0.419398 0.406394 0.465094 0.287025 0.231016 0.335044 0.267392 0.260915 0.191644 0.378895 0.408376 0.477930 0.417781 0.403399 0.367876 0.172996 0.157812 0.312690 0.327868 0.434204 0.429448 0.320620 0.277837 0.422261 0.303351 0.167439 0.255516 0.220218 0.118495 0.362869 0.217818 0.089380 0.092637 0.435286 0.172188 0.410791 0.163348 0.527371 0.577594 0.617099 0.382438 0.422744 0.476493 0.327673 0.108828 0.220695 0.243236 0.429064 0.286704 0.000450 0.092095 0.086269 0.531187 0.454191 0.523536 0.367431 0.452953 0.049211 0.215596
-0.214566 0.442745 -0.234681 0.360788 0.501068 0.503723 -0.264550 0.190460 0.344127 0.447894 -0.235551 0.402593 -0.051137 0.009720 0.444873 0.000000 0.286892 -0.119971 0.133867 0.074140 0.341203 0.242122 0.286152 0.037991 0.468208 0.496078 0.541017 0.494159 0.385590 0.107922 0.218299 0.045115 0.456417 0.158344 0.472521 0.350086 0.360488 0.547605 0.293837 0.451181 0.350035 0.297516 0.568781 0.511771 0.425919 0.487826 0.258208 0.423405 0.392199 0.427847 0.248752 0.423148 -0.266763 0.436242 -0.082527 0.639627 -0.077637 0.510005 0.121131 0.582042 -0.189247 0.575999 -0.073775 0.543623 0.419073 0.464591 0.526826 0.308150 0.112804 0.373943 0.044065 0.548368 0.300512 0.163230 0.091945 0.544302 0.459134 0.547699 -0.132772 0.590149 -0.146664 0.624199 0.047429 0.601848 -0.359975 0.586043 0.079821 0.700335 -0.454790 0.604055 0.292391 0.557415 0.420880 0.599611 0.507775 0.588238 0.414094 0.711731 0.087401 0.491255 -0.086281 0.583356 -0.231489 0.630763 0.122406 0.578490 -0.134393 0.010762 0.204888 0.306773 0.488345 0.551391 0.207849 0.310138 0.406354 0.380881
0.146934 0.424620 0.027265 0.452498 0.187923 0.194851 -0.017568 0.275127 0.478871 0.300945 0.181406 0.424388 0.314537 0.186322 0.348099 0.286892 0.000000 0.238561 0.281375 0.282546 -0.048130 -0.211554 0.377955 0.255326 0.267971 0.250253 0.190638 0.148082 0.542387 0.368776 0.447121 0.355906 0.323079 0.203884 0.167614 0.349950 0.024662 0.132492 -0.183208 -0.041894 0.153010 -0.054286 0.362505 0.365720 0.412088 0.496893 0.401475 0.371229 0.499926 0.432725 0.420434 0.394833 0.047324 0.350179 -0.045731 0.339978 0.281273 0.528669 0.169363 0.498986 0.069979 0.401895 0.349257 0.496008 0.508532 0.376045 0.401801 0.362617 0.283907 0.432170 0.257501 0.395958 0.366744 0.411885 0.079756 0.249039 0.192717 0.324993 0.208232 0.401914 0.153433 0.410211 -0.189557 0.140464 -0.024437 0.337319 -0.006609 0.255473 -0.176444 0.304150 0.140560 0.366603 0.275320 0.358726 0.125062 0.239072 0.242037 0.331359 0.121788 0.353789 0.075952 0.380920 -0.042665 0.405936 0.055858 0.408057 -0.235597 -0.131649 0.080160 0.254574 0.518231 0.386971 0.296868 0.144639 0.214085 -0.087764
0.461390 0.431362 0.403602 0.288891 -0.017200 -0.084907 0.400648 0.275032 0.124243 0.132646 0.444451 0.406644 0.347286 0.495137 0.343467 -0.119971 0.238561 0.000000 0.462371 0.468928 0.087445 -0.025784 0.406920 0.388944 -0.052440 -0.095237 -0.080992 -0.188771 0.328900 0.553314 0.364196 0.301404 0.194815 0.289439 -0.036330 0.060567 0.093067 -0.112543 0.014635 -0.138472 0.265743 0.185311 -0.073827 0.010377 0.211094 -0.013525 0.259923 0.085375 0.158611 -0.148569 0.106935 -0.195314 0.272965 -0.325124 0.427487 -0.149930 0.482127 0.256088 0.334350 0.081487 0.296197 -0.125644 0.460628 0.027026 0.042342 0.046230 0.154027 0.312144 0.580944 0.288937 0.420264 0.018747 0.021349 0.216517 0.316217 -0.105358 0.133372 0.053778 0.388449 -0.221085 0.383923 -0.117571 0.189890 0.009398 0.372427 -0.291415 0.430730 -0.086328 0.341343 -0.288043 0.381511 -0.220275 0.240109 -0.192625 0.275117 0.069239 0.330275 -0.089528 0.436379 0.276615 0.417835 -0.202273 0.451641 -0.074944 0.406689 0.054493 0.164886 0.150298 0.260127 0.079723 0.113987 0.188558 0.254918 0.072298 -0.182905 0.137197
0.670641 0.523839 0.564019 0.584206 -0.120178 -0.186873 0.586538 0.601550 0.106635 0.024845 0.533532 0.468691 0.576015 0.475682 0.569866 0.133867 0.281375 0.462371 0.000000 0.766304 0.279101 0.191060 0.626007 0.497454 -0.002858 -0.133935 -0.102663 -0.239127 0.508836 0.582059 0.301249 0.252609 0.288483 0.416603 -0.097948 0.135800 0.278716 0.008191 0.147541 -0.013390 0.111172 0.153761 0.184780 0.225497 0.384001 0.144886 0.493878 0.221013 0.318061 -0.034868 0.302574 -0.055723 0.498996 -0.153257 0.560275 -0.091451 0.683778 0.292858 0.583620 0.338975 0.592375 0.080510 0.600791 0.051728 0.052394 0.028768 0.265949 0.441499 0.661350 0.455324 0.583346 0.154107 0.128586 0.297900 0.303789 0.078165 0.363312 0.266308 0.552909 0.020621 0.618902 0.007369 0.348642 0.110486 0.503874 -0.156325 0.485300 -0.071507 0.412239 -0.136398 0.338262 -0.045014 0.249231 -0.107459 0.345631 0.348150 0.421025 0.081342 0.539539 0.351987 0.474884 -0.112517 0.426275 -0.017047 0.436658 0.040530 0.215146 0.059538 0.097734 0.245260 0.250301 0.376406 0.427279 0.264911 -0.009584 0.194637
0.701636 0.494590 0.632946 0.611860 -0.211272 -0.265408 0.630492 0.646780 0.044278 -0.002995 0.602351 0.422473 0.599835 0.506673 0.526333 0.074140 0.282546 0.468928 0.766304 0.000000 0.230272 0.145357 0.613058 0.596715 -0.093701 -0.224165 -0.190092 -0.335390 0.494944 0.601790 0.303252 0.310047 0.219788 0.426589 -0.154068 0.140889 0.220704 -0.093734 0.064106 -0.084003 0.043897 0.112988 0.076941 0.118902 0.325566 0.068906 0.450821 0.115014 0.243207 -0.126488 0.200923 -0.153492 0.497600 -0.241607 0.574960 -0.177990 0.681267 0.206687 0.588287 0.265729 0.580124 0.004363 0.653480 0.021289 0.018094 -0.000667 0.198757 0.469809 0.654637 0.438099 0.572367 0.098275 0.073027 0.299465 0.298808 0.021814 0.305527 0.237520 0.577698 -0.037789 0.635097 -0.069559 0.349767 0.026337 0.532006 -0.245881 0.494582 -0.126490 0.460671 -0.225058 0.336483 -0.126594 0.187174 -0.181441 0.332920 0.308254 0.432614 0.011641 0.613767 0.374923 0.557540 -0.182560 0.523969 -0.028916 0.495992 0.015796 0.283979 0.112896 0.153727 0.252907 0.217970 0.341148 0.507669 0.212202 -0.108213 0.159193
0.212875 0.322419 0.216870 0.236937 0.181899 0.043972 0.232071 0.270482 0.094899 0.006758 0.174881 0.268415 0.219542 0.241503 0.292432 0.341203 -0.048130 0.087445 0.279101 0.230272 0.000000 0.666541 0.406379 0.212129 -0.066338 0.032176 0.101637 0.092692 0.283571 0.143520 0.075605 0.153685 0.511028 0.525325 0.422227 0.358451 0.697425 0.462620 0.613379 0.536553 0.376678 0.565573 0.295363 0.173614 0.152095 0.027402 0.381451 0.305626 0.118049 -0.015368 0.113193 -0.049471 0.187868 -0.036430 0.443963 0.197728 0.270423 0.210894 0.370933 0.257055 0.260222 0.154388 0.244132 0.096103 0.041049 0.091774 0.343520 0.359424 0.224354 0.261226 0.356766 0.218026 0.225679 0.229138 0.229974 0.242803 0.631116 0.474650 0.219852 0.148039 0.160921 0.112689 0.666434 0.559271 0.133378 0.029021 0.482574 0.273479 0.141536 0.077801 0.369467 0.110819 0.233281 0.077033 0.436038 0.298415 0.261190 0.213826 0.341528 0.314862 0.154132 0.018965 0.130455 0.051414 0.275046 0.159169 0.343625 0.070603 0.348119 -0.066776 0.131811 0.308824 0.237496 0.044197 0.247188 0.482685
0.130635 0.144044 0.125033 0.066071 0.107319 0.015067 0.151092 0.098158 0.004869 0.010261 0.020305 0.033401 0.015120 0.019284 0.125584 0.242122 -0.211554 -0.025784 0.191060 0.145357 0.666541 0.000000 0.194045 0.036571 -0.071417 0.048162 0.040931 0.069079 0.190904 0.081615 -0.191522 -0.137676 0.319870 0.332292 0.273541 0.243259 0.669618 0.466909 0.617051 0.494467 0.318674 0.610112 0.212841 0.109907 0.022271 -0.071835 0.182838 0.177552 -0.063855 -0.107486 -0.039747 -0.142756 0.134370 -0.083788 0.298433 0.043252 0.111314 0.032688 0.246738 0.095923 0.166532 0.053406 0.079585 -0.034728 -0.167954 -0.043217 0.165757 0.182353 0.124419 0.137332 0.212973 0.029376 0.110994 0.175496 0.199495 0.122161 0.501013 0.377681 0.237503 0.117237 0.151537 0.023995 0.584846 0.459959 0.100298 -0.026273 0.342740 0.128333 0.117939 0.019677 0.230528 0.018589 0.099718 -0.007682 0.329328 0.282811 0.253948 0.163405 0.237060 0.124327 0.069705 -0.049260 0.090481 -0.010561 0.213778 0.008002 0.331501 0.226337 0.180473 -0.033665 -0.054007 0.175155 0.093362 0.070458 0.145741 0.485941
0.512612 0.556537 0.515831 0.667523 0.035318 -0.064347 0.502403 0.643579 0.221240 0.132842 0.516377 0.544424 0.590149 0.512793 0.551973 0.286152 0.377955 0.406920 0.626007 0.613058 0.406379 0.194045 0.000000 0.594016 -0.003867 -0.042584 0.000458 -0.111098 0.515496 0.512629 0.437683 0.435719 0.507888 0.552616 0.179992 0.309950 0.368722 0.161230 0.250866 0.165586 0.243515 0.262215 0.245294 0.222253 0.414559 0.191764 0.572290 0.316754 0.364438 0.062986 0.286683 0.021621 0.323978 -0.085445 0.508340 0.106735 0.587239 0.404817 0.537810 0.411634 0.497925 0.232728 0.562433 0.181778 0.333671 0.251580 0.476952 0.588768 0.566639 0.467821 0.588405 0.279020 0.223930 0.356653 0.242265 0.169468 0.470287 0.360170 0.391609 0.080272 0.418464 0.102893 0.439262 0.316398 0.353224 -0.033441 0.551109 0.181627 0.253092 -0.010098 0.432048 0.092062 0.300353 0.058691 0.426636 0.348670 0.433260 0.187302 0.577618 0.553873 0.495007 0.040704 0.401179 0.184342 0.506175 0.293044 0.227876 0.062030 0.345606 0.152715 0.393156 0.518557 0.560063 0.247091 0.165175 0.346819
0.587728 0.356754 0.676046 0.546931 -0.231705 -0.282887 0.617804 0.653578 0.016646 -0.023109 0.608033 0.367400 0.585369 0.564932 0.454191 0.037991 0.255326 0.388944 0.497454 0.596715 0.212129 0.036571 0.594016 0.000000 -0.125667 -0.215542 -0.193011 -0.377016 0.355138 0.490936 0.397170 0.525581 0.177620 0.386369 -0.107986 0.157176 0.195388 -0.160103 -0.012285 -0.136030 0.024387 0.009260 -0.081238 -0.045802 0.325621 0.000511 0.407693 0.010025 0.222841 -0.231884 0.128640 -0.262541 0.394424 -0.389610 0.550472 -0.209549 0.610465 0.137091 0.475731 0.130131 0.466993 -0.063733 0.586449 0.023417 0.103526 0.042570 0.178437 0.487436 0.433931 0.175672 0.535490 0.134526 -0.048123 0.167518 0.167553 -0.116948 0.201853 0.103349 0.456493 -0.107376 0.513859 -0.119619 0.334769 -0.046025 0.508951 -0.309345 0.552272 -0.094917 0.427158 -0.352077 0.344562 -0.272045 0.111882 -0.279619 0.281776 0.214557 0.429882 -0.067665 0.663613 0.470161 0.661325 -0.278304 0.628473 -0.020669 0.589914 0.082288 0.276569 0.178660 0.275659 0.202558 0.241223 0.382940 0.582506 0.204182 -0.197418 0.121631
-0.283955 0.279059 -0.358244 0.132824 0.491188 0.573736 -0.372210 -0.101464 0.439486 0.472762 -0.395064 0.180463 -0.281030 -0.252487 0.345471 0.468208 0.267971 -0.052440 -0.002858 -0.093701 -0.066338 -0.071417 -0.003867 -0.125667 0.000000 0.734940 0.626281 0.561608 0.253799 0.139860 0.371975 0.031054 0.146091 -0.254124 0.255145 0.169198 0.050660 0.333831 -0.114899 0.025216 0.313321 0.020117 0.518947 0.593325 0.484507 0.592036 0.118897 0.378043 0.379268 0.490353 0.341176 0.503719 -0.311844 0.456879 -0.343407 0.481817 -0.143299 0.495851 -0.032415 0.458101 -0.294613 0.423387 -0.278284 0.497245 0.394374 0.416055 0.394953 0.085409 0.040446 0.218664 -0.030212 0.483326 0.201810 0.015664 -0.045640 0.338316 0.118250 0.243211 -0.093567 0.601048 -0.105889 0.632936 -0.398308 0.237684 -0.323730 0.576698 -0.245758 0.443636 -0.495227 0.506761 0.081672 0.426691 0.335962 0.501840 0.248646 0.458458 0.329536 0.597903 -0.183770 0.198788 -0.229411 0.522451 -0.333679 0.520077 -0.029364 0.449314 -0.399774 0.025333 -0.200769 0.470943 0.450254 0.328781 -0.062916 0.461792 0.242650 0.056989
-0.428830 0.294898 -0.503086 0.054531 0.647577 0.717676 -0.518764 -0.204747 0.521821 0.618420 -0.506754 0.192421 -0.384721 -0.265837 0.193360 0.496078 0.250253 -0.095237 -0.133935 -0.224165 0.032176 0.048162 -0.042584 -0.215542 0.734940 0.000000 0.661937 0.706109 0.243202 0.059208 0.283192 -0.012481 0.274316 -0.153116 0.441678 0.265698 0.141819 0.498110 0.030890 0.222004 0.465949 0.225728 0.552676 0.573632 0.345083 0.541459 0.092838 0.463523 0.292728 0.533751 0.280138 0.517717 -0.438021 0.533842 -0.414576 0.610046 -0.278808 0.554735 -0.125643 0.479193 -0.390604 0.544536 -0.361574 0.607896 0.454409 0.530272 0.442352 0.085054 -0.058530 0.207535 -0.091920 0.529455 0.338656 0.138696 -0.050707 0.357698 0.175443 0.311601 -0.177831 0.644833 -0.286532 0.694296 -0.309637 0.422425 -0.482305 0.667190 -0.250850 0.553489 -0.607603 0.610725 0.159174 0.513711 0.385045 0.604859 0.269568 0.381699 0.276498 0.650029 -0.219159 0.221909 -0.303367 0.620131 -0.418950 0.596852 -0.057925 0.570343 -0.344018 0.056080 -0.033578 0.295466 0.443399 0.317831 -0.073490 0.355161 0.404148 0.223527
-0.363684 0.270640 -0.414418 -0.003346 0.707723 0.718486 -0.428105 -0.189671 0.333147 0.490471 -0.416535 0.188349 -0.358780 -0.273902 0.196929 0.541017 0.190638 -0.080992 -0.102663 -0.190092 0.101637 0.040931 0.000458 -0.193011 0.626281 0.661937 0.000000 0.736987 0.101806 -0.067032 0.256705 -0.001561 0.266287 -0.118332 0.387225 0.129810 0.122625 0.378202 0.058542 0.252438 0.324220 0.097710 0.413079 0.437451 0.324741 0.473589 -0.005694 0.313289 0.327298 0.498003 0.191481 0.444653 -0.454932 0.400959 -0.345373 0.589971 -0.224449 0.506277 -0.040911 0.431540 -0.339187 0.439356 -0.297992 0.508088 0.390285 0.441140 0.374566 0.052546 -0.016401 0.163960 -0.065903 0.456342 0.215221 0.027183 0.005807 0.338672 0.153501 0.195241 -0.217252 0.526335 -0.323674 0.560760 -0.224371 0.379813 -0.437676 0.548949 -0.136184 0.615491 -0.538341 0.536586 0.096963 0.391487 0.271534 0.491091 0.309785 0.325909 0.199118 0.568228 -0.197477 0.253242 -0.279004 0.557500 -0.325037 0.565282 -0.088482 0.499684 -0.236039 -0.106273 0.085576 0.205433 0.329194 0.250520 -0.073595 0.178280 0.289879 0.184057
-0.507436 0.217687 -0.593294 -0.090600 0.751358 0.777868 -0.586632 -0.300118 0.410052 0.547171 -0.548151 0.130525 -0.459081 -0.334431 0.014105 0.494159 0.148082 -0.188771 -0.239127 -0.335390 0.092692 0.069079 -0.111098 -0.377016 0.561608 0.706109 0.736987 0.000000 0.051039 -0.185830 0.143494 -0.091561 0.336228 -0.068334 0.513545 0.210250 0.135733 0.525437 0.154009 0.387646 0.399983 0.225359 0.498037 0.493495 0.202676 0.480979 -0.001795 0.439843 0.263756 0.596671 0.207540 0.547768 -0.510383 0.560936 -0.447648 0.685990 -0.365511 0.502723 -0.157177 0.431949 -0.400339 0.549775 -0.398698 0.564122 0.423841 0.518072 0.405488 0.019342 -0.148178 0.175575 -0.179685 0.476482 0.363110 0.112092 -0.077883 0.370492 0.173847 0.251262 -0.307632 0.578301 -0.462499 0.635494 -0.234595 0.472150 -0.576066 0.672834 -0.277121 0.604405 -0.640283 0.658955 0.048691 0.520642 0.277402 0.606588 0.199233 0.229806 0.050980 0.597826 -0.320740 0.163154 -0.425236 0.651179 -0.507233 0.574900 -0.230187 0.517900 -0.274293 -0.107987 0.050964 0.025324 0.317722 0.199120 -0.150127 0.133175 0.483390 0.247234
0.290640 0.556247 0.210376 0.556571 0.146775 0.106627 0.192712 0.439774 0.493125 0.326383 0.253455 0.547341 0.449973 0.376933 0.617437 0.385590 0.542387 0.328900 0.508836 0.494944 0.283571 0.190904 0.515496 0.355138 0.253799 0.243202 0.101806 0.051039 0.000000 0.635592 0.401334 0.331603 0.359992 0.318872 0.190868 0.348028 0.348041 0.283517 0.076107 0.067918 0.339431 0.284235 0.453467 0.453592 0.445658 0.387717 0.512390 0.410639 0.370211 0.208420 0.336046 0.204422 0.173646 0.173439 0.250101 0.246014 0.396999 0.479437 0.352818 0.492698 0.221216 0.334178 0.393350 0.390579 0.281266 0.264038 0.411481 0.439471 0.474351 0.522371 0.417217 0.417696 0.411982 0.430225 0.292734 0.347312 0.483276 0.560657 0.363736 0.372767 0.358551 0.360680 0.166260 0.331016 0.089064 0.203349 0.228905 0.224576 -0.010938 0.193131 0.402001 0.293651 0.420747 0.279512 0.422002 0.478801 0.547756 0.406250 0.377535 0.454586 0.260035 0.227291 0.120191 0.305341 0.385928 0.388662 -0.013330 0.092900 0.188977 0.445394 0.506117 0.507957 0.402687 0.341025 0.191024 0.239121
0.487044 0.533684 0.402262 0.552641 -0.072488 -0.065054 0.393170 0.478119 0.272007 0.265928 0.419536 0.499856 0.441757 0.474512 0.587358 0.107922 0.368776 0.553314 0.582059 0.601790 0.143520 0.081615 0.512629 0.490936 0.139860 0.059208 -0.067032 -0.185830 0.635592 0.000000 0.409479 0.344195 0.185272 0.266249 -0.053932 0.176156 0.169909 -0.003604 -0.067005 -0.154557 0.269787 0.206182 0.181252 0.255632 0.363401 0.182685 0.439335 0.230108 0.229566 -0.033510 0.247610 -0.036565 0.323125 -0.115873 0.386380 -0.045791 0.526096 0.335785 0.405585 0.320677 0.332857 0.095709 0.462404 0.189563 0.123788 0.151872 0.255013 0.438543 0.579282 0.396005 0.543548 0.190600 0.158408 0.379607 0.308765 0.074827 0.276771 0.297108 0.516919 0.112307 0.551428 0.114412 0.185916 0.081878 0.355148 -0.089367 0.346581 -0.018583 0.254205 -0.099235 0.470465 -0.015150 0.364952 -0.008463 0.403740 0.393870 0.574478 0.170841 0.524449 0.376258 0.476163 -0.033835 0.407274 0.112334 0.521998 0.219377 0.128257 0.210577 0.148655 0.424805 0.378405 0.386720 0.437968 0.374036 -0.051783 0.189484
0.209188 0.495044 0.197052 0.483508 0.247929 0.215310 0.163165 0.397931 0.397973 0.297523 0.264608 0.469257 0.270231 0.305858 0.438236 0.218299 0.447121 0.364196 0.301249 0.303252 0.075605 -0.191522 0.437683 0.397170 0.371975 0.283192 0.256705 0.143494 0.401334 0.409479 0.000000 0.654917 0.340007 0.241922 0.201765 0.274260 0.099839 0.077581 -0.142602 -0.097294 0.233416 0.007481 0.314985 0.384747 0.559924 0.417018 0.501125 0.395713 0.500716 0.262050 0.425822 0.237723 0.097850 0.108524 0.184203 0.260547 0.306432 0.503432 0.340863 0.449566 0.143567 0.277466 0.274733 0.403088 0.414068 0.435223 0.455540 0.467612 0.362881 0.298177 0.442497 0.448112 0.195855 0.253084 0.090000 0.117381 0.213958 0.187701 0.188043 0.229020 0.173107 0.306570 -0.038441 0.139799 0.107253 0.185838 0.168646 0.232504 -0.038293 0.123734 0.345413 0.153539 0.359989 0.179758 0.291460 0.274509 0.402095 0.269322 0.344975 0.486877 0.330060 0.198315 0.223476 0.338561 0.375927 0.433092 -0.092336 0.043782 0.182572 0.285592 0.554014 0.476091 0.395712 0.328340 0.134330 0.063255
0.314970 0.368327 0.361078 0.423889 0.053299 -0.032708 0.326366 0.450019 0.238106 0.098052 0.426089 0.382885 0.426339 0.395495 0.291843 0.045115 0.355906 0.301404 0.252609 0.310047 0.153685 -0.137676 0.435719 0.525581 0.031054 -0.012481 -0.001561 -0.091561 0.331603 0.344195 0.654917 0.000000 0.283538 0.371933 0.125088 0.226160 0.108943 -0.040686 -0.106651 -0.088587 0.121277 -0.006306 0.089255 0.129731 0.364194 0.191815 0.433981 0.194644 0.342276 0.074057 0.251888 0.033162 0.163634 -0.091036 0.309653 0.097383 0.386997 0.306752 0.362283 0.246349 0.249338 0.109292 0.402979 0.227244 0.294697 0.266811 0.302464 0.439480 0.308612 0.179991 0.470366 0.330952 0.197829 0.261356 0.108845 0.029027 0.184088 0.123819 0.224495 0.052349 0.196278 0.084826 0.148741 0.053844 0.193590 -0.047951 0.260189 0.095109 0.122262 -0.087375 0.279362 -0.040499 0.143221 -0.025664 0.190106 0.088156 0.269107 0.052111 0.432693 0.467880 0.415564 -0.002574 0.342041 0.162894 0.385513 0.285463 0.058703 0.045522 0.317597 0.108952 0.363200 0.354241 0.464701 0.115647 -0.000120 0.041744
0.083680 0.554962 0.020811 0.434518 0.434924 0.333348 0.033224 0.329636 0.401948 0.337524 0.082774 0.460841 0.165013 0.226440 0.272279 0.456417 0.323079 0.194815 0.288483 0.219788 0.511028 0.319870 0.507888 0.177620 0.146091 0.274316 0.266287 0.336228 0.359992 0.185272 0.340007 0.283538 0.000000 0.648039 0.626546 0.550955 0.509503 0.589016 0.507468 0.584402 0.494138 0.518073 0.519727 0.448858 0.346151 0.362304 0.493455 0.600012 0.396366 0.378939 0.360841 0.318559 0.033020 0.307242 0.206603 0.515444 0.215983 0.584493 0.295713 0.564230 0.174151 0.538441 0.273112 0.493278 0.448251 0.523132 0.684610 0.563306 0.292956 0.512448 0.367334 0.513950 0.488260 0.493071 0.186415 0.354919 0.588654 0.538453 0.135669 0.374456 0.010370 0.439910 0.336811 0.655650 -0.069164 0.368074 0.288280 0.470706 -0.138468 0.398208 0.377713 0.425489 0.378488 0.415874 0.383363 0.308110 0.228175 0.441370 0.247013 0.474737 0.074120 0.390632 -0.033309 0.398325 0.159352 0.461855 0.066779 0.003169 0.335687 -0.149094 0.420903 0.505862 0.313628 0.113389 0.503468 0.466981
0.408980 0.427426 0.358224 0.447698 0.062047 -0.058041 0.373521 0.492470 0.142982 0.062466 0.442115 0.371527 0.408757 0.426625 0.212736 0.158344 0.203884 0.289439 0.416603 0.426589 0.525325 0.332292 0.552616 0.386369 -0.254124 -0.153116 -0.118332 -0.068334 0.318872 0.266249 0.241922 0.371933 0.648039 0.000000 0.361275 0.453750 0.428938 0.259658 0.432177 0.408430 0.273517 0.430944 0.204199 0.143468 0.188948 0.080276 0.485274 0.352075 0.240825 0.056968 0.226825 -0.006435 0.318359 -0.043919 0.489032 0.135309 0.442858 0.289059 0.437585 0.307176 0.434758 0.222416 0.552144 0.189802 0.161633 0.249155 0.413976 0.588074 0.369592 0.408293 0.489988 0.227561 0.357815 0.497088 0.256615 0.119442 0.513486 0.398715 0.356787 0.039226 0.269146 0.053149 0.568789 0.396969 0.254171 -0.043327 0.483951 0.120455 0.251675 0.004098 0.363685 0.083509 0.173423 0.016820 0.257574 0.110263 0.134589 0.072351 0.459558 0.379522 0.328587 -0.010508 0.282172 0.054265 0.282298 0.149319 0.338566 0.025212 0.379004 -0.258079 0.168250 0.308190 0.420639 -0.043995 0.257073 0.378742
-0.295612 0.358883 -0.316520 0.169669 0.539117 0.486803 -0.320199 -0.027841 0.418015 0.409312 -0.272340 0.280437 -0.149887 -0.016134 0.090177 0.472521 0.167614 -0.036330 -0.097948 -0.154068 0.422227 0.273541 0.179992 -0.107986 0.255145 0.441678 0.387225 0.513545 0.190868 -0.053932 0.201765 0.125088 0.626546 0.361275 0.000000 0.599322 0.388530 0.600666 0.398117 0.570046 0.532665 0.518171 0.515696 0.413655 0.161665 0.294072 0.247915 0.519160 0.185225 0.364768 0.202374 0.343258 -0.273343 0.432026 -0.085684 0.622481 -0.173278 0.469399 0.015029 0.436232 -0.191043 0.521682 -0.124750 0.489620 0.480756 0.527673 0.602805 0.350376 0.002707 0.313992 0.004704 0.474871 0.463674 0.314272 0.111718 0.444379 0.517946 0.551298 -0.200256 0.407252 -0.331344 0.498168 0.153196 0.654712 -0.389652 0.507809 0.051489 0.582328 -0.405541 0.540078 0.335251 0.539650 0.371014 0.557677 0.318551 0.219968 0.120692 0.494442 -0.020198 0.324937 -0.219778 0.489126 -0.310679 0.444104 -0.049682 0.487258 -0.035206 0.003981 0.335424 -0.135631 0.319523 0.313997 0.044777 0.002866 0.507766 0.397403
0.025683 0.377755 -0.026826 0.400965 0.217716 0.199740 -0.054149 0.217123 0.392754 0.271578 0.010812 0.290683 0.100032 0.101133 0.204103 0.350086 0.349950 0.060567 0.135800 0.140889 0.358451 0.243259 0.309950 0.157176 0.169198 0.265698 0.129810 0.210250 0.348028 0.176156 0.274260 0.226160 0.550955 0.453750 0.599322 0.000000 0.391055 0.423604 0.228174 0.343099 0.380114 0.406070 0.484722 0.383531 0.281928 0.307940 0.460889 0.494670 0.252427 0.245270 0.301413 0.247281 0.038360 0.325037 0.098666 0.383494 0.104285 0.391105 0.217940 0.433255 0.052249 0.398229 0.159680 0.382203 0.400984 0.431852 0.580289 0.541570 0.171457 0.416505 0.195865 0.378454 0.409276 0.396733 0.152596 0.341939 0.545496 0.580994 0.100848 0.362267 0.029926 0.377654 0.194439 0.449566 -0.078039 0.342089 0.135127 0.324115 -0.147423 0.347848 0.342957 0.439427 0.325633 0.386014 0.227847 0.253180 0.210370 0.358976 0.175864 0.333280 0.009433 0.307780 -0.086312 0.320641 0.082151 0.343588 0.031164 0.065635 0.231116 0.004886 0.368164 0.342608 0.198127 0.059424 0.358426 0.242263
0.165624 0.311982 0.177270 0.229405 0.222978 0.071944 0.184175 0.256003 0.188614 0.073513 0.093273 0.244764 0.173614 0.180746 0.280473 0.360488 0.024662 0.093067 0.278716 0.220704 0.697425 0.669618 0.368722 0.195388 0.050660 0.141819 0.122625 0.135733 0.348041 0.169909 0.099839 0.108943 0.509503 0.428938 0.388530 0.391055 0.000000 0.597666 0.646578 0.547688 0.387685 0.573458 0.414125 0.299608 0.256771 0.123714 0.438601 0.393573 0.161775 0.023774 0.156150 -0.016759 0.188284 0.018770 0.393748 0.214873 0.249655 0.251471 0.347081 0.271105 0.218057 0.191382 0.203469 0.158949 0.047841 0.113797 0.380790 0.335442 0.213824 0.258326 0.372069 0.299042 0.218483 0.237659 0.204593 0.198731 0.620878 0.469198 0.252134 0.245991 0.194000 0.196497 0.557649 0.562381 0.133564 0.108812 0.408002 0.250710 0.095664 0.116863 0.332737 0.146153 0.283109 0.128879 0.438822 0.408536 0.386716 0.312294 0.352001 0.372434 0.177083 0.085877 0.125970 0.134225 0.330668 0.228364 0.233077 0.152958 0.291278 0.029562 0.263399 0.456647 0.281705 0.188700 0.291233 0.494002
