0.000000,0.381035,0.368333,0.254077,0.109820,0.090755,0.459643,0.384328,0.117951,0.044998,0.481272,0.400317,0.470029,0.424819,0.114872,0.188861,0.207040,0.426937,0.453987,0.483999,0.062983,0.157332,0.340032,0.311970,0.220887,-0.065873,0.088318,-0.019411,0.331186,0.419986,0.270897,0.305902,0.435446,0.470313,0.398768,0.426559,0.326522,0.205141,0.323459,-0.093528,0.245674,0.292137,0.319885,0.349270,0.393987,0.392641,0.421047,0.259463,0.435661,0.362210,0.410843,0.187979,0.442929,-0.079345,0.439212,0.128079,0.521828,0.396421,0.490723,0.374978,0.503785,0.313120,0.409176,0.414346,0.401819,0.434875,0.460876,0.442546,0.462762,0.448440,0.421018,0.195295,0.283875,0.425919,0.394738,0.272279,0.452796,0.325317,0.405931,-0.016484,0.463939,0.271829,0.278040,0.003243,0.432858,-0.035245,0.191486,-0.079001,0.430744,-0.098015,0.381276,-0.022533,0.263094,-0.005449,0.212887,0.321656,0.470027,0.382947,0.487729,0.281126,0.390859,-0.026446,0.355250,0.010982,0.407689,0.174125,0.295165,-0.019038,0.292004,0.435803,0.447037,0.355944,0.094176,0.278936,0.283439,0.154902
0.381035,0.000000,0.450584,0.450614,0.155358,0.293246,0.432818,0.423814,0.216509,0.125595,0.377056,0.455698,0.420417,0.319644,0.295279,0.335855,0.263057,0.338410,0.452870,0.471796,0.251179,0.318646,0.468095,0.445158,0.224636,0.004051,0.131945,0.135314,0.314123,0.380754,0.347072,0.438480,0.319545,0.375071,0.333130,0.317646,0.296958,0.280874,0.392593,0.161909,0.253275,0.362095,0.190969,0.330650,0.419344,0.421051,0.308387,0.252011,0.385854,0.366964,0.395772,0.152198,0.254028,-0.077815,0.384641,0.368442,0.387385,0.468883,0.347958,0.336197,0.378482,0.368299,0.384991,0.442657,0.390852,0.379238,0.381268,0.440669,0.266813,0.365370,0.362201,0.321763,0.211645,0.296670,0.301447,0.217138,0.361203,0.386234,0.193400,0.130306,0.257460,0.374626,0.372444,0.247729,0.314351,0.139550,0.341758,0.223405,0.279351,0.103208,0.158698,0.059974,0.272363,0.161359,0.250963,0.238064,0.258583,0.386532,0.423741,0.416318,0.289075,0.134064,0.279573,0.197685,0.165565,0.119407,0.299655,0.190434,0.178573,0.256104,0.416474,0.343810,0.167730,0.010956,0.034249,-0.046396
0.368333,0.450584,0.000000,0.446297,0.212930,0.312923,0.509750,0.379327,0.234174,0.092637,0.381233,0.380362,0.404985,0.270444,0.336208,0.273137,0.152928,0.352157,0.409888,0.443991,0.329687,0.343222,0.462337,0.464387,0.178957,-0.066827,0.187455,0.217467,0.247629,0.349204,0.416895,0.452661,0.288660,0.348676,0.371271,0.339781,0.300342,0.217514,0.455318,0.106994,0.238626,0.384615,0.063715,0.229534,0.336527,0.312132,0.229260,0.076723,0.276264,0.232488,0.273169,-0.031945,0.237773,-0.260601,0.423296,0.350648,0.350926,0.303390,0.259830,0.166392,0.320449,0.232569,0.313032,0.389559,0.350529,0.378854,0.343485,0.426823,0.189493,0.293051,0.416502,0.306750,0.206959,0.334736,0.364168,0.166048,0.416897,0.403946,0.195254,-0.020376,0.247001,0.304171,0.415118,0.193934,0.365539,-0.010842,0.451450,0.229182,0.347080,-0.018162,0.138635,-0.021116,0.254578,0.088146,0.272191,0.233456,0.246570,0.343540,0.384465,0.309557,0.316821,0.113590,0.409795,0.156053,0.218830,0.053702,0.434033,0.274873,0.190411,0.201951,0.322053,0.186770,0.018067,-0.070847,-0.059863,-0.072544
0.254077,0.450614,0.446297,0.000000,0.072070,0.302089,0.380893,0.436145,0.141592,0.043165,0.290976,0.429994,0.392258,0.182257,0.316511,0.312247,0.306033,0.181749,0.422298,0.390116,0.294707,0.332836,0.502633,0.510375,0.131185,-0.027893,0.087596,0.170683,0.324381,0.250110,0.327698,0.421207,0.284580,0.312383,0.347611,0.277778,0.269223,0.329694,0.318560,0.317787,0.273406,0.339604,0.094719,0.263318,0.340768,0.357133,0.157280,0.160102,0.250165,0.274041,0.269047,0.141515,0.065288,-0.011762,0.249981,0.460036,0.247276,0.346651,0.177889,0.220025,0.247996,0.370966,0.350539,0.366022,0.381519,0.336579,0.326776,0.398660,0.149488,0.234269,0.265322,0.428598,0.224244,0.189483,0.268762,0.241026,0.292381,0.422785,0.020656,0.230632,0.073242,0.388997,0.295610,0.334685,0.156492,0.264043,0.321873,0.374863,0.112200,0.262722,0.005173,0.218345,0.260488,0.312715,0.309522,0.199784,0.101066,0.375056,0.302505,0.449130,0.137812,0.248737,0.214528,0.176012,0.010171,0.187126,0.260394,0.361657,0.154830,0.152834,0.301551,0.248463,0.239635,-0.141054,-0.075513,-0.079414
0.109820,0.155358,0.212930,0.072070,0.000000,0.362975,0.196255,0.030243,0.467714,0.380086,0.061515,0.048764,0.020742,0.152972,0.316258,0.230975,-0.142972,0.239610,0.032383,0.095392,0.257175,0.206590,0.111331,0.073492,0.372203,0.294997,0.403938,0.400148,-0.055134,0.220500,0.362350,0.257024,0.042151,0.050047,-0.006499,0.017117,0.079806,-0.015676,0.309875,-0.044519,-0.112652,0.091614,-0.024374,0.056105,0.115021,0.014907,0.116743,0.028395,0.134544,0.083820,0.120126,-0.157925,0.128852,-0.353624,0.226641,0.040078,0.150501,0.119293,0.137446,0.055882,0.133146,-0.076473,0.048561,0.127167,0.043267,0.103500,0.076052,0.149432,0.004909,0.153847,0.326288,-0.089304,-0.168888,0.133313,0.037432,-0.069386,0.087273,-0.025871,0.229643,-0.219635,0.224352,0.011399,0.352146,0.037754,0.292355,-0.217376,0.307869,0.040838,0.257057,-0.265460,0.043324,-0.362825,-0.113641,-0.190021,0.019924,0.020587,0.141461,0.035138,0.157136,-0.006062,0.102016,-0.134935,0.207106,0.132411,0.199909,-0.165091,0.241840,-0.044216,0.003927,0.097836,0.108556,0.063273,-0.206010,0.010345,-0.035219,-0.081042
0.090755,0.293246,0.312923,0.302089,0.362975,0.000000,0.245877,0.204389,0.414029,0.377079,0.079817,0.219612,0.131898,0.161311,0.453171,0.350234,-0.008931,0.207032,0.176224,0.195573,0.362783,0.324097,0.314379,0.286827,0.320487,0.224792,0.292338,0.352898,0.060888,0.228153,0.405687,0.388205,0.124621,0.133062,0.083174,0.079327,0.116989,0.130315,0.336465,0.176514,0.025654,0.225456,-0.038321,0.103322,0.165510,0.107038,0.046449,0.021137,0.128420,0.112459,0.134310,-0.095254,0.028275,-0.225505,0.186388,0.228647,0.131203,0.188127,0.071709,0.066470,0.116657,0.096578,0.142965,0.211529,0.177573,0.169092,0.120870,0.222343,0.001400,0.136637,0.284925,0.140797,-0.079861,0.094290,0.086037,0.037040,0.123055,0.161798,0.075941,-0.003211,0.072199,0.160675,0.332675,0.227694,0.206176,0.013648,0.346663,0.268832,0.147586,-0.021816,-0.013513,-0.072206,0.075383,0.113891,0.134838,0.045776,0.029526,0.145491,0.157621,0.201817,0.084054,0.085093,0.178852,0.239481,0.038805,-0.078825,0.276647,0.195953,0.014859,0.053188,0.125337,0.124553,0.030394,-0.174676,-0.170703,-0.143820
0.459643,0.432818,0.509750,0.380893,0.196255,0.245877,0.000000,0.415788,0.210058,0.083407,0.458298,0.407117,0.463238,0.360310,0.264035,0.229562,0.148309,0.411431,0.445423,0.475792,0.239792,0.278684,0.432757,0.420049,0.195691,-0.076609,0.155236,0.134163,0.282953,0.394628,0.389864,0.416780,0.371295,0.419968,0.412743,0.408480,0.318665,0.204549,0.437159,0.014499,0.232602,0.360793,0.153714,0.271333,0.353682,0.335135,0.307768,0.124971,0.334747,0.277041,0.317583,0.018890,0.343542,-0.236301,0.465833,0.257850,0.432847,0.328402,0.357796,0.237264,0.422643,0.268073,0.357342,0.429483,0.392946,0.441956,0.402219,0.454176,0.302323,0.360786,0.455180,0.262271,0.250361,0.407075,0.418261,0.211123,0.472058,0.390804,0.296055,-0.052154,0.356334,0.291536,0.387729,0.102402,0.429154,-0.058450,0.382740,0.094677,0.423573,-0.087214,0.256311,-0.047878,0.284990,0.031643,0.254264,0.278202,0.358505,0.365736,0.456064,0.299245,0.384724,0.044520,0.433573,0.125755,0.322590,0.087963,0.424556,0.162696,0.231491,0.296853,0.386322,0.241859,0.012765,0.065116,0.073158,0.021274
0.384328,0.423814,0.379327,0.436145,0.030243,0.204389,0.415788,0.000000,0.110274,0.085994,0.382462,0.509915,0.474489,0.391124,0.180068,0.299606,0.280452,0.288060,0.467675,0.461358,0.135243,0.213724,0.449383,0.456028,0.181151,-0.025993,0.017915,0.015180,0.359580,0.346436,0.241257,0.362176,0.408620,0.445969,0.424912,0.411759,0.260427,0.278546,0.295023,0.138126,0.234079,0.281832,0.302052,0.367894,0.388186,0.426591,0.327422,0.284941,0.362989,0.356837,0.339893,0.257090,0.259523,0.069427,0.331330,0.285386,0.355311,0.392592,0.339913,0.341934,0.405332,0.461252,0.386447,0.438842,0.442274,0.464664,0.427094,0.456968,0.347219,0.355728,0.315535,0.369640,0.273454,0.305462,0.340057,0.289788,0.377147,0.393106,0.181690,0.189817,0.235452,0.376888,0.231291,0.168633,0.240051,0.200179,0.191129,0.126633,0.231644,0.163706,0.246159,0.206818,0.364148,0.216805,0.231053,0.257712,0.272865,0.396469,0.419406,0.450886,0.278370,0.137621,0.209126,0.150654,0.154969,0.202728,0.215696,0.125976,0.187152,0.313709,0.408397,0.383815,0.267938,0.081192,0.157715,0.033015
0.117951,0.216509,0.234174,0.141592,0.467714,0.414029,0.210058,0.110274,0.000000,0.443250,0.039530,0.130199,0.077422,0.209246,0.378463,0.322594,-0.141385,0.247671,0.090160,0.138551,0.298391,0.226228,0.189723,0.141792,0.425439,0.332466,0.377243,0.387875,-0.044298,0.248671,0.390429,0.341701,0.082270,0.087257,0.013867,0.035317,0.038702,-0.006247,0.294998,-0.033754,-0.075312,0.141776,0.018837,0.095594,0.152648,0.062906,0.109476,0.076033,0.166891,0.116076,0.159265,-0.103850,0.110553,-0.281175,0.198017,0.053082,0.157579,0.158713,0.156945,0.080723,0.164329,-0.008645,0.076484,0.132513,0.135850,0.133902,0.112259,0.180605,0.058396,0.175248,0.331213,-0.015357,-0.155230,0.121836,0.010562,-0.066480,0.070224,0.004586,0.171422,-0.146544,0.178377,0.053355,0.327473,0.073917,0.264714,-0.155182,0.275267,0.060161,0.231392,-0.212335,0.080694,-0.245980,0.002606,-0.078986,-0.023188,0.006616,0.083058,0.039331,0.149672,0.095779,0.097065,-0.084751,0.132210,0.184578,0.112093,-0.181476,0.215494,-0.032670,-0.041167,0.090340,0.118481,0.144314,-0.069246,-0.059996,-0.076880,-0.135823
0.044998,0.125595,0.092637,0.043165,0.380086,0.377079,0.083407,0.085994,0.443250,0.000000,-0.048298,0.090650,-0.010352,0.235431,0.285859,0.359411,-0.141280,0.171848,0.009389,0.081207,0.167407,0.139865,0.078983,0.055327,0.403993,0.394112,0.244395,0.278252,-0.071092,0.190309,0.255264,0.239119,0.032608,0.059749,-0.053393,-0.000491,-0.027902,-0.042021,0.209241,-0.053861,-0.158973,0.025303,0.100909,0.109325,0.108508,0.029909,0.123631,0.121404,0.146363,0.107476,0.127093,-0.032261,0.088567,-0.157112,0.120548,-0.054068,0.089031,0.120345,0.124586,0.085199,0.110201,0.007165,0.029908,0.073791,0.064326,0.076273,0.050367,0.105184,0.065641,0.137306,0.225214,-0.052647,-0.195127,0.046383,-0.056346,-0.064185,-0.005330,-0.068401,0.159521,-0.095088,0.138608,0.004622,0.207633,0.032442,0.163477,-0.105876,0.138046,-0.016229,0.139927,-0.180847,0.109850,-0.197562,-0.007769,-0.072129,-0.079236,0.002043,0.069266,-0.002659,0.101836,0.060179,0.081942,-0.128136,0.026934,0.131648,0.088994,-0.179444,0.095037,-0.132656,-0.046761,0.094304,0.074140,0.179750,-0.032842,0.027502,0.008840,-0.098585
0.481272,0.377056,0.381233,0.290976,0.061515,0.079817,0.458298,0.382462,0.039530,-0.048298,0.000000,0.398568,0.482674,0.350568,0.102583,0.126835,0.294353,0.354832,0.430718,0.444784,0.115742,0.163197,0.345688,0.341774,0.137703,-0.097306,0.065268,-0.005957,0.406603,0.354815,0.267369,0.299844,0.426927,0.456416,0.398576,0.389186,0.391354,0.298630,0.328185,0.020180,0.290661,0.285321,0.241871,0.327360,0.361753,0.367456,0.363186,0.209971,0.372028,0.331043,0.349570,0.161555,0.352489,-0.080257,0.429728,0.212034,0.456299,0.366541,0.408617,0.345676,0.440385,0.326144,0.420905,0.445975,0.385422,0.418596,0.430755,0.434318,0.369932,0.396836,0.357998,0.266956,0.349327,0.389881,0.444056,0.284214,0.456439,0.364877,0.311605,0.041000,0.388091,0.344042,0.280495,0.074219,0.370599,0.050122,0.241400,0.030694,0.358895,-0.005861,0.246162,-0.010003,0.212328,0.017375,0.272471,0.292044,0.423520,0.423295,0.462529,0.284070,0.327136,0.018546,0.369930,0.065883,0.360331,0.246058,0.296445,0.083505,0.277522,0.399007,0.433131,0.274701,0.050578,0.230622,0.242486,0.167169
0.400317,0.455698,0.380362,0.429994,0.048764,0.219612,0.407117,0.509915,0.130199,0.090650,0.398568,0.000000,0.475503,0.403774,0.219873,0.326494,0.317665,0.342237,0.473995,0.473380,0.164581,0.221258,0.451505,0.444518,0.204417,-0.021056,0.044984,0.015113,0.390349,0.407535,0.270265,0.375777,0.411580,0.445883,0.388448,0.389493,0.283190,0.296573,0.309857,0.142526,0.270350,0.299074,0.299627,0.391455,0.421724,0.450329,0.355735,0.323591,0.400644,0.390021,0.383144,0.266226,0.276766,0.061658,0.347513,0.315291,0.390023,0.433098,0.372039,0.378314,0.420349,0.465054,0.423644,0.472174,0.439657,0.449595,0.427050,0.461285,0.354040,0.378934,0.325651,0.354421,0.266106,0.302730,0.315991,0.274128,0.373195,0.397143,0.218470,0.199428,0.261560,0.400910,0.261880,0.201896,0.264656,0.206100,0.205529,0.144965,0.248978,0.160884,0.242254,0.185999,0.347256,0.206865,0.247007,0.238684,0.276046,0.406487,0.430690,0.460834,0.280718,0.168444,0.214442,0.158153,0.154693,0.189119,0.212469,0.130518,0.191042,0.334290,0.438256,0.407842,0.281454,0.077224,0.140937,0.008843
0.470029,0.420417,0.404985,0.392258,0.020742,0.131898,0.463238,0.474489,0.077422,-0.010352,0.482674,0.475503,0.000000,0.369915,0.154641,0.218372,0.320126,0.325716,0.483899,0.478944,0.133770,0.215461,0.425464,0.434453,0.169299,-0.065683,0.051937,0.005476,0.421828,0.355243,0.277877,0.363974,0.443372,0.477840,0.444954,0.416572,0.365925,0.324193,0.307193,0.096377,0.321973,0.326170,0.279216,0.356689,0.391375,0.410897,0.343150,0.252522,0.384575,0.365474,0.368016,0.233169,0.295142,0.004667,0.378853,0.271707,0.430531,0.403456,0.399632,0.368146,0.453345,0.414388,0.434555,0.448820,0.450761,0.451734,0.465227,0.469263,0.386560,0.403356,0.339954,0.364637,0.358788,0.356696,0.403792,0.325377,0.442919,0.423554,0.236238,0.148023,0.306796,0.383169,0.250998,0.151300,0.312810,0.143631,0.213530,0.095619,0.298737,0.096145,0.241804,0.135564,0.298493,0.169966,0.299167,0.292982,0.349265,0.426302,0.456832,0.401548,0.290286,0.094380,0.309803,0.062501,0.265868,0.275520,0.278937,0.147545,0.265583,0.373106,0.441690,0.328007,0.197738,0.156371,0.200072,0.136031
0.424819,0.319644,0.270444,0.182257,0.152972,0.161311,0.360310,0.391124,0.209246,0.235431,0.350568,0.403774,0.369915,0.000000,0.127313,0.321321,0.116366,0.413346,0.344842,0.411036,0.069397,0.119668,0.279818,0.267654,0.311944,0.074747,0.088548,-0.011886,0.247305,0.437308,0.235008,0.288800,0.375046,0.430184,0.296409,0.355562,0.222067,0.129311,0.318138,-0.124626,0.140167,0.193451,0.369136,0.358792,0.350502,0.343459,0.430972,0.307749,0.405862,0.330442,0.361588,0.191298,0.421580,-0.037991,0.393316,0.025063,0.414635,0.351353,0.445220,0.352303,0.444018,0.294111,0.314135,0.368604,0.338061,0.411864,0.392850,0.394566,0.431240,0.415096,0.375100,0.124366,0.169135,0.368730,0.265811,0.197930,0.354064,0.212267,0.392459,-0.023639,0.414661,0.239600,0.236437,-0.020212,0.368070,-0.038330,0.130370,-0.136821,0.378239,-0.131284,0.411227,-0.044374,0.267472,-0.037015,0.092904,0.226754,0.393087,0.285800,0.419223,0.255810,0.364047,-0.049640,0.213549,0.093115,0.329834,0.049224,0.191871,-0.156805,0.170683,0.403608,0.395683,0.400651,0.127591,0.257676,0.287780,0.077352
0.114872,0.295279,0.336208,0.316511,0.316258,0.453171,0.264035,0.180068,0.378463,0.285859,0.102583,0.219873,0.154641,0.127313,0.000000,0.357386,0.043209,0.242931,0.218655,0.199604,0.348818,0.308746,0.337565,0.269730,0.266626,0.134560,0.206985,0.286505,0.098125,0.274866,0.413873,0.384352,0.115994,0.092720,0.118489,0.109849,0.125381,0.116657,0.324207,0.185773,0.060048,0.289671,-0.047384,0.108110,0.177928,0.116964,0.057924,0.051780,0.140990,0.114592,0.179426,-0.097020,0.060869,-0.230413,0.202374,0.279828,0.154200,0.147132,0.079351,0.028935,0.119951,0.057255,0.169627,0.175096,0.204737,0.187533,0.151045,0.240717,0.008405,0.138584,0.310234,0.116433,-0.050154,0.120950,0.110658,0.039346,0.146054,0.196562,0.108782,-0.015486,0.102095,0.182692,0.370910,0.255266,0.246240,-0.001018,0.354616,0.280679,0.159764,-0.029380,-0.003741,-0.052782,0.123082,0.152216,0.151523,0.070113,0.024922,0.139909,0.164953,0.230571,0.099478,0.140190,0.197088,0.243695,0.020393,-0.080310,0.301712,0.240481,0.040974,0.043708,0.128999,0.127771,0.066568,-0.218353,-0.209487,-0.195149
0.188861,0.335855,0.273137,0.312247,0.230975,0.350234,0.229562,0.299606,0.322594,0.359411,0.126835,0.326494,0.218372,0.321321,0.357386,0.000000,0.164012,0.227834,0.247336,0.286424,0.232390,0.288242,0.314128,0.317486,0.350985,0.252684,0.163047,0.219434,0.207683,0.336695,0.283626,0.379892,0.158802,0.212719,0.138405,0.146809,0.132620,0.149342,0.313424,0.138498,0.086266,0.198020,0.172523,0.236784,0.274171,0.240966,0.209678,0.249317,0.274340,0.258311,0.270233,0.130492,0.122538,-0.042599,0.214667,0.202440,0.210860,0.304835,0.223456,0.227657,0.224047,0.238574,0.230488,0.250257,0.232714,0.245298,0.236084,0.294267,0.181592,0.266367,0.258810,0.199596,0.022943,0.140918,0.071951,0.121114,0.156227,0.194237,0.171768,0.128332,0.162878,0.261218,0.300664,0.254549,0.168324,0.104788,0.224755,0.173520,0.133731,0.050692,0.108039,0.020324,0.152020,0.149737,0.147949,0.130807,0.104555,0.191771,0.245563,0.324548,0.127379,0.034162,0.076613,0.100693,0.052619,-0.003051,0.159525,0.071367,0.070480,0.192670,0.247348,0.337113,0.183197,-0.020436,0.029480,-0.131377
0.207040,0.263057,0.152928,0.306033,-0.142972,-0.008931,0.148309,0.280452,-0.141385,-0.141280,0.294353,0.317665,0.320126,0.116366,0.043209,0.164012,0.000000,0.072071,0.294747,0.241715,0.065831,0.149725,0.262021,0.294727,0.033922,-0.018756,-0.086724,-0.060944,0.473424,0.161658,0.076157,0.156004,0.253036,0.265688,0.248700,0.154322,0.350841,0.414533,0.110023,0.300496,0.337507,0.172209,0.224593,0.294219,0.297277,0.328584,0.194351,0.278212,0.254499,0.300302,0.264537,0.338276,0.025737,0.223681,0.124638,0.314709,0.207121,0.329281,0.210908,0.333266,0.192278,0.356494,0.365311,0.294802,0.277442,0.219438,0.317234,0.302457,0.212087,0.262521,0.027077,0.334245,0.315892,0.103698,0.225520,0.308214,0.196359,0.321136,0.058185,0.350070,0.093505,0.433513,0.113695,0.317882,0.007416,0.392031,0.041428,0.234964,-0.049527,0.337092,-0.045888,0.235792,0.073782,0.287264,0.338564,0.242059,0.169288,0.378141,0.249056,0.350011,-0.013464,0.144516,0.080558,-0.000479,0.047191,0.390697,0.014342,0.197824,0.285232,0.259151,0.285719,0.254391,0.273189,0.136060,0.177602,0.132398
0.426937,0.338410,0.352157,0.181749,0.239610,0.207032,0.411431,0.288060,0.247671,0.171848,0.354832,0.342237,0.325716,0.413346,0.242931,0.227834,0.072071,0.000000,0.352822,0.399278,0.136424,0.149576,0.298806,0.229016,0.262292,-0.045560,0.130266,0.016208,0.181296,0.486847,0.321376,0.293483,0.330916,0.353567,0.297223,0.362029,0.234225,0.073072,0.374900,-0.149470,0.147562,0.293387,0.232538,0.283896,0.343200,0.309391,0.370974,0.200531,0.371949,0.261405,0.338293,0.021400,0.443664,-0.233916,0.439552,0.092643,0.444443,0.295179,0.404666,0.244799,0.405980,0.164952,0.299566,0.380388,0.305264,0.407852,0.359572,0.392493,0.343122,0.367358,0.454559,0.030710,0.129328,0.421934,0.317660,0.151811,0.397020,0.249860,0.436583,-0.182468,0.450791,0.192528,0.352783,-0.028462,0.480924,-0.170786,0.271619,-0.084110,0.478806,-0.246678,0.380645,-0.157529,0.245903,-0.094724,0.097614,0.216023,0.390388,0.261564,0.417203,0.188236,0.405220,0.005795,0.353569,0.120628,0.353470,-0.052083,0.324943,-0.061769,0.215288,0.327627,0.354698,0.284954,0.002139,0.159843,0.126829,-0.016036
0.453987,0.452870,0.409888,0.422298,0.032383,0.176224,0.445423,0.467675,0.090160,0.009389,0.430718,0.473995,0.483899,0.344842,0.218655,0.247336,0.294747,0.352822,0.000000,0.497450,0.131635,0.221088,0.480556,0.427588,0.163012,-0.109065,0.011015,-0.025200,0.367292,0.381090,0.288974,0.371466,0.447956,0.442848,0.430272,0.432698,0.304594,0.290283,0.301208,0.119402,0.280086,0.352987,0.272133,0.358713,0.397773,0.429969,0.327730,0.261526,0.383452,0.347976,0.388176,0.216791,0.315531,0.020030,0.353962,0.301796,0.447883,0.408319,0.375543,0.335186,0.433392,0.399952,0.451502,0.427855,0.457099,0.442313,0.450551,0.452645,0.385645,0.380683,0.378291,0.329096,0.304458,0.359600,0.374482,0.330387,0.414896,0.415019,0.245024,0.145643,0.313305,0.358944,0.275092,0.150363,0.329324,0.150848,0.220273,0.128804,0.295017,0.112394,0.268328,0.163444,0.352987,0.195675,0.257855,0.300645,0.327639,0.430616,0.438333,0.427519,0.307959,0.168796,0.265059,0.135943,0.208671,0.212601,0.259187,0.148170,0.247863,0.335183,0.430327,0.376555,0.248530,0.092259,0.138499,0.064954
0.483999,0.471796,0.443991,0.390116,0.095392,0.195573,0.475792,0.461358,0.138551,0.081207,0.444784,0.473380,0.478944,0.411036,0.199604,0.286424,0.241715,0.399278,0.497450,0.000000,0.141085,0.245506,0.435838,0.427341,0.211934,-0.069573,0.082524,0.022738,0.341830,0.426192,0.300165,0.391754,0.412484,0.477658,0.416525,0.432696,0.317698,0.241166,0.366034,0.021511,0.257865,0.349306,0.290982,0.369041,0.428822,0.440269,0.392282,0.263441,0.419398,0.361007,0.392701,0.187171,0.369625,-0.062012,0.432062,0.254189,0.468701,0.431993,0.426584,0.362578,0.453322,0.389350,0.405252,0.460434,0.421500,0.446353,0.448614,0.473623,0.405118,0.426680,0.409813,0.310836,0.281228,0.399223,0.374986,0.280801,0.447646,0.399715,0.300543,0.068378,0.361414,0.334662,0.309534,0.110861,0.372797,0.063874,0.264080,0.061036,0.369626,0.020109,0.317144,0.070428,0.327096,0.091099,0.240891,0.309510,0.381683,0.416191,0.472942,0.375645,0.382009,0.088670,0.331562,0.097125,0.297907,0.161273,0.321399,0.098313,0.256476,0.369185,0.450716,0.373026,0.159177,0.146220,0.171732,0.059402
0.062983,0.251179,0.329687,0.294707,0.257175,0.362783,0.239792,0.135243,0.298391,0.167407,0.115742,0.164581,0.133770,0.069397,0.348818,0.232390,0.065831,0.136424,0.131635,0.141085,0.000000,0.359822,0.277897,0.300602,0.179776,0.128692,0.284496,0.377596,0.124540,0.153164,0.408167,0.355027,0.084970,0.113393,0.073984,-0.005201,0.211304,0.223140,0.382495,0.247226,0.201937,0.219512,-0.084153,0.108953,0.168865,0.095351,0.011881,-0.030843,0.080759,0.086232,0.099674,-0.123517,-0.022863,-0.236681,0.207204,0.308752,0.080925,0.126032,0.019955,0.008947,0.045943,0.030807,0.151659,0.168354,0.127370,0.112798,0.104826,0.200185,-0.071658,0.095438,0.215353,0.199515,0.052309,0.092534,0.149647,0.019865,0.152738,0.212078,0.015685,0.015491,0.013907,0.247019,0.364610,0.316637,0.149021,0.041758,0.400805,0.342210,0.108378,0.024851,-0.117726,-0.074514,0.050607,0.111328,0.218937,0.079511,-0.002296,0.177065,0.131461,0.186349,0.061353,0.067547,0.199928,0.199943,-0.004779,-0.043646,0.239438,0.279344,0.052348,0.029880,0.069940,0.027276,-0.017230,-0.219353,-0.216282,-0.131310
0.157332,0.318646,0.343222,0.332836,0.206590,0.324097,0.278684,0.213724,0.226228,0.139865,0.163197,0.221258,0.215461,0.119668,0.308746,0.288242,0.149725,0.149576,0.221088,0.245506,0.359822,0.000000,0.304043,0.345372,0.193230,0.118438,0.257721,0.319120,0.225697,0.218903,0.351658,0.386065,0.109758,0.171443,0.159813,0.088342,0.294150,0.267726,0.360229,0.265787,0.259413,0.372425,-0.008433,0.150964,0.227758,0.170769,0.073717,0.055989,0.158702,0.172915,0.161650,0.003719,0.011012,-0.168881,0.226919,0.313062,0.153455,0.240995,0.116471,0.128078,0.120212,0.151562,0.199573,0.239752,0.171618,0.177334,0.195478,0.269681,0.031069,0.188987,0.225022,0.285969,0.157424,0.162506,0.184135,0.153505,0.240266,0.311684,0.035956,0.128425,0.081410,0.286120,0.396648,0.383916,0.147786,0.097305,0.349786,0.305371,0.109532,0.075958,-0.066145,-0.020348,0.077991,0.169216,0.360128,0.262200,0.084623,0.197909,0.234832,0.253369,0.101921,0.022568,0.244177,0.104171,0.094754,0.106035,0.340348,0.288171,0.160074,0.070194,0.207291,0.111379,0.031770,-0.101153,-0.066754,0.051419
0.340032,0.468095,0.462337,0.502633,0.111331,0.314379,0.432757,0.449383,0.189723,0.078983,0.345688,0.451505,0.425464,0.279818,0.337565,0.314128,0.262021,0.298806,0.480556,0.435838,0.277897,0.304043,0.000000,0.494656,0.203063,-0.054092,0.081575,0.111122,0.307330,0.347309,0.381747,0.446220,0.376492,0.376858,0.391239,0.357344,0.280755,0.300272,0.357828,0.223227,0.263397,0.371473,0.150910,0.297598,0.363178,0.384738,0.227338,0.182999,0.307449,0.284539,0.323225,0.121879,0.197210,-0.050544,0.312694,0.392772,0.349415,0.365213,0.263127,0.236071,0.335170,0.349349,0.388171,0.389697,0.443162,0.396559,0.384597,0.436554,0.246839,0.296838,0.367363,0.353216,0.210522,0.280802,0.314141,0.255855,0.347100,0.407377,0.144113,0.145560,0.195811,0.362843,0.325113,0.247123,0.280467,0.175190,0.321945,0.279001,0.231329,0.151931,0.139899,0.164786,0.317902,0.249655,0.271074,0.225626,0.198475,0.390548,0.353821,0.432051,0.228960,0.250403,0.248843,0.212607,0.093288,0.135595,0.286782,0.264007,0.168387,0.227793,0.346414,0.301128,0.239584,-0.087582,-0.031524,-0.055228
0.311970,0.445158,0.464387,0.510375,0.073492,0.286827,0.420049,0.456028,0.141792,0.055327,0.341774,0.444518,0.434453,0.267654,0.269730,0.317486,0.294727,0.229016,0.427588,0.427341,0.300602,0.345372,0.494656,0.000000,0.172515,-0.020093,0.127577,0.167713,0.352139,0.287139,0.338262,0.440814,0.322973,0.378295,0.381346,0.302751,0.326451,0.344250,0.358838,0.258830,0.317972,0.346199,0.146181,0.297346,0.349457,0.363649,0.211055,0.164193,0.272370,0.274708,0.276916,0.141495,0.125864,-0.039161,0.309925,0.401093,0.283542,0.358302,0.223718,0.239007,0.279606,0.361538,0.348361,0.386420,0.386762,0.372898,0.371431,0.435867,0.207699,0.302954,0.283984,0.431791,0.276430,0.253239,0.319284,0.271062,0.358495,0.441841,0.077337,0.198768,0.130155,0.404826,0.294929,0.300469,0.200736,0.222276,0.321115,0.308083,0.166219,0.198353,0.064095,0.177709,0.265126,0.275841,0.343070,0.230517,0.173512,0.391888,0.346230,0.420988,0.193653,0.192576,0.273075,0.150997,0.106268,0.213324,0.301632,0.319552,0.200966,0.223036,0.333796,0.248405,0.207409,-0.057652,0.003667,-0.009905
0.220887,0.224636,0.178957,0.131185,0.372203,0.320487,0.195691,0.181151,0.425439,0.403993,0.137703,0.204417,0.169299,0.311944,0.266626,0.350985,0.033922,0.262292,0.163012,0.211934,0.179776,0.193230,0.203063,0.172515,0.000000,0.392187,0.331166,0.283428,0.137092,0.309165,0.338389,0.323770,0.221431,0.227503,0.118478,0.121466,0.162218,0.138468,0.252831,-0.021737,0.008478,0.142916,0.228819,0.259090,0.252194,0.191664,0.255312,0.267642,0.298414,0.263908,0.263683,0.132679,0.185352,-0.101336,0.209391,0.024238,0.262285,0.280007,0.300287,0.276626,0.256121,0.120675,0.174873,0.199286,0.232545,0.212908,0.272061,0.277446,0.242542,0.319769,0.323475,0.058233,-0.036972,0.181639,0.070609,0.090525,0.124249,0.045622,0.266997,-0.027484,0.278799,0.172009,0.262151,0.082961,0.251930,-0.023862,0.140948,-0.019731,0.209027,-0.132722,0.163460,-0.166904,-0.011954,-0.025806,0.065941,0.117826,0.229026,0.166770,0.232186,0.165717,0.092823,-0.103970,0.110128,0.087230,0.216795,0.027200,0.133730,-0.123315,0.105929,0.301294,0.246927,0.282623,0.041809,0.174132,0.170743,0.055983
-0.065873,0.004051,-0.066827,-0.027893,0.294997,0.224792,-0.076609,-0.025993,0.332466,0.394112,-0.097306,-0.021056,-0.065683,0.074747,0.134560,0.252684,-0.018756,-0.045560,-0.109065,-0.069573,0.128692,0.118438,-0.054092,-0.020093,0.392187,0.000000,0.276884,0.333754,0.025670,0.009313,0.141390,0.142682,-0.042187,-0.035525,-0.161169,-0.180598,0.014756,0.082159,0.063103,0.081238,-0.106531,-0.078344,0.077222,0.077240,0.035179,-0.052392,0.028876,0.166049,0.073895,0.119849,0.062721,0.094473,-0.108547,-0.008699,-0.040408,-0.055885,-0.029554,0.105187,0.053902,0.148742,-0.001521,-0.011307,-0.001102,-0.012019,-0.024207,-0.069057,0.007096,0.009469,-0.003367,0.098626,0.035278,0.003546,-0.124330,-0.100260,-0.141105,-0.033475,-0.141298,-0.140986,0.014903,0.062213,0.020391,0.064521,0.100215,0.128892,-0.045523,0.053297,0.010141,0.036930,-0.083921,-0.029684,-0.108868,-0.177501,-0.227684,-0.013069,-0.009852,-0.038808,-0.020445,-0.025773,-0.000120,0.039634,-0.174521,-0.228093,-0.124734,-0.004562,0.003726,0.024582,-0.081656,-0.131542,-0.035113,0.087513,0.034558,0.119077,-0.022783,0.112673,0.113695,0.052470
0.088318,0.131945,0.187455,0.087596,0.403938,0.292338,0.155236,0.017915,0.377243,0.244395,0.065268,0.044984,0.051937,0.088548,0.206985,0.163047,-0.086724,0.130266,0.011015,0.082524,0.284496,0.257721,0.081575,0.127577,0.331166,0.276884,0.000000,0.449628,0.024034,0.130632,0.308576,0.243272,0.047259,0.064214,-0.003603,-0.060229,0.144500,0.091523,0.228454,0.001531,0.034936,0.101736,-0.069664,0.025032,0.093913,0.009162,0.040789,-0.014562,0.093161,0.084555,0.061318,-0.092558,0.013134,-0.274129,0.148739,0.062263,0.096434,0.137116,0.090158,0.088208,0.073617,-0.026788,0.039503,0.116973,0.025338,0.056122,0.078323,0.126181,-0.015790,0.146402,0.202408,0.046224,-0.044372,0.093477,0.007784,-0.037004,0.065001,0.012762,0.101025,-0.090715,0.121368,0.071281,0.264918,0.119495,0.175507,-0.103068,0.242448,0.084180,0.151494,-0.145681,-0.060147,-0.260430,-0.155641,-0.096235,0.131009,0.036221,0.085024,0.044249,0.106266,-0.008685,0.014652,-0.140712,0.201220,0.048352,0.185413,-0.000688,0.227104,0.051855,0.027419,0.104178,0.090019,-0.009679,-0.181645,0.021784,-0.008941,0.048940
-0.019411,0.135314,0.217467,0.170683,0.400148,0.352898,0.134163,0.015180,0.387875,0.278252,-0.005957,0.015113,0.005476,-0.011886,0.286505,0.219434,-0.060944,0.016208,-0.025200,0.022738,0.377596,0.319120,0.111122,0.167713,0.283428,0.333754,0.449628,0.000000,-0.001876,0.030683,0.328563,0.281134,-0.054050,-0.022279,-0.047645,-0.124280,0.107836,0.117180,0.261027,0.154760,0.005266,0.100002,-0.157743,-0.019179,0.047977,-0.048383,-0.059486,-0.055194,0.003679,0.044708,0.002980,-0.144125,-0.130026,-0.276703,0.099539,0.171018,-0.008423,0.083836,-0.030719,-0.000925,-0.026611,-0.057759,0.001334,0.065603,-0.003585,-0.012732,0.003412,0.087269,-0.139221,0.052730,0.153251,0.110193,-0.081441,-0.012530,-0.005407,-0.063966,0.011651,0.039948,-0.036157,-0.035442,-0.017432,0.104811,0.293594,0.229361,0.068445,-0.037556,0.318236,0.251359,0.033400,-0.042147,-0.204072,-0.212921,-0.157254,-0.003221,0.136473,0.007260,-0.040936,0.039227,0.046940,0.054152,-0.061455,-0.126093,0.151365,0.087685,0.038127,-0.030739,0.213134,0.180469,-0.021760,-0.019774,0.017863,-0.045223,-0.169636,-0.122540,-0.136907,-0.061456
0.331186,0.314123,0.247629,0.324381,-0.055134,0.060888,0.282953,0.359580,-0.044298,-0.071092,0.406603,0.390349,0.421828,0.247305,0.098125,0.207683,0.473424,0.181296,0.367292,0.341830,0.124540,0.225697,0.307330,0.352139,0.137092,0.025670,0.024034,-0.001876,0.000000,0.277541,0.187835,0.264815,0.367402,0.381667,0.328602,0.253410,0.419183,0.430988,0.209941,0.236721,0.375010,0.253034,0.278243,0.364834,0.358484,0.361743,0.281837,0.301782,0.334707,0.360645,0.313679,0.326703,0.137102,0.135464,0.242072,0.274109,0.316514,0.372183,0.311420,0.390842,0.307598,0.389700,0.419378,0.377696,0.348192,0.326387,0.411424,0.390690,0.311649,0.364408,0.162678,0.374738,0.398794,0.250233,0.323907,0.365030,0.326443,0.381425,0.172072,0.306144,0.216268,0.455110,0.204945,0.300124,0.133762,0.303587,0.101765,0.159993,0.092549,0.225230,0.062017,0.162856,0.117313,0.230361,0.397346,0.299307,0.277493,0.414627,0.363448,0.365306,0.087999,0.083743,0.195590,0.004600,0.184045,0.401728,0.136087,0.163869,0.327092,0.370898,0.383276,0.298811,0.225822,0.208083,0.262784,0.203680
0.419986,0.380754,0.349204,0.250110,0.220500,0.228153,0.394628,0.346436,0.248671,0.190309,0.354815,0.407535,0.355243,0.437308,0.274866,0.336695,0.161658,0.486847,0.381090,0.426192,0.153164,0.218903,0.347309,0.287139,0.309165,0.009313,0.130632,0.030683,0.277541,0.000000,0.334200,0.347418,0.354639,0.385991,0.308919,0.364760,0.258951,0.140861,0.372613,-0.058934,0.182910,0.302383,0.274431,0.338692,0.394559,0.370654,0.397995,0.285830,0.416395,0.323509,0.373698,0.120686,0.414688,-0.134954,0.408320,0.148750,0.443405,0.360394,0.427412,0.313246,0.419718,0.259810,0.336001,0.401791,0.346887,0.421096,0.392020,0.422117,0.369751,0.406103,0.430512,0.107161,0.139971,0.398530,0.284132,0.184718,0.372912,0.270122,0.428998,-0.028269,0.427363,0.266220,0.369004,0.092758,0.424306,-0.056858,0.242544,-0.030686,0.412415,-0.130382,0.355734,-0.067817,0.257001,-0.018940,0.179055,0.235337,0.361636,0.278266,0.423930,0.272824,0.360064,0.057987,0.291070,0.122757,0.296064,0.005933,0.286448,-0.036626,0.201286,0.362901,0.406452,0.358876,0.107301,0.140986,0.151978,-0.009600
0.270897,0.347072,0.416895,0.327698,0.362350,0.405687,0.389864,0.241257,0.390429,0.255264,0.267369,0.270265,0.277877,0.235008,0.413873,0.283626,0.076157,0.321376,0.288974,0.300165,0.408167,0.351658,0.381747,0.338262,0.338389,0.141390,0.308576,0.328563,0.187835,0.334200,0.000000,0.470210,0.278432,0.282219,0.224363,0.202058,0.294514,0.225219,0.424281,0.115624,0.174806,0.311750,0.041890,0.213582,0.278140,0.214960,0.176565,0.066323,0.244918,0.189115,0.241493,-0.067910,0.172237,-0.289982,0.329367,0.259927,0.301340,0.245330,0.225957,0.134578,0.252214,0.114392,0.281625,0.285437,0.280114,0.273476,0.273218,0.352123,0.140331,0.261343,0.422902,0.178826,0.082621,0.272442,0.249422,0.123917,0.292263,0.264327,0.225723,-0.059209,0.248575,0.239766,0.427535,0.204682,0.349709,-0.044238,0.394167,0.200763,0.296025,-0.102766,0.080270,-0.133602,0.101729,0.052104,0.239209,0.189236,0.213580,0.271212,0.293351,0.222902,0.196518,0.067395,0.339220,0.183976,0.210347,0.012425,0.367997,0.196837,0.149843,0.203472,0.244428,0.151986,-0.018309,-0.056522,-0.067410,-0.013473
0.305902,0.438480,0.452661,0.421207,0.257024,0.388205,0.416780,0.362176,0.341701,0.239119,0.299844,0.375777,0.363974,0.288800,0.384352,0.379892,0.156004,0.293483,0.371466,0.391754,0.355027,0.386065,0.446220,0.440814,0.323770,0.142682,0.243272,0.281134,0.264815,0.347418,0.470210,0.000000,0.295879,0.339274,0.275845,0.261435,0.270886,0.246101,0.406641,0.158225,0.204106,0.339781,0.109704,0.267651,0.329227,0.298639,0.216466,0.153980,0.292439,0.256774,0.282684,0.041724,0.163190,-0.181827,0.333656,0.306857,0.313863,0.334314,0.255799,0.209261,0.292880,0.254751,0.316277,0.351932,0.331981,0.321757,0.316898,0.397307,0.191388,0.302596,0.390733,0.319787,0.166372,0.272177,0.251467,0.173967,0.320568,0.338651,0.163204,0.081122,0.210598,0.307751,0.389513,0.250893,0.284928,0.058527,0.367951,0.228685,0.249778,0.014811,0.094536,-0.010740,0.196393,0.149148,0.260009,0.187842,0.185112,0.304673,0.340282,0.345931,0.205466,0.084000,0.277059,0.158765,0.147381,0.070746,0.344624,0.219288,0.142933,0.213082,0.328377,0.252937,0.092513,-0.059049,-0.027476,-0.027902
0.435446,0.319545,0.288660,0.284580,0.042151,0.124621,0.371295,0.408620,0.082270,0.032608,0.426927,0.411580,0.443372,0.375046,0.115994,0.158802,0.253036,0.330916,0.447956,0.412484,0.084970,0.109758,0.376492,0.322973,0.221431,-0.042187,0.047259,-0.054050,0.367402,0.354639,0.278432,0.295879,0.000000,0.491122,0.416491,0.420087,0.330188,0.298490,0.233039,0.027302,0.249040,0.242157,0.327782,0.380576,0.366525,0.384314,0.353951,0.263435,0.388338,0.350134,0.347377,0.246437,0.326872,0.050475,0.313398,0.152805,0.439236,0.352246,0.395023,0.356421,0.434810,0.370157,0.441423,0.389697,0.445269,0.429288,0.462119,0.423713,0.428393,0.383566,0.360761,0.259413,0.301812,0.370219,0.361457,0.353019,0.389148,0.327912,0.296795,0.102015,0.354939,0.305690,0.185306,0.032490,0.318916,0.119337,0.103560,-0.006173,0.298747,0.034319,0.298349,0.099487,0.254827,0.097789,0.214303,0.261817,0.381658,0.407802,0.403162,0.323404,0.257509,0.117023,0.233176,0.084767,0.283295,0.253698,0.170649,0.013510,0.250059,0.432297,0.410211,0.349880,0.195932,0.227271,0.275639,0.191944
0.470313,0.375071,0.348676,0.312383,0.050047,0.133062,0.419968,0.445969,0.087257,0.059749,0.456416,0.445883,0.477840,0.430184,0.092720,0.212719,0.265688,0.353567,0.442848,0.477658,0.113393,0.171443,0.376858,0.378295,0.227503,-0.035525,0.064214,-0.022279,0.381667,0.385991,0.282219,0.339274,0.491122,0.000000,0.433361,0.433992,0.357719,0.291326,0.304554,-0.000375,0.269145,0.262961,0.352597,0.404332,0.411629,0.429197,0.407379,0.272469,0.420133,0.369917,0.365842,0.247813,0.358677,0.008245,0.387691,0.171224,0.454148,0.397924,0.437715,0.386948,0.452483,0.399519,0.419852,0.442446,0.428181,0.447550,0.469417,0.467655,0.439281,0.427136,0.364192,0.303568,0.316567,0.394877,0.384663,0.324514,0.433189,0.365883,0.317382,0.091764,0.367370,0.334689,0.221658,0.062621,0.329708,0.095118,0.155306,-0.014892,0.335938,0.016919,0.324523,0.078825,0.278845,0.073808,0.235456,0.303440,0.416900,0.432087,0.451328,0.332567,0.330792,0.070665,0.295182,0.055014,0.327422,0.233360,0.230086,0.027778,0.273930,0.440356,0.439127,0.357692,0.163020,0.243944,0.278927,0.172409
0.398768,0.333130,0.371271,0.347611,-0.006499,0.083174,0.412743,0.424912,0.013867,-0.053393,0.398576,0.388448,0.444954,0.296409,0.118489,0.138405,0.248700,0.297223,0.430272,0.416525,0.073984,0.159813,0.391239,0.381346,0.118478,-0.161169,-0.003603,-0.047645,0.328602,0.308919,0.224363,0.275845,0.416491,0.433361,0.000000,0.472566,0.304918,0.243267,0.258805,0.054737,0.247339,0.297191,0.274387,0.339007,0.353370,0.383284,0.319762,0.212734,0.335274,0.313679,0.313084,0.195521,0.299807,0.000266,0.349297,0.244739,0.359619,0.285499,0.332063,0.257335,0.374861,0.347324,0.355883,0.371030,0.424615,0.461191,0.454519,0.451517,0.325268,0.334171,0.312221,0.305923,0.312673,0.356938,0.399802,0.305690,0.436630,0.425296,0.216095,0.085819,0.260542,0.309357,0.205762,0.088828,0.284715,0.111242,0.181682,0.056562,0.285165,0.072154,0.248468,0.142903,0.322943,0.132355,0.257563,0.286424,0.324419,0.369035,0.407080,0.330580,0.308945,0.167404,0.323380,0.097579,0.242650,0.222120,0.277359,0.145903,0.262851,0.308567,0.374249,0.241394,0.151622,0.125175,0.164414,0.095872
0.426559,0.317646,0.339781,0.277778,0.017117,0.079327,0.408480,0.411759,0.035317,-0.000491,0.389186,0.389493,0.416572,0.355562,0.109849,0.146809,0.154322,0.362029,0.432698,0.432696,-0.005201,0.088342,0.357344,0.302751,0.121466,-0.180598,-0.060229,-0.124280,0.253410,0.364760,0.202058,0.261435,0.420087,0.433992,0.472566,0.000000,0.202043,0.118599,0.241857,-0.065590,0.143938,0.261026,0.292998,0.319595,0.321039,0.378293,0.366221,0.220812,0.349951,0.284200,0.313658,0.171333,0.396741,-0.015854,0.358724,0.146311,0.410501,0.267633,0.362407,0.233713,0.416315,0.327319,0.316786,0.360180,0.386198,0.451639,0.408560,0.407243,0.382028,0.311178,0.375423,0.220426,0.237685,0.385702,0.366471,0.256908,0.433335,0.353390,0.302344,0.012045,0.334135,0.197099,0.182734,-0.049399,0.342102,-0.013648,0.145360,-0.069418,0.365647,-0.030451,0.386804,0.109155,0.377781,0.036916,0.137860,0.239737,0.354143,0.316200,0.403857,0.287017,0.389146,0.142473,0.286317,0.054026,0.260832,0.109836,0.251399,0.024264,0.189013,0.325103,0.382542,0.292585,0.136060,0.142099,0.176633,0.049891
0.326522,0.296958,0.300342,0.269223,0.079806,0.116989,0.318665,0.260427,0.038702,-0.027902,0.391354,0.283190,0.365925,0.222067,0.125381,0.132620,0.350841,0.234225,0.304594,0.317698,0.211304,0.294150,0.280755,0.326451,0.162218,0.014756,0.144500,0.107836,0.419183,0.258951,0.294514,0.270886,0.330188,0.357719,0.304918,0.202043,0.000000,0.458242,0.304956,0.176988,0.422028,0.340345,0.186952,0.312686,0.322930,0.293354,0.259637,0.184090,0.288987,0.278717,0.271852,0.161784,0.154510,-0.060420,0.321693,0.266585,0.309994,0.328364,0.291097,0.309487,0.258809,0.237403,0.361552,0.341285,0.287272,0.299476,0.384205,0.396501,0.236814,0.359906,0.235400,0.292655,0.363805,0.305961,0.367677,0.318050,0.372374,0.374070,0.176661,0.111751,0.245397,0.401284,0.290550,0.257713,0.228184,0.171399,0.219226,0.168392,0.183464,0.075140,0.036937,-0.008935,0.045198,0.127822,0.404761,0.347570,0.337263,0.420997,0.366774,0.253422,0.156755,0.020704,0.350299,0.065691,0.314920,0.352381,0.282241,0.194415,0.343670,0.344606,0.349893,0.171885,0.047628,0.201709,0.202287,0.273067
