0.000000 0.583993 0.602822 0.425900 0.275149 0.286949 0.628407 0.596655 0.465037 0.240919 0.637882 0.506828 0.637168 0.610531 0.393545 0.179056 0.440056 0.372738 0.591069 0.627353 0.244787 0.175668 0.603736 0.521860 0.375834 0.419998 0.073750 0.035540 0.572797 0.488469 0.515855 0.527525 0.612141 0.631331 0.443379 0.447893 0.381579 0.408062 0.259283 0.313488 0.201788 0.216484 0.526905 0.556695 0.424509 0.541244 0.493467 0.572622 0.354728 0.391711 0.402762 0.517653 0.393626 0.332399 0.450915 0.401060 0.622975 0.571495 0.538927 0.530224 0.644406 0.585515 0.530164 0.567215 0.349370 0.588653 0.577840 0.542391 0.554374 0.336613 0.570525 0.534151 0.400868 0.456014 0.282333 0.223005 0.423418 0.456784 0.401912 0.362986 0.499397 0.426260 0.387067 0.336215 0.593997 0.296828 0.218270 0.140703 0.400264 0.102371 0.528788 0.376114 0.528036 0.304386 0.415242 0.430340 0.535478 0.488214 0.504219 0.480699 0.478837 0.231081 0.355189 0.138868 0.482456 0.401587 0.365666 0.065373 0.089115 0.460368 0.526956 0.540965 0.464732 0.509310 0.385337 0.155968
0.583993 0.000000 0.518357 0.556863 0.355479 0.411093 0.574777 0.637026 0.433243 0.408664 0.568440 0.567805 0.521256 0.607864 0.429801 0.384242 0.428603 0.337373 0.630820 0.619408 0.159357 0.265988 0.582923 0.543193 0.432827 0.461561 0.155736 0.175551 0.426525 0.372161 0.421508 0.474374 0.593436 0.567276 0.481091 0.415896 0.288396 0.296234 0.204781 0.237715 0.107969 0.056338 0.406770 0.444030 0.244167 0.414008 0.352524 0.488388 0.135607 0.181949 0.165691 0.390345 0.154049 0.434231 0.292145 0.513800 0.628261 0.625503 0.581738 0.581838 0.558476 0.584043 0.553203 0.549916 0.435129 0.537662 0.594237 0.610438 0.591139 0.512274 0.385479 0.529284 0.192601 0.311624 0.189770 0.180840 0.296828 0.457615 0.154956 0.369211 0.288580 0.463457 0.402942 0.336939 0.461061 0.453483 0.305180 0.325126 0.187240 0.354307 0.340639 0.462164 0.360500 0.416932 0.442498 0.406438 0.358384 0.437697 0.381555 0.550803 0.329638 0.412267 0.333474 0.335087 0.265335 0.463706 0.168502 0.289147 0.079949 0.263340 0.415899 0.419075 0.334207 0.449235 0.243006 -0.038804
0.602822 0.518357 0.000000 0.498129 0.390796 0.398342 0.666505 0.602799 0.527334 0.228360 0.518672 0.501213 0.564178 0.552043 0.509185 0.242565 0.405095 0.337463 0.563989 0.606523 0.371408 0.320869 0.620888 0.610574 0.441308 0.413524 0.218918 0.173772 0.495075 0.494240 0.562600 0.580310 0.554265 0.599542 0.437199 0.420880 0.385093 0.408921 0.334982 0.353507 0.190735 0.224635 0.383759 0.455840 0.303413 0.420739 0.363298 0.453434 0.211152 0.221639 0.272610 0.344258 0.293500 0.150731 0.441157 0.404934 0.557062 0.537435 0.498535 0.488905 0.558197 0.516113 0.474971 0.556909 0.426214 0.544737 0.558719 0.525942 0.521016 0.369096 0.565526 0.583704 0.386422 0.429350 0.275371 0.315948 0.418465 0.443053 0.339610 0.338203 0.462034 0.414829 0.416687 0.400118 0.566798 0.276168 0.390530 0.284711 0.363959 0.130579 0.492484 0.343636 0.444634 0.205426 0.438079 0.437967 0.504174 0.489837 0.484433 0.493477 0.508512 0.134902 0.488646 0.205358 0.473189 0.357758 0.384497 0.175952 0.074548 0.434072 0.498146 0.501181 0.419887 0.509986 0.244145 0.164182
0.425900 0.556863 0.498129 0.000000 0.530550 0.566770 0.543985 0.613060 0.408740 0.537510 0.403930 0.602254 0.365537 0.493948 0.455466 0.576897 0.373618 0.177294 0.614529 0.489054 0.249058 0.364370 0.542511 0.590383 0.444797 0.468437 0.400462 0.434293 0.266885 0.300005 0.362357 0.408121 0.461449 0.404934 0.322406 0.281815 0.222476 0.195880 0.201669 0.148332 0.048138 0.020569 0.130863 0.218190 -0.052501 0.124055 0.048896 0.247468 -0.204888 -0.147637 -0.160195 0.120367 -0.163990 0.339318 0.031694 0.531136 0.572500 0.605142 0.608530 0.591336 0.446570 0.548462 0.515062 0.496956 0.564211 0.423840 0.496991 0.572419 0.470497 0.613708 0.207532 0.516552 0.013760 0.059940 -0.068779 0.150501 0.039652 0.240718 -0.053046 0.389830 0.094307 0.492741 0.450191 0.381779 0.305469 0.544311 0.409391 0.542287 -0.100684 0.540837 0.123879 0.545867 0.098293 0.434373 0.430054 0.355692 0.145840 0.390907 0.167971 0.533727 0.137676 0.468332 0.295566 0.549296 0.084297 0.497142 0.054154 0.529205 0.045994 0.114091 0.275393 0.246167 0.202753 0.323313 -0.076243 -0.084198
0.275149 0.355479 0.390796 0.530550 0.000000 0.607577 0.421892 0.446887 0.484131 0.516006 0.278751 0.464387 0.281453 0.403938 0.536959 0.546956 0.158206 0.020130 0.448546 0.306272 0.260425 0.346435 0.382173 0.476102 0.365549 0.456104 0.570300 0.572031 0.156345 0.258227 0.236727 0.283548 0.304494 0.271932 0.202527 0.249586 0.078255 0.082928 0.205390 0.143834 0.007436 0.006893 0.030856 0.099842 -0.120387 0.033298 -0.024135 0.096335 -0.225452 -0.200536 -0.178530 0.011524 -0.169393 0.142270 0.032832 0.412322 0.389381 0.429851 0.446334 0.418215 0.269911 0.371737 0.305482 0.357811 0.406694 0.271264 0.367264 0.424268 0.277081 0.466941 0.192645 0.432167 -0.013250 0.008230 -0.002921 0.108707 0.020830 0.171564 -0.057630 0.281348 0.095634 0.371158 0.348549 0.276831 0.196999 0.406022 0.455636 0.513150 -0.058608 0.431680 0.037440 0.340060 0.015293 0.235183 0.319584 0.223132 0.075336 0.251506 0.082090 0.358456 0.132631 0.273068 0.239361 0.437295 0.046082 0.338323 0.060808 0.435312 0.020519 0.044722 0.149348 0.157329 0.111581 0.202883 -0.141587 -0.121682
0.286949 0.411093 0.398342 0.566770 0.607577 0.000000 0.447639 0.493540 0.485515 0.555077 0.276063 0.514648 0.267829 0.398474 0.566201 0.593193 0.223942 0.118660 0.470029 0.359497 0.277045 0.463661 0.412043 0.472225 0.447312 0.408073 0.495579 0.506864 0.133750 0.231254 0.246506 0.333647 0.351454 0.310802 0.235764 0.214935 0.075370 0.061594 0.187532 0.136649 -0.070197 -0.055131 0.038224 0.111474 -0.131557 0.049684 -0.035396 0.139138 -0.254451 -0.224581 -0.197974 -0.010042 -0.164789 0.212026 0.064585 0.467328 0.431725 0.485331 0.486227 0.471993 0.317485 0.427406 0.401539 0.423860 0.450318 0.319617 0.392900 0.479198 0.364963 0.552026 0.198702 0.477829 -0.013869 0.007950 -0.023987 0.191093 0.071060 0.245982 -0.095533 0.369971 0.070775 0.385324 0.336095 0.372669 0.213492 0.473677 0.490531 0.548469 -0.062377 0.502172 0.083119 0.404907 0.034113 0.288781 0.331677 0.264864 0.054994 0.220409 0.115524 0.413674 0.159171 0.350462 0.259841 0.479186 0.029298 0.347813 0.040947 0.499345 -0.003779 0.027801 0.170336 0.185691 0.108036 0.252902 -0.122683 -0.088213
0.628407 0.574777 0.666505 0.543985 0.421892 0.447639 0.000000 0.657722 0.552037 0.343148 0.574224 0.593018 0.588535 0.613507 0.527627 0.329573 0.451696 0.376080 0.612731 0.621874 0.323201 0.335577 0.637597 0.615670 0.474825 0.471277 0.228392 0.199968 0.506201 0.494451 0.537278 0.581553 0.610831 0.631099 0.481507 0.477718 0.351170 0.361521 0.287765 0.323309 0.143699 0.183027 0.405726 0.469997 0.288172 0.440156 0.361381 0.486321 0.173431 0.199006 0.234208 0.354291 0.250207 0.244882 0.394689 0.452793 0.620879 0.607997 0.576124 0.569233 0.602323 0.592709 0.539168 0.616191 0.479975 0.592831 0.625947 0.611741 0.562665 0.463071 0.539743 0.608626 0.380847 0.423184 0.255811 0.331246 0.402728 0.461818 0.300778 0.391190 0.430467 0.473328 0.443571 0.421982 0.563392 0.351674 0.373477 0.318163 0.309284 0.213428 0.472509 0.430538 0.436012 0.288806 0.431917 0.425098 0.462275 0.478744 0.461752 0.538365 0.480819 0.254448 0.440254 0.269354 0.421312 0.402443 0.347578 0.230070 0.077962 0.398002 0.496506 0.505670 0.429506 0.530071 0.239113 0.105830
0.596655 0.637026 0.602799 0.613060 0.446887 0.493540 0.657722 0.000000 0.511906 0.446412 0.566226 0.627977 0.548857 0.636645 0.500516 0.420014 0.430271 0.316523 0.642910 0.616265 0.266994 0.317241 0.643186 0.642363 0.472099 0.520536 0.258476 0.256357 0.440168 0.435639 0.485285 0.551764 0.607433 0.596596 0.465130 0.460352 0.298926 0.304168 0.257413 0.282041 0.127199 0.132304 0.369387 0.433999 0.210648 0.377272 0.301467 0.450333 0.084989 0.126867 0.128624 0.330934 0.135863 0.339336 0.287085 0.510501 0.634193 0.640340 0.610095 0.608693 0.567271 0.627941 0.539757 0.591302 0.497743 0.592040 0.623429 0.640743 0.579357 0.543271 0.438915 0.598455 0.259792 0.329299 0.168863 0.237845 0.304647 0.427730 0.191906 0.411672 0.321896 0.500117 0.452999 0.392226 0.483356 0.449486 0.346116 0.372075 0.191150 0.345347 0.373280 0.485351 0.361994 0.394053 0.464677 0.427477 0.384006 0.472265 0.373159 0.542253 0.361571 0.371394 0.375659 0.355239 0.305324 0.447440 0.261052 0.321560 0.076324 0.323975 0.436149 0.425716 0.362562 0.469588 0.170442 0.003836
0.465037 0.433243 0.527334 0.408740 0.484131 0.485515 0.552037 0.511906 0.000000 0.354252 0.469750 0.464586 0.510887 0.519908 0.600760 0.340367 0.301523 0.304659 0.457300 0.450871 0.289973 0.338293 0.481318 0.472783 0.444618 0.443512 0.354896 0.308417 0.402351 0.421739 0.428874 0.475746 0.493060 0.503680 0.412318 0.410491 0.210521 0.237341 0.252911 0.298290 0.040313 0.068902 0.287616 0.318914 0.224334 0.356641 0.273880 0.355327 0.134112 0.147927 0.192455 0.265540 0.214946 0.149671 0.378806 0.404991 0.462353 0.479251 0.439542 0.442451 0.471492 0.480011 0.408217 0.515258 0.365354 0.483505 0.492882 0.481745 0.396065 0.353299 0.490489 0.563128 0.296212 0.342954 0.304227 0.247010 0.368231 0.418049 0.252526 0.369231 0.369980 0.387315 0.319833 0.341781 0.437949 0.309979 0.420763 0.327905 0.306368 0.197385 0.371284 0.278921 0.322254 0.173737 0.315648 0.285950 0.365724 0.331490 0.372044 0.395870 0.420700 0.156634 0.377585 0.234597 0.341047 0.287912 0.292115 0.197474 0.114577 0.322640 0.378036 0.418769 0.316874 0.399135 0.205675 0.040991
0.240919 0.408664 0.228360 0.537510 0.516006 0.555077 0.343148 0.446412 0.354252 0.000000 0.281234 0.526406 0.209086 0.391167 0.400516 0.635881 0.269128 0.111064 0.468688 0.296544 0.126603 0.298017 0.340099 0.363596 0.429515 0.484950 0.408764 0.464908 0.121060 0.161496 0.091118 0.199170 0.328639 0.230386 0.246715 0.234010 0.054188 0.008957 0.074019 0.054901 -0.065302 -0.085274 0.062457 0.110317 -0.135082 0.034685 -0.058718 0.147844 -0.290049 -0.229279 -0.257454 0.031386 -0.256946 0.392227 -0.117901 0.447156 0.446141 0.490048 0.509815 0.486245 0.289603 0.458655 0.408513 0.382674 0.491651 0.306744 0.399190 0.496024 0.335874 0.577267 0.012593 0.344483 -0.085553 -0.099916 -0.179667 0.086688 -0.099837 0.108764 -0.170022 0.411939 -0.047120 0.435813 0.356937 0.315522 0.143154 0.560295 0.293114 0.492877 -0.221604 0.565745 -0.026189 0.495574 -0.026116 0.424864 0.234291 0.171785 -0.068691 0.200140 -0.015466 0.375103 -0.028136 0.502361 0.036069 0.511701 -0.116802 0.427976 -0.105760 0.495178 0.028954 -0.049331 0.140384 0.145776 0.116985 0.224634 -0.129191 -0.195445
0.637882 0.568440 0.518672 0.403930 0.278751 0.276063 0.574224 0.566226 0.469750 0.281234 0.000000 0.522438 0.650891 0.632172 0.394991 0.216548 0.483026 0.400496 0.554243 0.560798 0.184346 0.155605 0.567257 0.495298 0.368150 0.441702 0.063054 0.030586 0.585594 0.504130 0.502474 0.493662 0.597824 0.593693 0.465670 0.467368 0.364533 0.366635 0.222880 0.266641 0.168199 0.150507 0.475016 0.507554 0.392947 0.508467 0.456167 0.541300 0.320153 0.367872 0.353565 0.499316 0.337998 0.365315 0.385785 0.393096 0.596313 0.557656 0.530219 0.527479 0.616355 0.582071 0.555507 0.574718 0.342687 0.566827 0.551019 0.534597 0.481313 0.329687 0.514278 0.493779 0.328556 0.413557 0.272676 0.178118 0.368964 0.425763 0.373246 0.332885 0.446822 0.429374 0.378609 0.299371 0.541314 0.313344 0.203723 0.157251 0.348125 0.143206 0.454158 0.363829 0.471838 0.319478 0.404085 0.384864 0.500219 0.445889 0.442381 0.442724 0.430298 0.303288 0.301851 0.147543 0.410612 0.396722 0.341232 0.086646 0.063282 0.427135 0.512366 0.481691 0.388698 0.442439 0.376391 0.131341
0.506828 0.567805 0.501213 0.602254 0.464387 0.514648 0.593018 0.627977 0.464586 0.526406 0.522438 0.000000 0.466787 0.603631 0.477516 0.504312 0.466366 0.343868 0.606881 0.536089 0.210594 0.334064 0.540456 0.561148 0.445012 0.492717 0.282243 0.306542 0.400848 0.411091 0.403480 0.468914 0.564050 0.525518 0.430484 0.414671 0.242965 0.213571 0.175921 0.179484 0.026363 0.024861 0.231732 0.309099 0.080097 0.270329 0.179563 0.361710 -0.066701 -0.010471 -0.006885 0.213631 0.003332 0.332681 0.160063 0.516858 0.628064 0.650977 0.637400 0.636906 0.528311 0.622688 0.568964 0.618633 0.526858 0.506397 0.563088 0.614653 0.512640 0.592752 0.316935 0.547260 0.205625 0.228022 0.062265 0.293036 0.200361 0.354808 0.074213 0.409981 0.215457 0.508954 0.459264 0.396825 0.408009 0.464477 0.369621 0.444249 0.043748 0.420052 0.249007 0.479918 0.217668 0.345755 0.381836 0.329599 0.243019 0.390901 0.273234 0.515078 0.294263 0.430094 0.345707 0.456551 0.182784 0.424889 0.182552 0.419585 0.054071 0.213108 0.379043 0.359193 0.268147 0.445238 0.067355 -0.035122
0.637168 0.521256 0.564178 0.365537 0.281453 0.267829 0.588535 0.548857 0.510887 0.209086 0.650891 0.466787 0.000000 0.617466 0.423949 0.152870 0.447950 0.408667 0.497912 0.528811 0.206198 0.168554 0.577355 0.509872 0.395529 0.440932 0.086730 0.029334 0.583084 0.533665 0.543754 0.533049 0.581920 0.601657 0.474041 0.470817 0.367104 0.381773 0.215772 0.265004 0.155517 0.172449 0.484016 0.501822 0.438225 0.534229 0.447961 0.516041 0.365699 0.401011 0.401646 0.492870 0.395304 0.263818 0.444237 0.319266 0.546728 0.498224 0.466124 0.458882 0.608954 0.547486 0.500357 0.543192 0.342647 0.598241 0.541571 0.506951 0.447626 0.250388 0.586051 0.517011 0.380992 0.473732 0.324614 0.198067 0.420273 0.448497 0.435410 0.314608 0.515049 0.415467 0.331008 0.303437 0.567830 0.252620 0.216574 0.113111 0.416185 0.048389 0.499852 0.307910 0.508777 0.249875 0.349112 0.340859 0.531430 0.422244 0.464407 0.411918 0.460907 0.202071 0.346113 0.086725 0.465707 0.336478 0.397928 0.018068 0.076629 0.480660 0.487632 0.483977 0.416206 0.447074 0.396294 0.173392
0.610531 0.607864 0.552043 0.493948 0.403938 0.398474 0.613507 0.636645 0.519908 0.391167 0.632172 0.603631 0.617466 0.000000 0.484487 0.340419 0.438135 0.359722 0.588425 0.579397 0.213030 0.248263 0.586882 0.572656 0.412599 0.519406 0.183467 0.172491 0.520182 0.494547 0.467679 0.517001 0.610278 0.607742 0.494842 0.496785 0.317129 0.318214 0.256003 0.293041 0.148813 0.153984 0.430847 0.478867 0.315038 0.459104 0.380063 0.487214 0.211047 0.249693 0.244506 0.424288 0.236518 0.327590 0.344130 0.465069 0.611742 0.601503 0.566746 0.564152 0.571917 0.607045 0.521329 0.594718 0.409001 0.580389 0.603094 0.594580 0.514262 0.425154 0.478148 0.565958 0.320565 0.400622 0.259351 0.244908 0.356517 0.463523 0.273582 0.365959 0.402551 0.492250 0.440656 0.349864 0.506493 0.379364 0.304942 0.286456 0.275057 0.240539 0.393094 0.378118 0.408543 0.316488 0.409211 0.360258 0.431545 0.450168 0.403803 0.473295 0.408884 0.309426 0.346891 0.247792 0.336704 0.405094 0.312098 0.187829 0.083457 0.377168 0.454885 0.448933 0.362042 0.469449 0.281449 0.022626
0.393545 0.429801 0.509185 0.455466 0.536959 0.566201 0.527627 0.500516 0.600760 0.400516 0.394991 0.477516 0.423949 0.484487 0.000000 0.459672 0.310483 0.287389 0.463568 0.439717 0.406095 0.490541 0.443077 0.473976 0.469763 0.391015 0.388961 0.362583 0.327531 0.415156 0.345202 0.412124 0.407737 0.431325 0.366555 0.343774 0.225118 0.217320 0.332031 0.334714 0.031351 0.099510 0.209026 0.279327 0.125372 0.266314 0.152534 0.279585 0.002793 0.008534 0.067294 0.152179 0.103246 0.120309 0.329620 0.429659 0.441447 0.468056 0.448351 0.438960 0.409550 0.423950 0.426345 0.493661 0.411391 0.416227 0.470195 0.500587 0.386968 0.413774 0.405725 0.528538 0.196894 0.253072 0.223220 0.300088 0.300101 0.396395 0.166001 0.373271 0.347596 0.437529 0.393374 0.471698 0.406065 0.374682 0.559266 0.452200 0.216087 0.291605 0.305109 0.299418 0.247827 0.166738 0.317866 0.295536 0.282051 0.305140 0.339145 0.425844 0.392376 0.185065 0.391282 0.293703 0.265859 0.302690 0.248024 0.307738 0.027174 0.269000 0.358552 0.364751 0.290103 0.384653 0.077373 0.072569
0.179056 0.384242 0.242565 0.576897 0.546956 0.593193 0.329573 0.420014 0.340367 0.635881 0.216548 0.504312 0.152870 0.340419 0.459672 0.000000 0.273167 0.102040 0.447262 0.258091 0.194877 0.418919 0.299483 0.367472 0.394783 0.387384 0.468588 0.534806 0.075568 0.155975 0.083930 0.174782 0.261330 0.183615 0.200767 0.150786 0.050848 -0.016706 0.102996 0.039599 -0.122038 -0.112997 -0.045456 0.021127 -0.213453 -0.040825 -0.161892 0.064326 -0.385444 -0.328002 -0.347518 -0.066075 -0.346936 0.319444 -0.138427 0.475315 0.409488 0.473830 0.498591 0.477951 0.254545 0.414443 0.421548 0.373676 0.515453 0.245976 0.351789 0.470092 0.295764 0.585346 -0.021589 0.367574 -0.157890 -0.151636 -0.190008 0.115886 -0.122333 0.123700 -0.242415 0.402352 -0.071752 0.459899 0.385250 0.384008 0.104360 0.583485 0.441876 0.604752 -0.290028 0.630599 -0.083679 0.479777 -0.111493 0.381870 0.237635 0.167980 -0.122784 0.167239 -0.015321 0.405738 -0.033796 0.486944 0.111272 0.583414 -0.154557 0.413680 -0.142189 0.594718 -0.004587 -0.083800 0.092695 0.094643 0.074391 0.181698 -0.226622 -0.155386
0.440056 0.428603 0.405095 0.373618 0.158206 0.223942 0.451696 0.430271 0.301523 0.269128 0.483026 0.466366 0.447950 0.438135 0.310483 0.273167 0.000000 0.592932 0.415287 0.414016 0.262134 0.307542 0.435496 0.387709 0.441849 0.389664 0.044303 0.049425 0.531671 0.514284 0.421093 0.442120 0.433738 0.442247 0.448328 0.347887 0.407906 0.301796 0.109191 0.136140 0.025247 0.067235 0.300988 0.349347 0.338379 0.424516 0.238186 0.406902 0.150255 0.220838 0.189748 0.334789 0.174896 0.358711 0.243348 0.361603 0.509164 0.470699 0.483838 0.462899 0.489703 0.471339 0.574020 0.514964 0.501141 0.479977 0.473021 0.490602 0.400704 0.337609 0.316617 0.401047 0.261048 0.299250 0.103918 0.267316 0.226330 0.348375 0.277038 0.449144 0.360850 0.522368 0.423401 0.455602 0.470901 0.368889 0.248746 0.235356 0.134379 0.216943 0.344813 0.379698 0.282263 0.238669 0.184484 0.237367 0.309475 0.324687 0.387018 0.454503 0.305427 0.339951 0.292444 0.241611 0.279765 0.372309 0.201946 0.208511 0.020563 0.370845 0.425276 0.440565 0.401931 0.456319 0.215928 0.275402
0.372738 0.337373 0.337463 0.177294 0.020130 0.118660 0.376080 0.316523 0.304659 0.111064 0.400496 0.343868 0.408667 0.359722 0.287389 0.102040 0.592932 0.000000 0.256942 0.342624 0.194088 0.277360 0.332819 0.252766 0.401147 0.260121 -0.105068 -0.123998 0.481274 0.490469 0.361002 0.405023 0.383696 0.426430 0.453443 0.326120 0.287106 0.214691 0.018830 0.113621 -0.075170 0.011428 0.298905 0.313910 0.405968 0.464756 0.262039 0.375240 0.253403 0.295575 0.294267 0.298298 0.306771 0.197620 0.357712 0.214329 0.386712 0.352574 0.336059 0.337223 0.429309 0.359220 0.467203 0.469878 0.352536 0.435480 0.412035 0.395973 0.329307 0.186333 0.365393 0.336166 0.348452 0.391958 0.240127 0.328228 0.350431 0.395558 0.324885 0.379902 0.384903 0.388156 0.240321 0.402745 0.455635 0.194073 0.198196 0.069678 0.286774 0.024686 0.394775 0.176506 0.332044 0.074514 0.056617 0.130293 0.318986 0.194928 0.420201 0.316674 0.398623 0.172375 0.327781 0.087789 0.331128 0.171186 0.281957 0.055515 0.017519 0.393588 0.394102 0.436261 0.367180 0.445928 0.292770 0.279265
0.591069 0.630820 0.563989 0.614529 0.448546 0.470029 0.612731 0.642910 0.457300 0.468688 0.554243 0.606881 0.497912 0.588425 0.463568 0.447262 0.415287 0.256942 0.000000 0.634547 0.267535 0.270514 0.600944 0.572321 0.433108 0.484760 0.271683 0.282625 0.439819 0.388575 0.419831 0.452029 0.566198 0.532037 0.397594 0.387789 0.305862 0.306400 0.272048 0.276110 0.162890 0.127614 0.355300 0.424149 0.165987 0.338789 0.301367 0.448223 0.050489 0.100152 0.102776 0.344691 0.097511 0.413905 0.231207 0.541496 0.647397 0.644727 0.620498 0.604895 0.562401 0.605543 0.555295 0.567163 0.478737 0.507389 0.579856 0.610219 0.575460 0.551735 0.373154 0.526304 0.208361 0.239361 0.079736 0.198138 0.213264 0.348326 0.164462 0.431015 0.293316 0.493232 0.481600 0.379101 0.468337 0.476875 0.335504 0.390938 0.137263 0.381177 0.327041 0.528652 0.330299 0.442623 0.474093 0.441366 0.335107 0.486030 0.341326 0.546108 0.311310 0.411193 0.302988 0.386707 0.286243 0.532566 0.195439 0.336072 0.088071 0.257683 0.429619 0.428034 0.368372 0.454711 0.159124 -0.021794
0.627353 0.619408 0.606523 0.489054 0.306272 0.359497 0.621874 0.616265 0.450871 0.296544 0.560798 0.536089 0.528811 0.579397 0.439717 0.258091 0.414016 0.342624 0.634547 0.000000 0.282772 0.253191 0.596064 0.543022 0.400031 0.406026 0.096964 0.091114 0.508015 0.419141 0.467827 0.512429 0.584688 0.601612 0.455445 0.430999 0.366655 0.386876 0.323609 0.370632 0.213199 0.193089 0.453834 0.514292 0.314156 0.458335 0.446470 0.531915 0.234853 0.254711 0.291682 0.418999 0.303836 0.321040 0.421672 0.485784 0.602992 0.586995 0.537672 0.536067 0.565320 0.549218 0.507661 0.562352 0.369580 0.533954 0.585476 0.567812 0.624955 0.445934 0.490123 0.531302 0.378938 0.419340 0.255400 0.301938 0.404844 0.469153 0.293850 0.376810 0.402987 0.408161 0.439182 0.370108 0.553937 0.325761 0.312576 0.253777 0.342551 0.191131 0.478458 0.397297 0.474357 0.316678 0.478330 0.486082 0.483757 0.519850 0.481347 0.511347 0.472129 0.253661 0.403049 0.220260 0.429423 0.425660 0.313568 0.172980 0.083961 0.364350 0.521436 0.515865 0.440092 0.536871 0.305410 0.056845
0.244787 0.159357 0.371408 0.249058 0.260425 0.277045 0.323201 0.266994 0.289973 0.126603 0.184346 0.210594 0.206198 0.213030 0.406095 0.194877 0.262134 0.194088 0.267535 0.282772 0.000000 0.395399 0.282365 0.309853 0.312702 0.213045 0.231212 0.174481 0.318844 0.402087 0.281536 0.291101 0.122792 0.186816 0.089927 0.104857 0.354457 0.329768 0.465551 0.442176 0.287586 0.414638 0.156168 0.290258 0.190426 0.184177 0.110859 0.189388 0.082722 0.086756 0.135807 0.154692 0.147941 0.055118 0.274890 0.277737 0.233703 0.218317 0.247798 0.214128 0.212966 0.179870 0.210451 0.240301 0.235755 0.220809 0.217738 0.226425 0.208302 0.146614 0.310782 0.329827 0.230332 0.192241 0.063620 0.231835 0.159248 0.172402 0.297089 0.320959 0.393955 0.354810 0.411901 0.503979 0.332518 0.247887 0.376110 0.278869 0.182102 0.095598 0.305689 0.192652 0.212330 0.071210 0.243855 0.325911 0.304710 0.321570 0.317987 0.278088 0.298611 0.025156 0.255426 0.079364 0.342448 0.265467 0.288597 0.123788 -0.014770 0.353270 0.332520 0.291909 0.356692 0.297558 0.012063 0.284645
0.175668 0.265988 0.320869 0.364370 0.346435 0.463661 0.335577 0.317241 0.338293 0.298017 0.155605 0.334064 0.168554 0.248263 0.490541 0.418919 0.307542 0.277360 0.270514 0.253191 0.395399 0.000000 0.265180 0.298798 0.403471 0.193250 0.261246 0.281714 0.125707 0.238260 0.208703 0.318838 0.227111 0.245777 0.256409 0.093617 0.212219 0.129787 0.245440 0.198684 -0.101911 0.051399 0.034723 0.116281 0.003508 0.093704 -0.057722 0.117925 -0.148003 -0.146123 -0.094029 -0.051061 -0.064000 0.096905 0.156409 0.317344 0.293262 0.324885 0.327581 0.313937 0.253064 0.254550 0.355551 0.331923 0.373969 0.225823 0.291353 0.358024 0.250739 0.345827 0.197234 0.387219 0.040636 0.077364 0.071359 0.331092 0.181864 0.325562 -0.021569 0.330411 0.165285 0.348958 0.321184 0.530990 0.217764 0.369711 0.534372 0.458644 -0.007480 0.324311 0.151755 0.239712 0.044338 0.077039 0.156158 0.222219 0.051578 0.089243 0.222017 0.367727 0.224011 0.196579 0.257915 0.294924 0.034184 0.164431 0.026778 0.392926 0.002328 0.147965 0.200484 0.201506 0.165844 0.262841 -0.067528 0.156290
0.603736 0.582923 0.620888 0.542511 0.382173 0.412043 0.637597 0.643186 0.481318 0.340099 0.567257 0.540456 0.577355 0.586882 0.443077 0.299483 0.435496 0.332819 0.600944 0.596064 0.282365 0.265180 0.000000 0.647358 0.511941 0.525822 0.209099 0.173730 0.495079 0.475368 0.578344 0.617589 0.618296 0.605379 0.479269 0.462198 0.341107 0.358031 0.243572 0.266143 0.142873 0.167211 0.426944 0.462185 0.303965 0.425027 0.357727 0.476763 0.186212 0.219536 0.221106 0.381223 0.226213 0.335880 0.329299 0.434123 0.599227 0.569551 0.533527 0.511488 0.560159 0.556053 0.510476 0.536214 0.474290 0.578679 0.594683 0.574485 0.535068 0.429678 0.498978 0.563952 0.296034 0.368026 0.183404 0.220799 0.321297 0.410370 0.306088 0.393918 0.390462 0.458188 0.405627 0.357923 0.523784 0.375641 0.272088 0.264796 0.280897 0.236531 0.428201 0.443706 0.431877 0.387045 0.457261 0.441752 0.451710 0.458357 0.387075 0.489743 0.379742 0.339742 0.342827 0.241899 0.379001 0.439458 0.309164 0.219832 0.072309 0.405668 0.450950 0.444367 0.369498 0.450499 0.258848 0.077456
0.521860 0.543193 0.610574 0.590383 0.476102 0.472225 0.615670 0.642363 0.472783 0.363596 0.495298 0.561148 0.509872 0.572656 0.473976 0.367472 0.387709 0.252766 0.572321 0.543022 0.309853 0.298798 0.647358 0.000000 0.458103 0.529103 0.324330 0.301310 0.419729 0.458176 0.548945 0.583566 0.544896 0.543080 0.427731 0.424550 0.300218 0.302148 0.262050 0.250883 0.154186 0.161069 0.281851 0.362171 0.167956 0.296406 0.225200 0.346042 0.044023 0.070087 0.078855 0.253875 0.090937 0.222684 0.238759 0.440273 0.545612 0.548028 0.526600 0.510749 0.466277 0.526616 0.442182 0.507787 0.480345 0.520125 0.548061 0.550827 0.480588 0.469288 0.426322 0.566608 0.232410 0.307117 0.146688 0.221321 0.254194 0.365769 0.210460 0.348014 0.317020 0.457517 0.437340 0.344123 0.438825 0.366268 0.345457 0.366569 0.169447 0.291636 0.323219 0.404936 0.295763 0.300564 0.458977 0.400981 0.382890 0.455250 0.322979 0.482465 0.329256 0.287323 0.410847 0.320872 0.300501 0.394193 0.300415 0.312596 0.061494 0.335492 0.372653 0.359149 0.300921 0.412033 0.105826 0.021074
0.375834 0.432827 0.441308 0.444797 0.365549 0.447312 0.474825 0.472099 0.444618 0.429515 0.368150 0.445012 0.395529 0.412599 0.469763 0.394783 0.441849 0.401147 0.433108 0.400031 0.312702 0.403471 0.511941 0.458103 0.000000 0.496550 0.274569 0.240889 0.340431 0.395881 0.420707 0.481759 0.452649 0.428740 0.417918 0.347815 0.193501 0.163615 0.083635 0.132198 -0.076738 0.012256 0.263101 0.273907 0.167560 0.303463 0.151675 0.332631 0.012379 0.042380 0.056940 0.173156 0.089261 0.306031 0.211657 0.328559 0.466009 0.452175 0.423277 0.387207 0.425647 0.430049 0.476350 0.448330 0.512680 0.457680 0.478869 0.507043 0.394377 0.396851 0.343209 0.455961 0.141732 0.185795 0.082685 0.232071 0.219228 0.333855 0.214289 0.454635 0.262232 0.413159 0.275036 0.416239 0.375151 0.412176 0.287452 0.282411 0.129250 0.291058 0.300445 0.397153 0.265329 0.303516 0.261691 0.284729 0.227685 0.220325 0.247834 0.400826 0.256627 0.332461 0.217531 0.270818 0.199516 0.332311 0.172179 0.288993 0.047817 0.270887 0.298393 0.327063 0.267828 0.388642 0.146882 0.077104
0.419998 0.461561 0.413524 0.468437 0.456104 0.408073 0.471277 0.520536 0.443512 0.484950 0.441702 0.492717 0.440932 0.519406 0.391015 0.387384 0.389664 0.260121 0.484760 0.406026 0.213045 0.193250 0.525822 0.529103 0.496550 0.000000 0.374297 0.352659 0.402761 0.446463 0.378530 0.462670 0.462684 0.426211 0.418688 0.474360 0.255101 0.241423 0.161995 0.180246 0.121727 0.139514 0.328947 0.362942 0.208709 0.319385 0.215313 0.336748 0.060685 0.109693 0.074984 0.306965 0.061788 0.347712 0.130991 0.382551 0.478593 0.475621 0.474022 0.442838 0.371631 0.456948 0.374643 0.400421 0.468699 0.464615 0.529136 0.523928 0.401182 0.435535 0.303043 0.447530 0.177702 0.234278 0.068821 0.098118 0.113509 0.249315 0.185311 0.407960 0.284281 0.501688 0.429891 0.296530 0.384174 0.420823 0.196849 0.291827 0.097096 0.301711 0.228308 0.407946 0.236579 0.356806 0.289247 0.255108 0.267308 0.365991 0.205973 0.376645 0.191309 0.351094 0.179969 0.285719 0.180145 0.379189 0.181622 0.238212 0.091669 0.296185 0.290609 0.296645 0.280303 0.348415 0.096970 -0.022051
0.073750 0.155736 0.218918 0.400462 0.570300 0.495579 0.228392 0.258476 0.354896 0.408764 0.063054 0.282243 0.086730 0.183467 0.388961 0.468588 0.044303 -0.105068 0.271683 0.096964 0.231212 0.261246 0.209099 0.324330 0.274569 0.374297 0.000000 0.666986 0.006017 0.160355 0.137412 0.165642 0.104037 0.074822 0.005567 0.092483 -0.066135 -0.068241 0.113533 0.044904 -0.064552 -0.039206 -0.123615 -0.076161 -0.229693 -0.113977 -0.187829 -0.100557 -0.316045 -0.296537 -0.279051 -0.112101 -0.269326 0.053466 -0.117115 0.281383 0.191977 0.247488 0.266139 0.241961 0.079844 0.190725 0.119065 0.155249 0.299126 0.075430 0.163955 0.226514 0.076300 0.332239 0.043699 0.261080 -0.146491 -0.147939 -0.113039 -0.066195 -0.146596 -0.010598 -0.081048 0.233316 -0.000036 0.253913 0.221494 0.145307 0.001262 0.308159 0.327409 0.442405 -0.184987 0.386003 -0.111631 0.221950 -0.161733 0.145667 0.142405 0.081307 -0.081243 0.086721 -0.080602 0.174812 -0.041946 0.173371 0.094843 0.365762 -0.072315 0.198616 -0.004587 0.384214 0.016206 -0.028708 -0.068451 -0.018466 -0.027448 0.007070 -0.271174 -0.122587
0.035540 0.175551 0.173772 0.434293 0.572031 0.506864 0.199968 0.256357 0.308417 0.464908 0.030586 0.306542 0.029334 0.172491 0.362583 0.534806 0.049425 -0.123998 0.282625 0.091114 0.174481 0.281714 0.173730 0.301310 0.240889 0.352659 0.666986 0.000000 -0.055900 0.079791 0.064416 0.117474 0.087106 0.041835 0.030589 0.078053 -0.072583 -0.086631 0.098019 0.023791 -0.079613 -0.098990 -0.157158 -0.106767 -0.291156 -0.156411 -0.227719 -0.116991 -0.393751 -0.364817 -0.356009 -0.143779 -0.354490 0.108242 -0.178642 0.331722 0.199552 0.270325 0.289583 0.268457 0.058919 0.206390 0.136220 0.156085 0.340249 0.067219 0.170589 0.250895 0.102901 0.395063 -0.050350 0.249137 -0.193810 -0.198027 -0.167782 -0.039304 -0.196202 -0.018465 -0.205423 0.247708 -0.090036 0.279594 0.247950 0.149405 -0.037970 0.376059 0.351026 0.513629 -0.278017 0.478136 -0.170348 0.272425 -0.225670 0.190965 0.135286 0.050400 -0.158754 0.082247 -0.107336 0.215608 -0.108923 0.236238 0.076739 0.447724 -0.166647 0.234021 -0.110025 0.456057 0.022358 -0.121858 -0.085742 -0.036972 -0.043052 0.014758 -0.315789 -0.178460
0.572797 0.426525 0.495075 0.266885 0.156345 0.133750 0.506201 0.440168 0.402351 0.121060 0.585594 0.400848 0.583084 0.520182 0.327531 0.075568 0.531671 0.481274 0.439819 0.508015 0.318844 0.125707 0.495079 0.419729 0.340431 0.402761 0.006017 -0.055900 0.000000 0.605871 0.502982 0.482487 0.501146 0.542103 0.440928 0.440399 0.458641 0.443158 0.273605 0.335929 0.246214 0.294577 0.491202 0.533663 0.515822 0.567110 0.485939 0.532666 0.420039 0.458204 0.452305 0.536671 0.425906 0.274990 0.445156 0.334679 0.490953 0.435671 0.409409 0.391027 0.527574 0.459136 0.463194 0.500685 0.292916 0.511435 0.488067 0.424899 0.406724 0.180785 0.533917 0.456579 0.474576 0.503851 0.310459 0.268087 0.390390 0.411728 0.515848 0.390056 0.563102 0.456829 0.428682 0.364907 0.585192 0.210588 0.192913 0.072231 0.409706 -0.013558 0.504484 0.257352 0.490564 0.198990 0.303219 0.344965 0.561730 0.470322 0.509012 0.378983 0.461788 0.160296 0.335147 0.034627 0.530346 0.360989 0.402862 -0.041700 0.105830 0.536370 0.532356 0.527433 0.469282 0.481481 0.407884 0.246967
0.488469 0.372161 0.494240 0.300005 0.258227 0.231254 0.494451 0.435639 0.421739 0.161496 0.504130 0.411091 0.533665 0.494547 0.415156 0.155975 0.514284 0.490469 0.388575 0.419141 0.402087 0.238260 0.475368 0.458176 0.395881 0.446463 0.160355 0.079791 0.605871 0.000000 0.476213 0.477717 0.412132 0.465617 0.364615 0.393973 0.385827 0.362770 0.265405 0.313696 0.176687 0.286414 0.361851 0.432462 0.422632 0.449048 0.298709 0.374003 0.290880 0.322089 0.321588 0.382775 0.308131 0.139791 0.369506 0.278464 0.438677 0.395269 0.395962 0.363094 0.457236 0.393125 0.407877 0.470467 0.341783 0.460156 0.451686 0.406975 0.301993 0.179781 0.514029 0.451201 0.392903 0.461629 0.250360 0.255316 0.303288 0.335900 0.474550 0.382528 0.559408 0.498756 0.426943 0.424457 0.514858 0.212981 0.261394 0.157716 0.337117 0.020695 0.403115 0.198088 0.378218 0.135610 0.233291 0.270203 0.482582 0.395023 0.416213 0.322548 0.424104 0.141011 0.343531 0.064233 0.466667 0.275864 0.460119 0.040404 -0.018210 0.546672 0.442861 0.425717 0.397077 0.407608 0.224149 0.281300
0.515855 0.421508 0.562600 0.362357 0.236727 0.246506 0.537278 0.485285 0.428874 0.091118 0.502474 0.403480 0.543754 0.467679 0.345202 0.083930 0.421093 0.361002 0.419831 0.467827 0.281536 0.208703 0.578344 0.548945 0.420707 0.378530 0.137412 0.064416 0.502982 0.476213 0.000000 0.642872 0.543019 0.563950 0.411681 0.385422 0.338994 0.359254 0.193629 0.217429 0.125915 0.142232 0.354708 0.387541 0.329592 0.417611 0.376808 0.428479 0.273004 0.288697 0.312700 0.357842 0.321451 0.175022 0.390774 0.281029 0.455121 0.420465 0.368914 0.365809 0.482956 0.431441 0.401096 0.456856 0.319798 0.482991 0.429548 0.391662 0.381411 0.225751 0.544281 0.486023 0.322162 0.413750 0.288696 0.187389 0.399990 0.412201 0.420368 0.232313 0.425624 0.296824 0.262727 0.242722 0.484769 0.164172 0.211803 0.117357 0.355435 0.041503 0.455548 0.241437 0.416272 0.147242 0.362936 0.361096 0.506285 0.362818 0.417170 0.375037 0.431787 0.139819 0.420909 0.084183 0.446869 0.249610 0.388801 0.070541 0.116714 0.442851 0.410251 0.401750 0.277656 0.371812 0.341844 0.179446
0.527525 0.474374 0.580310 0.408121 0.283548 0.333647 0.581553 0.551764 0.475746 0.199170 0.493662 0.468914 0.533049 0.517001 0.412124 0.174782 0.442120 0.405023 0.452029 0.512429 0.291101 0.318838 0.617589 0.583566 0.481759 0.462670 0.165642 0.117474 0.482487 0.477717 0.642872 0.000000 0.583473 0.609507 0.499304 0.451483 0.337997 0.347574 0.221855 0.255992 0.086391 0.143410 0.392373 0.421964 0.345920 0.447443 0.368411 0.447511 0.243341 0.254994 0.284700 0.345200 0.303093 0.213839 0.408139 0.352890 0.498026 0.471609 0.427142 0.421327 0.490016 0.467689 0.428095 0.486637 0.396492 0.537029 0.528293 0.486867 0.466938 0.324084 0.531184 0.543307 0.351281 0.433435 0.294125 0.262784 0.421981 0.475464 0.363488 0.331162 0.424061 0.377731 0.328615 0.332417 0.511519 0.254134 0.275710 0.196291 0.351664 0.117662 0.472793 0.285649 0.424547 0.195120 0.364763 0.385178 0.475686 0.368260 0.435913 0.423485 0.451922 0.197793 0.419547 0.140666 0.401351 0.260468 0.354687 0.146897 0.104755 0.449559 0.423677 0.434639 0.332138 0.445692 0.305442 0.170105
0.612141 0.593436 0.554265 0.461449 0.304494 0.351454 0.610831 0.607433 0.493060 0.328639 0.597824 0.564050 0.581920 0.610278 0.407737 0.261330 0.433738 0.383696 0.566198 0.584688 0.122792 0.227111 0.618296 0.544896 0.452649 0.462684 0.104037 0.087106 0.501146 0.412132 0.543019 0.583473 0.000000 0.669090 0.551470 0.485248 0.275114 0.289525 0.132685 0.196519 0.033399 0.048970 0.450451 0.446668 0.323737 0.479629 0.422212 0.525338 0.232772 0.265113 0.269291 0.404555 0.270596 0.337103 0.352570 0.411929 0.619102 0.599062 0.532171 0.530582 0.597621 0.596023 0.537281 0.590947 0.403982 0.574369 0.605188 0.573672 0.544018 0.425104 0.499351 0.553608 0.340760 0.412474 0.287155 0.278027 0.416115 0.496729 0.277915 0.353770 0.352286 0.400093 0.324633 0.284914 0.515360 0.314192 0.239953 0.196293 0.300669 0.191001 0.425581 0.373571 0.431927 0.297778 0.387745 0.368220 0.429077 0.387148 0.400475 0.467003 0.413662 0.312463 0.347395 0.221744 0.340638 0.362564 0.245029 0.170019 0.142988 0.355018 0.452299 0.469422 0.318040 0.471565 0.367822 -0.000306
0.631331 0.567276 0.599542 0.404934 0.271932 0.310802 0.631099 0.596596 0.503680 0.230386 0.593693 0.525518 0.601657 0.607742 0.431325 0.183615 0.442247 0.426430 0.532037 0.601612 0.186816 0.245777 0.605379 0.543080 0.428740 0.426211 0.074822 0.041835 0.542103 0.465617 0.563950 0.609507 0.669090 0.000000 0.552519 0.509403 0.310597 0.335913 0.186550 0.269430 0.075387 0.117701 0.491580 0.497305 0.403999 0.544622 0.478698 0.551759 0.324572 0.342548 0.368695 0.443544 0.378694 0.262079 0.467217 0.383284 0.587654 0.563409 0.489515 0.495170 0.596651 0.568059 0.505811 0.591094 0.360397 0.594260 0.602896 0.552227 0.545060 0.357096 0.576783 0.564571 0.433180 0.502890 0.374375 0.324355 0.515668 0.560529 0.372220 0.352989 0.453744 0.387721 0.329710 0.309071 0.567192 0.250256 0.266329 0.150847 0.406821 0.092091 0.518202 0.304409 0.505586 0.217991 0.374233 0.383033 0.511018 0.409462 0.496666 0.457179 0.512601 0.201244 0.415693 0.138610 0.439755 0.298703 0.344610 0.089799 0.143427 0.437146 0.489289 0.526131 0.384377 0.518843 0.406080 0.089140
0.443379 0.481091 0.437199 0.322406 0.202527 0.235764 0.481507 0.465130 0.412318 0.246715 0.465670 0.430484 0.474041 0.494842 0.366555 0.200767 0.448328 0.453443 0.397594 0.455445 0.089927 0.256409 0.479269 0.427731 0.417918 0.418688 0.005567 0.030589 0.440928 0.364615 0.411681 0.499304 0.551470 0.552519 0.000000 0.535417 0.309198 0.309946 0.132722 0.219571 0.030751 0.015124 0.414378 0.401060 0.361440 0.477363 0.382973 0.467195 0.230367 0.253836 0.256189 0.354518 0.261203 0.264997 0.370107 0.345677 0.456945 0.448664 0.384746 0.390204 0.443900 0.440361 0.439839 0.477328 0.417594 0.534350 0.564072 0.515503 0.475341 0.334910 0.398548 0.468459 0.369037 0.435950 0.359041 0.362741 0.435477 0.518766 0.227787 0.353267 0.323308 0.391182 0.309060 0.297784 0.485135 0.274841 0.268092 0.198173 0.296679 0.130784 0.402281 0.288257 0.367664 0.200314 0.268287 0.255826 0.362319 0.325099 0.423371 0.436981 0.379491 0.222443 0.360515 0.178925 0.271081 0.267751 0.171245 0.134423 0.165622 0.308686 0.431300 0.443680 0.343167 0.498399 0.339704 0.012760
0.447893 0.415896 0.420880 0.281815 0.249586 0.214935 0.477718 0.460352 0.410491 0.234010 0.467368 0.414671 0.470817 0.496785 0.343774 0.150786 0.347887 0.326120 0.387789 0.430999 0.104857 0.093617 0.462198 0.424550 0.347815 0.474360 0.092483 0.078053 0.440399 0.393973 0.385422 0.451483 0.485248 0.509403 0.535417 0.000000 0.270156 0.307973 0.164082 0.249763 0.144502 0.152528 0.459441 0.436545 0.363083 0.468205 0.426018 0.470214 0.280205 0.298559 0.298094 0.381837 0.303271 0.218559 0.364278 0.292119 0.408449 0.391152 0.365940 0.365458 0.405188 0.409855 0.330131 0.406752 0.352898 0.531701 0.551276 0.492064 0.466011 0.319860 0.412761 0.438169 0.397122 0.446455 0.309542 0.222373 0.395392 0.421601 0.308084 0.263263 0.382850 0.361833 0.345262 0.211225 0.481787 0.187397 0.153036 0.102972 0.347047 0.057682 0.425424 0.309939 0.434719 0.259971 0.287204 0.273140 0.393744 0.366215 0.384316 0.365068 0.396521 0.187288 0.310534 0.106093 0.353033 0.244960 0.272661 0.023196 0.144030 0.327653 0.399595 0.404618 0.368314 0.452883 0.303619 0.022212
0.381579 0.288396 0.385093 0.222476 0.078255 0.075370 0.351170 0.298926 0.210521 0.054188 0.364533 0.242965 0.367104 0.317129 0.225118 0.050848 0.407906 0.287106 0.305862 0.366655 0.354457 0.212219 0.341107 0.300218 0.193501 0.255101 -0.066135 -0.072583 0.458641 0.385827 0.338994 0.337997 0.275114 0.310597 0.309198 0.270156 0.000000 0.648353 0.481590 0.435888 0.451411 0.438402 0.418536 0.515700 0.404150 0.379882 0.383705 0.465267 0.316250 0.342970 0.342799 0.431318 0.292107 0.250409 0.371776 0.319015 0.324473 0.264475 0.290795 0.274349 0.342617 0.275911 0.333789 0.293624 0.275616 0.371461 0.321316 0.290411 0.324751 0.140849 0.329794 0.330973 0.291420 0.327937 0.168803 0.227808 0.244207 0.269025 0.264322 0.203660 0.448786 0.413068 0.483207 0.440666 0.520705 0.271291 0.283031 0.181778 0.282063 0.051806 0.425497 0.301124 0.370941 0.189204 0.289084 0.339280 0.464639 0.499973 0.472279 0.431108 0.328499 0.127725 0.308102 0.065604 0.382328 0.356345 0.185654 0.007955 0.087052 0.434019 0.530305 0.428671 0.428458 0.391274 0.263285 0.332846
0.408062 0.296234 0.408921 0.195880 0.082928 0.061594 0.361521 0.304168 0.237341 0.008957 0.366635 0.213571 0.381773 0.318214 0.217320 -0.016706 0.301796 0.214691 0.306400 0.386876 0.329768 0.129787 0.358031 0.302148 0.163615 0.241423 -0.068241 -0.086631 0.443158 0.362770 0.359254 0.347574 0.289525 0.335913 0.309946 0.307973 0.648353 0.000000 0.512493 0.505684 0.508184 0.453542 0.472425 0.551273 0.418482 0.399869 0.472336 0.501155 0.381651 0.397340 0.407700 0.475434 0.356134 0.224007 0.443167 0.313403 0.312840 0.248698 0.247851 0.236029 0.354700 0.261121 0.281644 0.269412 0.201909 0.378303 0.311278 0.255599 0.336125 0.099663 0.396672 0.348205 0.322229 0.372377 0.234545 0.180423 0.305604 0.289545 0.302045 0.155484 0.466450 0.345360 0.418405 0.352033 0.530219 0.215694 0.248649 0.131704 0.375465 -0.004699 0.465862 0.264451 0.424870 0.206048 0.359595 0.395300 0.520144 0.542697 0.499451 0.417883 0.351625 0.081845 0.319434 0.015758 0.438774 0.335355 0.211085 -0.065466 0.132778 0.429319 0.547729 0.439442 0.398180 0.378788 0.309648 0.284383
