0.000000,0.805234,0.528411,0.706454,0.393802,0.207842,0.782924,0.797903,0.170383,0.210035,0.718867,0.596486,0.750352,0.537049,0.326892,0.267582,0.587219,0.566482,0.741381,0.759727,0.310435,0.273201,0.666351,0.499281,0.388151,0.459579,0.245445,0.222369,0.568137,0.477135,0.553904,0.673399,0.759622,0.794323,0.641094,0.592337,0.380851,0.385625,0.482996,0.453118,0.285004,0.349236,0.469291,0.554832,0.341088,0.525336,0.495784,0.501626,0.514888,0.464417,0.508884,0.445495,0.502956,0.395064,0.560356,0.469805,0.845921,0.792933,0.810919,0.675277,0.812577,0.597601,0.628319,0.610912,0.690178,0.651756,0.735534,0.658949,0.675194,0.579689,0.620457,0.453576,0.466597,0.536288,0.432693,0.457040,0.463926,0.496933,0.498524,0.365572,0.649290,0.477137,0.271791,0.220150,0.636423,0.354124,0.227776,0.159166,0.659232,0.308953,0.510815,0.423432,0.450727,0.384216,0.274124,0.319854,0.401873,0.394452,0.382873,0.387388,0.484261,0.469685,0.451798,0.441566,0.524893,0.344559,0.282984,0.205705,0.240354,0.315375,0.344105,0.307463,0.384761,0.474757,0.282582,0.131325
0.805234,0.000000,0.544117,0.743017,0.331972,0.086572,0.735979,0.760233,0.037153,0.050021,0.604733,0.592109,0.610162,0.528307,0.274817,0.200498,0.591907,0.588065,0.714814,0.768440,0.341268,0.291252,0.694679,0.540660,0.371517,0.455888,0.086318,0.126115,0.595044,0.493892,0.550790,0.691625,0.747840,0.804489,0.591176,0.611822,0.332211,0.345707,0.393190,0.341300,0.178466,0.317708,0.429033,0.510297,0.324860,0.491283,0.421548,0.404292,0.420365,0.411675,0.395841,0.399886,0.365064,0.233776,0.460553,0.400409,0.800228,0.806636,0.743524,0.699388,0.747994,0.726910,0.542294,0.676588,0.641299,0.671744,0.678571,0.674029,0.626823,0.558880,0.594848,0.525359,0.518787,0.534876,0.468163,0.485652,0.516636,0.555524,0.432393,0.402805,0.538904,0.519615,0.272860,0.276707,0.493490,0.426917,0.220175,0.226028,0.464858,0.367207,0.428666,0.371958,0.353034,0.330056,0.262538,0.326310,0.440902,0.426163,0.438384,0.431231,0.445390,0.466341,0.400841,0.464274,0.405471,0.306124,0.233881,0.236142,0.231425,0.370296,0.396831,0.355176,0.403063,0.386730,0.251185,0.028388
0.528411,0.544117,0.000000,0.749298,0.486482,0.208905,0.719256,0.569564,0.119643,0.112449,0.414864,0.287795,0.443898,0.310891,0.510717,0.120111,0.414219,0.384446,0.680229,0.708646,0.524291,0.435356,0.795542,0.860022,0.555480,0.460739,0.503752,0.504007,0.410103,0.424659,0.643261,0.664846,0.489488,0.543361,0.501462,0.526020,0.473141,0.294156,0.402588,0.253191,0.378494,0.452059,-0.015196,0.113798,0.007244,0.172188,0.139583,0.092536,0.084399,-0.029731,-0.033986,-0.135802,0.024795,-0.233957,0.277844,0.253525,0.464540,0.487513,0.458024,0.513542,0.380914,0.313835,0.520549,0.357172,0.608924,0.369583,0.509958,0.611805,0.621917,0.525578,0.557505,0.488801,0.250816,0.283133,0.380960,0.447896,0.214488,0.266781,0.221296,0.184139,0.443472,0.391987,0.475352,0.505354,0.466056,0.080388,0.541374,0.577074,0.282878,0.137783,0.085281,-0.127069,-0.090430,-0.223834,0.156661,0.164762,0.292785,0.251692,0.309989,0.216320,0.709100,0.102136,0.707242,0.534932,0.303650,-0.067498,0.663201,0.655524,0.147006,0.171323,0.224910,-0.046778,0.069538,-0.005511,-0.124625,-0.114201
0.706454,0.743017,0.749298,0.000000,0.549795,0.342346,0.837510,0.808118,0.210025,0.233560,0.636362,0.585605,0.608430,0.570561,0.527812,0.374623,0.547078,0.508793,0.783588,0.793355,0.484543,0.381254,0.844100,0.738629,0.549981,0.561502,0.321236,0.463464,0.474540,0.539806,0.698174,0.769403,0.704453,0.737154,0.610812,0.637272,0.414053,0.332728,0.520106,0.393974,0.217798,0.468338,0.302741,0.384298,0.286653,0.410159,0.387934,0.298265,0.367479,0.257871,0.285204,0.230528,0.284795,0.024771,0.517733,0.353903,0.655248,0.677365,0.668418,0.604130,0.593343,0.494806,0.586826,0.457261,0.645833,0.524583,0.694926,0.706241,0.651022,0.616195,0.664549,0.568809,0.354726,0.452239,0.574899,0.483398,0.476194,0.499576,0.377772,0.209253,0.547039,0.440981,0.398065,0.427651,0.506775,0.339742,0.413797,0.431823,0.425451,0.347018,0.406085,0.212107,0.294279,0.158676,0.216515,0.285007,0.412669,0.408575,0.450209,0.420370,0.623634,0.351569,0.613831,0.620975,0.440392,0.199159,0.432993,0.448061,0.220690,0.316077,0.363334,0.234039,0.268540,0.303842,0.188875,-0.119909
0.393802,0.331972,0.486482,0.549795,0.000000,0.721302,0.539426,0.498809,0.240494,0.485689,0.606412,0.570199,0.471151,0.599251,0.578022,0.660707,0.457289,0.389745,0.377008,0.388083,0.586845,0.436955,0.527284,0.463246,0.722997,0.784238,0.471643,0.677974,0.393947,0.628986,0.621983,0.633226,0.509007,0.503871,0.585731,0.590097,0.610722,0.503447,0.637503,0.467358,0.318181,0.566197,0.142431,0.183385,0.113618,0.100450,0.294612,0.136550,0.213937,0.002271,0.199994,0.046089,0.204560,-0.045559,0.474028,0.209402,0.320217,0.297696,0.411469,0.096581,0.347586,0.050189,0.496021,0.212825,0.466485,0.186709,0.435920,0.360560,0.358290,0.342551,0.553468,0.510450,0.293933,0.478653,0.573620,0.355787,0.437085,0.425867,0.305955,-0.029959,0.500539,0.299142,0.349750,0.460662,0.418651,0.132171,0.344416,0.394107,0.385776,0.182784,0.404186,0.166748,0.290025,0.082857,0.235744,0.399702,0.446801,0.474920,0.462529,0.428298,0.576693,0.278222,0.649402,0.603234,0.370659,0.077496,0.512555,0.549767,0.188707,0.393736,0.373932,0.211702,0.208489,0.241085,0.209212,-0.092115
0.207842,0.086572,0.208905,0.342346,0.721302,0.000000,0.326260,0.346097,0.414648,0.784574,0.474932,0.483692,0.328244,0.501277,0.427590,0.784968,0.259605,0.212854,0.167036,0.144329,0.331417,0.229010,0.265938,0.170309,0.559456,0.603854,0.383481,0.620284,0.165591,0.447487,0.469210,0.372086,0.334793,0.301495,0.386122,0.395544,0.430568,0.299164,0.577743,0.483968,0.183320,0.498174,0.103653,0.166264,0.211248,0.090668,0.233872,0.092489,0.257489,0.061272,0.226112,0.080643,0.160982,0.007417,0.380920,0.108384,0.158409,0.153055,0.269551,-0.052503,0.167385,-0.141640,0.386478,0.018564,0.251213,-0.014949,0.292924,0.200291,0.200437,0.163145,0.316655,0.196074,0.040945,0.233128,0.419302,0.155850,0.287219,0.242824,0.244682,-0.197891,0.362739,0.043547,0.159914,0.321936,0.232828,0.003061,0.159928,0.227107,0.334644,0.040884,0.338679,0.138918,0.315050,0.116426,0.167563,0.261264,0.246557,0.304656,0.263531,0.242232,0.302284,0.189180,0.408841,0.383792,0.314832,0.086596,0.290905,0.308084,0.089282,0.283823,0.228766,0.110104,0.073506,0.225678,0.219291,-0.074426
0.782924,0.735979,0.719256,0.837510,0.539426,0.326260,0.000000,0.835688,0.250449,0.241971,0.717196,0.603705,0.721690,0.578129,0.487731,0.349961,0.581197,0.559680,0.763945,0.765775,0.445952,0.350587,0.838407,0.693205,0.567484,0.580179,0.330716,0.396899,0.549453,0.574219,0.722719,0.791560,0.764934,0.791247,0.676494,0.693084,0.459499,0.398040,0.513241,0.414946,0.240226,0.428490,0.335300,0.450844,0.308239,0.431726,0.421773,0.349347,0.416348,0.329569,0.354707,0.295074,0.356437,0.137728,0.523900,0.362102,0.714092,0.696790,0.725483,0.592390,0.699667,0.522173,0.609221,0.508396,0.750303,0.632984,0.735200,0.709332,0.660284,0.625562,0.721024,0.568430,0.431166,0.514893,0.536862,0.468123,0.510842,0.521132,0.493651,0.286107,0.622733,0.476756,0.383292,0.385713,0.590632,0.303992,0.342053,0.332158,0.545994,0.260169,0.459356,0.293220,0.351892,0.213138,0.267611,0.319249,0.455154,0.433038,0.468119,0.441375,0.603578,0.393655,0.603436,0.564016,0.481438,0.249929,0.443756,0.392275,0.199352,0.341548,0.416817,0.302157,0.357132,0.395370,0.241326,-0.036223
0.797903,0.760233,0.569564,0.808118,0.498809,0.346097,0.835688,0.000000,0.298019,0.323493,0.739139,0.732532,0.741452,0.690642,0.420331,0.422509,0.567142,0.616406,0.705573,0.702924,0.363423,0.278789,0.754416,0.597212,0.440075,0.525362,0.293394,0.365873,0.536476,0.560827,0.678440,0.789533,0.798223,0.818335,0.648950,0.660891,0.386271,0.351895,0.507047,0.445594,0.183817,0.390723,0.452637,0.521746,0.391501,0.514548,0.511802,0.452453,0.534369,0.458551,0.511862,0.440068,0.487594,0.300023,0.597242,0.411003,0.721840,0.733641,0.749036,0.594735,0.741356,0.585601,0.610668,0.552963,0.661455,0.646923,0.757837,0.704130,0.599985,0.615822,0.694343,0.550306,0.436117,0.529656,0.525789,0.463892,0.552682,0.567640,0.462774,0.253237,0.574332,0.445251,0.279529,0.336064,0.569072,0.376736,0.204755,0.254082,0.604643,0.325936,0.560640,0.405882,0.499596,0.362378,0.263251,0.336770,0.416214,0.429208,0.451003,0.443634,0.508399,0.471471,0.492762,0.534256,0.479629,0.289183,0.274791,0.287823,0.222302,0.334723,0.397290,0.363212,0.387225,0.431034,0.272292,-0.011051
0.170383,0.037153,0.119643,0.210025,0.240494,0.414648,0.250449,0.298019,0.000000,0.431005,0.286894,0.314174,0.374558,0.338664,0.540046,0.383906,0.160747,0.253054,0.162591,0.081096,0.121002,0.139245,0.219407,0.117669,0.311543,0.269857,0.426591,0.425792,0.127230,0.243959,0.329885,0.237996,0.219393,0.183105,0.294915,0.266043,0.169034,0.146285,0.303723,0.359501,0.146927,0.276610,0.204053,0.264232,0.271490,0.268925,0.265927,0.264989,0.367181,0.288867,0.302581,0.206723,0.301741,0.204972,0.334731,0.212445,0.151764,0.197354,0.201545,0.122230,0.174257,-0.044721,0.297754,0.077856,0.190292,0.079978,0.306854,0.273545,0.184100,0.285891,0.259192,0.057093,0.018026,0.097650,0.176098,0.158808,0.214013,0.193188,0.200196,0.040630,0.267523,0.093159,0.213101,0.214064,0.254192,0.020923,0.091885,0.133215,0.407752,-0.039190,0.263939,0.113199,0.248831,0.126168,0.188216,0.102705,0.141044,0.154778,0.143175,0.111486,0.164773,0.124417,0.207543,0.117776,0.268456,0.134554,0.115478,0.086971,0.044513,0.094198,0.169268,0.142685,0.092157,0.209162,0.095942,0.086859
0.210035,0.050021,0.112449,0.233560,0.485689,0.784574,0.241971,0.323493,0.431005,0.000000,0.432628,0.433851,0.335790,0.448307,0.265017,0.707787,0.179571,0.196561,0.122788,0.091001,0.136998,0.078863,0.165133,0.106175,0.283363,0.340588,0.391349,0.482534,0.109808,0.290051,0.322912,0.249712,0.279792,0.237591,0.330445,0.296138,0.331565,0.148606,0.478208,0.457177,0.188671,0.376715,0.146156,0.218284,0.260372,0.161928,0.251834,0.200522,0.317275,0.134619,0.276063,0.104645,0.193796,0.155536,0.295939,0.157484,0.155188,0.160105,0.254350,-0.003825,0.180839,-0.104298,0.376942,0.037970,0.198630,-0.007132,0.287209,0.173725,0.173521,0.149249,0.198529,0.058186,-0.031544,0.118579,0.226247,0.144119,0.177261,0.180436,0.107928,-0.126936,0.247204,-0.010165,0.071412,0.245426,0.231168,-0.019197,-0.028191,0.127482,0.380237,0.051189,0.302028,0.169750,0.297146,0.169398,0.148486,0.185496,0.097199,0.174925,0.146263,0.114290,0.196297,0.228023,0.281137,0.258379,0.313409,0.079170,0.160884,0.229154,0.111845,0.158664,0.117722,0.042028,0.048135,0.180020,0.114073,0.062435
0.718867,0.604733,0.414864,0.636362,0.606412,0.474932,0.717196,0.739139,0.286894,0.432628,0.000000,0.764130,0.822935,0.750438,0.487108,0.566054,0.699833,0.675042,0.567928,0.569343,0.488465,0.384382,0.603736,0.428277,0.492222,0.608152,0.341884,0.425543,0.643037,0.696350,0.632323,0.700712,0.719842,0.709495,0.682724,0.665411,0.577949,0.589810,0.628327,0.581946,0.370538,0.495459,0.500280,0.582333,0.400453,0.437112,0.571345,0.483808,0.539287,0.397465,0.551010,0.451900,0.507641,0.335518,0.636609,0.411490,0.662715,0.632577,0.662974,0.400283,0.697176,0.430881,0.627522,0.538111,0.662940,0.584128,0.664918,0.534889,0.436793,0.479398,0.712704,0.588612,0.560174,0.699438,0.563611,0.472224,0.631821,0.647088,0.515853,0.308614,0.661391,0.541023,0.355904,0.364704,0.637838,0.466944,0.195177,0.207534,0.621002,0.395569,0.663461,0.532667,0.589740,0.463705,0.341205,0.475528,0.561450,0.564299,0.549373,0.562948,0.532307,0.521087,0.509491,0.584113,0.532444,0.385941,0.253662,0.278569,0.274959,0.486890,0.535028,0.467630,0.470066,0.556394,0.438769,0.086929
0.596486,0.592109,0.287795,0.585605,0.570199,0.483692,0.603705,0.732532,0.314174,0.433851,0.764130,0.000000,0.698228,0.856059,0.417365,0.654601,0.547286,0.658184,0.412592,0.429917,0.414679,0.292739,0.505935,0.342216,0.419412,0.569652,0.229388,0.355957,0.570899,0.694472,0.587154,0.684013,0.702911,0.684384,0.578780,0.633610,0.476174,0.525121,0.540483,0.483044,0.228011,0.455065,0.477794,0.510483,0.418285,0.397638,0.539711,0.426898,0.536620,0.468085,0.602850,0.548275,0.517726,0.331307,0.606370,0.357444,0.531381,0.531798,0.600200,0.295824,0.633027,0.484699,0.451379,0.496220,0.511025,0.527667,0.575785,0.475442,0.300659,0.376675,0.671241,0.602407,0.571567,0.662888,0.584945,0.371029,0.694319,0.685685,0.399519,0.162971,0.485558,0.433005,0.210504,0.418720,0.440041,0.464871,0.022953,0.196973,0.525763,0.339223,0.643923,0.525749,0.619485,0.496435,0.309458,0.444212,0.506558,0.558007,0.549951,0.573464,0.420341,0.565265,0.388280,0.552143,0.434560,0.332665,0.125880,0.231174,0.234069,0.478872,0.535108,0.545417,0.475790,0.488560,0.398288,0.013649
0.750352,0.610162,0.443898,0.608430,0.471151,0.328244,0.721690,0.741452,0.374558,0.335790,0.822935,0.698228,0.000000,0.679290,0.531120,0.413884,0.648683,0.697425,0.585861,0.579392,0.442020,0.400660,0.631017,0.475347,0.444753,0.499381,0.419515,0.372139,0.622140,0.622857,0.575799,0.666849,0.685619,0.676813,0.698060,0.647747,0.508839,0.553749,0.533947,0.545810,0.451091,0.468769,0.515438,0.571118,0.411738,0.516077,0.594044,0.563104,0.592287,0.503994,0.594822,0.508977,0.600032,0.430163,0.637020,0.494161,0.691843,0.683778,0.662074,0.504219,0.720706,0.456838,0.622296,0.594179,0.678927,0.633545,0.704993,0.606575,0.493529,0.543621,0.695425,0.481662,0.539620,0.659526,0.434141,0.456378,0.527512,0.549926,0.500183,0.344362,0.667743,0.589480,0.433768,0.373830,0.724875,0.448243,0.257333,0.226725,0.710278,0.323040,0.574261,0.424554,0.499193,0.371134,0.308676,0.366450,0.457791,0.437031,0.409092,0.405930,0.506782,0.416390,0.460940,0.428964,0.461770,0.271938,0.236402,0.219930,0.243946,0.413066,0.438448,0.359445,0.363152,0.457161,0.273800,0.075198
0.537049,0.528307,0.310891,0.570561,0.599251,0.501277,0.578129,0.690642,0.338664,0.448307,0.750438,0.856059,0.679290,0.000000,0.458328,0.663542,0.606072,0.650692,0.410189,0.414575,0.482142,0.343200,0.519157,0.376912,0.463952,0.598833,0.290894,0.425179,0.621708,0.718601,0.600520,0.676122,0.682376,0.649225,0.594130,0.627880,0.543679,0.556458,0.608754,0.500285,0.294778,0.491636,0.456601,0.517459,0.420961,0.365538,0.535948,0.428894,0.494031,0.369292,0.540453,0.455612,0.467140,0.278901,0.614148,0.366714,0.498050,0.490425,0.527788,0.232226,0.589326,0.390170,0.527804,0.458065,0.543996,0.474345,0.553536,0.444800,0.249963,0.365538,0.687968,0.664741,0.611406,0.678478,0.614404,0.436214,0.713659,0.718915,0.363964,0.243499,0.530573,0.530168,0.261517,0.480329,0.511769,0.542064,0.060977,0.280811,0.482220,0.431694,0.649508,0.538273,0.592005,0.478632,0.348412,0.515539,0.577928,0.637911,0.629622,0.628831,0.458394,0.545672,0.444736,0.616180,0.461340,0.354774,0.137581,0.299673,0.296342,0.532514,0.573787,0.552146,0.505337,0.468334,0.407731,0.055370
0.326892,0.274817,0.510717,0.527812,0.578022,0.427590,0.487731,0.420331,0.540046,0.265017,0.487108,0.417365,0.531120,0.458328,0.000000,0.464395,0.360665,0.415253,0.449438,0.410518,0.624855,0.600074,0.541460,0.500332,0.643830,0.553872,0.626007,0.714403,0.317053,0.571299,0.490356,0.505701,0.362684,0.353908,0.550359,0.553658,0.475826,0.487613,0.516215,0.496204,0.449998,0.599458,0.209869,0.232183,0.181347,0.238735,0.344120,0.271133,0.271688,0.136430,0.220366,0.109402,0.311481,0.003398,0.524609,0.351301,0.297829,0.337798,0.310165,0.254098,0.267580,0.074384,0.408192,0.200422,0.447168,0.249133,0.471276,0.464115,0.402721,0.512143,0.495191,0.365372,0.238552,0.403988,0.479330,0.390887,0.370817,0.369770,0.281577,0.042907,0.478868,0.416134,0.666841,0.606203,0.514183,0.303460,0.615925,0.560820,0.436831,0.274472,0.332004,0.067307,0.204261,0.010461,0.247678,0.249407,0.380319,0.364027,0.318672,0.305409,0.548450,0.131243,0.520865,0.430578,0.307598,0.056443,0.415812,0.426015,0.097186,0.291395,0.366585,0.163456,0.083420,0.171205,0.114417,-0.149670
0.267582,0.200498,0.120111,0.374623,0.660707,0.784968,0.349961,0.422509,0.383906,0.707787,0.566054,0.654601,0.413884,0.663542,0.464395,0.000000,0.294926,0.323615,0.236996,0.204969,0.354657,0.247853,0.266983,0.100867,0.441242,0.557902,0.295826,0.561486,0.242603,0.538491,0.410562,0.402111,0.441940,0.387545,0.451162,0.517702,0.407283,0.372044,0.589471,0.528364,0.168626,0.492299,0.305270,0.323938,0.363875,0.184538,0.397707,0.257033,0.365847,0.198200,0.402399,0.276294,0.333176,0.158219,0.522806,0.223626,0.224783,0.191489,0.322462,-0.043583,0.263502,0.015861,0.321023,0.055644,0.280269,0.110621,0.374366,0.227477,0.195396,0.259839,0.375295,0.301893,0.232904,0.384839,0.522130,0.188534,0.518344,0.466764,0.258884,-0.142726,0.340865,0.142641,0.204606,0.429449,0.249776,0.267627,0.086968,0.249273,0.393124,0.277172,0.559398,0.392699,0.545732,0.391249,0.238666,0.346426,0.359441,0.459670,0.419572,0.453355,0.296579,0.435225,0.327030,0.480132,0.406853,0.294882,0.132118,0.230960,0.113207,0.358238,0.418819,0.396470,0.276415,0.419285,0.407321,-0.072178
0.587219,0.591907,0.414219,0.547078,0.457289,0.259605,0.581197,0.567142,0.160747,0.179571,0.699833,0.547286,0.648683,0.606072,0.360665,0.294926,0.000000,0.741542,0.504875,0.536997,0.484581,0.367332,0.542821,0.413933,0.501516,0.569609,0.258121,0.312934,0.791310,0.674321,0.621708,0.611109,0.629048,0.633943,0.613559,0.591027,0.546658,0.570979,0.555392,0.490643,0.438544,0.431079,0.438450,0.574630,0.293628,0.446128,0.458788,0.401841,0.432815,0.291767,0.376432,0.340238,0.316006,0.181864,0.513464,0.392368,0.638058,0.615260,0.528510,0.413578,0.614325,0.430925,0.733394,0.663347,0.601256,0.548476,0.591358,0.572993,0.388886,0.413663,0.638180,0.584694,0.590161,0.635688,0.522233,0.587691,0.536022,0.594937,0.529903,0.584596,0.711165,0.689271,0.353469,0.313272,0.573949,0.504454,0.237749,0.275880,0.416791,0.471527,0.504868,0.431348,0.394670,0.335270,0.367125,0.536411,0.637289,0.598381,0.563984,0.539498,0.538470,0.411765,0.517414,0.582368,0.497439,0.375472,0.264975,0.332728,0.423069,0.537684,0.517797,0.407608,0.473216,0.451339,0.395196,0.147114
0.566482,0.588065,0.384446,0.508793,0.389745,0.212854,0.559680,0.616406,0.253054,0.196561,0.675042,0.658184,0.697425,0.650692,0.415253,0.323615,0.741542,0.000000,0.460400,0.471600,0.437781,0.412700,0.507530,0.400067,0.419084,0.469873,0.313467,0.305615,0.752561,0.686299,0.609863,0.644079,0.655912,0.640900,0.646797,0.663496,0.500380,0.590050,0.469092,0.530577,0.414266,0.425712,0.495219,0.592843,0.390884,0.510865,0.560596,0.495702,0.534960,0.459372,0.522140,0.469766,0.473927,0.272364,0.571351,0.397436,0.604827,0.622647,0.498704,0.399008,0.587159,0.501211,0.595527,0.696445,0.604204,0.622720,0.658146,0.641706,0.376913,0.513450,0.676084,0.551885,0.644803,0.677998,0.503342,0.571080,0.594699,0.631193,0.543211,0.403275,0.605561,0.661588,0.413054,0.476647,0.581177,0.487753,0.231707,0.340981,0.518267,0.335736,0.534232,0.399516,0.469743,0.306412,0.339732,0.427704,0.569738,0.548770,0.488396,0.491104,0.489174,0.359231,0.450270,0.493402,0.389821,0.227991,0.204466,0.294367,0.213967,0.430666,0.558869,0.439272,0.430370,0.339858,0.244510,0.027169
0.741381,0.714814,0.680229,0.783588,0.377008,0.167036,0.763945,0.705573,0.162591,0.122788,0.567928,0.412592,0.585861,0.410189,0.449438,0.236996,0.504875,0.460400,0.000000,0.870617,0.339482,0.280123,0.767380,0.631548,0.394442,0.402520,0.289656,0.354508,0.436158,0.373374,0.533037,0.619405,0.677946,0.699418,0.601482,0.594861,0.272675,0.215948,0.440790,0.355730,0.243363,0.370107,0.386313,0.457102,0.318090,0.491147,0.432110,0.418633,0.376595,0.253359,0.277383,0.187811,0.336733,0.133710,0.512133,0.408068,0.712981,0.647379,0.601268,0.580996,0.562413,0.426993,0.565125,0.375254,0.668480,0.513755,0.729683,0.698965,0.777206,0.683521,0.530422,0.407452,0.347013,0.369015,0.449727,0.469573,0.401722,0.433713,0.344097,0.276260,0.526877,0.437882,0.383181,0.350997,0.563003,0.335870,0.418975,0.382595,0.467843,0.398016,0.431563,0.277507,0.305762,0.223754,0.180109,0.231088,0.335983,0.358346,0.373298,0.372311,0.555667,0.359093,0.526892,0.543550,0.481122,0.291011,0.341240,0.350156,0.205540,0.225522,0.303728,0.217783,0.273036,0.340064,0.194983,-0.058091
0.759727,0.768440,0.708646,0.793355,0.388083,0.144329,0.765775,0.702924,0.081096,0.091001,0.569343,0.429917,0.579392,0.414575,0.410518,0.204969,0.536997,0.471600,0.870617,0.000000,0.374305,0.317383,0.765893,0.662884,0.414940,0.418523,0.272349,0.316840,0.464773,0.403194,0.524281,0.637257,0.690469,0.728286,0.599800,0.581603,0.315488,0.263553,0.439728,0.340221,0.279078,0.386001,0.341436,0.406870,0.260681,0.451327,0.374961,0.361220,0.354506,0.242287,0.264736,0.184064,0.306259,0.113955,0.477590,0.395348,0.735875,0.686765,0.643688,0.622967,0.596795,0.468389,0.569095,0.438423,0.672816,0.531981,0.702632,0.688792,0.771971,0.629895,0.542250,0.451144,0.362539,0.406400,0.429845,0.481700,0.386185,0.428488,0.337885,0.300031,0.539074,0.470353,0.382049,0.331377,0.563312,0.323435,0.403902,0.359973,0.446507,0.364709,0.379923,0.248977,0.253475,0.193718,0.191323,0.245652,0.348910,0.340057,0.372783,0.355282,0.602743,0.361528,0.562015,0.542540,0.484921,0.257417,0.387647,0.383694,0.232060,0.246770,0.274424,0.177180,0.255220,0.306251,0.160656,-0.033269
0.310435,0.341268,0.524291,0.484543,0.586845,0.331417,0.445952,0.363423,0.121002,0.136998,0.488465,0.414679,0.442020,0.482142,0.624855,0.354657,0.484581,0.437781,0.339482,0.374305,0.000000,0.752191,0.497600,0.513221,0.627936,0.620612,0.489957,0.577504,0.507233,0.678546,0.533503,0.547242,0.372870,0.388213,0.515582,0.570823,0.702811,0.660780,0.576184,0.490517,0.496523,0.623739,0.140347,0.227738,0.097045,0.117016,0.322223,0.206638,0.119043,-0.001054,0.115322,0.044785,0.149412,-0.099614,0.420148,0.368413,0.288233,0.317111,0.307729,0.227098,0.296755,0.202890,0.453640,0.360572,0.466353,0.299074,0.358527,0.402233,0.315136,0.347996,0.591148,0.588622,0.456047,0.564381,0.560376,0.469779,0.462892,0.481893,0.286706,0.209085,0.519350,0.550179,0.601474,0.607734,0.459859,0.405024,0.526925,0.570882,0.271581,0.386015,0.261998,0.113976,0.116102,-0.004880,0.353108,0.432020,0.551372,0.539407,0.478549,0.430460,0.576228,0.187169,0.520872,0.530287,0.248745,0.037401,0.408748,0.530022,0.156105,0.578193,0.543963,0.225430,0.219938,0.164735,0.167669,-0.088142
0.273201,0.291252,0.435356,0.381254,0.436955,0.229010,0.350587,0.278789,0.139245,0.078863,0.384382,0.292739,0.400660,0.343200,0.600074,0.247853,0.367332,0.412700,0.280123,0.317383,0.752191,0.000000,0.368819,0.387955,0.550106,0.477802,0.527710,0.546480,0.417007,0.547675,0.431426,0.454195,0.287222,0.314046,0.495163,0.521970,0.629065,0.650512,0.495011,0.543375,0.506250,0.628165,0.247609,0.279259,0.176713,0.220401,0.399134,0.330269,0.238584,0.161515,0.209869,0.134383,0.251813,0.055167,0.465835,0.483224,0.281778,0.343463,0.324222,0.323645,0.239292,0.204050,0.404583,0.378143,0.418443,0.229878,0.366545,0.416624,0.344252,0.407603,0.541822,0.496588,0.402862,0.551370,0.515680,0.513186,0.417727,0.439716,0.261640,0.132320,0.434345,0.456212,0.636704,0.547840,0.416720,0.345236,0.564725,0.564752,0.347572,0.321240,0.220235,0.075951,0.100281,-0.028471,0.298664,0.251188,0.439004,0.441567,0.349430,0.315231,0.487090,0.113877,0.424032,0.381438,0.170525,-0.033685,0.325994,0.446821,-0.073927,0.400242,0.510705,0.161350,0.148922,0.113452,0.080297,-0.106487
0.666351,0.694679,0.795542,0.844100,0.527284,0.265938,0.838407,0.754416,0.219407,0.165133,0.603736,0.505935,0.631017,0.519157,0.541460,0.266983,0.542821,0.507530,0.767380,0.765893,0.497600,0.368819,0.000000,0.821860,0.582108,0.571523,0.366502,0.437316,0.496820,0.514473,0.721182,0.788593,0.676457,0.706907,0.643592,0.647532,0.429241,0.308614,0.473947,0.309094,0.257711,0.437808,0.209441,0.314247,0.231750,0.343979,0.316596,0.245270,0.269340,0.155068,0.172158,0.105274,0.221233,-0.036647,0.417492,0.286743,0.616585,0.630264,0.566163,0.534511,0.556975,0.435726,0.575345,0.444944,0.699095,0.545618,0.657369,0.673696,0.633746,0.582676,0.640544,0.532494,0.367997,0.416912,0.461376,0.448754,0.406595,0.429510,0.348996,0.266435,0.533660,0.488957,0.438386,0.456033,0.555321,0.286847,0.425591,0.432859,0.397825,0.269973,0.316076,0.129823,0.175799,0.046971,0.225388,0.286277,0.386732,0.356726,0.405739,0.351877,0.602698,0.253615,0.603320,0.536124,0.370642,0.121960,0.449695,0.451014,0.236957,0.335049,0.322853,0.175484,0.228795,0.213625,0.097984,-0.084160
0.499281,0.540660,0.860022,0.738629,0.463246,0.170309,0.693205,0.597212,0.117669,0.106175,0.428277,0.342216,0.475347,0.376912,0.500332,0.100867,0.413933,0.400067,0.631548,0.662884,0.513221,0.387955,0.821860,0.000000,0.498441,0.444857,0.466539,0.463142,0.400148,0.410942,0.613639,0.690507,0.472759,0.524162,0.487763,0.487694,0.446230,0.257208,0.361977,0.169190,0.339916,0.413917,-0.027397,0.075507,-0.005205,0.153920,0.117723,0.079814,0.052799,-0.047931,-0.048848,-0.129940,0.035537,-0.210219,0.224357,0.216106,0.424709,0.477322,0.406829,0.474163,0.387314,0.327725,0.493857,0.357447,0.589287,0.413084,0.483635,0.577855,0.536731,0.481331,0.531919,0.492786,0.248700,0.280004,0.318325,0.410352,0.192555,0.250368,0.146116,0.195213,0.395222,0.444891,0.454103,0.489285,0.485692,0.144490,0.464396,0.516017,0.241908,0.177245,0.066828,-0.131238,-0.104539,-0.223234,0.150824,0.177805,0.253946,0.207671,0.277911,0.175543,0.647460,0.073903,0.644893,0.484844,0.219435,-0.122363,0.566296,0.601834,0.198427,0.202906,0.171544,-0.059996,0.041585,-0.058630,-0.167477,-0.108368
0.388151,0.371517,0.555480,0.549981,0.722997,0.559456,0.567484,0.440075,0.311543,0.283363,0.492222,0.419412,0.444753,0.463952,0.643830,0.441242,0.501516,0.419084,0.394442,0.414940,0.627936,0.550106,0.582108,0.498441,0.000000,0.823283,0.457645,0.596265,0.471910,0.648202,0.690482,0.626445,0.472283,0.492026,0.591014,0.597682,0.569519,0.540159,0.596979,0.466144,0.357156,0.570327,0.102380,0.232122,0.120306,0.201041,0.236868,0.124064,0.215132,0.076905,0.133070,0.073608,0.129615,-0.117170,0.433547,0.237087,0.375920,0.382719,0.399429,0.223175,0.345993,0.121376,0.499022,0.331830,0.500171,0.248855,0.454130,0.470855,0.421101,0.369306,0.581972,0.482730,0.314042,0.452475,0.550921,0.381453,0.401996,0.387515,0.450710,0.161717,0.592775,0.405978,0.441578,0.460238,0.413717,0.167869,0.528040,0.450166,0.341422,0.127436,0.259283,0.051674,0.141662,-0.059044,0.275000,0.364617,0.489892,0.465554,0.387979,0.355611,0.535752,0.102684,0.590483,0.462307,0.327262,0.064823,0.490874,0.449266,0.141745,0.413309,0.415698,0.156793,0.172059,0.198085,0.192469,-0.096196
0.459579,0.455888,0.460739,0.561502,0.784238,0.603854,0.580179,0.525362,0.269857,0.340588,0.608152,0.569652,0.499381,0.598833,0.553872,0.557902,0.569609,0.469873,0.402520,0.418523,0.620612,0.477802,0.571523,0.444857,0.823283,0.000000,0.343981,0.543379,0.548535,0.693064,0.698602,0.707059,0.568423,0.589444,0.619101,0.650877,0.585814,0.551744,0.643430,0.476538,0.286957,0.554560,0.208833,0.321647,0.165554,0.224574,0.321161,0.200486,0.263244,0.129139,0.235102,0.174144,0.217088,0.012880,0.476960,0.275691,0.437605,0.414342,0.468320,0.188488,0.434628,0.191551,0.540833,0.368711,0.518202,0.294079,0.485745,0.453665,0.401851,0.364757,0.604151,0.541128,0.412694,0.546628,0.605609,0.374352,0.507306,0.487898,0.483132,0.184731,0.613922,0.426573,0.321662,0.420566,0.413432,0.254380,0.338571,0.336420,0.378154,0.227018,0.401795,0.239002,0.307629,0.155322,0.344223,0.471678,0.540161,0.562142,0.483544,0.461568,0.487094,0.305243,0.532274,0.534070,0.385724,0.206971,0.371631,0.401174,0.186774,0.509312,0.479833,0.311388,0.301925,0.352104,0.333997,-0.015195
0.245445,0.086318,0.503752,0.321236,0.471643,0.383481,0.330716,0.293394,0.426591,0.391349,0.341884,0.229388,0.419515,0.290894,0.626007,0.295826,0.258121,0.313467,0.289656,0.272349,0.489957,0.527710,0.366502,0.466539,0.457645,0.343981,0.000000,0.757217,0.238088,0.374863,0.410827,0.375216,0.225294,0.219943,0.464190,0.394609,0.535940,0.395536,0.462395,0.492149,0.600996,0.544241,0.069084,0.137444,0.030872,0.135284,0.245265,0.260758,0.185113,0.020902,0.111737,-0.089070,0.193332,0.043243,0.341613,0.396751,0.155030,0.209946,0.215075,0.189535,0.149261,-0.075713,0.478331,0.170904,0.316013,0.051575,0.355397,0.368299,0.374940,0.387068,0.349400,0.246282,0.075100,0.227916,0.259097,0.380408,0.107550,0.174314,0.068959,0.076127,0.350208,0.278116,0.546902,0.514878,0.427984,0.026358,0.478429,0.565924,0.398176,0.126852,0.116063,-0.116354,-0.024612,-0.170563,0.114352,0.083926,0.132346,0.150191,0.117552,0.046916,0.522831,0.057514,0.546691,0.333565,0.228024,-0.162871,0.518978,0.567158,0.067173,0.048458,0.165098,-0.127643,-0.087749,-0.059612,-0.169218,-0.023544
0.222369,0.126115,0.504007,0.463464,0.677974,0.620284,0.396899,0.365873,0.425792,0.482534,0.425543,0.355957,0.372139,0.425179,0.714403,0.561486,0.312934,0.305615,0.354508,0.316840,0.577504,0.546480,0.437316,0.463142,0.596265,0.543379,0.757217,0.000000,0.223513,0.490020,0.521601,0.465510,0.306133,0.287371,0.479940,0.486042,0.536099,0.394491,0.591161,0.542133,0.442030,0.634570,0.090917,0.149133,0.113588,0.122271,0.264365,0.188195,0.188182,-0.015278,0.115383,-0.069570,0.168169,-0.067164,0.446122,0.324439,0.158561,0.196214,0.236074,0.104479,0.131091,-0.106970,0.491678,0.071667,0.321236,0.010956,0.388945,0.382191,0.385729,0.426604,0.393174,0.330436,0.069204,0.261130,0.466352,0.384779,0.258345,0.271975,0.173961,-0.071351,0.397021,0.238065,0.547790,0.582616,0.351286,0.105331,0.507380,0.607786,0.338299,0.229235,0.258823,-0.020567,0.133309,-0.066039,0.166381,0.198346,0.258108,0.306800,0.255545,0.216904,0.537870,0.140258,0.590809,0.510084,0.306550,-0.038366,0.505968,0.584482,0.041533,0.171028,0.282659,0.017724,-0.026228,0.075669,0.041228,-0.152665
0.568137,0.595044,0.410103,0.474540,0.393947,0.165591,0.549453,0.536476,0.127230,0.109808,0.643037,0.570899,0.622140,0.621708,0.317053,0.242603,0.791310,0.752561,0.436158,0.464773,0.507233,0.417007,0.496820,0.400148,0.471910,0.548535,0.238088,0.223513,0.000000,0.738507,0.624429,0.632420,0.609452,0.632934,0.560652,0.613630,0.602145,0.632005,0.490303,0.447719,0.431750,0.410425,0.398698,0.584040,0.283208,0.407618,0.444903,0.434048,0.397716,0.322987,0.395459,0.373824,0.314085,0.203269,0.477482,0.429594,0.587213,0.553127,0.527174,0.414143,0.616927,0.526361,0.612941,0.683589,0.609309,0.577397,0.528343,0.549640,0.332652,0.401291,0.695768,0.659537,0.744852,0.710023,0.545660,0.588313,0.592769,0.655256,0.569642,0.608327,0.662776,0.687379,0.330045,0.405482,0.533410,0.523077,0.176792,0.308482,0.406498,0.410476,0.469184,0.423084,0.349620,0.311500,0.455866,0.568426,0.708968,0.678810,0.616633,0.586108,0.506040,0.444297,0.448975,0.551767,0.437399,0.354515,0.241615,0.361664,0.261918,0.559407,0.638216,0.482083,0.565440,0.424145,0.349212,0.169274
0.477135,0.493892,0.424659,0.539806,0.628986,0.447487,0.574219,0.560827,0.243959,0.290051,0.696350,0.694472,0.622857,0.718601,0.571299,0.538491,0.674321,0.686299,0.373374,0.403194,0.678546,0.547675,0.514473,0.410942,0.648202,0.693064,0.374863,0.490020,0.738507,0.000000,0.671220,0.663549,0.596603,0.594905,0.601120,0.678980,0.668838,0.726440,0.566221,0.543904,0.409693,0.543921,0.333674,0.469497,0.252837,0.278493,0.416325,0.305954,0.359675,0.245723,0.380002,0.334771,0.314917,0.074919,0.541902,0.323936,0.452816,0.462080,0.483076,0.276976,0.535101,0.403798,0.533697,0.536151,0.532895,0.489971,0.491171,0.478890,0.288890,0.383222,0.724793,0.670356,0.615618,0.732847,0.683074,0.528662,0.651053,0.668830,0.557193,0.341433,0.640477,0.611053,0.483517,0.571915,0.489702,0.489314,0.309648,0.412469,0.407991,0.361443,0.518944,0.365336,0.406225,0.254215,0.426782,0.581980,0.723406,0.692850,0.637727,0.622762,0.563334,0.385357,0.515482,0.605426,0.395306,0.260516,0.374585,0.431825,0.245182,0.614695,0.666684,0.495993,0.473616,0.413144,0.404092,-0.038480
0.553904,0.550790,0.643261,0.698174,0.621983,0.469210,0.722719,0.678440,0.329885,0.322912,0.632323,0.587154,0.575799,0.600520,0.490356,0.410562,0.621708,0.609863,0.533037,0.524281,0.533503,0.431426,0.721182,0.613639,0.690482,0.698602,0.410827,0.521601,0.624429,0.671220,0.000000,0.811402,0.650647,0.663249,0.578168,0.651107,0.580613,0.458091,0.598345,0.498267,0.274685,0.532010,0.200355,0.399870,0.257545,0.307867,0.348985,0.233867,0.326879,0.205960,0.247387,0.180097,0.193485,-0.026077,0.455576,0.269406,0.517048,0.526524,0.512444,0.361307,0.497892,0.365667,0.623698,0.494536,0.595753,0.443210,0.565280,0.590589,0.463887,0.447658,0.714491,0.600385,0.421098,0.482058,0.575712,0.461164,0.501420,0.510310,0.545862,0.300544,0.609382,0.424433,0.347877,0.472802,0.417618,0.224197,0.315381,0.416616,0.405743,0.172216,0.374033,0.204661,0.285734,0.111710,0.400976,0.459020,0.541906,0.532204,0.507945,0.463398,0.558366,0.296305,0.580370,0.584536,0.430392,0.201026,0.441636,0.455961,0.177576,0.451547,0.504799,0.312661,0.362388,0.326120,0.256707,0.012536
0.673399,0.691625,0.664846,0.769403,0.633226,0.372086,0.791560,0.789533,0.237996,0.249712,0.700712,0.684013,0.666849,0.676122,0.505701,0.402111,0.611109,0.644079,0.619405,0.637257,0.547242,0.454195,0.788593,0.690507,0.626445,0.707059,0.375216,0.465510,0.632420,0.663549,0.811402,0.000000,0.757981,0.783320,0.679782,0.721567,0.541318,0.475541,0.571206,0.444117,0.279093,0.512666,0.308585,0.420834,0.293594,0.378044,0.420213,0.325936,0.383620,0.288402,0.349115,0.272368,0.336365,0.099549,0.521030,0.341718,0.622949,0.618312,0.627756,0.448515,0.622484,0.491585,0.616223,0.551621,0.675880,0.563531,0.666427,0.659492,0.537198,0.529993,0.745299,0.659472,0.520249,0.592967,0.588615,0.493135,0.559220,0.574687,0.479359,0.257127,0.597534,0.501019,0.361044,0.492655,0.531070,0.332415,0.315401,0.403960,0.485459,0.268812,0.450230,0.283013,0.353940,0.197763,0.315671,0.392780,0.486830,0.499529,0.498194,0.468562,0.573294,0.379328,0.569894,0.589522,0.423486,0.198940,0.383790,0.438694,0.172280,0.405624,0.465240,0.329470,0.361382,0.326987,0.223399,0.004388
0.759622,0.747840,0.489488,0.704453,0.509007,0.334793,0.764934,0.798223,0.219393,0.279792,0.719842,0.702911,0.685619,0.682376,0.362684,0.441940,0.629048,0.655912,0.677946,0.690469,0.372870,0.287222,0.676457,0.472759,0.472283,0.568423,0.225294,0.306133,0.609452,0.596603,0.650647,0.757981,0.000000,0.884550,0.739512,0.740035,0.422231,0.428716,0.554907,0.480958,0.192568,0.388896,0.536735,0.598524,0.478005,0.549128,0.580016,0.490667,0.562589,0.448426,0.552876,0.464243,0.522275,0.311524,0.638623,0.379618,0.770465,0.693699,0.714907,0.484599,0.739675,0.541078,0.605715,0.552393,0.700450,0.641154,0.788170,0.691012,0.599934,0.557275,0.693353,0.572239,0.577151,0.617387,0.581125,0.485231,0.657038,0.654610,0.510815,0.293429,0.632411,0.514213,0.292048,0.394354,0.608877,0.438602,0.195491,0.251007,0.603544,0.351486,0.647874,0.530053,0.574528,0.444925,0.283534,0.415348,0.504084,0.533734,0.544325,0.555134,0.488781,0.494768,0.486695,0.550326,0.565136,0.404938,0.239837,0.261092,0.235592,0.416817,0.474705,0.472406,0.490918,0.491213,0.380516,0.089145
0.794323,0.804489,0.543361,0.737154,0.503871,0.301495,0.791247,0.818335,0.183105,0.237591,0.709495,0.684384,0.676813,0.649225,0.353908,0.387545,0.633943,0.640900,0.699418,0.728286,0.388213,0.314046,0.706907,0.524162,0.492026,0.589444,0.219943,0.287371,0.632934,0.594905,0.663249,0.783320,0.884550,0.000000,0.715304,0.729503,0.428546,0.419728,0.528473,0.449037,0.204659,0.393534,0.497330,0.569952,0.397374,0.523633,0.518108,0.454208,0.513395,0.423936,0.496018,0.422795,0.466093,0.281704,0.597922,0.401894,0.791128,0.736639,0.761833,0.572460,0.767443,0.607673,0.619225,0.606060,0.716485,0.666627,0.771883,0.717264,0.634955,0.575062,0.701938,0.591751,0.566084,0.607145,0.583285,0.517452,0.633707,0.646742,0.503086,0.323637,0.631180,0.508102,0.273224,0.355142,0.587591,0.403531,0.217131,0.254094,0.589059,0.340439,0.592552,0.479641,0.504913,0.396925,0.287481,0.395664,0.507810,0.524577,0.541077,0.536197,0.519676,0.499659,0.508260,0.553584,0.538797,0.379573,0.274675,0.302929,0.224113,0.408035,0.471131,0.441507,0.489231,0.470011,0.342526,0.085583
0.641094,0.591176,0.501462,0.610812,0.585731,0.386122,0.676494,0.648950,0.294915,0.330445,0.682724,0.578780,0.698060,0.594130,0.550359,0.451162,0.613559,0.646797,0.601482,0.599800,0.515582,0.495163,0.643592,0.487763,0.591014,0.619101,0.464190,0.479940,0.560652,0.601120,0.578168,0.679782,0.739512,0.715304,0.000000,0.813767,0.540076,0.538349,0.587617,0.564841,0.398283,0.504039,0.512532,0.552097,0.426579,0.536451,0.608016,0.532261,0.541569,0.386982,0.488805,0.361128,0.522891,0.303638,0.628364,0.468406,0.662217,0.628771,0.602147,0.414565,0.606004,0.327810,0.642934,0.518971,0.720550,0.511887,0.779504,0.669328,0.604448,0.610703,0.645138,0.493541,0.511178,0.618096,0.545577,0.542332,0.566893,0.582710,0.454341,0.263518,0.640547,0.560303,0.493352,0.475593,0.682374,0.387814,0.364911,0.386257,0.631281,0.330828,0.551863,0.378529,0.433004,0.272108,0.275939,0.364511,0.467483,0.485422,0.447488,0.437076,0.524339,0.379939,0.552061,0.493573,0.448649,0.202908,0.330739,0.386440,0.193131,0.383556,0.463674,0.327668,0.331893,0.359493,0.224465,0.012097
0.592337,0.611822,0.526020,0.637272,0.590097,0.395544,0.693084,0.660891,0.266043,0.296138,0.665411,0.633610,0.647747,0.627880,0.553658,0.517702,0.591027,0.663496,0.594861,0.581603,0.570823,0.521970,0.647532,0.487694,0.597682,0.650877,0.394609,0.486042,0.613630,0.678980,0.651107,0.721567,0.740035,0.729503,0.813767,0.000000,0.581358,0.578114,0.592474,0.571679,0.351773,0.552240,0.490053,0.569716,0.429107,0.492109,0.598946,0.497726,0.493000,0.391138,0.463595,0.379105,0.479055,0.227773,0.639769,0.482105,0.599279,0.558102,0.568310,0.379892,0.563223,0.416337,0.560145,0.492083,0.683905,0.555373,0.742832,0.706589,0.580470,0.666342,0.692343,0.569646,0.582084,0.646068,0.651060,0.554061,0.685599,0.682046,0.503621,0.246716,0.598920,0.541680,0.513678,0.602869,0.561689,0.446082,0.365752,0.490557,0.573295,0.388573,0.591897,0.403646,0.457133,0.298995,0.342040,0.415879,0.560409,0.599931,0.568031,0.567217,0.558626,0.476259,0.546820,0.605299,0.467560,0.289000,0.338612,0.450537,0.118059,0.464224,0.633452,0.474475,0.450573,0.423321,0.317464,-0.081622
0.380851,0.332211,0.473141,0.414053,0.610722,0.430568,0.459499,0.386271,0.169034,0.331565,0.577949,0.476174,0.508839,0.543679,0.475826,0.407283,0.546658,0.500380,0.272675,0.315488,0.702811,0.629065,0.429241,0.446230,0.569519,0.585814,0.535940,0.536099,0.602145,0.668838,0.580613,0.541318,0.422231,0.428546,0.540076,0.581358,0.000000,0.763220,0.683946,0.574146,0.564990,0.659148,0.144967,0.326719,0.157162,0.105853,0.383325,0.309491,0.195233,0.058377,0.216998,0.115518,0.223399,0.081346,0.411653,0.416700,0.343369,0.355155,0.399012,0.233638,0.388019,0.200986,0.522040,0.410996,0.524815,0.290517,0.374372,0.362649,0.265269,0.320652,0.628670,0.625648,0.518253,0.603791,0.520122,0.475412,0.486216,0.526160,0.341251,0.297925,0.559414,0.533164,0.540056,0.564977,0.494384,0.327664,0.294693,0.421304,0.374760,0.292640,0.338956,0.218380,0.179279,0.084095,0.461831,0.494669,0.611465,0.588713,0.568270,0.488220,0.605697,0.311038,0.614478,0.575699,0.358943,0.119047,0.472156,0.570614,0.105134,0.540679,0.609372,0.296820,0.360760,0.254070,0.194639,0.105998
0.385625,0.345707,0.294156,0.332728,0.503447,0.299164,0.398040,0.351895,0.146285,0.148606,0.589810,0.525121,0.553749,0.556458,0.487613,0.372044,0.570979,0.590050,0.215948,0.263553,0.660780,0.650512,0.308614,0.257208,0.540159,0.551744,0.395536,0.394491,0.632005,0.726440,0.458091,0.475541,0.428716,0.419728,0.538349,0.578114,0.763220,0.000000,0.560008,0.574399,0.590269,0.596308,0.353749,0.458563,0.244919,0.243569,0.498688,0.409156,0.351513,0.277474,0.414518,0.381310,0.404656,0.219230,0.538500,0.447972,0.382168,0.379612,0.399263,0.225385,0.428534,0.278055,0.423516,0.487419,0.456151,0.377304,0.393123,0.353995,0.185547,0.291969,0.664647,0.628875,0.653303,0.774763,0.569894,0.471739,0.594076,0.607569,0.429520,0.300691,0.580661,0.615619,0.514257,0.499491,0.492876,0.483993,0.315587,0.347287,0.408735,0.336549,0.465862,0.354545,0.348288,0.230089,0.353046,0.457497,0.646803,0.633733,0.576483,0.567171,0.542622,0.307990,0.492983,0.501314,0.371633,0.229035,0.327253,0.367281,0.118683,0.529236,0.667992,0.450799,0.437386,0.369229,0.345723,0.069267
