0,90.162,83.729,95.435,83.743,94.365,78.851,80.281,87.23,99.238,82.81,75.549,92.374,97.984,99.136,84.896,70.398,109.88,96.041,89.698,91.811,83.621,90.229,91.116,82.782,92.602,97.479,87.591,79.546,95.713,94.535,99.135,91.255,92.331,91.134,74.781,75.635,101.42,99.391,86.668,87.054,94.524,79.185,73.38,73.598,82.496,98.65,97.565,91.851,96.371,99.996,91.699,89.04,76.58,89.94,90.48,84.116,92.291,83.56,79.348,105.33,88.897,95.526,99.149,91.651,87.198,91.955,88.48,92.009,83.406,87.22,76.178,82.925,86.891,97.91,99.886,95.061,87.07,85.863,86.687,89.486,94.866,98.666,91.676,94.036,93.268
90.162,0,83.886,95.768,84.352,94.993,79.363,80.467,87.913,99.206,83.653,76.601,92.848,98.711,99.516,85.401,71.505,109.99,96.287,90.723,92.195,83.758,90.274,91.467,82.57,93.434,98.111,88.355,80.135,96.059,95.361,98.977,91.398,92.624,91.757,75.49,76.239,101.66,99.703,87.305,87.328,94.931,79.251,73.773,74.493,82.741,99.433,97.723,93.006,96.851,100.28,91.832,89.105,78.013,90.595,91.015,84.324,92.775,84.263,80.113,105.57,89.53,95.722,99.333,91.866,88.611,91.851,88.438,93.027,84.214,88.136,77.289,83.498,87.55,98.313,100.12,95.88,88.157,85.67,87.281,89.79,95.706,99.154,92.036,94.447,93.296
83.729,83.886,0,94.968,83.247,94.856,78.461,79.61,86.928,98.42,82.561,75.266,91.719,97.894,98.866,84.453,70.072,109.87,95.544,89.72,91.375,83.748,89.739,90.705,82.478,92.501,97.146,87.563,79.391,95.506,94.528,99.002,90.972,91.982,90.881,74.591,75.072,101.23,99.35,87.031,87.091,94.163,79.642,73.65,72.742,81.494,98.519,97.286,91.701,96.034,100.41,91.163,88.432,76.609,89.673,90.381,83.829,92.049,83.404,79.22,105.07,88.348,95.355,98.707,91.224,87.286,91.333,87.511,91.946,83.058,87.328,75.738,82.683,86.241,97.912,99.841,94.817,87.219,85.136,86.243,89.255,94.562,98.336,91.359,94.271,92.448
95.435,95.768,94.968,0,84.136,95.103,80.13,80.529,87.484,99.759,83.856,76.922,92.687,98.837,99.315,85.548,71.766,110.67,96.192,90.949,91.933,84.133,91.198,91.778,83.255,93.331,98.506,87.986,80.235,96.55,95.288,99.327,92.343,92.834,92.27,75.927,77.091,102.24,99.949,88.143,87.863,95.566,79.304,74.82,74.647,83.307,99.292,98.377,92.752,96.573,100.74,92.462,89.627,78.393,90.652,91.734,84.575,93.009,84.494,80.841,105.81,90.028,95.965,99.431,91.8,88.773,92.613,88.931,93.044,84.234,88.419,76.943,83.16,87.401,98.399,100.48,95.872,88.227,86.276,87.901,90.058,95.47,99.256,92.237,95.408,93.47
83.743,84.352,83.247,84.136,0,93.827,79.062,79.367,86.921,98.489,82.632,75.097,91.626,97.599,98.792,84.408,70.148,109.33,95.052,89.232,91.258,82.746,89.697,90.797,82.405,92.423,97.48,86.938,78.916,95.152,93.995,98.333,90.74,91.863,91.338,73.643,75.444,101.34,98.914,86.324,87.069,94.478,78.657,73.67,72.996,81.485,98.411,96.925,91.82,95.486,99.563,90.758,88.354,76.721,89.384,90.123,83.399,91.756,83.344,78.75,104.87,88.33,94.916,98.129,90.799,87.831,91.37,87.139,91.734,82.571,87.257,76.128,82.259,86.901,97.772,99.494,94.568,86.816,85.285,85.88,88.799,95.131,98.129,90.661,93.527,92.464
94.365,94.993,94.856,95.103,93.827,0,79.937,80.764,87.983,99.214,84.024,76.702,93.018,98.615,99.249,85.145,71.353,110,95.985,90.542,91.964,84.648,90.328,91.884,83.49,93.03,97.998,88.128,80.684,95.86,94.766,99.494,92.324,92.929,91.706,75.327,76.591,102.15,100.17,87.467,87.5,95.384,79.408,74.605,74.63,82.732,99.261,98.182,92.167,96.386,100.56,92.087,89.338,78.015,90.401,91.798,84.77,93.085,84.351,80.426,105.34,90.034,95.954,99.474,92.23,88.615,92.203,88.685,92.85,83.854,87.91,77.013,83.477,87.301,98.39,100.11,95.365,87.654,86.218,87.224,89.315,95.473,99.39,92.38,94.642,93.636
78.851,79.363,78.461,80.13,79.062,79.937,0,79.239,86.11,98.404,82.546,74.958,92.274,97.645,98.32,84.12,69.761,109.48,95.437,89.046,91.396,82.954,89.869,90.415,81.839,92.184,97.165,86.967,78.853,95.114,93.711,98.232,90.607,91.622,90.948,73.415,74.642,100.81,99.005,86.337,87.528,94.084,78.421,72.972,72.97,81.341,98.176,97.008,91.509,95.646,99.338,90.945,88.329,75.756,89.641,90.614,82.615,91.488,83.47,79.082,104.51,88.615,94.969,98.663,91.162,87.233,91.012,87.457,91.62,82.615,86.83,75.812,81.988,86.093,97.737,99.225,94.754,86.355,85.31,86.139,88.843,94.451,98.59,90.934,93.604,92.569
80.281,80.467,79.61,80.529,79.367,80.764,79.239,0,87.187,98.826,82.512,75.239,91.671,97.606,98.067,84.337,70.822,109.44,95.784,89.513,90.862,83.086,89.798,90.848,82.526,92.243,97.618,86.788,79.253,95.54,94.031,98.171,90.937,91.621,91.073,74.16,75.114,101.05,98.967,86.769,86.883,94.391,78.213,73.095,73.534,81.944,98.56,97.156,91.494,95.963,99.746,91.572,88.191,76.778,89.853,90.666,83.552,92.025,83.597,79.017,104.59,88.776,95.041,98.6,90.655,87.458,91.513,87.401,92.393,83.311,87.176,76.288,82.272,86.684,97.897,99.295,95.031,86.791,85.349,86.478,88.979,94.724,98.428,91.126,93.789,92.84
87.23,87.913,86.928,87.484,86.921,87.983,86.11,87.187,0,98.798,82.858,75.898,92.195,97.816,98.682,85.17,70.722,109.59,95.666,89.637,91.323,83.497,89.999,91.011,82.373,92.227,97.289,87.659,79.218,95.689,94.299,98.709,91.64,92.469,91.286,74.47,76.142,101.54,98.982,86.412,87.175,94.849,78.408,73.691,73.622,81.951,98.93,97.024,91.812,95.846,99.946,91.308,89.017,76.894,89.668,91.051,83.966,91.744,83.757,79.621,104.66,88.568,95.468,98.793,91.343,87.385,91.621,87.904,92.263,83.085,87.374,76.741,81.96,86.83,98.201,99.679,95.262,87.124,85.478,86.441,89.03,94.586,98.84,91.571,94.401,93.379
99.238,99.206,98.42,99.759,98.489,99.214,98.404,98.826,98.798,0,83.791,77.526,93.319,98.869,100.15,85.938,72.62,110.57,96.769,91.07,92.714,85.183,91.13,91.851,84.096,93.466,98.629,88.432,80.859,96.527,95.06,100.09,92.095,93.173,92.153,76.162,77.166,102.04,100.07,88.259,88.256,95.905,80.145,75.431,75.103,83.616,99.711,98.77,92.436,97.11,100.42,92.196,89.793,78.932,90.971,91.875,85.388,93.027,84.31,80.757,105.84,90.053,96.547,99.856,92.808,88.923,92.581,88.904,93.022,84.552,88.503,77.532,83.715,87.579,98.39,100.55,95.811,88.716,86.776,87.471,90.786,95.966,99.639,93.047,96.035,94.197
82.81,83.653,82.561,83.856,82.632,84.024,82.546,82.512,82.858,83.791,0,75.713,92.343,97.837,98.327,84.674,70.273,109.72,95.867,89.9,91.523,83.356,89.954,90.826,82.288,92.717,97.581,87.39,79.057,95.06,94.266,98.39,91.659,92.116,90.932,73.792,75.459,101.44,99.175,87.138,86.917,94.516,78.494,73.347,73.445,82.238,98.629,97.372,91.402,96.336,99.799,91.535,88.896,76.714,89.449,90.912,83.591,91.929,83.478,79.213,104.4,88.603,95.758,98.959,91.488,87.407,91.492,88.094,91.887,83.076,87.587,76.394,82.411,86.882,98.095,99.45,95.224,86.897,84.978,86.292,89.224,94.718,99.429,91.185,94.378,93.156
75.549,76.601,75.266,76.922,75.097,76.702,74.958,75.239,75.898,77.526,75.713,0,91.706,97.536,98.553,83.679,69.957,109.6,95.451,89.105,90.838,82.893,89.396,90.578,82.053,92.176,97.191,86.447,78.769,94.823,94.02,97.701,90.724,91.611,90.936,73.555,74.792,100.84,98.787,86.422,86.46,93.889,78.11,72.56,72.88,81.557,98.307,96.289,91.138,95.622,99.337,91.233,88.303,75.864,89.485,90.301,83.531,91.539,82.818,78.715,104.64,88.384,95.235,98.441,90.314,87.185,91.093,87.779,91.739,82.954,86.845,75.604,82.016,86.215,97.582,99.078,94.406,87.028,84.776,85.78,88.659,94.39,98.021,90.506,93.856,91.896
92.374,92.848,91.719,92.687,91.626,93.018,92.274,91.671,92.195,93.319,92.343,91.706,0,98.208,98.879,84.942,71.688,110.12,96.343,90.462,91.385,84.273,90.769,91.722,83.354,93.068,98.231,87.008,81.231,96.486,95.07,98.989,91.874,92.359,91.772,74.926,76.412,102.06,99.893,87.494,87.408,95.546,79.598,74.497,74.191,83.109,99.316,97.956,92.268,96.244,100.48,92.146,89.13,77.677,89.716,91.221,84.761,93.217,84.359,80.237,105.29,89.512,95.871,98.812,91.863,89.512,92.009,88.673,92.575,84.029,87.922,76.763,83.085,87.024,98.747,99.818,95.742,87.782,86.336,86.755,89.281,95.223,99.485,91.841,94.792,93.429
97.984,98.711,97.894,98.837,97.599,98.615,97.645,97.606,97.816,98.869,97.837,97.536,98.208,0,98.956,84.602,71.422,109.99,96.228,90.599,91.601,84.613,91.217,91.664,83.406,93.001,98.512,88.573,81.281,95.988,94.814,99.748,92.047,92.951,92.555,75.784,76.757,102.15,99.787,88.109,88.664,95.839,80.021,74.769,74.907,83.184,99.387,98.035,92.503,96.36,100.33,91.865,89.187,78.533,90.003,91.477,84.285,93.165,84.582,80.507,105.65,89.877,96.573,99.387,91.574,89.288,92.459,88.545,92.971,84.209,88.512,76.9,83.135,86.733,98.659,100.11,95.693,88.273,86.512,87.601,90.067,95.676,99.203,92.48,94.997,93.703
99.136,99.516,98.866,99.315,98.792,99.249,98.32,98.067,98.682,100.15,98.327,98.553,98.879,98.956,0,85.213,71.602,110.5,96.516,91.708,91.904,85.158,91.647,92.286,84.515,93.186,98.943,87.731,81.237,96.383,95.587,100.06,92.62,93.261,92.441,75.736,77.082,102.38,100.17,87.592,88.384,95.772,80.385,75.665,75.442,84.084,99.372,99.125,92.895,96.901,100.92,93.13,89.409,78.898,90.996,91.445,84.971,93.462,84.658,80.97,105.91,90.208,96.349,99.518,92.02,88.997,92.853,89.012,93.233,85.044,89.033,77.644,83.757,87.647,98.723,100.63,96.545,88.512,86.618,88.427,89.762,95.659,99.883,92.655,95.073,94.257
84.896,85.401,84.453,85.548,84.408,85.145,84.12,84.337,85.17,85.938,84.674,83.679,84.942,84.602,85.213,0,69.941,109.53,95.28,89.394,90.489,83.155,89.685,90.97,82.788,92.399,97.069,86.946,78.964,94.716,94.471,97.742,90.766,91.626,91.03,73.933,75.234,101.29,98.846,86.554,86.671,94.265,78.935,73.336,73.714,82.18,98.283,96.765,91.241,95.952,100,91.038,88.583,76.692,89.518,90.207,83.39,91.961,83.483,79.355,104.6,88.406,94.878,98.062,90.756,87.536,91.471,87.793,91.689,83.247,87.365,75.68,82.179,86.224,97.562,99.096,94.73,86.935,84.977,86.179,88.613,94.537,98.411,91.013,93.838,92.889
70.398,71.505,70.072,71.766,70.148,71.353,69.761,70.822,70.722,72.62,70.273,69.957,71.688,71.422,71.602,69.941,0,108.85,94.488,88.398,90.267,82.34,88.998,89.774,82.086,91.321,96.33,86.14,78.342,94.034,93.086,97.846,90.424,91.087,90.325,72.946,73.747,100.54,98.231,85.35,85.88,93.786,77.598,71.804,72.065,80.474,97.821,95.895,90.52,94.709,98.785,90.045,87.65,75.515,88.149,89.792,82.396,90.795,82.257,77.926,104.04,87.504,94.342,97.976,90.098,86.244,90.601,86.475,91.472,82.112,86.373,74.919,81.263,85.266,96.906,98.848,94.171,86.364,84.181,85.436,88.009,93.714,97.866,90.045,93.08,91.929
109.88,109.99,109.87,110.67,109.33,110,109.48,109.44,109.59,110.57,109.72,109.6,110.12,109.99,110.5,109.53,108.85,0,97.436,92.393,93.668,87.003,92.373,93.256,85.318,94.287,99.746,89.6,82.304,97.383,96.197,100.59,93.153,93.774,93.15,77.804,78.84,103.22,100.76,89.289,89.543,96.533,81.523,76.373,76.737,84.495,100.33,99.465,93.974,97.937,101.48,93.65,90.639,80.625,92.652,92.415,86.75,94.568,85.653,81.916,106.58,91.365,97.258,100.47,93.421,90.633,94.089,90.476,94.299,86.151,90.042,78.96,84.809,88.798,99.53,101.32,97.226,89.45,87.689,89.005,91.169,96.756,100.57,93.411,96.333,95.534
96.041,96.287,95.544,96.192,95.052,95.985,95.437,95.784,95.666,96.769,95.867,95.451,96.343,96.228,96.516,95.28,94.488,97.436,0,91.026,92.093,84.456,90.891,91.424,83.977,93.181,98.438,88.244,80.25,96.05,95.002,99.222,91.766,93.057,91.995,75.148,76.676,101.93,99.563,87.642,88.258,95.223,80.025,74.822,74.553,83.085,98.899,98.304,92.255,96.848,100.36,92.098,89.469,77.8,90.38,91.337,84.615,93.075,84.012,80.156,105.47,89.448,96.064,98.966,92.165,88.457,91.748,88.358,93.002,84.595,88.214,77.335,83.621,87.298,98.75,100.03,95.423,88.222,86.208,87.312,89.837,95.716,99.229,92.295,94.41,93.601
89.698,90.723,89.72,90.949,89.232,90.542,89.046,89.513,89.637,91.07,89.9,89.105,90.462,90.599,91.708,89.394,88.398,92.393,91.026,0,91.659,83.734,90.41,90.916,83.196,92.683,97.835,87.624,79.536,95.559,94.788,98.679,91.586,92.764,91.266,74.906,75.795,101.82,99.589,87.241,87.25,95.156,78.919,73.798,73.696,82.698,98.403,97.714,92.214,96.376,100,91.794,89.416,77.165,89.498,90.95,83.807,92.192,84.261,79.836,105.52,88.47,95.397,99.243,91.942,88.296,91.72,87.752,92.132,83.556,87.615,76.403,82.835,87.135,98.074,99.847,95.4,87.913,85.927,87.026,89.12,95.135,99.238,91.398,94.469,93.386
91.811,92.195,91.375,91.933,91.258,91.964,91.396,90.862,91.323,92.714,91.523,90.838,91.385,91.601,91.904,90.489,90.267,93.668,92.093,91.659,0,84.323,90.408,91.495,83.378,92.709,98.228,87.045,79.859,95.552,95.111,98.696,91.506,92.597,92.199,74.916,75.997,101.67,99.395,87.2,87.594,95.126,80.275,74.21,74.182,82.714,98.925,98.147,92.111,95.884,100.03,91.919,88.71,77.766,90.605,91.022,84.17,92.339,83.763,79.997,105.55,89.208,95.944,98.96,91.725,88.486,91.885,87.861,92.042,83.555,87.407,76.391,82.75,86.775,98.45,100.03,95.829,87.492,86.383,87.352,88.593,95.26,99.099,91.706,94.572,93.638
83.621,83.758,83.748,84.133,82.746,84.648,82.954,83.086,83.497,85.183,83.356,82.893,84.273,84.613,85.158,83.155,82.34,87.003,84.456,83.734,84.323,0,89.894,90.146,82.387,92.164,97.09,87.1,78.834,95.511,94.311,98.303,91.163,91.774,91.009,74.313,75.298,100.95,99.095,86.749,87.054,94.292,78.281,73.205,73.441,81.915,98.213,97.112,92.213,96.38,99.698,91.088,88.554,77.1,89.757,90.331,83.518,92.137,83.044,79.111,105.2,88.367,95.32,98.477,91.14,87.406,91.371,88.327,91.655,83.001,87.486,76.007,82.481,86.372,97.759,99.28,94.609,87.034,84.9,86.362,89.585,94.419,98.411,90.993,93.838,92.934
90.229,90.274,89.739,91.198,89.697,90.328,89.869,89.798,89.999,91.13,89.954,89.396,90.769,91.217,91.647,89.685,88.998,92.373,90.891,90.41,90.408,89.894,0,90.925,82.549,92.699,97.618,87.997,80.267,95.692,94.577,98.252,91.193,91.609,91.785,74.979,76.012,102.08,99.383,87.119,87.38,94.209,79.243,73.69,74.444,82.098,98.578,97.048,91.846,96.488,99.832,91.384,89.149,78.156,90.167,91.196,84.222,92.366,83.388,79.699,105.34,89.21,94.878,98.988,91.58,87.849,91.984,88.433,91.911,83.549,87.563,76.518,83.087,86.518,98.11,99.912,95.244,87.53,85.739,87.049,89.397,94.955,98.621,91.704,94.13,92.936
91.116,91.467,90.705,91.778,90.797,91.884,90.415,90.848,91.011,91.851,90.826,90.578,91.722,91.664,92.286,90.97,89.774,93.256,91.424,90.916,91.495,90.146,90.925,0,83.739,93.211,98.139,88.349,80.521,96.324,95.258,99.179,92.225,92.958,92.03,75.028,76.32,102.28,99.984,87.727,87.832,95.483,79.316,74.505,74.954,83.259,99.512,97.882,92.533,97.191,100.45,93.037,89.857,77.801,90.412,91.299,84.185,92.797,84.377,80.378,105.7,90.01,96.047,99.82,92.258,88.611,92.468,88.844,92.845,84.441,88.074,77.213,83.549,87.388,98.723,100.12,95.748,87.89,85.942,87.384,90.102,95.175,99.324,91.862,95.16,94.162
82.782,82.57,82.478,83.255,82.405,83.49,81.839,82.526,82.373,84.096,82.288,82.053,83.354,83.406,84.515,82.788,82.086,85.318,83.977,83.196,83.378,82.387,82.549,83.739,0,92.013,97.128,87.23,79.449,95.17,93.991,98.689,91.072,91.868,91.234,73.993,75.458,101.21,99.982,86.226,86.452,94.582,78.104,73.135,73.384,81.78,98.518,97.205,91.717,95.736,99.632,91.347,88.549,76.795,89.13,90.526,83.361,91.37,83.527,79.395,104.71,88.42,95.282,98.672,91.102,87.453,91.555,87.741,92.324,82.828,87.776,75.855,82.019,86.356,97.698,99.4,95.09,86.639,85.056,86.252,88.942,94.583,98.723,90.982,93.742,92.255
92.602,93.434,92.501,93.331,92.423,93.03,92.184,92.243,92.227,93.466,92.717,92.176,93.068,93.001,93.186,92.399,91.321,94.287,93.181,92.683,92.709,92.164,92.699,93.211,92.013,0,98.174,88.526,79.779,95.67,94.871,99.111,92.095,92.429,91.518,74.488,76.217,101.7,99.09,87.362,87.408,94.927,78.821,74.091,74.526,82.706,98.895,97.845,92.042,96.332,100.49,91.785,89.194,77.943,89.866,91.023,83.695,92.638,83.796,80.045,105.21,88.86,95.94,99.244,91.64,88.158,91.817,88.18,92.499,84.037,87.801,76.412,82.88,86.963,98.552,99.811,95.47,88.092,85.922,87.041,89.716,95.345,99.294,91.911,94.395,93.515
97.479,98.111,97.146,98.506,97.48,97.998,97.165,97.618,97.289,98.629,97.581,97.191,98.231,98.512,98.943,97.069,96.33,99.746,98.438,97.835,98.228,97.09,97.618,98.139,97.128,98.174,0,89.665,80.623,96.366,95.456,100.02,92.672,93.13,92.015,75.767,77.373,102.4,100.18,88.249,88.324,95.558,80.674,75.165,75.054,83.601,99.529,98.155,93.016,97.432,100.7,92.542,89.906,78.209,90.718,91.733,85.12,93.354,84.791,80.698,105.98,90.199,96.97,99.77,92.553,89.171,92.466,88.506,93.334,84.481,88.802,77.277,83.742,87.667,98.482,100.61,96.16,88.516,86.525,87.798,90.461,95.734,99.954,92.456,95.459,94.011
87.591,88.355,87.563,87.986,86.938,88.128,86.967,86.788,87.659,88.432,87.39,86.447,87.008,88.573,87.731,86.946,86.14,89.6,88.244,87.624,87.045,87.1,87.997,88.349,87.23,88.526,89.665,0,79.949,95.416,94.595,98.846,91.636,92.709,91.695,74.995,76.099,102.04,99.255,87.197,87.715,95.004,79.173,74.992,74.155,82.857,98.78,97.786,91.968,96.779,100.31,91.861,88.792,78.099,89.905,90.637,84.363,92.42,83.596,79.786,105.27,88.92,95.729,99.13,91.41,88.101,92.453,88.095,92.384,83.467,87.901,76.608,82.454,86.895,98.403,99.857,95.609,87.285,85.616,86.509,89.317,95.043,98.905,92.019,94.005,93.73
79.546,80.135,79.391,80.235,78.916,80.684,78.853,79.253,79.218,80.859,79.057,78.769,81.231,81.281,81.237,78.964,78.342,82.304,80.25,79.536,79.859,78.834,80.267,80.521,79.449,79.779,80.623,79.949,0,95.336,94.132,98.318,91.194,92.274,91.102,73.91,74.844,101.24,99.29,86.742,86.921,94.387,78.157,72.912,73.492,82.676,98.751,97.075,91.758,96.172,99.889,91.244,88.466,76.336,90.398,90.47,83.294,91.509,82.579,79.264,104.83,88.528,95.526,98.704,91.169,87.825,91.209,87.755,91.759,82.659,87.08,75.773,81.962,86.549,97.846,99.214,94.851,86.954,84.628,86.282,89.23,94.46,98.927,90.81,94.058,92.995
95.713,96.059,95.506,96.55,95.152,95.86,95.114,95.54,95.689,96.527,95.06,94.823,96.486,95.988,96.383,94.716,94.034,97.383,96.05,95.559,95.552,95.511,95.692,96.324,95.17,95.67,96.366,95.416,95.336,0,95.613,99.409,91.97,93.184,91.942,75.696,76.376,102.04,99.807,88.007,88.357,96.005,80.181,74.992,75.343,83.062,99.897,98.461,93.093,96.784,100.95,92.358,89.531,78.153,90.393,91.555,84.338,92.961,84.549,80.628,105.99,89.324,96.405,99.436,92.117,88.869,92.705,88.897,92.871,84.488,88.449,76.901,83.74,87.546,98.677,100.03,96.227,87.994,86.477,87.589,90.069,95.875,99.589,92.125,95.25,94.32
94.535,95.361,94.528,95.288,93.995,94.766,93.711,94.031,94.299,95.06,94.266,94.02,95.07,94.814,95.587,94.471,93.086,96.197,95.002,94.788,95.111,94.311,94.577,95.258,93.991,94.871,95.456,94.595,94.132,95.613,0,99.468,91.814,92.832,91.559,75.24,76.082,102.07,99.805,87.683,87.541,94.984,79.835,74.731,74.142,82.85,98.902,98.154,92.72,96.302,100.58,91.832,89.157,78.195,90.743,91.353,84.476,92.52,84.363,79.943,105.29,89.578,95.848,99.364,91.881,88.157,92.06,88.596,92.781,83.687,87.818,77.132,82.958,87.385,98.576,99.939,96.016,88.183,86.218,87.217,89.476,95.598,99.294,92.004,94.518,94.195
99.135,98.977,99.002,99.327,98.333,99.494,98.232,98.171,98.709,100.09,98.39,97.701,98.989,99.748,100.06,97.742,97.846,100.59,99.222,98.679,98.696,98.303,98.252,99.179,98.689,99.111,100.02,98.846,98.318,99.409,99.468,0,92.319,93.198,93.126,76.204,77.256,102.78,101.06,88.59,88.652,96.104,80.045,75.864,75.14,84.496,100.19,98.32,93.238,97.487,101.43,93.29,90.034,79.171,91.766,92.144,85.352,93.514,85.279,80.938,106.38,90.597,96.434,99.966,92.651,89.02,93.189,89.629,93.176,84.297,88.899,77.738,84.599,88.182,99.796,100.56,96.795,88.751,87.318,87.989,90.431,95.923,99.871,92.469,95.714,94.388
91.255,91.398,90.972,92.343,90.74,92.324,90.607,90.937,91.64,92.095,91.659,90.724,91.874,92.047,92.62,90.766,90.424,93.153,91.766,91.586,91.506,91.163,91.193,92.225,91.072,92.095,92.672,91.636,91.194,91.97,91.814,92.319,0,92.339,91.983,75.006,76.121,102.15,99.693,87.544,87.215,94.763,79.107,74.124,74.14,83.373,99.036,97.722,92.512,96.824,100.32,92.06,89.07,77.619,90.632,91.001,84.179,92.79,83.61,79.834,105.63,89.574,96.055,98.883,91.994,87.985,92.112,88.866,92.776,84.004,88.333,77.262,83.272,87.209,98.364,100.18,95.216,87.841,85.979,86.816,89.808,94.906,99.068,92.071,94.766,93.819
92.331,92.624,91.982,92.834,91.863,92.929,91.622,91.621,92.469,93.173,92.116,91.611,92.359,92.951,93.261,91.626,91.087,93.774,93.057,92.764,92.597,91.774,91.609,92.958,91.868,92.429,93.13,92.709,92.274,93.184,92.832,93.198,92.339,0,91.985,75.753,76.362,102.12,99.934,87.245,87.449,94.786,79.703,74.187,74.411,82.672,99.519,97.736,92.61,96.873,100.19,92.032,89.033,77.627,90.458,91.165,84.621,92.749,84.104,80.158,105.35,89.582,95.718,99.458,91.627,88.694,92.384,88.676,92.207,83.86,88.047,76.969,83.309,87.903,98.36,99.804,95.709,87.943,86.019,86.605,89.636,94.986,98.554,91.334,95.033,94.108
91.134,91.757,90.881,92.27,91.338,91.706,90.948,91.073,91.286,92.153,90.932,90.936,91.772,92.555,92.441,91.03,90.325,93.15,91.995,91.266,92.199,91.009,91.785,92.03,91.234,91.518,92.015,91.695,91.102,91.942,91.559,93.126,91.983,91.985,0,74.917,76.507,102.01,99.737,87.134,87.782,95.087,79.234,74.103,74.024,83.031,99.083,97.868,92.368,96.69,100.54,92.298,89.41,77.899,90.274,91.559,84.372,92.628,84.451,80.264,105.64,89.541,96.433,99.094,92.503,88.446,92.342,88.318,92.576,83.852,88.337,76.979,83.387,87.44,98.098,100.27,95.861,88.016,85.643,86.944,90.202,95.127,99.261,91.942,94.755,93.806
74.781,75.49,74.591,75.927,73.643,75.327,73.415,74.16,74.47,76.162,73.792,73.555,74.926,75.784,75.736,73.933,72.946,77.804,75.148,74.906,74.916,74.313,74.979,75.028,73.993,74.488,75.767,74.995,73.91,75.696,75.24,76.204,75.006,75.753,74.917,0,74.35,100.52,98.481,85.464,86.429,94.153,77.047,71.862,72.453,80.638,97.93,96.243,90.987,95.247,98.577,90.176,87.629,76.711,88.652,90.098,83.535,90.939,82.34,78.136,104.1,87.233,94.399,98.408,90.577,86.486,90.659,87.054,91.394,82.135,86.621,75.044,81.607,85.923,97.301,99.296,94.176,86.463,84.119,85.726,88.483,93.716,98.34,90.259,92.844,91.869
75.635,76.239,75.072,77.091,75.444,76.591,74.642,75.114,76.142,77.166,75.459,74.792,76.412,76.757,77.082,75.234,73.747,78.84,76.676,75.795,75.997,75.298,76.012,76.32,75.458,76.217,77.373,76.099,74.844,76.376,76.082,77.256,76.121,76.362,76.507,74.35,0,101.09,98.867,86.629,86.837,94.629,77.878,72.641,72.627,81.883,98.268,96.891,91.676,95.97,99.302,91.252,88.172,76.314,89.759,90.253,83.162,91.594,83.032,78.533,104.79,88.211,95.373,98.668,91.759,87.649,91.264,87.728,91.868,82.912,86.705,75.851,82.011,86.203,97.775,99.597,94.874,86.87,84.619,86.087,88.756,94.435,98.224,90.692,93.222,92.549
101.42,101.66,101.23,102.24,101.34,102.15,100.81,101.05,101.54,102.04,101.44,100.84,102.06,102.15,102.38,101.29,100.54,103.22,101.93,101.82,101.67,100.95,102.08,102.28,101.21,101.7,102.4,102.04,101.24,102.04,102.07,102.78,102.15,102.12,102.01,100.52,101.09,0,100.28,88.376,88.449,95.659,80.549,75.882,75.46,84.261,100.09,99.088,93,97.47,101.34,93.058,90.349,78.866,91.576,92.536,84.734,93.821,84.842,80.763,106.5,90.746,96.516,100.23,92.481,89.418,92.557,89.68,93.597,84.937,88.805,77.749,84.27,87.727,98.782,101.03,96.363,88.692,87.306,88.2,90.436,96.226,100.42,92.587,95.484,94.867
99.391,99.703,99.35,99.949,98.914,100.17,99.005,98.967,98.982,100.07,99.175,98.787,99.893,99.787,100.17,98.846,98.231,100.76,99.563,99.589,99.395,99.095,99.383,99.984,99.982,99.09,100.18,99.255,99.29,99.807,99.805,101.06,99.693,99.934,99.737,98.481,98.867,100.28,0,88.051,87.874,95.669,80.333,75.368,75.116,83.697,99.712,98.616,93.063,96.949,100.71,92.991,89.763,78.701,91.139,91.563,85.268,93.208,84.757,80.94,106.09,90.169,96.411,99.841,92.548,89.31,92.763,88.808,93.602,84.696,88.604,77.129,83.853,87.469,99.056,100.7,95.919,88.152,86.536,88.183,89.824,95.841,99.524,92.523,94.995,94.328
86.668,87.305,87.031,88.143,86.324,87.467,86.337,86.769,86.412,88.259,87.138,86.422,87.494,88.109,87.592,86.554,85.35,89.289,87.642,87.241,87.2,86.749,87.119,87.727,86.226,87.362,88.249,87.197,86.742,88.007,87.683,88.59,87.544,87.245,87.134,85.464,86.629,88.376,88.051,0,87.244,94.746,78.413,73.249,73.98,81.919,98.755,97.473,91.817,96.189,99.79,91.855,89.08,77.389,90.038,91.015,83.281,92.123,83.354,79.341,105.28,88.711,95.518,98.974,91.576,88.448,91.289,87.969,92.189,83.127,87.256,76,82.414,86.753,97.947,99.657,95.327,87.134,85.02,86.355,89.674,94.824,98.732,91.658,94.07,93.375
87.054,87.328,87.091,87.863,87.069,87.5,87.528,86.883,87.175,88.256,86.917,86.46,87.408,88.664,88.384,86.671,85.88,89.543,88.258,87.25,87.594,87.054,87.38,87.832,86.452,87.408,88.324,87.715,86.921,88.357,87.541,88.652,87.215,87.449,87.782,86.429,86.837,88.449,87.874,87.244,0,94.381,79.271,73.207,74.229,82.408,98.405,97.202,91.434,95.456,99.399,91.645,88.868,76.848,89.818,90.894,84.353,91.904,83.279,79.824,104.77,88.649,95.452,98.905,91.644,87.406,91.463,88.309,92.206,83.861,87.481,76.422,82.604,86.352,97.727,99.745,95.042,87.195,85.286,86.799,89.279,94.921,98.713,91.116,94.146,92.55
94.524,94.931,94.163,95.566,94.478,95.384,94.084,94.391,94.849,95.905,94.516,93.889,95.546,95.839,95.772,94.265,93.786,96.533,95.223,95.156,95.126,94.292,94.209,95.483,94.582,94.927,95.558,95.004,94.387,96.005,94.984,96.104,94.763,94.786,95.087,94.153,94.629,95.659,95.669,94.746,94.381,0,79.719,74.811,74.53,83.557,99.373,98.159,93.16,97.169,100.31,92.106,89.474,78.089,91.227,91.405,84.971,93.114,84.356,79.891,105.62,89.581,96.249,99.535,92.027,88.557,92.957,89.019,93.094,84.218,87.956,76.886,83.82,86.966,98.107,100.3,95.66,88.402,86.318,87.332,90.177,95.346,99.229,92.348,94.974,93.889
79.185,79.251,79.642,79.304,78.657,79.408,78.421,78.213,78.408,80.145,78.494,78.11,79.598,80.021,80.385,78.935,77.598,81.523,80.025,78.919,80.275,78.281,79.243,79.316,78.104,78.821,80.674,79.173,78.157,80.181,79.835,80.045,79.107,79.703,79.234,77.047,77.878,80.549,80.333,78.413,79.271,79.719,0,73.084,73.308,82.182,98.923,97.142,92.016,96.616,99.963,91.715,88.873,76.555,89.925,90.726,84.387,91.836,83.851,79.091,105.02,88.768,95.977,98.989,91.048,87.858,91.725,88.033,92.095,83.496,87.308,76.233,82.276,86.954,97.997,99.684,95.101,88.166,84.878,86.551,89.796,94.92,98.823,91.492,94.724,93.021
73.38,73.773,73.65,74.82,73.67,74.605,72.972,73.095,73.691,75.431,73.347,72.56,74.497,74.769,75.665,73.336,71.804,76.373,74.822,73.798,74.21,73.205,73.69,74.505,73.135,74.091,75.165,74.992,72.912,74.992,74.731,75.864,74.124,74.187,74.103,71.862,72.641,75.882,75.368,73.249,73.207,74.811,73.084,0,72.639,81.032,98.223,96.296,91.385,95.609,99.19,90.67,87.923,76.38,89.044,90.002,83.038,91.292,82.539,78.589,104.29,87.667,94.939,98.359,91.14,87.093,90.843,87.726,91.715,82.22,86.407,75.235,81.625,86.225,97.075,99.004,94.388,86.581,84.183,85.56,88.706,94.022,97.81,90.394,92.946,92.139
73.598,74.493,72.742,74.647,72.996,74.63,72.97,73.534,73.622,75.103,73.445,72.88,74.191,74.907,75.442,73.714,72.065,76.737,74.553,73.696,74.182,73.441,74.444,74.954,73.384,74.526,75.054,74.155,73.492,75.343,74.142,75.14,74.14,74.411,74.024,72.453,72.627,75.46,75.116,73.98,74.229,74.53,73.308,72.639,0,81.529,98.766,96.959,91.895,95.849,99.601,91.603,87.981,76.285,89.42,90.464,83.473,91.758,82.801,78.9,104.87,88.29,95.293,98.741,90.94,87.231,91.163,87.548,91.624,82.636,86.618,75.335,81.916,86.268,97.64,99.361,95.017,86.781,85.094,86.494,88.853,94.383,98.425,91.129,93.391,92.664
82.496,82.741,81.494,83.307,81.485,82.732,81.341,81.944,81.951,83.616,82.238,81.557,83.109,83.184,84.084,82.18,80.474,84.495,83.085,82.698,82.714,81.915,82.098,83.259,81.78,82.706,83.601,82.857,82.676,83.062,82.85,84.496,83.373,82.672,83.031,80.638,81.883,84.261,83.697,81.919,82.408,83.557,82.182,81.032,81.529,0,98.063,96.634,91.587,95.9,99.605,90.77,88.561,76.71,89.407,90.432,83.427,91.627,83.191,78.92,105.07,87.93,95.758,98.663,91.109,87.568,91.206,87.343,91.593,82.5,87.136,76.029,81.82,86.463,97.607,99.297,94.746,86.67,84.798,86.467,88.847,94.392,98.507,90.82,93.559,92.502
98.65,99.433,98.519,99.292,98.411,99.261,98.176,98.56,98.93,99.711,98.629,98.307,99.316,99.387,99.372,98.283,97.821,100.33,98.899,98.403,98.925,98.213,98.578,99.512,98.518,98.895,99.529,98.78,98.751,99.897,98.902,100.19,99.036,99.519,99.083,97.93,98.268,100.09,99.712,98.755,98.405,99.373,98.923,98.223,98.766,98.063,0,98.403,92.674,97.371,100.58,92.904,89.656,78.824,90.98,91.787,84.938,93.366,84.05,80.501,105.95,89.696,96.395,99.921,91.799,88.807,92.161,88.96,93.034,84.138,88.328,77.687,83.942,87.68,98.521,100.17,96.146,88.595,86.932,87.947,90.626,95.321,100.15,92.656,94.894,93.93
97.565,97.723,97.286,98.377,96.925,98.182,97.008,97.156,97.024,98.77,97.372,96.289,97.956,98.035,99.125,96.765,95.895,99.465,98.304,97.714,98.147,97.112,97.048,97.882,97.205,97.845,98.155,97.786,97.075,98.461,98.154,98.32,97.722,97.736,97.868,96.243,96.891,99.088,98.616,97.473,97.202,98.159,97.142,96.296,96.959,96.634,98.403,0,93.224,96.889,100.67,93.003,90.318,78.436,91.261,91.891,85.036,93.052,84.797,80.752,106.54,89.744,96.559,99.648,92.181,88.771,92.545,89.139,92.858,84.347,88.711,77.458,83.998,87.691,98.711,100.37,95.912,88.301,86.551,87.715,90.693,95.706,99.666,92.281,95.235,94.83
91.851,93.006,91.701,92.752,91.82,92.167,91.509,91.494,91.812,92.436,91.402,91.138,92.268,92.503,92.895,91.241,90.52,93.974,92.255,92.214,92.111,92.213,91.846,92.533,91.717,92.042,93.016,91.968,91.758,93.093,92.72,93.238,92.512,92.61,92.368,90.987,91.676,93,93.063,91.817,91.434,93.16,92.016,91.385,91.895,91.587,92.674,93.224,0,96.299,99.853,91.751,88.908,77.76,89.756,91.032,84.061,92.609,83.782,79.288,104.89,89,95.612,99.27,91.164,87.809,91.809,88.319,91.944,83.501,87.737,75.944,82.325,86.383,97.998,100.01,95.131,87.453,85.524,86.585,89.345,94.866,98.825,92.289,94.377,93.139
96.371,96.851,96.034,96.573,95.486,96.386,95.646,95.963,95.846,97.11,96.336,95.622,96.244,96.36,96.901,95.952,94.709,97.937,96.848,96.376,95.884,96.38,96.488,97.191,95.736,96.332,97.432,96.779,96.172,96.784,96.302,97.487,96.824,96.873,96.69,95.247,95.97,97.47,96.949,96.189,95.456,97.169,96.616,95.609,95.849,95.9,97.371,96.889,96.299,0,100.18,91.705,89.343,77.913,90.259,91.219,84.163,92.493,83.764,79.94,104.9,89.027,96.068,98.971,91.418,88.088,92.335,87.951,92.56,83.805,87.839,76.906,82.916,86.892,98.503,100.17,95.269,87.465,86.25,87.164,89.274,95.363,99.288,91.783,94.593,93.696
99.996,100.28,100.41,100.74,99.563,100.56,99.338,99.746,99.946,100.42,99.799,99.337,100.48,100.33,100.92,100,98.785,101.48,100.36,100,100.03,99.698,99.832,100.45,99.632,100.49,100.7,100.31,99.889,100.95,100.58,101.43,100.32,100.19,100.54,98.577,99.302,101.34,100.71,99.79,99.399,100.31,99.963,99.19,99.601,99.605,100.58,100.67,99.853,100.18,0,92.493,90.081,78.616,91.154,92.276,85.581,93.183,84.68,80.971,106.15,89.974,96.787,99.794,92.495,89.057,92.665,89.259,93.589,85.048,88.022,77.678,84.164,87.78,98.89,100.87,96.562,88.668,86.706,88.426,90.588,95.981,99.64,92.887,95.653,94.692
91.699,91.832,91.163,92.462,90.758,92.087,90.945,91.572,91.308,92.196,91.535,91.233,92.146,91.865,93.13,91.038,90.045,93.65,92.098,91.794,91.919,91.088,91.384,93.037,91.347,91.785,92.542,91.861,91.244,92.358,91.832,93.29,92.06,92.032,92.298,90.176,91.252,93.058,92.991,91.855,91.645,92.106,91.715,90.67,91.603,90.77,92.904,93.003,91.751,91.705,92.493,0,89.109,77.818,89.996,90.787,83.926,92.667,84.16,79.892,105.68,89.721,95.872,98.911,91.251,88.139,91.98,88.398,92.151,83.751,87.028,76.826,82.971,87.087,97.991,99.625,95.188,87.672,85.866,86.993,89.522,95.157,98.844,91.805,94.342,93.588
89.04,89.105,88.432,89.627,88.354,89.338,88.329,88.191,89.017,89.793,88.896,88.303,89.13,89.187,89.409,88.583,87.65,90.639,89.469,89.416,88.71,88.554,89.149,89.857,88.549,89.194,89.906,88.792,88.466,89.531,89.157,90.034,89.07,89.033,89.41,87.629,88.172,90.349,89.763,89.08,88.868,89.474,88.873,87.923,87.981,88.561,89.656,90.318,88.908,89.343,90.081,89.109,0,77.616,89.991,90.772,83.977,92.613,83.929,79.846,105.73,88.887,95.457,99.007,90.72,88.166,91.819,87.816,91.965,83.288,87.736,76.147,82.464,86.937,98.215,99.79,95.81,87.347,85.949,86.586,88.799,94.919,98.791,91.434,94.337,92.895
76.58,78.013,76.609,78.393,76.721,78.015,75.756,76.778,76.894,78.932,76.714,75.864,77.677,78.533,78.898,76.692,75.515,80.625,77.8,77.165,77.766,77.1,78.156,77.801,76.795,77.943,78.209,78.099,76.336,78.153,78.195,79.171,77.619,77.627,77.899,76.711,76.314,78.866,78.701,77.389,76.848,78.089,76.555,76.38,76.285,76.71,78.824,78.436,77.76,77.913,78.616,77.818,77.616,0,89.376,90.305,83.556,91.803,83.173,79.083,104.8,88.421,95.215,98.354,91.097,87.247,91.5,87.47,91.614,82.868,86.991,76.22,81.709,86.664,97.825,99.174,94.373,86.629,84.983,86.104,88.677,94.399,98.309,91.054,93.619,92.31
89.94,90.595,89.673,90.652,89.384,90.401,89.641,89.853,89.668,90.971,89.449,89.485,89.716,90.003,90.996,89.518,88.149,92.652,90.38,89.498,90.605,89.757,90.167,90.412,89.13,89.866,90.718,89.905,90.398,90.393,90.743,91.766,90.632,90.458,90.274,88.652,89.759,91.576,91.139,90.038,89.818,91.227,89.925,89.044,89.42,89.407,90.98,91.261,89.756,90.259,91.154,89.996,89.991,89.376,0,90.934,83.735,92.808,83.843,80.157,105.21,89.378,95.531,98.94,91.456,87.989,91.641,87.873,92.514,83.572,87.676,76.688,82.44,86.911,98.289,99.9,95.666,87.072,85.75,86.767,89.405,94.856,98.653,91.574,94.538,93.271
90.48,91.015,90.381,91.734,90.123,91.798,90.614,90.666,91.051,91.875,90.912,90.301,91.221,91.477,91.445,90.207,89.792,92.415,91.337,90.95,91.022,90.331,91.196,91.299,90.526,91.023,91.733,90.637,90.47,91.555,91.353,92.144,91.001,91.165,91.559,90.098,90.253,92.536,91.563,91.015,90.894,91.405,90.726,90.002,90.464,90.432,91.787,91.891,91.032,91.219,92.276,90.787,90.772,90.305,90.934,0,84.619,92.542,83.703,79.974,105.59,89.711,95.678,98.915,91.757,88.46,92.266,88.53,92.608,84.198,87.827,76.874,82.407,87.058,98.13,99.98,95.36,87.375,86.068,87.169,89.394,95.289,99.202,91.849,94.16,93.36
84.116,84.324,83.829,84.575,83.399,84.77,82.615,83.552,83.966,85.388,83.591,83.531,84.761,84.285,84.971,83.39,82.396,86.75,84.615,83.807,84.17,83.518,84.222,84.185,83.361,83.695,85.12,84.363,83.294,84.338,84.476,85.352,84.179,84.621,84.372,83.535,83.162,84.734,85.268,83.281,84.353,84.971,84.387,83.038,83.473,83.427,84.938,85.036,84.061,84.163,85.581,83.926,83.977,83.556,83.735,84.619,0,91.879,83.451,79.439,104.88,88.654,94.723,98.023,91.052,87.298,91.318,87.594,91.912,82.623,87.254,76.092,82.35,86.504,98.045,99.282,95.199,86.795,85.416,86.232,88.987,94.372,98.761,91.157,93.814,92.82
92.291,92.775,92.049,93.009,91.756,93.085,91.488,92.025,91.744,93.027,91.929,91.539,93.217,93.165,93.462,91.961,90.795,94.568,93.075,92.192,92.339,92.137,92.366,92.797,91.37,92.638,93.354,92.42,91.509,92.961,92.52,93.514,92.79,92.749,92.628,90.939,91.594,93.821,93.208,92.123,91.904,93.114,91.836,91.292,91.758,91.627,93.366,93.052,92.609,92.493,93.183,92.667,92.613,91.803,92.808,92.542,91.879,0,84.551,80.241,105.48,89.827,96.269,99.409,92.185,88.935,92.57,88.646,92.741,84.258,88.366,76.638,82.826,87.462,98.53,100.84,95.98,88.249,86.197,87.53,89.841,95.682,100.06,92.155,95.418,93.98
83.56,84.263,83.404,84.494,83.344,84.351,83.47,83.597,83.757,84.31,83.478,82.818,84.359,84.582,84.658,83.483,82.257,85.653,84.012,84.261,83.763,83.044,83.388,84.377,83.527,83.796,84.791,83.596,82.579,84.549,84.363,85.279,83.61,84.104,84.451,82.34,83.032,84.842,84.757,83.354,83.279,84.356,83.851,82.539,82.801,83.191,84.05,84.797,83.782,83.764,84.68,84.16,83.929,83.173,83.843,83.703,83.451,84.551,0,79.584,105.31,89.381,95.725,98.862,91.339,87.792,91.374,87.983,92.417,83.747,87.205,75.827,82.565,86.801,97.754,99.446,94.923,87.306,85.11,86.755,89.631,94.467,98.87,90.99,93.838,93.147
79.348,80.113,79.22,80.841,78.75,80.426,79.082,79.017,79.621,80.757,79.213,78.715,80.237,80.507,80.97,79.355,77.926,81.916,80.156,79.836,79.997,79.111,79.699,80.378,79.395,80.045,80.698,79.786,79.264,80.628,79.943,80.938,79.834,80.158,80.264,78.136,78.533,80.763,80.94,79.341,79.824,79.891,79.091,78.589,78.9,78.92,80.501,80.752,79.288,79.94,80.971,79.892,79.846,79.083,80.157,79.974,79.439,80.241,79.584,0,104.86,88.127,95.112,99.037,90.98,87.548,91.125,87.763,91.791,82.68,86.933,76.201,82.327,86.11,97.386,99.228,94.587,87.235,84.799,86.312,89.222,94.008,98.398,90.52,93.623,92.605
105.33,105.57,105.07,105.81,104.87,105.34,104.51,104.59,104.66,105.84,104.4,104.64,105.29,105.65,105.91,104.6,104.04,106.58,105.47,105.52,105.55,105.2,105.34,105.7,104.71,105.21,105.98,105.27,104.83,105.99,105.29,106.38,105.63,105.35,105.64,104.1,104.79,106.5,106.09,105.28,104.77,105.62,105.02,104.29,104.87,105.07,105.95,106.54,104.89,104.9,106.15,105.68,105.73,104.8,105.21,105.59,104.88,105.48,105.31,104.86,0,91.403,96.766,99.873,92.897,89.786,93.591,89.713,93.907,85.608,88.995,78.012,84.73,88.647,99.204,101.26,96.581,89.079,87.7,88.739,90.423,96.47,100.51,93.567,95.757,95.388
88.897,89.53,88.348,90.028,88.33,90.034,88.615,88.776,88.568,90.053,88.603,88.384,89.512,89.877,90.208,88.406,87.504,91.365,89.448,88.47,89.208,88.367,89.21,90.01,88.42,88.86,90.199,88.92,88.528,89.324,89.578,90.597,89.574,89.582,89.541,87.233,88.211,90.746,90.169,88.711,88.649,89.581,88.768,87.667,88.29,87.93,89.696,89.744,89,89.027,89.974,89.721,88.887,88.421,89.378,89.711,88.654,89.827,89.381,88.127,91.403,0,95.236,98.929,91.448,87.989,91.568,88.176,92.175,83.475,87.518,76.824,82.704,86.925,97.715,99.635,95.028,87.598,85.445,86.93,89.235,94.552,98.817,91.203,94.039,93.046
95.526,95.722,95.355,95.965,94.916,95.954,94.969,95.041,95.468,96.547,95.758,95.235,95.871,96.573,96.349,94.878,94.342,97.258,96.064,95.397,95.944,95.32,94.878,96.047,95.282,95.94,96.97,95.729,95.526,96.405,95.848,96.434,96.055,95.718,96.433,94.399,95.373,96.516,96.411,95.518,95.452,96.249,95.977,94.939,95.293,95.758,96.395,96.559,95.612,96.068,96.787,95.872,95.457,95.215,95.531,95.678,94.723,96.269,95.725,95.112,96.766,95.236,0,98.662,91.454,88.247,92.049,88.532,92.536,83.671,87.729,76.53,83.348,87.144,98.913,100.21,95.379,87.7,86.26,87.151,89.592,95.324,99.104,91.967,95.036,93.338
99.149,99.333,98.707,99.431,98.129,99.474,98.663,98.6,98.793,99.856,98.959,98.441,98.812,99.387,99.518,98.062,97.976,100.47,98.966,99.243,98.96,98.477,98.988,99.82,98.672,99.244,99.77,99.13,98.704,99.436,99.364,99.966,98.883,99.458,99.094,98.408,98.668,100.23,99.841,98.974,98.905,99.535,98.989,98.359,98.741,98.663,99.921,99.648,99.27,98.971,99.794,98.911,99.007,98.354,98.94,98.915,98.023,99.409,98.862,99.037,99.873,98.929,98.662,0,92.399,88.824,92.574,88.9,92.945,84.798,88.361,77.113,84.083,88.004,98.751,100.59,96.251,88.312,86.939,87.444,89.907,95.911,99.451,92.625,95.163,94.429
91.651,91.866,91.224,91.8,90.799,92.23,91.162,90.655,91.343,92.808,91.488,90.314,91.863,91.574,92.02,90.756,90.098,93.421,92.165,91.942,91.725,91.14,91.58,92.258,91.102,91.64,92.553,91.41,91.169,92.117,91.881,92.651,91.994,91.627,92.503,90.577,91.759,92.481,92.548,91.576,91.644,92.027,91.048,91.14,90.94,91.109,91.799,92.181,91.164,91.418,92.495,91.251,90.72,91.097,91.456,91.757,91.052,92.185,91.339,90.98,92.897,91.448,91.454,92.399,0,88.317,92.02,88.454,92.191,84.063,87.804,76.721,82.886,87.163,97.866,99.806,95.479,87.799,85.959,87.236,89.361,95.377,99.111,91.846,94.421,93.428
87.198,88.611,87.286,88.773,87.831,88.615,87.233,87.458,87.385,88.923,87.407,87.185,89.512,89.288,88.997,87.536,86.244,90.633,88.457,88.296,88.486,87.406,87.849,88.611,87.453,88.158,89.171,88.101,87.825,88.869,88.157,89.02,87.985,88.694,88.446,86.486,87.649,89.418,89.31,88.448,87.406,88.557,87.858,87.093,87.231,87.568,88.807,88.771,87.809,88.088,89.057,88.139,88.166,87.247,87.989,88.46,87.298,88.935,87.792,87.548,89.786,87.989,88.247,88.824,88.317,0,91.608,87.628,92.411,83.263,87.475,75.986,82.162,86.701,98.069,99.734,94.867,87.322,85.544,86.462,89.385,95.081,98.813,91.373,94.248,92.824
91.955,91.851,91.333,92.613,91.37,92.203,91.012,91.513,91.621,92.581,91.492,91.093,92.009,92.459,92.853,91.471,90.601,94.089,91.748,91.72,91.885,91.371,91.984,92.468,91.555,91.817,92.466,92.453,91.209,92.705,92.06,93.189,92.112,92.384,92.342,90.659,91.264,92.557,92.763,91.289,91.463,92.957,91.725,90.843,91.163,91.206,92.161,92.545,91.809,92.335,92.665,91.98,91.819,91.5,91.641,92.266,91.318,92.57,91.374,91.125,93.591,91.568,92.049,92.574,92.02,91.608,0,89.049,92.928,83.779,87.876,76.313,83.253,87.001,98.382,100.15,96.046,88.231,86.024,87.044,89.773,95.394,99.355,92.047,94.645,93.668
88.48,88.438,87.511,88.931,87.139,88.685,87.457,87.401,87.904,88.904,88.094,87.779,88.673,88.545,89.012,87.793,86.475,90.476,88.358,87.752,87.861,88.327,88.433,88.844,87.741,88.18,88.506,88.095,87.755,88.897,88.596,89.629,88.866,88.676,88.318,87.054,87.728,89.68,88.808,87.969,88.309,89.019,88.033,87.726,87.548,87.343,88.96,89.139,88.319,87.951,89.259,88.398,87.816,87.47,87.873,88.53,87.594,88.646,87.983,87.763,89.713,88.176,88.532,88.9,88.454,87.628,89.049,0,92.031,83.025,87.217,76.046,81.95,86.313,97.934,99.618,94.979,86.975,84.978,86.077,88.655,94.749,98.79,91.33,94.485,92.571
