0.000000,0.053546,0.284158,-0.082461,0.467491,-0.121491,0.493777,0.133765,0.196931,0.309230,0.780473,0.030277,0.500916,0.292919,-0.102053,-0.318722,-0.166644,0.743825,0.237278,0.386165,-0.066811,0.356667,0.065273,0.026547,-0.015954,-0.328242,0.028988,-0.163753,-0.038831,0.744239,0.060775,0.089579,0.535526,0.702536,0.580714,0.449594,0.180096,-0.309477,0.251715,-0.400312,0.437969,0.183834,0.179026,0.193939,0.141031,0.164381,0.420999,0.360172,0.182727,0.139835,0.181977,0.017661,0.464012,-0.025486,0.693238,-0.361277,0.642136,0.273159,0.464787,0.456241,0.748416,0.273538,0.260544,0.594881,0.288056,0.310052,0.399068,0.160105,0.266197,-0.002544,0.633440,-0.163771,0.265825,0.729099,0.518705,-0.069020,0.746369,0.020096,0.687554,-0.014661,0.804738,-0.199192,0.336260,-0.371819,0.658114,-0.393480,0.200647,-0.306904,0.667087,-0.516631,0.658903,-0.046260,0.608774,-0.152834,-0.207728,-0.019472,0.437495,-0.275033,0.503225,-0.001925,0.292018,-0.488794,0.135531,-0.234060,0.722887,-0.250994,0.043852,-0.290270,-0.112027,0.241050,0.542234,0.433892,0.437789,0.139783,0.183095,-0.034428
0.053546,0.000000,0.080727,0.535038,-0.343065,0.155950,0.075096,0.767296,-0.160830,-0.163189,0.030582,0.740146,0.293502,0.323675,0.604314,0.548825,0.607209,0.090935,0.640898,0.192214,0.285912,0.047859,0.465262,0.281674,0.313647,0.471845,0.075579,0.265428,0.570984,-0.002577,0.387927,0.358123,0.619580,0.433535,0.243044,-0.013473,0.324273,0.582537,0.199269,0.588690,0.410516,0.400061,0.007624,0.039631,0.029493,-0.018254,-0.028292,0.011817,-0.114457,0.011413,-0.095765,0.045386,-0.221978,0.083362,-0.313241,0.624135,0.444355,0.677874,0.372612,0.434522,0.143217,0.480780,0.481020,0.305757,0.254520,0.344266,0.337946,0.282337,0.234487,0.262709,0.028069,0.432401,0.504752,-0.026203,-0.145962,0.409199,0.075516,0.635067,-0.120850,0.553628,-0.051113,0.773130,0.239292,0.483879,-0.267936,0.559235,-0.063180,0.345722,-0.376043,0.584118,-0.320791,0.206382,-0.126254,0.409933,0.352429,0.117106,0.197364,0.594633,0.430986,0.544073,-0.114344,0.545963,-0.002976,0.301993,-0.198497,0.543265,0.036051,0.300656,0.191083,0.419140,0.297567,0.435768,0.411321,0.303559,-0.018946,0.238522
0.284158,0.080727,0.000000,0.631631,0.128017,0.343181,0.842095,0.104802,-0.654779,-0.554736,0.533757,0.392731,0.736507,-0.469526,0.372872,0.312066,0.313888,0.254566,0.617166,0.846018,0.649039,0.738321,0.726285,0.805823,0.690291,0.471657,0.703376,0.678694,0.411506,0.160255,0.717506,0.753939,0.181341,0.294164,0.034130,-0.263567,0.568760,0.361974,0.097145,0.092516,0.483707,0.241779,-0.727793,-0.720558,-0.747072,-0.725720,-0.482181,-0.574510,-0.703561,-0.749007,-0.729596,-0.806948,-0.499104,-0.816193,0.015194,0.143518,0.527017,-0.272663,0.429069,-0.004788,0.033996,-0.435889,0.575070,0.566680,-0.515170,-0.471051,0.565022,0.754984,0.823318,0.782049,0.727142,0.645198,0.244132,0.134464,-0.149000,-0.423228,0.227832,0.441380,-0.063480,-0.422812,0.377037,-0.160863,0.614327,0.394579,-0.207869,-0.530317,0.781517,0.593817,-0.077247,-0.365806,-0.168753,-0.775025,-0.261871,-0.691717,0.505673,0.394710,0.246324,0.046563,0.291154,0.557021,0.824406,0.172817,0.850676,0.671164,0.396725,-0.359503,0.798387,0.628193,0.483951,0.234945,0.436510,-0.099734,-0.202672,-0.587518,-0.717873,0.407411
-0.082461,0.535038,0.631631,0.000000,-0.323873,0.428622,0.518299,0.497685,-0.707686,-0.660207,0.131077,0.725787,0.589863,-0.265411,0.682675,0.708375,0.673255,-0.053826,0.768665,0.623048,0.688848,0.488527,0.836651,0.807471,0.757107,0.797109,0.590251,0.760197,0.700294,-0.191668,0.778095,0.798560,0.260239,0.203820,-0.117228,-0.457187,0.606378,0.735973,0.036006,0.567655,0.463761,0.329980,-0.662211,-0.641317,-0.650464,-0.667756,-0.596001,-0.603709,-0.717810,-0.652833,-0.720983,-0.628384,-0.717988,-0.598675,-0.476986,0.594094,0.410040,0.055088,0.403577,0.059229,-0.198927,-0.194117,0.675965,0.362045,-0.371645,-0.307617,0.455793,0.692555,0.661485,0.759614,0.335919,0.832213,0.415723,-0.228765,-0.433740,-0.114894,-0.087474,0.715442,-0.375192,0.020334,-0.051069,0.408859,0.489932,0.764620,-0.582193,0.056524,0.467193,0.777177,-0.572288,0.256446,-0.593368,-0.474177,-0.518776,-0.260218,0.707331,0.426387,0.169092,0.520351,0.292129,0.750530,0.474220,0.653660,0.618234,0.805176,-0.088909,0.177626,0.638408,0.779556,0.595196,0.315650,0.274027,-0.002814,-0.074740,-0.359800,-0.653296,0.495284
0.467491,-0.343065,0.128017,-0.323873,0.000000,0.304009,0.286138,-0.206143,0.436284,0.510073,0.430673,-0.300089,0.109064,0.133078,-0.196316,-0.240017,-0.492792,0.435627,-0.212486,0.120062,-0.178991,0.161890,-0.186106,-0.094365,-0.173883,-0.387621,-0.023783,-0.170821,-0.426831,0.456514,-0.224998,-0.108440,0.035882,0.223845,0.264519,0.412474,-0.018324,-0.389927,0.338084,-0.408147,0.053162,-0.075002,0.149858,0.154646,0.123571,0.196454,0.310007,0.252917,0.252054,0.142226,0.234853,0.051528,0.383758,-0.018447,0.642032,-0.486739,0.101285,-0.026998,0.050529,0.135341,0.350683,-0.005432,-0.188867,0.270032,0.082048,0.131085,0.154805,0.010378,0.052216,-0.164010,0.360009,-0.332501,-0.215106,0.389636,0.585192,-0.269309,0.458123,-0.297965,0.413830,-0.316624,0.479090,-0.451776,0.211188,-0.387097,0.563672,-0.447129,0.311514,-0.251141,0.645473,-0.574863,0.599835,-0.120642,0.438259,-0.260785,-0.298902,-0.068558,0.174026,-0.483112,0.052753,-0.278599,0.214894,-0.589207,0.064614,-0.306196,0.596331,-0.437011,-0.057858,-0.343770,-0.189285,-0.063631,0.191259,0.057978,0.103882,0.028339,0.154141,-0.190005
-0.121491,0.155950,0.343181,0.428622,0.304009,0.000000,0.306605,0.232979,-0.132014,-0.077136,0.027008,0.323553,0.285275,-0.059138,0.495690,0.607355,0.219653,-0.043974,0.250197,0.312606,0.353604,0.267193,0.423564,0.473740,0.435543,0.489974,0.360652,0.500802,0.192352,-0.171927,0.318514,0.462686,-0.047381,0.021508,-0.189583,-0.207964,0.365802,0.400066,0.234048,0.355009,0.145003,0.054867,-0.382096,-0.350544,-0.372637,-0.328668,-0.319789,-0.336703,-0.357191,-0.351249,-0.355823,-0.335534,-0.410129,-0.352386,-0.176727,0.269676,0.041487,0.006100,0.171473,0.040236,-0.216247,-0.199047,0.249849,0.188888,-0.240800,-0.153662,0.279919,0.439042,0.345774,0.365778,0.141804,0.394562,0.031762,-0.288589,-0.003617,-0.225998,-0.082890,0.268709,-0.277242,-0.115173,-0.083818,0.141848,0.384693,0.482545,-0.263820,-0.017791,0.455029,0.506905,-0.244108,0.064506,-0.261870,-0.318055,-0.264020,-0.220032,0.378522,0.276955,0.092656,0.185430,0.071919,0.318570,0.316116,0.281997,0.362514,0.422435,0.053729,0.049513,0.326528,0.382552,0.381689,0.074195,0.068429,-0.095276,-0.100992,-0.179402,-0.377208,0.255243
0.493777,0.075096,0.842095,0.518299,0.286138,0.306605,0.000000,0.143093,-0.485734,-0.362008,0.694623,0.348861,0.787278,-0.303939,0.298957,0.195868,0.211060,0.433700,0.589945,0.841205,0.539039,0.735063,0.642582,0.706256,0.583179,0.311263,0.616047,0.535395,0.337303,0.356508,0.627389,0.683554,0.305755,0.460527,0.194121,-0.076099,0.550224,0.225686,0.180853,-0.028756,0.544220,0.273031,-0.570831,-0.560111,-0.600762,-0.570432,-0.280887,-0.380979,-0.545044,-0.598072,-0.568692,-0.686642,-0.293494,-0.707758,0.230220,0.020088,0.621480,-0.160138,0.474915,0.111413,0.232323,-0.302867,0.553753,0.663737,-0.363351,-0.314374,0.603538,0.693198,0.783292,0.665377,0.812307,0.505792,0.293947,0.331230,0.046226,-0.404007,0.421596,0.384084,0.147814,-0.371619,0.558876,-0.195289,0.640365,0.240448,0.020252,-0.571186,0.746850,0.424337,0.137403,-0.466831,0.054203,-0.679999,-0.043298,-0.643451,0.377090,0.335568,0.340343,-0.047154,0.388855,0.472865,0.798508,-0.001883,0.771705,0.506571,0.563444,-0.382392,0.695372,0.450457,0.383839,0.264044,0.527381,0.029009,-0.050470,-0.461131,-0.560436,0.339740
0.133765,0.767296,0.104802,0.497685,-0.206143,0.232979,0.143093,0.000000,-0.095879,-0.071322,0.151058,0.751331,0.371423,0.412762,0.581629,0.544237,0.490555,0.153553,0.599280,0.206413,0.263981,0.055025,0.435228,0.278967,0.292231,0.423191,0.029516,0.195093,0.556535,0.093473,0.366448,0.389756,0.593522,0.461143,0.275897,0.057490,0.346726,0.493474,0.213081,0.468817,0.436827,0.417877,0.014507,0.057063,0.024088,-0.027796,0.055398,0.057079,-0.120406,0.013106,-0.079375,0.037622,-0.120210,0.083035,-0.192212,0.521680,0.418968,0.634561,0.371603,0.433895,0.201218,0.468947,0.424419,0.345529,0.325916,0.371271,0.310937,0.233953,0.213591,0.202617,0.120584,0.415326,0.603802,0.070848,-0.040820,0.317230,0.195592,0.605708,-0.049817,0.520330,0.034433,0.720212,0.255078,0.427685,-0.123005,0.489429,-0.042228,0.257106,-0.255958,0.481274,-0.186909,0.221486,0.059418,0.380844,0.314365,0.099115,0.226050,0.531252,0.512694,0.523856,-0.038899,0.479470,0.021283,0.252705,-0.045123,0.555309,0.039527,0.209444,0.151479,0.433976,0.353604,0.496862,0.506511,0.298825,0.006697,0.244680
0.196931,-0.160830,-0.654779,-0.707686,0.436284,-0.132014,-0.485734,-0.095879,0.000000,0.857510,-0.076315,-0.443108,-0.462221,0.620587,-0.393855,-0.413833,-0.531087,0.187014,-0.556938,-0.596691,-0.687632,-0.511440,-0.692627,-0.738053,-0.691364,-0.650594,-0.649515,-0.718548,-0.556673,0.259841,-0.725378,-0.676713,0.030124,0.062787,0.254946,0.547916,-0.453187,-0.559762,0.173046,-0.332406,-0.259495,-0.207866,0.790371,0.792729,0.785888,0.816142,0.699897,0.751386,0.820053,0.797654,0.829925,0.774977,0.735718,0.735218,0.455400,-0.426918,-0.236692,0.362859,-0.237403,0.191665,0.329170,0.493690,-0.514797,-0.216988,0.600780,0.597422,-0.321190,-0.618509,-0.649027,-0.785403,-0.333645,-0.756408,-0.231529,0.234915,0.561086,0.267783,0.213931,-0.499585,0.424581,0.269066,0.081394,-0.061966,-0.336017,-0.602588,0.614536,0.212827,-0.495320,-0.703432,0.525627,-0.038140,0.600456,0.649874,0.590671,0.492087,-0.644101,-0.387218,-0.002116,-0.302257,-0.079734,-0.613425,-0.583768,-0.552368,-0.713625,-0.803726,0.114267,0.086482,-0.750015,-0.795222,-0.545659,-0.160150,-0.145739,0.255268,0.378493,0.620873,0.781709,-0.468743
0.309230,-0.163189,-0.554736,-0.660207,0.510073,-0.077136,-0.362008,-0.071322,0.857510,0.000000,0.047418,-0.417225,-0.338264,0.638299,-0.385073,-0.410225,-0.538427,0.287388,-0.498967,-0.487480,-0.667669,-0.408918,-0.627669,-0.663590,-0.637542,-0.649396,-0.580156,-0.685308,-0.546356,0.351908,-0.674350,-0.600341,0.073891,0.160728,0.297107,0.573020,-0.387764,-0.576350,0.189298,-0.380837,-0.177002,-0.179034,0.748437,0.753840,0.736431,0.779199,0.709841,0.748892,0.787316,0.754706,0.793538,0.712004,0.743816,0.662526,0.532398,-0.467251,-0.157207,0.359915,-0.163318,0.223239,0.392107,0.479680,-0.450739,-0.104384,0.585394,0.602485,-0.241412,-0.534748,-0.567131,-0.734395,-0.212134,-0.735295,-0.192718,0.320924,0.619375,0.203647,0.302567,-0.480201,0.501092,0.226830,0.193091,-0.103996,-0.244463,-0.607690,0.681468,0.116220,-0.408938,-0.695223,0.597613,-0.136043,0.670012,0.580697,0.641078,0.405122,-0.625265,-0.337286,0.082420,-0.333695,-0.010773,-0.584086,-0.476816,-0.604539,-0.628811,-0.779518,0.245403,0.037756,-0.689606,-0.793830,-0.498241,-0.128057,-0.074675,0.275436,0.401036,0.594975,0.749460,-0.436515
0.780473,0.030582,0.533757,0.131077,0.430673,0.027008,0.694623,0.151058,-0.076315,0.047418,0.000000,0.164965,0.689295,0.075398,0.025193,-0.135384,-0.005282,0.678371,0.377782,0.603495,0.191880,0.525732,0.284595,0.298155,0.198354,-0.117005,0.252840,0.084385,0.155097,0.655691,0.305785,0.348151,0.481177,0.664003,0.505307,0.304967,0.358885,-0.129738,0.240522,-0.300118,0.537893,0.247965,-0.118427,-0.099721,-0.161333,-0.145606,0.180693,0.090099,-0.117009,-0.168140,-0.119978,-0.282738,0.211308,-0.309515,0.586215,-0.237821,0.666094,0.065342,0.483419,0.320946,0.614474,0.056775,0.395065,0.683357,0.066650,0.081673,0.510796,0.378517,0.495620,0.269680,0.775883,0.115702,0.337496,0.671369,0.362629,-0.245783,0.714397,0.192439,0.527637,-0.142755,0.779480,-0.210737,0.467656,-0.153285,0.455343,-0.508058,0.433798,-0.044109,0.513782,-0.547394,0.486162,-0.306697,0.427075,-0.365975,0.005132,0.096274,0.425715,-0.221491,0.524284,0.207418,0.542338,-0.322366,0.419243,0.054698,0.737289,-0.326333,0.320334,-0.015764,0.045139,0.271701,0.625696,0.333190,0.311147,-0.097251,-0.112996,0.101994
0.030277,0.740146,0.392731,0.725787,-0.300089,0.323553,0.348861,0.751331,-0.443108,-0.417225,0.164965,0.000000,0.525725,0.078617,0.712080,0.665549,0.679338,0.098116,0.766164,0.463326,0.580913,0.305939,0.701470,0.573621,0.593988,0.664731,0.348241,0.520031,0.725065,0.008515,0.655679,0.642718,0.500337,0.371441,0.111679,-0.178806,0.486787,0.698317,0.185359,0.569887,0.495678,0.474278,-0.340827,-0.299579,-0.329187,-0.383925,-0.254707,-0.291419,-0.461516,-0.347916,-0.433741,-0.314899,-0.439781,-0.263750,-0.338297,0.648989,0.475870,0.390824,0.424826,0.313179,0.032194,0.167557,0.591255,0.442117,-0.010315,0.049926,0.448090,0.517430,0.494520,0.545567,0.266917,0.692824,0.558610,-0.060420,-0.255223,0.178677,0.059011,0.721271,-0.230229,0.299826,0.015523,0.641114,0.443408,0.647448,-0.379293,0.306078,0.251801,0.567862,-0.436221,0.402433,-0.421475,-0.109386,-0.225533,0.086740,0.540365,0.271199,0.200632,0.572941,0.475836,0.732478,0.241965,0.639060,0.347357,0.576017,-0.085663,0.396779,0.383049,0.541303,0.353670,0.512045,0.393088,0.315221,0.231134,0.007265,-0.356537,0.428905
0.500916,0.293502,0.736507,0.589863,0.109064,0.285275,0.787278,0.371423,-0.462221,-0.338264,0.689295,0.525725,0.000000,-0.077976,0.443423,0.305874,0.403645,0.478305,0.691170,0.784192,0.534837,0.675793,0.688535,0.671931,0.603171,0.382913,0.529962,0.492912,0.539692,0.357515,0.680675,0.722319,0.462002,0.573360,0.267497,-0.073372,0.641266,0.331248,0.161156,0.089408,0.641595,0.351038,-0.473986,-0.443241,-0.498821,-0.498945,-0.217552,-0.293315,-0.504689,-0.507089,-0.507506,-0.571523,-0.266086,-0.570959,0.139606,0.152503,0.702477,0.048200,0.597125,0.259689,0.336478,-0.089494,0.708611,0.696854,-0.151286,-0.126322,0.630607,0.679071,0.724866,0.624057,0.739086,0.546329,0.491080,0.317038,0.021996,-0.240151,0.466629,0.543351,0.171632,-0.085679,0.544278,0.072055,0.641046,0.340423,0.009088,-0.350624,0.569511,0.402010,0.036516,-0.255489,0.008663,-0.493287,0.018541,-0.415993,0.424040,0.332136,0.422834,0.129034,0.544446,0.569688,0.672812,0.146348,0.659133,0.500788,0.473636,-0.121619,0.604114,0.426630,0.404173,0.385613,0.582552,0.234882,0.172233,-0.276395,-0.469130,0.371360
0.292919,0.323675,-0.469526,-0.265411,0.133078,-0.059138,-0.303939,0.412762,0.620587,0.638299,0.075398,0.078617,-0.077976,0.000000,0.008807,-0.046467,-0.071290,0.329266,-0.075661,-0.347610,-0.404717,-0.303473,-0.279989,-0.435060,-0.378852,-0.282944,-0.534283,-0.490132,-0.037700,0.309390,-0.349644,-0.283113,0.397226,0.382450,0.392591,0.456288,-0.057669,-0.175536,0.244789,0.001022,0.147908,0.086700,0.667649,0.693613,0.668789,0.648691,0.604308,0.668520,0.600821,0.658999,0.632543,0.653243,0.541127,0.650209,0.259373,-0.063809,0.122447,0.670893,0.133325,0.452857,0.472745,0.714145,-0.038525,0.070736,0.747311,0.750186,-0.035900,-0.333974,-0.413758,-0.529430,-0.179858,-0.380620,0.225452,0.256796,0.413969,0.399643,0.344188,-0.020014,0.432262,0.615583,0.154336,0.398477,-0.079353,-0.241788,0.453923,0.437777,-0.491929,-0.469779,0.278826,0.241245,0.403236,0.684705,0.550136,0.633817,-0.337139,-0.220269,0.231702,0.088292,0.326469,-0.176314,-0.487067,-0.180966,-0.564521,-0.508634,0.092965,0.437646,-0.573517,-0.552024,-0.281841,0.157636,0.100420,0.565239,0.663679,0.712138,0.651104,-0.184773
-0.102053,0.604314,0.372872,0.682675,-0.196316,0.495690,0.298957,0.581629,-0.393855,-0.385073,0.025193,0.712080,0.443423,0.008807,0.000000,0.765389,0.646692,-0.005550,0.633170,0.376744,0.625184,0.313742,0.661960,0.573039,0.599181,0.727631,0.399569,0.609229,0.660049,-0.130731,0.596853,0.623884,0.344767,0.210422,0.020666,-0.268623,0.589540,0.713919,0.279577,0.670479,0.454730,0.380235,-0.362703,-0.330547,-0.342570,-0.374579,-0.346811,-0.349316,-0.450620,-0.366068,-0.445311,-0.327647,-0.516793,-0.292854,-0.379518,0.646628,0.369982,0.264710,0.354097,0.170130,-0.086025,0.058761,0.567230,0.283906,-0.090230,-0.031107,0.395684,0.510767,0.448460,0.512907,0.180857,0.665354,0.432888,-0.241346,-0.238400,0.169998,0.001961,0.693135,-0.304052,0.234327,-0.049010,0.557777,0.527084,0.721149,-0.433844,0.304986,0.335849,0.653713,-0.477991,0.431659,-0.484168,-0.173940,-0.347243,0.058208,0.608288,0.335870,0.177282,0.536966,0.346389,0.662899,0.212074,0.630619,0.345972,0.595811,-0.160234,0.324665,0.394000,0.583958,0.388211,0.353052,0.256429,0.203099,0.123099,-0.099020,-0.416364,0.389989
-0.318722,0.548825,0.312066,0.708375,-0.240017,0.607355,0.195868,0.544237,-0.413833,-0.410225,-0.135384,0.665549,0.305874,-0.046467,0.765389,0.000000,0.626245,-0.222291,0.529804,0.297842,0.561119,0.202262,0.616529,0.584236,0.559306,0.769975,0.384009,0.639193,0.594065,-0.338378,0.535733,0.606157,0.152846,0.041949,-0.156173,-0.368176,0.518648,0.752169,0.221096,0.754579,0.299272,0.268802,-0.430325,-0.398614,-0.408481,-0.425836,-0.467004,-0.440790,-0.502870,-0.412232,-0.492451,-0.347789,-0.630725,-0.312189,-0.537612,0.685517,0.145826,0.172334,0.212881,0.014528,-0.322251,-0.046492,0.449637,0.128263,-0.192775,-0.124994,0.273643,0.472342,0.380499,0.505026,0.013333,0.680922,0.311029,-0.426487,-0.310312,0.037710,-0.194123,0.652229,-0.464351,0.202521,-0.274006,0.576542,0.398377,0.802420,-0.592578,0.361586,0.304599,0.728947,-0.632773,0.509463,-0.618643,-0.197450,-0.488229,0.027580,0.648156,0.379653,0.115322,0.613300,0.202568,0.636856,0.172840,0.699588,0.328392,0.642336,-0.279268,0.388727,0.372275,0.630639,0.453453,0.261290,0.132695,0.067544,0.022302,-0.147172,-0.443328,0.375235
-0.166644,0.607209,0.313888,0.673255,-0.492792,0.219653,0.211060,0.490555,-0.531087,-0.538427,-0.005282,0.679338,0.403645,-0.071290,0.646692,0.626245,0.000000,-0.010904,0.626037,0.369509,0.588678,0.259036,0.618250,0.522424,0.548969,0.661443,0.371930,0.538239,0.785889,-0.134023,0.615227,0.566668,0.320391,0.191715,0.024672,-0.261039,0.524293,0.734456,0.109846,0.628992,0.431424,0.396984,-0.377042,-0.354389,-0.360075,-0.414611,-0.353600,-0.362105,-0.475435,-0.381530,-0.463748,-0.333313,-0.554102,-0.278167,-0.466737,0.694684,0.370808,0.203731,0.351449,0.155783,-0.085866,0.039272,0.632441,0.276450,-0.091297,-0.072297,0.428755,0.517582,0.432076,0.543255,0.078232,0.653233,0.490761,-0.255286,-0.351428,0.127133,-0.118775,0.696070,-0.243936,0.301790,-0.088018,0.601006,0.410244,0.687256,-0.518806,0.316329,0.184973,0.607971,-0.573092,0.464505,-0.554730,-0.140361,-0.412534,0.055296,0.606608,0.335556,0.198094,0.605136,0.364346,0.702464,0.185886,0.685826,0.330167,0.616230,-0.267488,0.374017,0.394246,0.602310,0.363925,0.461492,0.273571,0.202416,0.070736,-0.047953,-0.415621,0.386330
0.743825,0.090935,0.254566,-0.053826,0.435627,-0.043974,0.433700,0.153553,0.187014,0.287388,0.678371,0.098116,0.478305,0.329266,-0.005550,-0.222291,-0.010904,0.000000,0.247191,0.349143,0.001468,0.393797,0.113228,0.042077,0.044638,-0.255189,0.025513,-0.113426,0.084010,0.768706,0.137195,0.124973,0.521583,0.651922,0.572943,0.425750,0.241854,-0.193836,0.282817,-0.320387,0.500115,0.223889,0.170553,0.190236,0.140071,0.146169,0.371297,0.346197,0.159943,0.118830,0.158097,0.017321,0.383701,-0.013384,0.606951,-0.280475,0.590145,0.288825,0.488219,0.483397,0.725848,0.300922,0.326889,0.649667,0.350487,0.366922,0.466138,0.229522,0.243408,0.019790,0.561749,-0.126327,0.244640,0.655081,0.435214,-0.007339,0.690366,0.085764,0.689654,0.099840,0.759529,-0.080562,0.412346,-0.271911,0.591062,-0.328081,0.179565,-0.234113,0.570549,-0.438039,0.581002,-0.014639,0.546226,-0.090430,-0.156183,0.041576,0.473028,-0.205745,0.502494,0.062163,0.262191,-0.390496,0.129513,-0.179010,0.636411,-0.185742,0.054742,-0.246414,-0.088921,0.283498,0.502029,0.464812,0.399836,0.191406,0.135720,-0.030113
0.237278,0.640898,0.617166,0.768665,-0.212486,0.250197,0.589945,0.599280,-0.556938,-0.498967,0.377782,0.766164,0.691170,-0.075661,0.633170,0.529804,0.626037,0.247191,0.000000,0.684111,0.609429,0.522148,0.805978,0.699925,0.670191,0.610886,0.490344,0.594940,0.686284,0.123557,0.758529,0.735700,0.579110,0.508997,0.223347,-0.158793,0.569624,0.596357,0.145533,0.413433,0.594988,0.416971,-0.454504,-0.428248,-0.459773,-0.492217,-0.309477,-0.344638,-0.542951,-0.477692,-0.540437,-0.489708,-0.449500,-0.457618,-0.206972,0.503976,0.668022,0.265701,0.561194,0.333206,0.159996,0.053101,0.727069,0.593038,-0.122958,-0.059042,0.607679,0.675438,0.692077,0.686660,0.502334,0.710349,0.515703,0.096292,-0.243104,0.021221,0.222252,0.725804,-0.096810,0.131944,0.217341,0.429920,0.519465,0.554255,-0.303132,0.036812,0.407190,0.579719,-0.307242,0.152856,-0.312714,-0.329522,-0.214785,-0.140793,0.553091,0.333008,0.305947,0.450466,0.516959,0.739110,0.459922,0.495411,0.541214,0.630834,0.119843,0.165254,0.553429,0.594908,0.454068,0.452404,0.498747,0.265540,0.164890,-0.144340,-0.461244,0.462475
0.386165,0.192214,0.846018,0.623048,0.120062,0.312606,0.841205,0.206413,-0.596691,-0.487480,0.603495,0.463326,0.784192,-0.347610,0.376744,0.297842,0.369509,0.349143,0.684111,0.000000,0.620776,0.731294,0.727202,0.768341,0.668111,0.434862,0.675255,0.623174,0.457587,0.260772,0.714154,0.745601,0.323944,0.441897,0.158032,-0.140914,0.567905,0.361210,0.134331,0.082930,0.515943,0.317993,-0.633274,-0.616421,-0.659816,-0.648346,-0.344777,-0.453187,-0.641701,-0.665873,-0.656814,-0.731411,-0.407978,-0.732165,0.083901,0.184589,0.626949,-0.133532,0.518017,0.154734,0.161146,-0.299549,0.626174,0.679817,-0.382227,-0.327223,0.659818,0.777508,0.845956,0.770010,0.743455,0.615532,0.331890,0.225669,-0.069963,-0.363532,0.321913,0.484512,0.032137,-0.313884,0.446504,-0.063288,0.627530,0.366608,-0.124540,-0.467781,0.727871,0.533014,-0.020739,-0.337118,-0.090285,-0.673154,-0.142878,-0.598761,0.481405,0.380290,0.324599,0.085073,0.427781,0.593351,0.802407,0.172250,0.803302,0.619812,0.445208,-0.287967,0.747033,0.561728,0.457641,0.340201,0.531218,0.044799,-0.070796,-0.443692,-0.628765,0.425344
-0.066811,0.285912,0.649039,0.688848,-0.178991,0.353604,0.539039,0.263981,-0.687632,-0.667669,0.191880,0.580913,0.534837,-0.404717,0.625184,0.561119,0.588678,0.001468,0.609429,0.620776,0.000000,0.603985,0.723829,0.730585,0.739188,0.686108,0.696213,0.746716,0.644853,-0.028680,0.727175,0.713644,0.141252,0.080723,-0.084497,-0.344586,0.584754,0.661087,0.190124,0.462662,0.423505,0.448954,-0.651930,-0.642060,-0.645763,-0.686692,-0.508810,-0.596596,-0.705335,-0.675547,-0.707389,-0.666098,-0.623659,-0.623653,-0.276317,0.533526,0.366201,-0.170017,0.327100,-0.010598,-0.155160,-0.318065,0.551969,0.386148,-0.415718,-0.375188,0.492533,0.672875,0.691126,0.751854,0.424661,0.746102,0.333478,-0.131055,-0.332281,-0.139247,-0.027998,0.603811,-0.277488,-0.137575,0.094541,0.200862,0.606911,0.662762,-0.466251,-0.117839,0.597673,0.723362,-0.386328,0.086806,-0.474611,-0.531840,-0.433637,-0.367926,0.668595,0.426156,0.147795,0.338625,0.280791,0.712073,0.567661,0.531816,0.673423,0.753597,-0.013634,-0.047774,0.698744,0.726578,0.476799,0.339298,0.303342,-0.008767,-0.190370,-0.446826,-0.695535,0.472734
0.356667,0.047859,0.738321,0.488527,0.161890,0.267193,0.735063,0.055025,-0.511440,-0.408918,0.525732,0.305939,0.675793,-0.303473,0.313742,0.202262,0.259036,0.393797,0.522148,0.731294,0.603985,0.000000,0.622720,0.643830,0.612576,0.334673,0.640556,0.575096,0.363416,0.313139,0.616503,0.629835,0.210217,0.310262,0.118533,-0.160444,0.598552,0.285283,0.201040,0.058969,0.471285,0.293962,-0.540776,-0.536810,-0.561125,-0.556207,-0.323423,-0.386301,-0.541132,-0.579631,-0.561575,-0.643144,-0.324362,-0.653227,0.131689,0.088584,0.526296,-0.206800,0.513020,0.126959,0.174024,-0.317196,0.590925,0.575348,-0.321210,-0.295470,0.596257,0.689808,0.717676,0.644516,0.697413,0.462864,0.220178,0.226882,-0.037666,-0.340461,0.318511,0.368913,0.130136,-0.298411,0.465909,-0.164483,0.632413,0.312385,-0.044966,-0.512551,0.647714,0.433289,0.047014,-0.378523,-0.032619,-0.606754,-0.107871,-0.575575,0.433779,0.443407,0.381220,0.031638,0.340389,0.459665,0.710326,0.070435,0.706227,0.505879,0.410660,-0.306667,0.678313,0.442825,0.514097,0.214550,0.365751,0.019196,-0.129587,-0.441676,-0.543814,0.419936
0.065273,0.465262,0.726285,0.836651,-0.186106,0.423564,0.642582,0.435228,-0.692627,-0.627669,0.284595,0.701470,0.688535,-0.279989,0.661960,0.616529,0.618250,0.113228,0.805978,0.727202,0.723829,0.622720,0.000000,0.833141,0.805270,0.737309,0.649262,0.763304,0.667498,-0.022080,0.835049,0.837264,0.329282,0.301923,-0.001255,-0.348970,0.615280,0.655492,0.093927,0.445255,0.515806,0.340695,-0.670244,-0.650481,-0.671295,-0.686731,-0.535310,-0.579748,-0.716663,-0.681522,-0.725273,-0.679871,-0.650530,-0.655856,-0.322346,0.493991,0.516073,0.011344,0.468764,0.120962,-0.062756,-0.217398,0.706992,0.504555,-0.371942,-0.309303,0.559970,0.759311,0.749018,0.796797,0.499437,0.802862,0.385342,-0.085019,-0.347084,-0.141325,0.051974,0.678721,-0.253678,-0.073085,0.114254,0.289324,0.577782,0.671809,-0.458237,-0.099362,0.566176,0.738739,-0.419110,0.082366,-0.456042,-0.537567,-0.414460,-0.351262,0.664127,0.442511,0.238605,0.415981,0.355965,0.746005,0.590414,0.539995,0.695591,0.779896,0.070971,0.048363,0.710169,0.743444,0.575741,0.358884,0.376538,0.033473,-0.088103,-0.369891,-0.665750,0.521017
0.026547,0.281674,0.805823,0.807471,-0.094365,0.473740,0.706256,0.278967,-0.738053,-0.663590,0.298155,0.573621,0.671931,-0.435060,0.573039,0.584236,0.522424,0.042077,0.699925,0.768341,0.730585,0.643830,0.833141,0.000000,0.787308,0.715171,0.715076,0.804301,0.577184,-0.080597,0.796169,0.840154,0.158605,0.195848,-0.101309,-0.419043,0.618786,0.602048,0.067061,0.377695,0.456595,0.263005,-0.779249,-0.767232,-0.783686,-0.776755,-0.621729,-0.678704,-0.784745,-0.783742,-0.803596,-0.793401,-0.702617,-0.783518,-0.289972,0.402602,0.430131,-0.181325,0.388903,-0.039378,-0.169119,-0.398024,0.631710,0.449447,-0.533059,-0.471529,0.519992,0.777986,0.785222,0.834691,0.525879,0.806462,0.306702,-0.125601,-0.331685,-0.313261,0.012478,0.601602,-0.297282,-0.259512,0.105705,0.112202,0.580646,0.652149,-0.476963,-0.254553,0.693689,0.775592,-0.389343,-0.049656,-0.452146,-0.698290,-0.476453,-0.536338,0.673436,0.463169,0.194819,0.306183,0.255541,0.690237,0.700477,0.460505,0.799065,0.816216,0.126219,-0.115506,0.784226,0.782609,0.596091,0.260585,0.327456,-0.122619,-0.217934,-0.539765,-0.768422,0.478951
-0.015954,0.313647,0.690291,0.757107,-0.173883,0.435543,0.583179,0.292231,-0.691364,-0.637542,0.198354,0.593988,0.603171,-0.378852,0.599181,0.559306,0.548969,0.044638,0.670191,0.668111,0.739188,0.612576,0.805270,0.787308,0.000000,0.733911,0.730298,0.766719,0.583068,-0.054775,0.808104,0.774477,0.147904,0.143235,-0.120648,-0.411478,0.532616,0.601380,0.023090,0.375165,0.398085,0.292853,-0.695518,-0.675660,-0.695439,-0.714850,-0.548531,-0.610433,-0.740264,-0.707592,-0.738545,-0.697221,-0.648006,-0.674662,-0.323187,0.445309,0.379149,-0.123533,0.413298,0.066485,-0.147761,-0.320009,0.609278,0.429065,-0.427263,-0.378463,0.493709,0.727891,0.701215,0.773181,0.447867,0.747791,0.256837,-0.147308,-0.351576,-0.173812,-0.053318,0.578210,-0.298099,-0.176016,0.064514,0.175508,0.524889,0.629804,-0.463364,-0.163251,0.561816,0.705880,-0.413516,0.034905,-0.456343,-0.574850,-0.422361,-0.414138,0.669199,0.482056,0.207674,0.370317,0.301696,0.701582,0.604436,0.508860,0.700140,0.761280,0.025042,-0.041325,0.705028,0.728406,0.559370,0.340111,0.289669,-0.048024,-0.190062,-0.424887,-0.713070,0.449835
-0.328242,0.471845,0.471657,0.797109,-0.387621,0.489974,0.311263,0.423191,-0.650594,-0.649396,-0.117005,0.664731,0.382913,-0.282944,0.727631,0.769975,0.661443,-0.255189,0.610886,0.434862,0.686108,0.334673,0.737309,0.715171,0.733911,0.000000,0.541842,0.757524,0.653130,-0.385596,0.695379,0.717209,0.087597,-0.008098,-0.264997,-0.520512,0.494266,0.759010,-0.001980,0.650316,0.292306,0.251211,-0.623774,-0.603220,-0.598769,-0.626287,-0.620871,-0.626670,-0.682274,-0.608545,-0.681018,-0.548234,-0.766460,-0.509441,-0.616147,0.663035,0.198097,-0.004414,0.246074,-0.049426,-0.382345,-0.230595,0.526440,0.160379,-0.393516,-0.334202,0.314017,0.590093,0.518536,0.677422,0.106202,0.803025,0.321084,-0.437160,-0.503108,-0.013070,-0.291862,0.647909,-0.545418,0.034581,-0.280608,0.444781,0.371983,0.798238,-0.704662,0.196320,0.379308,0.795702,-0.697116,0.406781,-0.716206,-0.391868,-0.621608,-0.157359,0.693258,0.375745,0.013722,0.534697,0.153757,0.687567,0.334670,0.743591,0.504154,0.785499,-0.299302,0.227434,0.548083,0.776496,0.556279,0.240775,0.083020,-0.095328,-0.176772,-0.334401,-0.643169,0.434859
0.028988,0.075579,0.703376,0.590251,-0.023783,0.360652,0.616047,0.029516,-0.649515,-0.580156,0.252840,0.348241,0.529962,-0.534283,0.399569,0.384009,0.371930,0.025513,0.490344,0.675255,0.696213,0.640556,0.649262,0.715076,0.730298,0.541842,0.000000,0.745829,0.405110,0.011347,0.651423,0.640929,0.017836,0.069906,-0.106014,-0.321764,0.446112,0.443232,0.044504,0.230107,0.249463,0.243350,-0.678108,-0.680404,-0.698667,-0.684815,-0.500604,-0.573022,-0.671799,-0.692359,-0.696853,-0.717510,-0.561476,-0.711900,-0.138557,0.303093,0.289362,-0.315047,0.274253,-0.079615,-0.184884,-0.452282,0.453847,0.395288,-0.565874,-0.474816,0.462619,0.687129,0.715393,0.736394,0.487423,0.603491,0.103411,-0.070615,-0.235584,-0.334828,-0.005460,0.430238,-0.190782,-0.355865,0.152651,-0.083199,0.538063,0.502373,-0.352694,-0.358370,0.667091,0.626739,-0.223795,-0.150837,-0.323581,-0.684966,-0.401069,-0.572361,0.628288,0.519825,0.222578,0.188756,0.147974,0.533613,0.666189,0.299708,0.727289,0.668678,0.150651,-0.257221,0.708286,0.643161,0.498325,0.200093,0.245955,-0.192092,-0.340178,-0.556894,-0.686676,0.379275
-0.163753,0.265428,0.678694,0.760197,-0.170821,0.500802,0.535395,0.195093,-0.718548,-0.685308,0.084385,0.520031,0.492912,-0.490132,0.609229,0.639193,0.538239,-0.113426,0.594940,0.623174,0.746716,0.575096,0.763304,0.804301,0.766719,0.757524,0.745829,0.000000,0.543748,-0.241363,0.738477,0.756136,0.053844,0.032756,-0.192815,-0.467994,0.555486,0.648567,0.074166,0.498448,0.295480,0.193483,-0.748066,-0.739763,-0.743904,-0.738291,-0.667920,-0.694114,-0.759014,-0.742771,-0.780311,-0.728263,-0.754128,-0.714315,-0.409102,0.489470,0.287623,-0.199735,0.286068,-0.096636,-0.312223,-0.408902,0.546263,0.287575,-0.561324,-0.490172,0.430302,0.714042,0.692509,0.791498,0.340239,0.767210,0.210180,-0.310487,-0.375910,-0.236406,-0.144723,0.591177,-0.412063,-0.226084,-0.062976,0.148518,0.506729,0.713933,-0.589885,-0.135941,0.630731,0.814919,-0.502110,0.092653,-0.582539,-0.641387,-0.597081,-0.452089,0.710300,0.487504,0.128808,0.366859,0.125374,0.650632,0.576009,0.547969,0.708225,0.816296,-0.063833,-0.056238,0.720228,0.799465,0.605606,0.176456,0.163131,-0.192481,-0.307297,-0.544221,-0.757225,0.445735
-0.038831,0.570984,0.411506,0.700294,-0.426831,0.192352,0.337303,0.556535,-0.556673,-0.546356,0.155097,0.725065,0.539692,-0.037700,0.660049,0.594065,0.785889,0.084010,0.686284,0.457587,0.644853,0.363416,0.667498,0.577184,0.583068,0.653130,0.405110,0.543748,0.000000,-0.009860,0.666469,0.650567,0.380156,0.271721,0.059118,-0.291399,0.583209,0.676426,0.098771,0.538194,0.532327,0.451117,-0.410695,-0.382733,-0.405020,-0.462255,-0.368984,-0.364364,-0.525216,-0.430926,-0.509512,-0.399581,-0.505034,-0.339368,-0.385222,0.590574,0.449895,0.179189,0.398167,0.164896,-0.012632,0.028644,0.668645,0.354005,-0.090459,-0.082140,0.426734,0.527353,0.490593,0.567531,0.233045,0.696999,0.558183,-0.132287,-0.365971,0.072703,0.026921,0.737803,-0.143118,0.316573,0.030492,0.545812,0.491850,0.672674,-0.443688,0.210140,0.239004,0.570487,-0.492090,0.360718,-0.471731,-0.192003,-0.314825,-0.002216,0.619308,0.372914,0.238186,0.556122,0.400015,0.695573,0.280909,0.625916,0.398057,0.616406,-0.129180,0.328030,0.447779,0.584183,0.403993,0.459572,0.302351,0.214133,0.123503,-0.141241,-0.447359,0.426269
0.744239,-0.002577,0.160255,-0.191668,0.456514,-0.171927,0.356508,0.093473,0.259841,0.351908,0.655691,0.008515,0.357515,0.309390,-0.130731,-0.338378,-0.134023,0.768706,0.123557,0.260772,-0.028680,0.313139,-0.022080,-0.080597,-0.054775,-0.385596,0.011347,-0.241363,-0.009860,0.000000,-0.008576,-0.025099,0.439635,0.553480,0.563407,0.504545,0.069802,-0.292008,0.342697,-0.390713,0.398277,0.290645,0.264889,0.269968,0.225042,0.225320,0.480619,0.406757,0.252244,0.209424,0.257098,0.105306,0.497392,0.080873,0.684586,-0.327776,0.476365,0.228127,0.314910,0.392765,0.680489,0.271663,0.112263,0.552665,0.325147,0.349696,0.330765,0.063506,0.149476,-0.094200,0.530571,-0.239682,0.155908,0.724340,0.489462,0.021859,0.668436,-0.045740,0.752713,0.042481,0.758531,-0.169445,0.394610,-0.373983,0.666101,-0.339387,0.134200,-0.352614,0.669766,-0.472772,0.664584,0.070210,0.624533,-0.072665,-0.189001,0.084590,0.448709,-0.221830,0.433833,-0.030755,0.187276,-0.488629,0.033002,-0.308936,0.624984,-0.231000,-0.031293,-0.357957,-0.243488,0.335423,0.467580,0.412201,0.356934,0.226212,0.234068,-0.064545
0.060775,0.387927,0.717506,0.778095,-0.224998,0.318514,0.627389,0.366448,-0.725378,-0.674350,0.305785,0.655679,0.680675,-0.349644,0.596853,0.535733,0.615227,0.137195,0.758529,0.714154,0.727175,0.616503,0.835049,0.796169,0.808104,0.695379,0.651423,0.738477,0.666469,-0.008576,0.000000,0.822738,0.319699,0.298980,0.023171,-0.333733,0.584310,0.593394,0.022222,0.373186,0.508028,0.309890,-0.676071,-0.653332,-0.680165,-0.708817,-0.526263,-0.570835,-0.733682,-0.695005,-0.734747,-0.694906,-0.615042,-0.663485,-0.286240,0.449293,0.503313,-0.064788,0.441742,0.089873,-0.048470,-0.245447,0.682733,0.497837,-0.367771,-0.344001,0.534949,0.730978,0.731238,0.791940,0.517763,0.783814,0.402353,-0.033057,-0.357186,-0.139720,0.064345,0.667381,-0.242551,-0.096280,0.142354,0.229226,0.519401,0.615217,-0.437048,-0.148002,0.543600,0.694317,-0.389257,0.034051,-0.432783,-0.553091,-0.377261,-0.378249,0.631663,0.410322,0.220007,0.361981,0.359593,0.729102,0.607864,0.520647,0.704316,0.765932,0.066867,-0.011494,0.720992,0.730556,0.516074,0.352925,0.388308,0.040462,-0.098689,-0.408252,-0.688135,0.453860
0.089579,0.358123,0.753939,0.798560,-0.108440,0.462686,0.683554,0.389756,-0.676713,-0.600341,0.348151,0.642718,0.722319,-0.283113,0.623884,0.606157,0.566668,0.124973,0.735700,0.745601,0.713644,0.629835,0.837264,0.840154,0.774477,0.717209,0.640929,0.756136,0.650567,-0.025099,0.822738,0.000000,0.280392,0.322740,-0.006622,-0.340948,0.654079,0.588576,0.086984,0.395313,0.529308,0.302810,-0.694893,-0.668910,-0.700831,-0.706788,-0.530291,-0.579805,-0.730939,-0.703773,-0.736118,-0.714145,-0.624081,-0.693054,-0.254836,0.419266,0.494237,-0.069372,0.432720,0.055952,-0.071369,-0.273174,0.677665,0.499936,-0.397941,-0.347757,0.537117,0.749136,0.745566,0.784349,0.535833,0.791344,0.424746,-0.066000,-0.282302,-0.233685,0.102585,0.660720,-0.223226,-0.116593,0.156002,0.213202,0.587030,0.646981,-0.417240,-0.173660,0.617399,0.718117,-0.361003,-0.001054,-0.404037,-0.587591,-0.373251,-0.428232,0.639661,0.430754,0.242987,0.339194,0.356695,0.705607,0.650186,0.474270,0.732568,0.766882,0.144233,-0.010605,0.731174,0.719085,0.559019,0.324986,0.379940,0.012200,-0.078150,-0.433922,-0.685977,0.481591
0.535526,0.619580,0.181341,0.260239,0.035882,-0.047381,0.305755,0.593522,0.030124,0.073891,0.481177,0.500337,0.462002,0.397226,0.344767,0.152846,0.320391,0.521583,0.579110,0.323944,0.141252,0.210217,0.329282,0.158605,0.147904,0.087597,0.017836,0.053844,0.380156,0.439635,0.319699,0.280392,0.000000,0.791174,0.667774,0.389871,0.308328,0.172391,0.276967,0.158066,0.540072,0.334748,0.179635,0.205331,0.162272,0.138046,0.286983,0.298032,0.079751,0.147519,0.085936,0.089418,0.168188,0.101594,0.221476,0.224197,0.700426,0.630141,0.508104,0.592466,0.598831,0.568884,0.475191,0.570541,0.415267,0.476236,0.511842,0.267832,0.294481,0.158373,0.383307,0.175005,0.546020,0.466363,0.190279,0.307330,0.581322,0.504248,0.350646,0.425005,0.443916,0.429809,0.296252,0.070262,0.220375,0.201257,0.014795,0.020018,0.156851,0.120172,0.189888,0.163539,0.297269,0.252424,0.076334,0.010413,0.365198,0.230088,0.581333,0.343915,0.042154,0.075028,0.029851,0.036338,0.277431,0.228540,0.030453,0.011682,-0.012932,0.394596,0.556215,0.589173,0.568102,0.333378,0.144855,0.103056
0.702536,0.433535,0.294164,0.203820,0.223845,0.021508,0.460527,0.461143,0.062787,0.160728,0.664003,0.371441,0.573360,0.382450,0.210422,0.041949,0.191715,0.651922,0.508997,0.441897,0.080723,0.310262,0.301923,0.195848,0.143235,-0.008098,0.069906,0.032756,0.271721,0.553480,0.298980,0.322740,0.791174,0.000000,0.663153,0.432249,0.323744,0.002893,0.260994,-0.035064,0.561319,0.268268,0.128725,0.159943,0.095536,0.101274,0.330374,0.315271,0.065525,0.094605,0.070890,0.001701,0.244091,-0.009020,0.417251,0.020472,0.731201,0.505715,0.535220,0.569301,0.663321,0.455844,0.463772,0.672117,0.352747,0.420637,0.551039,0.322695,0.352588,0.165570,0.529670,0.106083,0.511572,0.583496,0.343596,0.105132,0.691481,0.388139,0.493170,0.260839,0.611024,0.219557,0.365468,-0.050034,0.376191,-0.046514,0.152962,-0.052140,0.344033,-0.148062,0.372312,0.030286,0.417470,0.044906,0.005081,0.035990,0.452629,0.053719,0.617988,0.260307,0.220475,-0.127773,0.142785,-0.008550,0.522279,0.058950,0.099050,-0.060318,-0.003963,0.367563,0.601528,0.541132,0.539999,0.256636,0.113821,0.077546
0.580714,0.243044,0.034130,-0.117228,0.264519,-0.189583,0.194121,0.275897,0.254946,0.297107,0.505307,0.111679,0.267497,0.392591,0.020666,-0.156173,0.024672,0.572943,0.223347,0.158032,-0.084497,0.118533,-0.001255,-0.101309,-0.120648,-0.264997,-0.106014,-0.192815,0.059118,0.563407,0.023171,-0.006622,0.667774,0.663153,0.000000,0.683890,0.111672,-0.167821,0.353767,-0.122388,0.341545,0.132382,0.359987,0.361356,0.309310,0.299819,0.523622,0.487101,0.304216,0.302821,0.306505,0.221509,0.438784,0.224292,0.520069,-0.033152,0.539476,0.445540,0.357756,0.513610,0.692608,0.540544,0.197403,0.481907,0.481061,0.505421,0.435034,0.065354,0.122162,-0.081008,0.338775,-0.147393,0.328048,0.575471,0.432283,0.238006,0.692468,0.213205,0.539978,0.259407,0.526606,0.118686,0.169246,-0.244105,0.481479,0.027634,-0.037788,-0.254074,0.468773,-0.112081,0.496479,0.224977,0.523089,0.213899,-0.101029,0.005774,0.439017,0.024371,0.516974,0.097406,0.004317,-0.244844,-0.084336,-0.235217,0.442518,0.065564,-0.086840,-0.257616,-0.247869,0.304986,0.575021,0.565513,0.533813,0.398200,0.334751,0.006121
0.449594,-0.013473,-0.263567,-0.457187,0.412474,-0.207964,-0.076099,0.057490,0.547916,0.573020,0.304967,-0.178806,-0.073372,0.456288,-0.268623,-0.368176,-0.261039,0.425750,-0.158793,-0.140914,-0.344586,-0.160444,-0.348970,-0.419043,-0.411478,-0.520512,-0.321764,-0.467994,-0.291399,0.504545,-0.333733,-0.340948,0.389871,0.432249,0.683890,0.000000,-0.231732,-0.404367,0.279067,-0.322483,-0.010029,0.032349,0.568419,0.564614,0.527140,0.532665,0.724874,0.649841,0.563713,0.544549,0.573579,0.468468,0.642002,0.460672,0.620297,-0.204211,0.190166,0.355751,0.033562,0.403390,0.575175,0.512551,-0.213474,0.267097,0.529741,0.573963,0.186738,-0.223728,-0.186550,-0.389587,0.086846,-0.479689,0.100240,0.519150,0.598530,0.214693,0.510937,-0.180209,0.523899,0.127701,0.378615,-0.039474,-0.089364,-0.509832,0.629071,0.041502,-0.198576,-0.508651,0.619705,-0.172501,0.629606,0.415637,0.627613,0.287287,-0.445635,-0.283850,0.163915,-0.255082,0.270300,-0.236630,-0.189854,-0.434720,-0.334068,-0.515986,0.373000,-0.021492,-0.374123,-0.550144,-0.498560,0.139597,0.312089,0.420141,0.420099,0.560907,0.558909,-0.176539
