0.000000 -0.156652 0.923775 0.111467 0.747484 0.596514 0.901715 0.419616 0.693099 0.677186 0.793998 -0.042034 0.768723 -0.161699 0.680377 0.214044 0.418682 0.185118 0.885587 0.695386 0.576601 0.591493 0.303954 -0.129495 0.534311 0.551796 0.643008 0.718542 0.210827 0.273386 0.772871 0.224275 0.617660 0.342658 0.595015 0.664168 0.536757 -0.239273 0.509259 -0.210391 0.259797 0.385491 -0.444718 -0.358929 -0.153708 -0.314913 0.176009 -0.332317 -0.457681 -0.542936 -0.220047 -0.632264 0.337399 -0.595796 0.646300 -0.298511 0.892464 -0.283522 0.369973 -0.105675 0.692262 -0.397025 0.759945 -0.474467 0.656836 -0.460509 0.622828 0.537654 0.752918 0.566261 0.781983 -0.125196 0.267214 0.645294 0.720901 0.064810 0.741344 0.458061 0.511891 -0.546050 0.712675 -0.606685 0.525374 -0.158047 0.712598 -0.616180 0.697128 0.332781 0.757881 -0.591471 0.597422 -0.542946 0.196969 -0.617460 0.495904 0.266478 0.641494 0.192390 0.695023 0.334073 0.683593 -0.261152 0.694790 0.499648 0.705291 -0.159114 0.641624 0.507866 0.540657 0.499813 0.237757 -0.029981 0.159261 0.528521 -0.532883 0.467569
-0.156652 0.000000 -0.188480 0.849408 -0.632060 -0.136439 -0.404641 0.616840 -0.647266 -0.308990 -0.213540 0.672518 -0.203209 0.632294 -0.656289 -0.222395 -0.009496 0.018563 -0.024591 0.406224 -0.546072 -0.542260 0.662235 0.815768 -0.050896 -0.082507 -0.654406 -0.660483 0.344503 -0.127655 -0.280662 0.583955 0.328730 0.583006 0.104456 -0.004601 -0.434133 0.236248 -0.562190 0.302939 -0.020242 -0.416740 0.672041 0.611204 0.410684 0.740242 0.210325 0.654859 0.676549 0.744381 0.602854 0.716820 0.046265 0.728638 -0.203948 0.513042 0.080681 0.932435 0.696389 0.906989 0.315106 0.869042 -0.218226 0.779916 -0.175732 0.758386 0.333600 0.301225 0.209837 0.493968 -0.493194 0.734413 0.338344 -0.188379 -0.600494 0.146253 -0.313427 0.087628 -0.413139 0.758172 -0.450692 0.688938 -0.509274 0.154557 -0.558241 0.709924 -0.647979 -0.304918 -0.568910 0.729466 -0.272226 0.716511 0.217112 0.679901 -0.504408 0.014062 -0.546130 -0.253073 -0.466427 -0.223660 -0.647041 0.327491 -0.643701 -0.421029 -0.645204 0.319082 -0.677309 -0.555055 -0.610448 -0.545195 -0.034110 0.119040 -0.200505 -0.542563 0.573703 -0.589100
0.923775 -0.188480 0.000000 0.121064 0.769814 0.639200 0.894789 0.420517 0.712027 0.668937 0.697091 -0.115689 0.699212 -0.206630 0.695075 0.218765 0.320015 0.138718 0.880398 0.705288 0.581819 0.597566 0.327169 -0.096090 0.540963 0.577488 0.650782 0.713522 0.104083 0.227517 0.780088 0.239315 0.573456 0.314803 0.573095 0.632545 0.523125 -0.272794 0.522997 -0.243573 0.214750 0.368044 -0.505524 -0.419573 -0.216465 -0.378990 0.077742 -0.393090 -0.522093 -0.589547 -0.309840 -0.662191 0.261130 -0.629080 0.600844 -0.349393 0.828598 -0.310088 0.312275 -0.133269 0.597367 -0.422570 0.676630 -0.519058 0.632971 -0.479139 0.588241 0.499633 0.762052 0.587006 0.784334 -0.151854 0.179890 0.601629 0.710170 -0.003863 0.711249 0.407973 0.497140 -0.579089 0.685470 -0.638705 0.515467 -0.180781 0.696094 -0.651760 0.705967 0.335001 0.754015 -0.628499 0.554428 -0.584704 0.130330 -0.655428 0.475494 0.184153 0.602005 0.153793 0.647992 0.270225 0.685093 -0.306367 0.701845 0.485654 0.710934 -0.205686 0.650777 0.525146 0.554401 0.487429 0.150325 -0.122675 0.104561 0.502522 -0.577135 0.434553
0.111467 0.849408 0.121064 0.000000 -0.415398 0.103491 -0.158194 0.677889 -0.451487 -0.040294 -0.078451 0.481380 -0.054133 0.441813 -0.484939 -0.198349 -0.011100 -0.117902 0.237710 0.624529 -0.412536 -0.425848 0.792167 0.845291 0.065835 0.048776 -0.475336 -0.448241 0.284999 -0.214106 -0.124256 0.602402 0.429623 0.600475 0.250812 0.146951 -0.364500 0.051055 -0.478938 0.179564 -0.044546 -0.405500 0.524768 0.460244 0.253928 0.606194 0.215323 0.547461 0.463350 0.537505 0.474157 0.511597 0.117310 0.586330 -0.045495 0.367022 0.306879 0.815136 0.791034 0.859494 0.462068 0.727947 -0.091931 0.544571 -0.043013 0.588018 0.460335 0.380096 0.471879 0.673573 -0.311143 0.617150 0.289817 -0.106656 -0.408865 0.091492 -0.173278 0.114269 -0.343430 0.577563 -0.313336 0.478847 -0.432403 -0.014598 -0.392655 0.530202 -0.480485 -0.271861 -0.360330 0.573006 -0.104989 0.599539 0.332839 0.538002 -0.424699 0.059472 -0.393162 -0.232560 -0.316541 -0.161562 -0.487555 0.250253 -0.462849 -0.338366 -0.458123 0.358452 -0.528649 -0.457579 -0.461997 -0.473959 -0.037586 0.091624 -0.157003 -0.438528 0.457980 -0.449608
0.747484 -0.632060 0.769814 -0.415398 0.000000 0.570686 0.882602 0.054642 0.904696 0.689436 0.660756 -0.317965 0.659059 -0.374932 0.916562 0.409682 0.324843 0.231635 0.614887 0.256380 0.795233 0.823228 -0.155611 -0.548345 0.503341 0.584886 0.868168 0.911687 -0.037087 0.367979 0.787087 -0.064457 0.281059 -0.043914 0.408100 0.517511 0.729575 -0.195336 0.773237 -0.229691 0.251077 0.609464 -0.730563 -0.605837 -0.291517 -0.678653 -0.023333 -0.640801 -0.696642 -0.815428 -0.501919 -0.866038 0.185161 -0.888586 0.608638 -0.491811 0.559000 -0.729659 -0.170784 -0.592903 0.260706 -0.769332 0.674846 -0.739303 0.627520 -0.711834 0.282996 0.278226 0.370127 0.096623 0.898785 -0.422889 0.024759 0.625992 0.876562 -0.010173 0.765832 0.351381 0.682100 -0.823161 0.821316 -0.809243 0.745979 -0.082955 0.864858 -0.861290 0.923447 0.554514 0.889823 -0.865245 0.583849 -0.856315 -0.030310 -0.883808 0.702853 0.126299 0.768444 0.270359 0.785847 0.353082 0.908056 -0.398545 0.908641 0.666172 0.904965 -0.361468 0.898625 0.745119 0.768819 0.732390 0.206519 -0.155222 0.176670 0.730316 -0.784580 0.652287
0.596514 -0.136439 0.639200 0.103491 0.570686 0.000000 0.519861 0.152928 0.445422 0.755900 0.431944 -0.042146 0.494044 -0.086148 0.398483 -0.006881 0.239498 0.203446 0.488130 0.405922 0.301510 0.309715 0.351976 0.089585 0.716016 0.793185 0.348298 0.441727 0.144185 0.227978 0.645977 0.385186 0.371701 0.299796 0.383377 0.371244 0.361545 -0.078934 0.274254 -0.145620 0.187674 0.209961 -0.246281 -0.165561 -0.109271 -0.150329 0.106119 -0.169571 -0.272638 -0.307940 -0.057931 -0.341372 0.330968 -0.339082 0.466377 -0.142239 0.554130 -0.161576 0.300385 -0.016433 0.451494 -0.205051 0.461917 -0.223219 0.433377 -0.229683 0.379548 0.318130 0.391085 0.411514 0.512883 -0.005433 0.161861 0.402457 0.376899 -0.152846 0.385531 0.170801 0.385443 -0.311322 0.472579 -0.330273 0.281037 -0.143774 0.452372 -0.375946 0.424312 0.136373 0.548083 -0.384732 0.308562 -0.337287 0.133780 -0.390730 0.185667 0.132948 0.373595 0.087788 0.373881 0.059259 0.355618 -0.345769 0.375014 0.129553 0.418047 -0.096760 0.359644 0.177114 0.242801 0.352519 0.205125 -0.035603 0.138072 0.286329 -0.263280 0.140218
0.901715 -0.404641 0.894789 -0.158194 0.882602 0.519861 0.000000 0.287624 0.851692 0.656044 0.780135 -0.177383 0.748700 -0.280650 0.851516 0.345177 0.395055 0.219576 0.812892 0.519624 0.733410 0.753728 0.060852 -0.381162 0.483396 0.520625 0.805285 0.863380 0.091311 0.338412 0.807986 0.047769 0.480730 0.145163 0.543752 0.642097 0.657754 -0.244355 0.681082 -0.263843 0.264408 0.522221 -0.642930 -0.537635 -0.245009 -0.541782 0.058251 -0.533110 -0.625997 -0.730281 -0.417155 -0.809275 0.234075 -0.802062 0.632209 -0.432534 0.763366 -0.534327 0.090808 -0.376827 0.496592 -0.622644 0.757138 -0.654248 0.674739 -0.627154 0.495093 0.445844 0.615928 0.354167 0.890890 -0.306753 0.143557 0.676995 0.863861 0.056651 0.810322 0.439248 0.606337 -0.737816 0.799878 -0.767459 0.673246 -0.124290 0.833271 -0.791939 0.860232 0.467966 0.854658 -0.779805 0.627674 -0.754793 0.058422 -0.806466 0.661012 0.210096 0.750618 0.263092 0.787125 0.384075 0.857466 -0.321184 0.859007 0.653989 0.858447 -0.298996 0.819508 0.695919 0.719716 0.645144 0.218234 -0.109437 0.166201 0.680341 -0.721384 0.615098
0.419616 0.616840 0.420517 0.677889 0.054642 0.152928 0.287624 0.000000 -0.001232 0.119475 0.256623 0.570025 0.268844 0.494650 0.035404 0.268081 0.223727 0.194770 0.481202 0.712215 0.081253 0.105445 0.612600 0.485070 0.229134 0.297779 -0.022279 -0.025980 0.328524 0.143803 0.298941 0.645423 0.684534 0.691659 0.569610 0.529641 0.115243 0.111563 0.008734 0.179230 0.160528 0.026129 0.165529 0.204950 0.326178 0.300920 0.233281 0.217404 0.212451 0.177567 0.258017 0.102930 0.123962 0.085692 0.265372 0.193039 0.513249 0.467794 0.647601 0.556920 0.565343 0.409114 0.290478 0.292893 0.389569 0.346897 0.724375 0.714852 0.550825 0.635711 0.202357 0.553579 0.397031 0.337515 0.068433 0.287643 0.350531 0.530562 0.044298 0.201707 0.152891 0.132608 0.053268 0.159996 0.069313 0.120945 0.036656 0.236751 0.039303 0.140411 0.219163 0.111846 0.241284 0.032633 0.065783 0.136519 0.046667 0.010384 0.154855 0.117415 0.046580 0.085803 0.050451 0.140035 0.035887 0.089953 -0.020117 0.042245 -0.001760 -0.010748 0.173363 0.025392 -0.093044 0.004928 -0.039658 -0.059713
0.693099 -0.647266 0.712027 -0.451487 0.904696 0.445422 0.851692 -0.001232 0.000000 0.591769 0.664130 -0.299974 0.616480 -0.341442 0.931362 0.445573 0.367047 0.271738 0.570429 0.206631 0.831070 0.831342 -0.216809 -0.568607 0.414539 0.421946 0.899831 0.913848 -0.031657 0.404722 0.733235 -0.164055 0.241165 -0.117038 0.361400 0.489391 0.693426 -0.197682 0.792381 -0.265904 0.255373 0.632816 -0.753094 -0.666238 -0.302669 -0.692079 -0.045615 -0.685963 -0.694538 -0.800106 -0.548324 -0.869690 0.179793 -0.905054 0.494853 -0.509269 0.496619 -0.733769 -0.239696 -0.627422 0.230050 -0.778511 0.636916 -0.726286 0.592969 -0.705671 0.246598 0.240470 0.371298 0.043371 0.871853 -0.479014 -0.027060 0.596635 0.909714 0.041865 0.734380 0.301636 0.705510 -0.850514 0.797809 -0.819803 0.763481 -0.046417 0.870323 -0.863600 0.897180 0.494770 0.854174 -0.873649 0.589986 -0.869063 -0.103260 -0.889017 0.750957 0.117931 0.748334 0.265982 0.744194 0.366595 0.902566 -0.368138 0.896023 0.689342 0.887577 -0.427352 0.906400 0.794497 0.814799 0.715352 0.138635 -0.186150 0.200594 0.724643 -0.799050 0.704448
0.677186 -0.308990 0.668937 -0.040294 0.689436 0.755900 0.656044 0.119475 0.591769 0.000000 0.629925 -0.167440 0.637973 -0.198363 0.567612 0.285067 0.463331 0.173968 0.578126 0.349572 0.489891 0.479853 0.196221 -0.152764 0.633476 0.648069 0.567051 0.660776 0.232053 0.258930 0.646533 0.156631 0.359661 0.158722 0.452823 0.493797 0.497932 -0.125301 0.423311 -0.170176 0.318985 0.336514 -0.347790 -0.286420 -0.159275 -0.323926 0.181371 -0.275380 -0.405412 -0.478845 -0.138798 -0.526286 0.297740 -0.477118 0.519404 -0.213559 0.631947 -0.378306 0.130208 -0.256263 0.428202 -0.416287 0.681751 -0.432842 0.570772 -0.422324 0.399483 0.327359 0.447800 0.283461 0.615469 -0.158763 0.218530 0.485322 0.590477 0.040353 0.550114 0.304455 0.454826 -0.450922 0.606066 -0.450515 0.477577 -0.067895 0.613093 -0.473657 0.587926 0.329368 0.602289 -0.466137 0.455233 -0.434106 0.182528 -0.476226 0.384974 0.267384 0.534855 0.208886 0.554700 0.251041 0.538080 -0.194556 0.541791 0.373445 0.584781 -0.049201 0.514348 0.393510 0.415043 0.447033 0.267613 0.040632 0.235225 0.480975 -0.347752 0.411859
0.793998 -0.213540 0.697091 -0.078451 0.660756 0.431944 0.780135 0.256623 0.664130 0.629925 0.000000 0.157195 0.890914 0.066916 0.675326 0.372199 0.729803 0.452973 0.694131 0.438362 0.653981 0.648309 0.195832 -0.220102 0.604441 0.509273 0.672110 0.719494 0.528928 0.555079 0.764992 0.188662 0.593682 0.293485 0.569222 0.650810 0.624843 0.002826 0.569729 -0.063374 0.487538 0.539699 -0.351065 -0.278777 0.003056 -0.284186 0.245076 -0.318951 -0.320276 -0.435674 -0.125980 -0.557893 0.331637 -0.557872 0.541782 -0.220105 0.774455 -0.310853 0.201648 -0.224087 0.670298 -0.382407 0.868861 -0.330508 0.726067 -0.386726 0.558647 0.497315 0.506013 0.291374 0.746411 -0.019047 0.423752 0.697919 0.724176 0.293592 0.774047 0.541222 0.656367 -0.453147 0.763090 -0.452894 0.660405 0.129486 0.764153 -0.507916 0.676709 0.396729 0.675560 -0.517875 0.507323 -0.521665 0.055131 -0.562892 0.593562 0.299843 0.626037 0.225826 0.651166 0.362223 0.641052 -0.156314 0.630765 0.507215 0.629990 -0.215977 0.634286 0.553931 0.510941 0.560362 0.326264 -0.002045 0.202727 0.528032 -0.483699 0.559053
-0.042034 0.672518 -0.115689 0.481380 -0.317965 -0.042146 -0.177383 0.570025 -0.299974 -0.167440 0.157195 0.000000 0.199816 0.905734 -0.243757 0.182103 0.446401 0.580013 -0.028638 0.221592 -0.092334 -0.062200 0.508201 0.575627 0.321327 0.237945 -0.269149 -0.323925 0.654160 0.462803 0.080024 0.645756 0.492713 0.617925 0.303008 0.284753 0.067246 0.564433 -0.101353 0.489606 0.383758 0.107184 0.547955 0.564199 0.626922 0.575689 0.399041 0.467845 0.647049 0.603476 0.622657 0.516925 0.254125 0.401259 0.058794 0.512959 0.146926 0.622957 0.462818 0.574565 0.400949 0.615929 0.173888 0.733438 0.261250 0.696259 0.494742 0.569236 0.034617 0.225474 -0.117901 0.737359 0.632507 0.239823 -0.241744 0.453956 0.102536 0.448427 0.140472 0.573039 0.047121 0.589129 0.019038 0.534036 -0.086413 0.504570 -0.262090 0.069738 -0.223618 0.452737 -0.006723 0.386812 0.139993 0.352457 -0.078536 0.121298 -0.207060 -0.070995 -0.119526 -0.014028 -0.294068 0.233229 -0.313341 -0.139036 -0.332689 0.086012 -0.272082 -0.198799 -0.317730 -0.109815 0.241388 0.141878 -0.060792 -0.204842 0.273951 -0.235110
0.768723 -0.203209 0.699212 -0.054133 0.659059 0.494044 0.748700 0.268844 0.616480 0.637973 0.890914 0.199816 0.000000 0.141435 0.658899 0.397922 0.694662 0.461638 0.676719 0.421059 0.634483 0.653788 0.274553 -0.125725 0.699650 0.625446 0.664615 0.686572 0.477324 0.543385 0.770372 0.267288 0.628034 0.379474 0.580175 0.654703 0.669470 0.069979 0.586103 0.076691 0.534131 0.573966 -0.264868 -0.162685 0.059975 -0.240224 0.327347 -0.270313 -0.263901 -0.390170 -0.037658 -0.493112 0.408667 -0.500623 0.650272 -0.152032 0.761633 -0.301720 0.183859 -0.219185 0.653451 -0.349409 0.846599 -0.295185 0.786374 -0.311639 0.577905 0.549075 0.457210 0.282508 0.714772 0.006683 0.481532 0.675486 0.669009 0.312538 0.762472 0.574827 0.701753 -0.381881 0.796848 -0.368267 0.688216 0.177394 0.779418 -0.445117 0.675550 0.456871 0.703819 -0.458628 0.569333 -0.447439 0.174685 -0.502277 0.539232 0.279628 0.617989 0.197332 0.689808 0.393967 0.612638 -0.140190 0.609164 0.466921 0.601552 -0.149323 0.623721 0.501904 0.457727 0.567093 0.369470 0.083368 0.234815 0.483772 -0.459461 0.519891
-0.161699 0.632294 -0.206630 0.441813 -0.374932 -0.086148 -0.280650 0.494650 -0.341442 -0.198363 0.066916 0.905734 0.141435 0.000000 -0.282998 0.268117 0.427701 0.570287 -0.144542 0.102414 -0.098230 -0.101430 0.479781 0.593356 0.273490 0.166402 -0.283496 -0.378857 0.611495 0.429984 0.007356 0.604057 0.454322 0.604579 0.275689 0.235793 0.024425 0.580929 -0.122629 0.528744 0.373407 0.082475 0.588016 0.579544 0.672097 0.599028 0.389297 0.454407 0.681637 0.647865 0.617629 0.568777 0.218760 0.447214 -0.043726 0.520276 0.035946 0.614453 0.380131 0.532990 0.320647 0.642075 0.096539 0.770873 0.247220 0.740721 0.430603 0.496857 -0.067314 0.142968 -0.197737 0.740835 0.555869 0.141579 -0.294775 0.467528 0.024650 0.402601 0.121440 0.600649 -0.028061 0.655779 -0.001117 0.594754 -0.141286 0.569079 -0.320763 0.083049 -0.306567 0.511694 -0.039455 0.437996 0.119027 0.414307 -0.093858 0.069684 -0.257113 -0.069866 -0.183223 0.009552 -0.354675 0.315300 -0.374294 -0.152853 -0.385189 0.138911 -0.309166 -0.191098 -0.356547 -0.123032 0.212901 0.158437 0.008669 -0.246878 0.331880 -0.253289
0.680377 -0.656289 0.695075 -0.484939 0.916562 0.398483 0.851516 0.035404 0.931362 0.567612 0.675326 -0.243757 0.658899 -0.282998 0.000000 0.547491 0.390396 0.327325 0.557457 0.181653 0.879663 0.897581 -0.235179 -0.591786 0.432297 0.459927 0.918548 0.911547 0.005955 0.462678 0.738463 -0.136215 0.266477 -0.094446 0.389361 0.534381 0.781988 -0.104324 0.851610 -0.161753 0.329245 0.710960 -0.710963 -0.596688 -0.220171 -0.690223 0.027665 -0.650727 -0.659368 -0.790030 -0.501206 -0.851943 0.201637 -0.910368 0.563934 -0.449656 0.472608 -0.758446 -0.272122 -0.650146 0.209889 -0.783356 0.659194 -0.708942 0.656959 -0.678704 0.272589 0.301200 0.307827 -0.006201 0.896714 -0.431782 0.055849 0.658537 0.916144 0.124123 0.804529 0.415801 0.746891 -0.821719 0.853023 -0.779778 0.840114 0.060067 0.911071 -0.841909 0.937385 0.609247 0.874193 -0.861158 0.615764 -0.872493 -0.075449 -0.894396 0.793847 0.122083 0.780867 0.296692 0.792397 0.416289 0.929147 -0.347873 0.922965 0.715007 0.903726 -0.407967 0.932339 0.812031 0.822687 0.764393 0.213934 -0.149400 0.203924 0.759537 -0.808034 0.732136
0.214044 -0.222395 0.218765 -0.198349 0.409682 -0.006881 0.345177 0.268081 0.445573 0.285067 0.372199 0.182103 0.397922 0.268117 0.547491 0.000000 0.498525 0.426159 0.154896 0.020554 0.671896 0.644373 -0.133765 -0.233452 0.240803 0.219162 0.575256 0.448546 0.260166 0.486689 0.315309 0.045085 0.247159 0.043388 0.409704 0.505831 0.587225 0.293852 0.606686 0.355101 0.439577 0.581265 -0.131251 -0.073057 0.267130 -0.210758 0.322974 -0.186355 -0.101075 -0.215364 -0.026347 -0.275196 0.196494 -0.365901 0.356187 0.094533 0.135871 -0.326741 -0.223509 -0.323817 0.064904 -0.261079 0.426861 -0.132537 0.570707 -0.059071 0.311784 0.409680 0.024004 -0.174129 0.432791 0.064303 0.232069 0.458665 0.512224 0.517584 0.569006 0.605423 0.537844 -0.229920 0.520557 -0.102929 0.665712 0.512879 0.535862 -0.184462 0.505027 0.760108 0.348603 -0.213127 0.469744 -0.320108 0.068468 -0.332414 0.619274 0.152763 0.458057 0.344376 0.505209 0.508249 0.495865 0.172595 0.475127 0.589492 0.459296 0.017333 0.477817 0.564202 0.487571 0.505133 0.337857 0.122394 0.301264 0.494088 -0.334509 0.506090
0.418682 -0.009496 0.320015 -0.011100 0.324843 0.239498 0.395055 0.223727 0.367047 0.463331 0.729803 0.446401 0.694662 0.427701 0.390396 0.498525 0.000000 0.705378 0.333167 0.169964 0.470435 0.453710 0.235351 -0.019371 0.602166 0.428598 0.407038 0.412132 0.776793 0.739371 0.532832 0.265612 0.513481 0.321128 0.502697 0.575991 0.534957 0.336514 0.420279 0.170014 0.641429 0.493091 0.021150 0.050104 0.347967 0.025733 0.417612 -0.047437 0.098884 -0.034357 0.226244 -0.173433 0.361135 -0.235420 0.320776 0.071553 0.517156 -0.072619 0.165098 -0.076575 0.511626 -0.110388 0.779650 0.052461 0.683666 0.005370 0.534612 0.518693 0.241649 0.122939 0.452110 0.231827 0.586479 0.573399 0.438513 0.455640 0.575005 0.569383 0.652072 -0.083622 0.607172 -0.018616 0.574860 0.453153 0.543927 -0.107108 0.370733 0.361287 0.329864 -0.158472 0.370014 -0.210326 0.075303 -0.233070 0.456325 0.303673 0.396525 0.243647 0.402148 0.278554 0.333404 0.091463 0.303757 0.371406 0.330809 -0.066422 0.344313 0.386926 0.238016 0.433314 0.420478 0.109841 0.230918 0.357101 -0.179908 0.338202
0.185118 0.018563 0.138718 -0.117902 0.231635 0.203446 0.219576 0.194770 0.271738 0.173968 0.452973 0.580013 0.461638 0.570287 0.327325 0.426159 0.705378 0.000000 0.103146 0.009447 0.426846 0.457680 0.137643 0.002084 0.586363 0.479710 0.259449 0.210916 0.642644 0.857570 0.462610 0.337490 0.412953 0.308116 0.404407 0.489681 0.568583 0.592378 0.435080 0.292713 0.612451 0.564772 0.090800 0.168456 0.497440 0.090057 0.372983 0.040284 0.217401 0.080339 0.252336 -0.026888 0.303255 -0.214107 0.262177 0.205738 0.249617 -0.016724 0.052986 -0.040889 0.287177 -0.037461 0.523810 0.230199 0.562848 0.146295 0.404531 0.489156 -0.011483 0.019073 0.400928 0.297366 0.591760 0.619484 0.299188 0.442651 0.506726 0.567058 0.615521 0.018127 0.549265 0.081140 0.531835 0.607098 0.437922 -0.064389 0.294712 0.369978 0.287534 -0.159788 0.265797 -0.215912 0.008815 -0.223047 0.417781 0.164272 0.306105 0.219259 0.294622 0.195348 0.254412 -0.074543 0.226060 0.222128 0.229191 -0.232839 0.300562 0.293625 0.171826 0.437855 0.459973 0.077560 0.101908 0.313117 -0.192050 0.226442
0.885587 -0.024591 0.880398 0.237710 0.614887 0.488130 0.812892 0.481202 0.570429 0.578126 0.694131 -0.028638 0.676719 -0.144542 0.557457 0.154896 0.333167 0.103146 0.000000 0.812514 0.449387 0.487827 0.435133 -0.005959 0.463190 0.455079 0.526519 0.600494 0.172032 0.146302 0.704473 0.269574 0.625145 0.407550 0.515501 0.573932 0.416113 -0.259309 0.399472 -0.207694 0.222084 0.277664 -0.408956 -0.342138 -0.199402 -0.294145 0.062785 -0.304386 -0.436592 -0.493329 -0.245025 -0.555666 0.167437 -0.499802 0.528178 -0.273327 0.852293 -0.166795 0.374139 -0.025629 0.602706 -0.313412 0.639749 -0.424373 0.543666 -0.412420 0.596686 0.489964 0.859601 0.685412 0.647773 -0.115330 0.253997 0.527617 0.591632 0.064858 0.630831 0.404384 0.371427 -0.449917 0.565409 -0.538634 0.421261 -0.184392 0.568089 -0.537136 0.574486 0.279779 0.609115 -0.494318 0.467127 -0.444769 0.152495 -0.508167 0.352447 0.202603 0.482561 0.104403 0.545682 0.220446 0.565275 -0.221730 0.574775 0.410417 0.574811 -0.163225 0.514164 0.409146 0.473347 0.342569 0.092184 -0.097116 0.023663 0.374802 -0.480129 0.374052
0.695386 0.406224 0.705288 0.624529 0.256380 0.405922 0.519624 0.712215 0.206631 0.349572 0.438362 0.221592 0.421059 0.102414 0.181653 0.020554 0.169964 0.009447 0.812514 0.000000 0.132780 0.163611 0.668859 0.407382 0.334936 0.356234 0.145986 0.206813 0.220593 -0.018418 0.462703 0.536653 0.645829 0.592052 0.512757 0.492705 0.122018 -0.179007 0.079222 -0.037678 0.121971 0.013243 -0.080501 -0.052168 -0.070776 0.058268 0.108479 0.038642 -0.156864 -0.137988 -0.023921 -0.184401 0.139012 -0.102500 0.403795 0.016298 0.743590 0.278126 0.630757 0.395260 0.620428 0.130561 0.369291 -0.031868 0.319550 -0.028724 0.635321 0.538409 0.863955 0.838517 0.327234 0.222153 0.309644 0.368448 0.248800 0.116407 0.385004 0.379870 0.073897 -0.054076 0.246644 -0.174861 0.085787 -0.172597 0.205090 -0.162718 0.213332 0.108500 0.288868 -0.102053 0.253627 -0.071371 0.210395 -0.148249 0.067579 0.160763 0.167564 -0.032955 0.247902 0.053387 0.203334 -0.097952 0.231234 0.153370 0.220761 0.037943 0.132974 0.066600 0.159248 0.018114 0.011666 -0.068785 -0.107556 0.071735 -0.166422 0.058496
0.576601 -0.546072 0.581819 -0.412536 0.795233 0.301510 0.733410 0.081253 0.831070 0.489891 0.653981 -0.092334 0.634483 -0.098230 0.879663 0.671896 0.470435 0.426846 0.449387 0.132780 0.000000 0.907310 -0.198371 -0.488808 0.464074 0.434304 0.864428 0.812042 0.177397 0.566202 0.664356 -0.065066 0.308755 -0.064851 0.421518 0.543763 0.822033 0.131502 0.887801 0.090062 0.469015 0.802820 -0.541247 -0.438839 -0.069419 -0.588485 0.157841 -0.507034 -0.499714 -0.626803 -0.368277 -0.704386 0.267756 -0.770673 0.523722 -0.271405 0.412035 -0.633435 -0.242648 -0.546027 0.209390 -0.646729 0.619429 -0.548624 0.653029 -0.520417 0.300211 0.350499 0.230298 -0.068663 0.819991 -0.251073 0.133625 0.655888 0.836208 0.255880 0.803918 0.518230 0.767272 -0.647549 0.831957 -0.577205 0.880860 0.315738 0.869949 -0.657091 0.846722 0.690886 0.779076 -0.693164 0.584604 -0.742163 -0.050139 -0.751392 0.845586 0.099123 0.708399 0.271408 0.714056 0.432701 0.827416 -0.221191 0.821850 0.681557 0.788218 -0.329945 0.855638 0.778937 0.746170 0.744494 0.261648 -0.136143 0.190667 0.695207 -0.708619 0.690308
0.591493 -0.542260 0.597566 -0.425848 0.823228 0.309715 0.753728 0.105445 0.831342 0.479853 0.648309 -0.062200 0.653788 -0.101430 0.897581 0.644373 0.453710 0.457680 0.487827 0.163611 0.907310 0.000000 -0.190617 -0.499572 0.477960 0.485806 0.862346 0.823164 0.155705 0.575798 0.683023 -0.047282 0.300035 -0.033515 0.408599 0.553634 0.863261 0.148787 0.891597 0.094321 0.486912 0.825354 -0.553865 -0.423908 -0.059721 -0.602222 0.135946 -0.515250 -0.495673 -0.651632 -0.349991 -0.714266 0.235167 -0.798845 0.598818 -0.283739 0.431394 -0.646524 -0.250006 -0.564155 0.185915 -0.673058 0.646221 -0.559980 0.674625 -0.529039 0.299256 0.377066 0.248491 -0.040978 0.841076 -0.257914 0.198773 0.698609 0.831619 0.278222 0.832248 0.554346 0.790735 -0.648949 0.862679 -0.599802 0.899076 0.290993 0.883575 -0.692541 0.882460 0.721927 0.814576 -0.727745 0.585923 -0.764877 -0.027976 -0.785096 0.800037 0.084097 0.718278 0.265494 0.754748 0.411744 0.859868 -0.271653 0.856031 0.684729 0.805221 -0.385682 0.873395 0.753560 0.756995 0.752999 0.287726 -0.125091 0.130805 0.693060 -0.772678 0.685481
0.303954 0.662235 0.327169 0.792167 -0.155611 0.351976 0.060852 0.612600 -0.216809 0.196221 0.195832 0.508201 0.274553 0.479781 -0.235179 -0.133765 0.235351 0.137643 0.435133 0.668859 -0.198371 -0.190617 0.000000 0.801191 0.448369 0.373175 -0.255005 -0.207333 0.434988 0.044915 0.253365 0.757175 0.673999 0.772185 0.379422 0.280244 -0.083887 0.113220 -0.230236 0.179032 0.195599 -0.140906 0.346142 0.333513 0.231290 0.419511 0.186651 0.337850 0.310827 0.333540 0.362164 0.297626 0.132660 0.340935 0.108799 0.245531 0.489302 0.620774 0.734140 0.670422 0.585447 0.530645 0.177101 0.406902 0.241448 0.414904 0.597537 0.496497 0.547670 0.724732 -0.055923 0.530348 0.449583 0.106696 -0.200514 0.146114 0.050254 0.232080 -0.041249 0.395481 -0.014361 0.313381 -0.139382 0.063255 -0.112538 0.297652 -0.220545 -0.133343 -0.114306 0.321441 -0.040530 0.347166 0.231566 0.291876 -0.273916 0.067147 -0.227196 -0.226929 -0.167889 -0.211862 -0.288768 0.029518 -0.269132 -0.289945 -0.260489 0.143961 -0.272784 -0.311152 -0.320146 -0.261985 -0.017011 -0.024586 -0.173031 -0.322571 0.230050 -0.282761
-0.129495 0.815768 -0.096090 0.845291 -0.548345 0.089585 -0.381162 0.485070 -0.568607 -0.152764 -0.220102 0.575627 -0.125725 0.593356 -0.591786 -0.233452 -0.019371 0.002084 -0.005959 0.407382 -0.488808 -0.499572 0.801191 0.000000 0.155022 0.091503 -0.583722 -0.594290 0.294502 -0.145522 -0.180508 0.692041 0.364977 0.621496 0.152366 0.031444 -0.372442 0.220437 -0.496128 0.345366 0.061696 -0.353276 0.641905 0.578405 0.318350 0.659930 0.217530 0.602044 0.563452 0.657367 0.539945 0.657925 0.121369 0.699105 -0.116864 0.508175 0.081289 0.832771 0.629417 0.810534 0.302856 0.802947 -0.226255 0.698215 -0.090703 0.723591 0.341515 0.309603 0.219311 0.485208 -0.458865 0.642487 0.344946 -0.182400 -0.557797 0.138962 -0.308647 0.049881 -0.322357 0.714627 -0.369918 0.659907 -0.443778 0.109987 -0.468265 0.666138 -0.585603 -0.316672 -0.456532 0.680910 -0.220379 0.689995 0.274384 0.647671 -0.515857 -0.027769 -0.531801 -0.316420 -0.461661 -0.293354 -0.632071 0.220552 -0.608286 -0.509938 -0.605635 0.335165 -0.613975 -0.586344 -0.604611 -0.540272 -0.094248 0.075078 -0.184740 -0.563442 0.561773 -0.539111
0.534311 -0.050896 0.540963 0.065835 0.503341 0.716016 0.483396 0.229134 0.414539 0.633476 0.604441 0.321327 0.699650 0.273490 0.432297 0.240803 0.602166 0.586363 0.463190 0.334936 0.464074 0.477960 0.448369 0.155022 0.000000 0.877241 0.419188 0.437313 0.508659 0.612539 0.747800 0.533515 0.565096 0.441062 0.455268 0.501058 0.598231 0.285025 0.462390 0.199990 0.570716 0.518922 -0.103609 0.000107 0.141477 -0.114310 0.258634 -0.114508 -0.077440 -0.173000 0.114652 -0.246262 0.360600 -0.301768 0.502406 0.026254 0.562692 -0.106850 0.223919 -0.034567 0.482834 -0.164278 0.645318 -0.065679 0.645582 -0.085532 0.502782 0.495992 0.318468 0.304104 0.535316 0.185569 0.513132 0.558740 0.374895 0.136655 0.540044 0.430548 0.640357 -0.146535 0.656969 -0.125609 0.564532 0.309888 0.567315 -0.245073 0.450449 0.350136 0.517757 -0.288373 0.334369 -0.291832 0.104059 -0.328174 0.327047 0.210750 0.340674 0.054044 0.387890 0.073161 0.353442 -0.228703 0.348474 0.181413 0.355099 -0.180957 0.407875 0.269998 0.218260 0.426925 0.270764 -0.051518 0.051099 0.261189 -0.297430 0.226871
0.551796 -0.082507 0.577488 0.048776 0.584886 0.793185 0.520625 0.297779 0.421946 0.648069 0.509273 0.237945 0.625446 0.166402 0.459927 0.219162 0.428598 0.479710 0.455079 0.356234 0.434304 0.485806 0.373175 0.091503 0.877241 0.000000 0.392846 0.442787 0.344098 0.499311 0.743679 0.555853 0.508171 0.416434 0.475938 0.501306 0.595929 0.223446 0.440469 0.158953 0.427176 0.463508 -0.161514 -0.013983 0.108499 -0.145376 0.215274 -0.110976 -0.147261 -0.246660 0.058880 -0.291106 0.309427 -0.351016 0.587901 -0.016062 0.535040 -0.154024 0.223305 -0.040036 0.420670 -0.193068 0.583957 -0.122787 0.605261 -0.113599 0.477474 0.504219 0.276823 0.292184 0.586055 0.182045 0.442006 0.582246 0.386832 0.075143 0.562661 0.452075 0.573074 -0.196151 0.644891 -0.195886 0.502263 0.189028 0.551239 -0.312410 0.498516 0.407642 0.568488 -0.349137 0.337696 -0.347988 0.144701 -0.392844 0.302256 0.134673 0.385911 0.069224 0.445557 0.082142 0.414395 -0.303149 0.421567 0.214463 0.421290 -0.156735 0.437812 0.244278 0.248277 0.430195 0.315235 -0.052854 0.009816 0.323236 -0.349875 0.197326
0.643008 -0.654406 0.650782 -0.475336 0.868168 0.348298 0.805285 -0.022279 0.899831 0.567051 0.672110 -0.269149 0.664615 -0.283496 0.918548 0.575256 0.407038 0.259449 0.526519 0.145986 0.864428 0.862346 -0.255005 -0.583722 0.419188 0.392846 0.000000 0.918043 -0.008136 0.419181 0.676869 -0.204990 0.231204 -0.117029 0.335657 0.480978 0.716368 -0.148450 0.823654 -0.136887 0.301249 0.665059 -0.688851 -0.605815 -0.252815 -0.676841 0.010867 -0.686881 -0.640108 -0.751522 -0.489658 -0.823566 0.218179 -0.854265 0.498071 -0.451160 0.453348 -0.745063 -0.295486 -0.656832 0.213475 -0.758666 0.647765 -0.696296 0.618827 -0.657134 0.230175 0.234586 0.300163 -0.022428 0.817585 -0.442688 -0.007394 0.552420 0.877894 0.095490 0.728543 0.339440 0.745228 -0.797609 0.800874 -0.729970 0.819894 0.051960 0.875861 -0.779712 0.886220 0.571922 0.819050 -0.791604 0.611350 -0.811512 -0.099844 -0.829189 0.765678 0.173921 0.734063 0.280491 0.757807 0.445215 0.880079 -0.222086 0.861990 0.723572 0.854642 -0.352757 0.894261 0.838729 0.795786 0.747172 0.153413 -0.123980 0.294206 0.701632 -0.757229 0.711009
0.718542 -0.660483 0.713522 -0.448241 0.911687 0.441727 0.863380 -0.025980 0.913848 0.660776 0.719494 -0.323925 0.686572 -0.378857 0.911547 0.448546 0.412132 0.210916 0.600494 0.206813 0.812042 0.823164 -0.207333 -0.594290 0.437313 0.442787 0.918043 0.000000 0.008720 0.375381 0.726474 -0.187150 0.241888 -0.117502 0.345102 0.475670 0.693904 -0.221858 0.768675 -0.258823 0.271685 0.608408 -0.743554 -0.653578 -0.344147 -0.717468 -0.044394 -0.686261 -0.709223 -0.817410 -0.528524 -0.880523 0.159707 -0.879032 0.525042 -0.511514 0.540361 -0.750141 -0.224199 -0.639060 0.256200 -0.790165 0.700100 -0.752282 0.600552 -0.730620 0.242365 0.221036 0.365129 0.037575 0.849374 -0.477937 -0.006814 0.559588 0.890226 0.034329 0.732840 0.299205 0.692806 -0.834467 0.798096 -0.799596 0.767730 -0.059125 0.872292 -0.840672 0.902903 0.513375 0.842382 -0.841229 0.565314 -0.843325 -0.096703 -0.860107 0.724656 0.174148 0.749166 0.269040 0.758883 0.371578 0.896583 -0.296560 0.884914 0.703024 0.879761 -0.361920 0.886410 0.782933 0.784199 0.713663 0.144594 -0.157509 0.207417 0.713010 -0.774225 0.696145
0.210827 0.344503 0.104083 0.284999 -0.037087 0.144185 0.091311 0.328524 -0.031657 0.232053 0.528928 0.654160 0.477324 0.611495 0.005955 0.260166 0.776793 0.642644 0.172032 0.220593 0.177397 0.155705 0.434988 0.294502 0.508659 0.344098 -0.008136 0.008720 0.000000 0.661256 0.303182 0.478070 0.492938 0.426868 0.470264 0.463387 0.318767 0.557087 0.122247 0.374235 0.616058 0.300779 0.394112 0.415123 0.538801 0.376934 0.505540 0.358235 0.422888 0.331657 0.499872 0.212941 0.349592 0.159497 0.195181 0.356633 0.395641 0.319094 0.396369 0.297870 0.520040 0.278458 0.516477 0.408237 0.459521 0.327282 0.509052 0.497249 0.161646 0.199699 0.171000 0.587274 0.701087 0.473214 0.086794 0.501251 0.385575 0.585457 0.355456 0.333113 0.318083 0.338513 0.272599 0.553775 0.209982 0.263999 0.016613 0.194089 0.032853 0.212685 0.101402 0.155613 0.150809 0.137859 0.208372 0.256911 0.127671 0.157443 0.097254 0.123872 -0.041721 0.152201 -0.047215 0.033586 -0.039519 0.102267 -0.040277 -0.002398 -0.089662 0.176039 0.471175 0.167796 0.073886 0.066883 0.150469 0.083575
0.273386 -0.127655 0.227517 -0.214106 0.367979 0.227978 0.338412 0.143803 0.404722 0.258930 0.555079 0.462803 0.543385 0.429984 0.462678 0.486689 0.739371 0.857570 0.146302 -0.018418 0.566202 0.575798 0.044915 -0.145522 0.612539 0.499311 0.419181 0.375381 0.661256 0.000000 0.547049 0.239541 0.386081 0.198315 0.419059 0.503927 0.664667 0.533919 0.560333 0.244407 0.612860 0.660960 -0.027898 0.071613 0.440562 -0.035543 0.357226 -0.080528 0.119999 -0.044726 0.172581 -0.173473 0.355644 -0.344826 0.303875 0.068974 0.282508 -0.169260 0.013420 -0.149445 0.324500 -0.168949 0.598990 0.066662 0.638623 0.010463 0.409559 0.473636 0.012662 -0.039645 0.530806 0.232983 0.491557 0.645583 0.431162 0.367275 0.599501 0.558235 0.752586 -0.122681 0.669608 -0.049821 0.669645 0.621297 0.587753 -0.184524 0.430842 0.446197 0.408370 -0.284035 0.313075 -0.354043 -0.056752 -0.360555 0.587520 0.290126 0.462299 0.317684 0.389047 0.251921 0.381986 -0.129454 0.356875 0.317677 0.361847 -0.272471 0.431648 0.423653 0.327175 0.618699 0.496169 0.032150 0.163810 0.405808 -0.303670 0.378929
0.772871 -0.280662 0.780088 -0.124256 0.787087 0.645977 0.807986 0.298941 0.733235 0.646533 0.764992 0.080024 0.770372 0.007356 0.738463 0.315309 0.532832 0.462610 0.704473 0.462703 0.664356 0.683023 0.253365 -0.180508 0.747800 0.743679 0.676869 0.726474 0.303182 0.547049 0.000000 0.382738 0.644556 0.388436 0.544896 0.610991 0.658773 -0.049362 0.621110 -0.135656 0.372294 0.541925 -0.521043 -0.412319 -0.068798 -0.405657 0.036545 -0.453481 -0.440626 -0.554533 -0.290952 -0.648003 0.199642 -0.687615 0.535826 -0.342337 0.707435 -0.380557 0.132567 -0.268463 0.532377 -0.443943 0.766245 -0.396975 0.735690 -0.421634 0.571170 0.530278 0.510815 0.350703 0.835499 -0.069297 0.290328 0.682417 0.713056 0.074559 0.755578 0.464182 0.699811 -0.550528 0.789117 -0.565206 0.676209 0.056747 0.762223 -0.653384 0.740289 0.443887 0.736502 -0.675359 0.442611 -0.673774 -0.048876 -0.710541 0.583353 0.230800 0.615748 0.180456 0.606161 0.171628 0.698461 -0.406577 0.695639 0.468925 0.696821 -0.386563 0.720303 0.582294 0.589873 0.624053 0.211413 -0.208780 0.047444 0.526891 -0.632167 0.493872
0.224275 0.583955 0.239315 0.602402 -0.064457 0.385186 0.047769 0.645423 -0.164055 0.156631 0.188662 0.645756 0.267288 0.604057 -0.136215 0.045085 0.265612 0.337490 0.269574 0.536653 -0.065066 -0.047282 0.757175 0.692041 0.533515 0.555853 -0.204990 -0.187150 0.478070 0.239541 0.382738 0.000000 0.673466 0.783430 0.452975 0.377163 0.076192 0.288269 -0.088757 0.353203 0.271851 0.017443 0.326033 0.369773 0.350636 0.399837 0.247175 0.364779 0.317037 0.318738 0.362399 0.276933 0.178061 0.262384 0.247331 0.351671 0.371820 0.532513 0.578041 0.562038 0.498878 0.504093 0.204416 0.485236 0.315118 0.468424 0.599067 0.605766 0.326264 0.496171 0.064279 0.668775 0.562481 0.288438 -0.130412 0.269606 0.181286 0.419395 0.091636 0.412000 0.108243 0.348122 -0.016347 0.216026 -0.030371 0.274652 -0.106674 0.100380 -0.025532 0.269039 -0.007678 0.248608 0.211990 0.198061 -0.118824 0.095626 -0.114440 -0.145940 -0.066337 -0.169644 -0.175610 -0.058271 -0.150129 -0.186236 -0.163682 0.111120 -0.154531 -0.236670 -0.216722 -0.130006 0.137591 -0.028762 -0.196400 -0.189905 0.155635 -0.203960
0.617660 0.328730 0.573456 0.429623 0.281059 0.371701 0.480730 0.684534 0.241165 0.359661 0.593682 0.492713 0.628034 0.454322 0.266477 0.247159 0.513481 0.412953 0.625145 0.645829 0.308755 0.300035 0.673999 0.364977 0.565096 0.508171 0.231204 0.241888 0.492938 0.386081 0.644556 0.673466 0.000000 0.840125 0.632407 0.604616 0.327181 0.085472 0.210052 0.115890 0.337057 0.246119 -0.011678 0.037078 0.298198 0.126601 0.231652 -0.018126 0.063749 -0.022021 0.134597 -0.128156 0.211442 -0.141511 0.352114 -0.013136 0.720161 0.227644 0.590430 0.321633 0.776384 0.178125 0.600951 0.112376 0.657807 0.110938 0.829994 0.762382 0.598786 0.611906 0.435247 0.394420 0.484007 0.477573 0.291174 0.290238 0.516841 0.540388 0.384454 -0.005197 0.455838 -0.050546 0.331782 0.179125 0.358963 -0.109694 0.249671 0.216453 0.283631 -0.121684 0.283521 -0.115023 0.148428 -0.185784 0.220507 0.221504 0.235345 -0.013669 0.278987 0.063466 0.210140 -0.131522 0.212088 0.124716 0.201389 -0.124775 0.235330 0.191737 0.164525 0.193249 0.187372 -0.072134 -0.037255 0.085819 -0.214142 0.169372
0.342658 0.583006 0.314803 0.600475 -0.043914 0.299796 0.145163 0.691659 -0.117038 0.158722 0.293485 0.617925 0.379474 0.604579 -0.094446 0.043388 0.321128 0.308116 0.407550 0.592052 -0.064851 -0.033515 0.772185 0.621496 0.441062 0.416434 -0.117029 -0.117502 0.426868 0.198315 0.388436 0.783430 0.840125 0.000000 0.507277 0.414704 0.034778 0.134255 -0.119635 0.182092 0.205334 -0.047491 0.258495 0.283636 0.411796 0.422171 0.205204 0.211793 0.325016 0.288774 0.343932 0.215430 0.139184 0.198037 0.174933 0.180096 0.527617 0.515612 0.677267 0.555403 0.669929 0.491622 0.337709 0.418718 0.427753 0.409787 0.721279 0.665602 0.470602 0.652216 0.086494 0.575300 0.470176 0.234958 -0.081452 0.228031 0.201634 0.389449 0.116525 0.311154 0.123554 0.253923 -0.005325 0.120002 0.003373 0.207228 -0.094565 0.011608 -0.035737 0.199768 0.065770 0.213108 0.186533 0.139173 -0.142919 0.187824 -0.057886 -0.113551 0.001162 -0.080846 -0.138699 -0.002660 -0.137031 -0.144098 -0.129646 0.025097 -0.119140 -0.124450 -0.152566 -0.076503 0.121701 0.022811 -0.068764 -0.207213 0.080394 -0.143555
0.595015 0.104456 0.573095 0.250812 0.408100 0.383377 0.543752 0.569610 0.361400 0.452823 0.569222 0.303008 0.580175 0.275689 0.389361 0.409704 0.502697 0.404407 0.515501 0.512757 0.421518 0.408599 0.379422 0.152366 0.455268 0.475938 0.335657 0.345102 0.470264 0.419059 0.544896 0.452975 0.632407 0.507277 0.000000 0.876697 0.463825 0.154648 0.361158 0.144952 0.425457 0.332570 0.014948 0.078489 0.367173 0.159125 0.462650 0.051343 -0.010366 -0.094839 0.145196 -0.214912 0.408381 -0.232057 0.568819 0.120284 0.659224 0.015106 0.404859 0.114186 0.638587 0.017640 0.631076 0.001789 0.739385 0.048356 0.767178 0.731855 0.486528 0.416691 0.549360 0.285919 0.475782 0.673222 0.490141 0.413386 0.685318 0.723262 0.375344 -0.114665 0.525381 -0.142162 0.364696 0.111932 0.480496 -0.157503 0.419642 0.430085 0.446909 -0.173999 0.558874 -0.183501 0.361161 -0.262928 0.412710 0.310847 0.526739 0.364908 0.550941 0.425872 0.391703 -0.030808 0.410848 0.368055 0.444562 0.125018 0.342580 0.324316 0.296970 0.390717 0.533939 0.225258 0.294714 0.419778 -0.200257 0.357466
0.664168 -0.004601 0.632545 0.146951 0.517511 0.371244 0.642097 0.529641 0.489391 0.493797 0.650810 0.284753 0.654703 0.235793 0.534381 0.505831 0.575991 0.489681 0.573932 0.492705 0.543763 0.553634 0.280244 0.031444 0.501058 0.501306 0.480978 0.475670 0.463387 0.503927 0.610991 0.377163 0.604616 0.414704 0.876697 0.000000 0.600954 0.162912 0.499569 0.131745 0.512504 0.455278 -0.074114 0.000166 0.317549 0.033679 0.507756 -0.021979 -0.089258 -0.185897 0.125417 -0.312223 0.487039 -0.362581 0.631931 0.107014 0.681054 -0.117008 0.303882 -0.013068 0.606980 -0.133526 0.725181 -0.095141 0.804023 -0.035948 0.762905 0.775332 0.493634 0.368132 0.659806 0.191995 0.528929 0.781798 0.609621 0.445584 0.790520 0.779348 0.513618 -0.228788 0.670588 -0.235343 0.519784 0.182291 0.627259 -0.263219 0.548633 0.508540 0.566280 -0.285635 0.677378 -0.301771 0.365328 -0.381890 0.538798 0.361975 0.612232 0.374625 0.665801 0.504719 0.534060 -0.043882 0.541710 0.506011 0.568198 0.058189 0.484645 0.466535 0.397825 0.479615 0.545462 0.220023 0.314109 0.548710 -0.302079 0.456480
0.536757 -0.434133 0.523125 -0.364500 0.729575 0.361545 0.657754 0.115243 0.693426 0.497932 0.624843 0.067246 0.669470 0.024425 0.781988 0.587225 0.534957 0.568583 0.416113 0.122018 0.822033 0.863261 -0.083887 -0.372442 0.598231 0.595929 0.716368 0.693904 0.318767 0.664667 0.658773 0.076192 0.327181 0.034778 0.463825 0.600954 0.000000 0.406814 0.876242 0.275755 0.708286 0.897438 -0.338652 -0.187709 0.111006 -0.455503 0.348537 -0.292793 -0.312180 -0.483290 -0.104621 -0.543555 0.388724 -0.655793 0.643523 -0.061808 0.423549 -0.538533 -0.171940 -0.458673 0.195731 -0.563156 0.669043 -0.405660 0.697831 -0.393069 0.331789 0.428766 0.161403 -0.038286 0.779815 -0.112757 0.402707 0.753877 0.708081 0.302797 0.836060 0.646015 0.769685 -0.480669 0.867928 -0.424526 0.887044 0.475465 0.844038 -0.532333 0.802572 0.745769 0.759900 -0.576274 0.607509 -0.625345 0.123740 -0.638378 0.763050 0.104927 0.668016 0.282128 0.732565 0.440811 0.763561 -0.184576 0.751713 0.626062 0.725136 -0.247155 0.776416 0.640485 0.579183 0.736984 0.456153 0.006092 0.177046 0.681135 -0.607621 0.569825
