0.000000 0.600261 0.614983 0.554639 0.491111 0.171165 0.630868 0.453676 0.543411 -0.166818 0.479375 0.530334 0.561699 0.399385 0.578975 0.421730 0.549737 0.470426 0.634246 0.649966 0.467396 0.485404 0.633392 0.621589 0.547372 0.523300 0.468052 0.442963 0.606038 0.525552 0.584929 0.602301 0.606259 0.601446 0.493597 0.403988 0.537631 0.518650 0.511871 0.506363 0.487045 0.455600 0.168136 0.373170 0.299261 0.307225 0.300567 0.213526 0.304332 0.065332 0.205581 0.107325 0.132559 -0.125839 0.559779 0.185410 0.547487 0.310314 0.312680 0.103604 0.544290 -0.000909 0.586149 0.457312 0.515502 0.143081 0.444939 0.379993 0.521438 0.504801 0.620271 0.543635 0.414074 0.452870 0.366598 0.350237 0.560045 0.544846 0.361129 0.319558 0.575876 0.482575 0.576196 0.562707 0.555678 0.059709 0.487020 0.512232 0.545319 0.043240 -0.024708 0.132865 0.524790 -0.039634 0.536367 0.386451 0.617908 0.611127 0.406200 0.430331 0.567665 0.578910 0.574744 0.596350 0.549028 0.564902 0.404049 0.428442 0.307684 0.576603 0.466419 0.243940 -0.104728 0.356407 0.067584 0.451236
0.600261 0.000000 0.495652 0.604252 0.292336 0.208282 0.582252 0.545895 0.406487 0.024660 0.555769 0.536979 0.586714 0.502041 0.444700 0.469714 0.579197 0.506221 0.648293 0.585416 0.283207 0.335169 0.552603 0.532157 0.439038 0.471532 0.275808 0.326167 0.514183 0.458451 0.434725 0.484971 0.624022 0.620131 0.422916 0.377838 0.395806 0.400221 0.356841 0.409759 0.430340 0.361343 0.328647 0.463092 0.438268 0.434794 0.418089 0.356318 0.433477 0.240366 0.342914 0.271792 0.294033 0.076224 0.534091 0.309129 0.630502 0.495725 0.470250 0.322467 0.608255 0.218167 0.614932 0.567415 0.540401 0.312309 0.540991 0.502870 0.621544 0.591267 0.524335 0.488769 0.399199 0.413435 0.190677 0.267113 0.481346 0.476520 0.414607 0.445920 0.593417 0.589923 0.499907 0.564594 0.588515 0.259700 0.308472 0.395954 0.493637 0.210732 0.170325 0.324338 0.512729 0.158869 0.383947 0.365238 0.572585 0.517768 0.481467 0.500142 0.474580 0.479570 0.411926 0.495718 0.399929 0.478788 0.242318 0.240475 0.256784 0.518129 0.537685 0.399220 0.107930 0.437677 0.244338 0.453450
0.614983 0.495652 0.000000 0.464485 0.554739 0.200925 0.632399 0.394369 0.564143 -0.210616 0.340416 0.410970 0.435757 0.251485 0.588946 0.333459 0.442153 0.441579 0.553941 0.627274 0.523224 0.540100 0.649587 0.628417 0.555166 0.509227 0.535595 0.447098 0.578567 0.484581 0.616178 0.597820 0.528285 0.524785 0.478940 0.323396 0.582717 0.550803 0.551545 0.466163 0.444389 0.430438 -0.052798 0.178320 0.115158 0.131053 0.099066 0.003203 0.110142 -0.140390 0.001551 -0.107310 -0.077669 -0.319594 0.437696 -0.011389 0.427737 0.129507 0.115038 -0.090287 0.393724 -0.167611 0.459519 0.312347 0.419720 0.005359 0.293450 0.235457 0.381933 0.433729 0.592079 0.461659 0.335823 0.392990 0.408869 0.319551 0.501771 0.483783 0.262226 0.151055 0.483886 0.346468 0.589544 0.480411 0.452971 -0.138027 0.572564 0.532860 0.456451 -0.162082 -0.225700 -0.068218 0.430736 -0.238684 0.583845 0.337382 0.548908 0.587912 0.231290 0.270554 0.506106 0.541005 0.607811 0.557629 0.586955 0.553086 0.480980 0.544666 0.316005 0.515806 0.309604 0.071277 -0.296977 0.202621 -0.127473 0.413335
0.554639 0.604252 0.464485 0.000000 0.231044 0.166551 0.559420 0.600965 0.338054 -0.007151 0.601908 0.560849 0.587315 0.579233 0.388802 0.490644 0.555435 0.386672 0.616341 0.517943 0.251852 0.243607 0.504147 0.516010 0.383001 0.442160 0.212923 0.272025 0.478912 0.437596 0.389424 0.471464 0.606611 0.613582 0.436149 0.446008 0.355837 0.359753 0.338396 0.421539 0.382643 0.260499 0.380717 0.508690 0.493944 0.495212 0.453348 0.418784 0.486531 0.324319 0.416739 0.343254 0.365979 0.166293 0.540641 0.398695 0.618976 0.535489 0.514123 0.375779 0.617376 0.304361 0.589288 0.577510 0.564021 0.421644 0.599202 0.580812 0.621363 0.559465 0.513978 0.524352 0.423014 0.444505 0.173875 0.260781 0.455372 0.491021 0.439458 0.499885 0.565349 0.597630 0.427754 0.539516 0.574412 0.351860 0.240030 0.379254 0.446196 0.309103 0.241178 0.389429 0.476216 0.258572 0.320166 0.343769 0.527426 0.484519 0.536833 0.556662 0.453242 0.442822 0.335218 0.469552 0.340768 0.472473 0.151253 0.156959 0.256507 0.459540 0.563433 0.456980 0.175012 0.456476 0.314702 0.432856
0.491111 0.292336 0.554739 0.231044 0.000000 0.036278 0.442080 0.078753 0.566961 -0.445080 0.092601 0.251249 0.243939 0.012864 0.605017 0.142102 0.277603 0.265148 0.367925 0.521967 0.578813 0.592082 0.544222 0.545872 0.551361 0.451902 0.618702 0.479847 0.528279 0.429340 0.636507 0.585471 0.344058 0.332240 0.407735 0.232976 0.563557 0.523909 0.570606 0.468021 0.418820 0.491958 -0.197412 0.034027 -0.077320 -0.057585 -0.036536 -0.135227 -0.047913 -0.286709 -0.140541 -0.236486 -0.218666 -0.439537 0.372362 -0.123730 0.163168 -0.139058 -0.135553 -0.341451 0.167175 -0.415801 0.307151 0.070981 0.254730 -0.265966 0.058787 -0.033445 0.122477 0.135182 0.543978 0.425314 0.282326 0.356518 0.496337 0.352713 0.461803 0.434494 0.119387 -0.031543 0.313130 0.137454 0.505580 0.355995 0.249713 -0.320894 0.613760 0.541438 0.395240 -0.291050 -0.366915 -0.248158 0.336579 -0.375259 0.591596 0.280440 0.453759 0.534918 0.103569 0.146993 0.475416 0.545282 0.629383 0.537196 0.579617 0.502353 0.560816 0.605708 0.273811 0.452238 0.144073 -0.126484 -0.431181 0.084705 -0.264352 0.317519
0.171165 0.208282 0.200925 0.166551 0.036278 0.000000 0.269027 0.330708 0.325819 0.420126 0.139271 0.148313 0.172164 0.171690 0.096088 0.359673 0.152718 0.372587 0.195145 0.153699 0.104903 0.052419 0.178218 0.101160 0.198728 0.244315 0.086570 0.255547 0.098934 0.105429 0.091807 0.038781 0.203907 0.196371 0.140397 0.094463 0.089887 0.084702 0.069144 0.039811 0.044717 0.009904 0.050459 0.091344 0.118900 0.131786 0.084957 0.051828 0.118202 0.018687 0.030507 -0.008536 -0.004643 -0.095017 0.109608 -0.011338 0.235307 0.158140 0.168434 0.147619 0.190182 0.133219 0.166118 0.215863 0.146642 0.175893 0.185374 0.200924 0.193819 0.308080 0.128754 0.030540 0.019032 0.011518 0.058486 0.089678 0.100962 0.076212 0.107367 0.149204 0.245934 0.224022 0.170972 0.215930 0.234756 0.036725 0.138336 0.102996 0.243819 -0.031633 -0.074296 0.053329 0.066226 -0.054421 0.100049 0.119017 0.161263 0.143631 0.043086 0.031827 0.087781 0.009470 0.119097 0.084829 0.137706 0.099882 0.057260 0.082144 0.087394 0.149022 0.166483 0.113279 -0.074617 0.119113 0.032316 0.148435
0.630868 0.582252 0.632399 0.559420 0.442080 0.269027 0.000000 0.522217 0.528545 -0.051006 0.470478 0.464357 0.539898 0.380360 0.531159 0.441095 0.521209 0.502409 0.608531 0.615067 0.439071 0.454924 0.625205 0.602025 0.521927 0.516216 0.424596 0.415394 0.567847 0.476223 0.540485 0.549039 0.591694 0.592364 0.510769 0.406706 0.519170 0.501591 0.479422 0.457184 0.442057 0.400660 0.119062 0.319400 0.269234 0.280742 0.251265 0.163802 0.260986 0.030591 0.158559 0.052903 0.083879 -0.159074 0.492399 0.133394 0.543317 0.296329 0.291142 0.101425 0.512851 0.026719 0.545983 0.447285 0.507716 0.193001 0.447975 0.396870 0.499924 0.529970 0.575063 0.473138 0.373419 0.407238 0.342435 0.320837 0.524552 0.510955 0.341379 0.297936 0.561815 0.476233 0.565873 0.529046 0.549586 0.034815 0.479279 0.495752 0.506500 -0.008776 -0.068868 0.104749 0.458354 -0.079268 0.509793 0.357191 0.572188 0.572375 0.346899 0.381877 0.506779 0.512671 0.534054 0.536785 0.527627 0.541314 0.375109 0.423742 0.284636 0.521988 0.417458 0.226261 -0.136406 0.322634 0.043939 0.424814
0.453676 0.545895 0.394369 0.600965 0.078753 0.330708 0.522217 0.000000 0.252785 0.219631 0.560626 0.499018 0.515276 0.576676 0.247872 0.520399 0.498543 0.447929 0.548586 0.422659 0.139385 0.128268 0.422150 0.397528 0.278441 0.350027 0.099590 0.177513 0.345844 0.345977 0.250652 0.307458 0.544167 0.553206 0.329335 0.334661 0.241772 0.255938 0.207136 0.252563 0.257652 0.129979 0.326818 0.412713 0.445910 0.447021 0.380776 0.353205 0.423677 0.285366 0.342391 0.282347 0.313785 0.154862 0.400006 0.310369 0.597973 0.534242 0.502014 0.413899 0.558976 0.377695 0.509954 0.583798 0.444888 0.454535 0.551039 0.557772 0.590068 0.587454 0.381541 0.343998 0.289005 0.312261 0.061638 0.134576 0.321247 0.348632 0.373712 0.474630 0.520094 0.562036 0.344481 0.450235 0.539136 0.345046 0.148623 0.252637 0.366601 0.260507 0.212020 0.356971 0.344628 0.226451 0.216830 0.262387 0.417038 0.364261 0.422081 0.423565 0.310814 0.265593 0.223840 0.332105 0.245590 0.341429 0.060373 0.079877 0.227524 0.349378 0.487266 0.428075 0.163229 0.396632 0.280577 0.359913
0.543411 0.406487 0.564143 0.338054 0.566961 0.325819 0.528545 0.252785 0.000000 -0.160036 0.227061 0.331061 0.374954 0.154868 0.569060 0.344625 0.356279 0.413294 0.452796 0.533112 0.536406 0.498927 0.543549 0.513380 0.558578 0.501163 0.538698 0.567579 0.529952 0.431836 0.574701 0.523555 0.423997 0.406255 0.443293 0.319918 0.513457 0.480372 0.513286 0.469781 0.409684 0.438860 -0.029565 0.184339 0.079222 0.101645 0.116218 0.020953 0.118562 -0.120437 0.008009 -0.087595 -0.081513 -0.329327 0.445691 0.004582 0.317888 0.042859 0.072445 -0.118411 0.317667 -0.208314 0.404766 0.230067 0.370697 -0.056507 0.227034 0.154624 0.271181 0.301182 0.540242 0.435343 0.301832 0.345079 0.437886 0.396270 0.492816 0.458617 0.207919 0.114434 0.429647 0.280800 0.525869 0.468262 0.387344 -0.159835 0.565061 0.525648 0.511170 -0.153919 -0.259120 -0.086020 0.358020 -0.249650 0.542172 0.339912 0.512048 0.558964 0.209638 0.234041 0.475435 0.508958 0.589993 0.534138 0.555375 0.502224 0.476030 0.503433 0.244340 0.490810 0.284861 0.038368 -0.312832 0.222940 -0.103508 0.375653
-0.166818 0.024660 -0.210616 -0.007151 -0.445080 0.420126 -0.051006 0.219631 -0.160036 0.000000 0.103421 -0.054316 0.027741 0.135039 -0.328632 0.185525 -0.021037 0.141840 -0.061074 -0.206561 -0.326239 -0.319411 -0.209191 -0.277167 -0.207145 -0.106920 -0.373468 -0.152518 -0.256484 -0.201885 -0.374117 -0.368127 -0.041020 -0.043833 -0.131129 -0.049190 -0.297446 -0.262318 -0.339785 -0.266023 -0.199885 -0.273380 0.216421 0.079534 0.169791 0.162102 0.122534 0.164205 0.141426 0.234270 0.146494 0.175613 0.180016 0.262245 -0.155681 0.101952 0.122130 0.261423 0.266258 0.387419 0.083514 0.420820 -0.038928 0.153443 -0.007394 0.354614 0.146629 0.213906 0.114811 0.195943 -0.279785 -0.271870 -0.158220 -0.247666 -0.279185 -0.141608 -0.205361 -0.212044 0.020296 0.151968 0.010924 0.113932 -0.173911 -0.052428 0.060255 0.266871 -0.308882 -0.274611 -0.059143 0.197286 0.245494 0.260184 -0.113854 0.248501 -0.324440 -0.094982 -0.163788 -0.251781 -0.015148 -0.039657 -0.223151 -0.328249 -0.333679 -0.297052 -0.288651 -0.261538 -0.334729 -0.352353 -0.165224 -0.151097 0.048033 0.207967 0.287608 0.058754 0.244603 -0.119424
0.479375 0.555769 0.340416 0.601908 0.092601 0.139271 0.470478 0.560626 0.227061 0.103421 0.000000 0.547152 0.614666 0.606715 0.295770 0.482516 0.551630 0.341205 0.543881 0.423293 0.144282 0.153208 0.383532 0.407039 0.289209 0.368528 0.083721 0.151385 0.397163 0.370748 0.248478 0.356716 0.535999 0.542313 0.379632 0.436349 0.243903 0.242220 0.200134 0.331606 0.330195 0.243007 0.468204 0.538701 0.550858 0.553288 0.510057 0.492857 0.535548 0.424862 0.490170 0.432405 0.460767 0.290366 0.495743 0.442609 0.609004 0.578234 0.571937 0.463086 0.612376 0.408889 0.571252 0.591634 0.559959 0.483072 0.602281 0.597128 0.607314 0.543505 0.400295 0.459306 0.405883 0.405731 0.080421 0.205952 0.408150 0.425847 0.428138 0.514773 0.508940 0.586953 0.310923 0.468336 0.581623 0.450796 0.100864 0.256775 0.415697 0.397297 0.357719 0.469116 0.428778 0.364400 0.196475 0.314987 0.472960 0.385677 0.547788 0.555647 0.372451 0.337881 0.216017 0.366910 0.235693 0.373698 0.040020 0.010028 0.183783 0.416120 0.579498 0.483352 0.303703 0.487223 0.407859 0.353726
0.530334 0.536979 0.410970 0.560849 0.251249 0.148313 0.464357 0.499018 0.331061 -0.054316 0.547152 0.000000 0.527247 0.560745 0.378964 0.428047 0.555004 0.376832 0.570222 0.496672 0.273697 0.277626 0.463844 0.462201 0.374688 0.417255 0.259367 0.264341 0.440655 0.441868 0.398394 0.461623 0.570159 0.564138 0.353878 0.387428 0.312882 0.303926 0.277957 0.367370 0.422140 0.310982 0.374257 0.486699 0.486533 0.501096 0.457390 0.422928 0.476976 0.306338 0.391138 0.334057 0.345463 0.143210 0.534592 0.371204 0.567585 0.481143 0.462934 0.325658 0.567190 0.236645 0.591469 0.575747 0.468078 0.290455 0.509724 0.478795 0.573063 0.485546 0.490569 0.503157 0.404796 0.468096 0.201911 0.263788 0.423680 0.447612 0.335519 0.460802 0.527658 0.516894 0.359411 0.509826 0.506687 0.317189 0.221927 0.322788 0.428044 0.292329 0.201602 0.338397 0.458241 0.218680 0.320353 0.318011 0.510252 0.458833 0.484745 0.496255 0.434959 0.421482 0.344754 0.466792 0.334659 0.421364 0.195164 0.156117 0.221898 0.500566 0.554498 0.363669 0.146323 0.420208 0.264691 0.379201
0.561699 0.586714 0.435757 0.587315 0.243939 0.172164 0.539898 0.515276 0.374954 0.027741 0.614666 0.527247 0.000000 0.559452 0.432124 0.503911 0.559162 0.406429 0.574965 0.500654 0.277364 0.287257 0.465048 0.487450 0.390294 0.442886 0.214120 0.279880 0.499100 0.424931 0.365746 0.449721 0.555336 0.560757 0.461320 0.456255 0.372858 0.349433 0.307751 0.413062 0.427702 0.364905 0.401079 0.520116 0.477200 0.491015 0.484028 0.430423 0.480268 0.329535 0.431835 0.356804 0.383740 0.171861 0.555375 0.390767 0.592597 0.492255 0.503034 0.356114 0.617684 0.278952 0.607793 0.566637 0.597385 0.389654 0.569231 0.525492 0.579132 0.525702 0.482554 0.520415 0.466618 0.441164 0.188262 0.275321 0.509668 0.503740 0.401910 0.470309 0.536243 0.583912 0.403107 0.510470 0.612043 0.338259 0.232071 0.350914 0.502713 0.306279 0.240298 0.383815 0.491019 0.242442 0.335744 0.359562 0.552768 0.479687 0.528545 0.545115 0.472924 0.445373 0.356072 0.471353 0.343289 0.462381 0.166177 0.157940 0.216539 0.501778 0.568803 0.407101 0.183368 0.474183 0.332333 0.384445
0.399385 0.502041 0.251485 0.579233 0.012864 0.171690 0.380360 0.576676 0.154868 0.135039 0.606715 0.560745 0.559452 0.000000 0.220494 0.512667 0.507210 0.323270 0.500886 0.349804 0.069694 0.060627 0.314366 0.337494 0.217002 0.319484 0.018554 0.112411 0.313853 0.350480 0.181920 0.288242 0.492338 0.500593 0.270079 0.342467 0.159070 0.159207 0.121334 0.241915 0.271378 0.138423 0.487806 0.518513 0.556294 0.558872 0.512873 0.509917 0.542281 0.450540 0.499770 0.462064 0.490963 0.344383 0.457206 0.469686 0.572537 0.605285 0.578632 0.508920 0.583371 0.456339 0.536257 0.619717 0.478225 0.496843 0.570323 0.569053 0.595014 0.509033 0.351906 0.410589 0.362507 0.370987 0.007809 0.116402 0.309517 0.341349 0.398246 0.549224 0.475015 0.589777 0.223243 0.420829 0.540202 0.508387 0.011352 0.180817 0.361221 0.451050 0.397584 0.502165 0.391191 0.417953 0.122717 0.271923 0.398234 0.310597 0.527429 0.523564 0.321340 0.258030 0.138078 0.311677 0.136153 0.290119 -0.038046 -0.071706 0.199557 0.351107 0.571927 0.493435 0.344575 0.461682 0.430516 0.320998
0.578975 0.444700 0.588946 0.388802 0.605017 0.096088 0.531159 0.247872 0.569060 -0.328632 0.295770 0.378964 0.432124 0.220494 0.000000 0.347535 0.437404 0.360323 0.497009 0.595440 0.527218 0.561110 0.599143 0.609932 0.589409 0.528514 0.545438 0.458733 0.626395 0.545541 0.618377 0.615153 0.458455 0.459520 0.463140 0.309890 0.581196 0.530113 0.567227 0.500011 0.466195 0.515805 -0.005667 0.217852 0.111315 0.129861 0.130700 0.043162 0.136673 -0.106207 0.051785 -0.052431 -0.025748 -0.268557 0.486852 0.027951 0.340163 0.076450 0.079120 -0.130488 0.354951 -0.216535 0.451785 0.257169 0.428007 -0.064279 0.241669 0.165234 0.309779 0.320162 0.584624 0.505932 0.392728 0.424990 0.417625 0.345455 0.518437 0.493894 0.308337 0.156522 0.440117 0.336547 0.558450 0.459880 0.441002 -0.113036 0.550740 0.532114 0.478682 -0.110948 -0.183005 -0.049873 0.438123 -0.190514 0.577224 0.392518 0.560098 0.590301 0.269502 0.301716 0.522279 0.581066 0.609299 0.580532 0.548306 0.545779 0.470076 0.521904 0.357617 0.518401 0.311698 0.054766 -0.262682 0.242830 -0.077410 0.426846
0.421730 0.469714 0.333459 0.490644 0.142102 0.359673 0.441095 0.520399 0.344625 0.185525 0.482516 0.428047 0.503911 0.512667 0.347535 0.000000 0.487808 0.425133 0.483810 0.380554 0.206477 0.150623 0.368181 0.353110 0.342775 0.380424 0.133203 0.326349 0.414009 0.447456 0.247215 0.287999 0.435912 0.440804 0.316927 0.317822 0.263530 0.261842 0.279036 0.318853 0.245560 0.204648 0.328523 0.411532 0.384614 0.383569 0.365185 0.336198 0.406682 0.265676 0.330222 0.264056 0.291230 0.126222 0.432347 0.320482 0.502546 0.432925 0.424491 0.332228 0.479620 0.281769 0.482681 0.486603 0.443306 0.362975 0.459201 0.455824 0.487056 0.472195 0.356288 0.336892 0.272563 0.266549 0.166383 0.260124 0.343864 0.350301 0.465229 0.463151 0.502667 0.545926 0.365331 0.479695 0.549522 0.313919 0.212188 0.330659 0.447438 0.259760 0.184056 0.330649 0.326298 0.213467 0.238436 0.372095 0.418205 0.383963 0.412036 0.413529 0.313553 0.297584 0.249613 0.350996 0.229907 0.340441 0.059253 0.093957 0.258568 0.307465 0.436180 0.393807 0.124460 0.408952 0.275805 0.360709
0.549737 0.579197 0.442153 0.555435 0.277603 0.152718 0.521209 0.498543 0.356279 -0.021037 0.551630 0.555004 0.559162 0.507210 0.437404 0.487808 0.000000 0.510805 0.586217 0.526276 0.283617 0.325871 0.497646 0.483195 0.435955 0.436911 0.255660 0.285587 0.550483 0.555503 0.397118 0.456100 0.558423 0.557289 0.406745 0.388675 0.342608 0.317947 0.326315 0.362095 0.384410 0.338392 0.336633 0.446402 0.442830 0.447233 0.393932 0.358711 0.423881 0.243599 0.334828 0.268275 0.287170 0.079869 0.504792 0.286241 0.586916 0.452352 0.434623 0.290033 0.554610 0.205746 0.608957 0.558955 0.511413 0.295470 0.519315 0.483245 0.568204 0.519530 0.471710 0.441628 0.359316 0.408486 0.219176 0.278788 0.442827 0.435768 0.493292 0.508148 0.592678 0.553368 0.438387 0.515358 0.534946 0.258063 0.274609 0.356115 0.450737 0.202453 0.148511 0.279787 0.434585 0.152936 0.363293 0.440315 0.537237 0.488776 0.438354 0.448577 0.419618 0.439688 0.368916 0.458971 0.373760 0.434462 0.244684 0.210835 0.255698 0.496842 0.517932 0.347180 0.085195 0.418752 0.230137 0.397919
0.470426 0.506221 0.441579 0.386672 0.265148 0.372587 0.502409 0.447929 0.413294 0.141840 0.341205 0.376832 0.406429 0.323270 0.360323 0.425133 0.510805 0.000000 0.488925 0.468436 0.274073 0.319115 0.466075 0.396600 0.393967 0.373019 0.270264 0.328705 0.430881 0.454487 0.349691 0.327117 0.445954 0.441790 0.283021 0.197170 0.296977 0.287167 0.268193 0.212407 0.276991 0.255230 0.115484 0.215559 0.228322 0.234839 0.189004 0.133507 0.203868 0.020366 0.084724 0.035063 0.049317 -0.137108 0.323370 0.041405 0.489180 0.282819 0.263252 0.149202 0.395690 0.064345 0.466975 0.429866 0.335843 0.157733 0.330639 0.303856 0.444856 0.495876 0.369924 0.221253 0.164160 0.226045 0.175246 0.178922 0.316717 0.262349 0.329197 0.344606 0.519722 0.425300 0.435472 0.419528 0.446697 0.031693 0.342869 0.302466 0.410962 -0.043587 -0.070393 0.074211 0.316988 -0.092533 0.358723 0.341398 0.428175 0.405049 0.194000 0.202220 0.308710 0.304086 0.379044 0.353188 0.376026 0.323499 0.291795 0.285683 0.202954 0.415572 0.328021 0.192199 -0.109344 0.239336 0.013758 0.291585
0.634246 0.648293 0.553941 0.616341 0.367925 0.195145 0.608531 0.548586 0.452796 -0.061074 0.543881 0.570222 0.574965 0.500886 0.497009 0.483810 0.586217 0.488925 0.000000 0.624819 0.355046 0.382693 0.604047 0.581170 0.486790 0.487782 0.350659 0.363149 0.556209 0.511076 0.503225 0.544851 0.641551 0.629332 0.442699 0.380120 0.452421 0.457406 0.431857 0.458277 0.435928 0.380178 0.262369 0.428419 0.394735 0.392879 0.367638 0.300547 0.394114 0.172919 0.289117 0.204611 0.237614 -0.004245 0.554537 0.270123 0.614521 0.445140 0.416018 0.248396 0.591714 0.144359 0.615189 0.547494 0.522384 0.249396 0.512739 0.469412 0.605983 0.577122 0.576078 0.513893 0.396892 0.439457 0.254884 0.294733 0.498266 0.501633 0.413033 0.414104 0.597772 0.561125 0.542907 0.581983 0.585394 0.199328 0.383280 0.459668 0.512455 0.155471 0.096115 0.259318 0.512248 0.095267 0.440049 0.373215 0.593127 0.568538 0.465013 0.487197 0.508333 0.523566 0.478054 0.549716 0.462847 0.532561 0.305429 0.315265 0.301422 0.530888 0.521409 0.362366 0.024611 0.425402 0.182557 0.473138
0.649966 0.585416 0.627274 0.517943 0.521967 0.153699 0.615067 0.422659 0.533112 -0.206561 0.423293 0.496672 0.500654 0.349804 0.595440 0.380554 0.526276 0.468436 0.624819 0.000000 0.470337 0.521493 0.649775 0.635112 0.552017 0.521458 0.496349 0.429246 0.601994 0.528753 0.607234 0.616464 0.594967 0.587591 0.464516 0.338763 0.553846 0.537978 0.526492 0.495021 0.487100 0.468967 0.087019 0.295290 0.244919 0.250159 0.219947 0.129603 0.240149 -0.011860 0.126315 0.026404 0.058416 -0.197330 0.515149 0.106476 0.509967 0.257536 0.235672 0.031950 0.484638 -0.067868 0.552343 0.416386 0.463729 0.057608 0.371912 0.315041 0.483957 0.499284 0.615739 0.513564 0.378392 0.439316 0.364182 0.322595 0.524427 0.510450 0.334995 0.259134 0.544844 0.451170 0.594582 0.535595 0.519056 -0.003646 0.517683 0.523239 0.502344 -0.041785 -0.087864 0.059826 0.499218 -0.105791 0.551390 0.361586 0.596581 0.603289 0.340666 0.373619 0.543947 0.571702 0.588139 0.582544 0.563779 0.564292 0.445960 0.475779 0.337520 0.563863 0.420058 0.183253 -0.165671 0.307717 0.002536 0.455713
0.467396 0.283207 0.523224 0.251852 0.578813 0.104903 0.439071 0.139385 0.536406 -0.326239 0.144282 0.273697 0.277364 0.069694 0.527218 0.206477 0.283617 0.274073 0.355046 0.470337 0.000000 0.535655 0.499351 0.497650 0.508708 0.407715 0.518073 0.481459 0.483369 0.383494 0.561575 0.518125 0.320543 0.305592 0.387434 0.263430 0.545962 0.531667 0.541713 0.484011 0.393697 0.467532 -0.157089 0.055924 -0.024210 -0.008351 -0.001952 -0.090716 -0.014147 -0.239978 -0.119466 -0.210312 -0.190952 -0.397127 0.335412 -0.079618 0.205679 -0.083838 -0.089703 -0.268885 0.179317 -0.330878 0.299659 0.118868 0.249216 -0.167921 0.098160 0.032250 0.148689 0.168362 0.497221 0.380401 0.252499 0.290358 0.512798 0.411864 0.454673 0.452926 0.065903 -0.026891 0.280808 0.153390 0.452281 0.356955 0.251808 -0.266123 0.587522 0.560677 0.405468 -0.239142 -0.333007 -0.195697 0.319282 -0.318810 0.534508 0.221602 0.411078 0.512168 0.093060 0.149838 0.433756 0.494956 0.571621 0.500259 0.552480 0.488657 0.492190 0.538147 0.260626 0.446590 0.180933 -0.143811 -0.385439 0.084061 -0.263989 0.252746
0.485404 0.335169 0.540100 0.243607 0.592082 0.052419 0.454924 0.128268 0.498927 -0.319411 0.153208 0.277626 0.287257 0.060627 0.561110 0.150623 0.325871 0.319115 0.382693 0.521493 0.535655 0.000000 0.534676 0.517635 0.521444 0.438163 0.542370 0.418634 0.492395 0.430843 0.574057 0.552651 0.365459 0.332352 0.383354 0.216296 0.514016 0.506508 0.471638 0.450109 0.465319 0.536328 -0.156114 0.043968 -0.038724 -0.016167 -0.017006 -0.103483 -0.045851 -0.262890 -0.127664 -0.216560 -0.198708 -0.398642 0.329445 -0.133106 0.214788 -0.071658 -0.080534 -0.260948 0.205436 -0.339439 0.321500 0.125336 0.269869 -0.195953 0.095996 0.013234 0.167697 0.226577 0.487980 0.364273 0.230136 0.296902 0.477905 0.344277 0.421327 0.375812 0.136146 -0.007342 0.318412 0.163537 0.524149 0.357452 0.268597 -0.283629 0.559551 0.501259 0.378981 -0.270923 -0.316552 -0.196610 0.382749 -0.334302 0.533463 0.260243 0.435633 0.464712 0.060009 0.128737 0.474558 0.515732 0.577613 0.462335 0.538474 0.454112 0.556952 0.572527 0.174929 0.522001 0.164195 -0.126353 -0.359434 0.049155 -0.241115 0.250785
0.633392 0.552603 0.649587 0.504147 0.544222 0.178218 0.625205 0.422150 0.543549 -0.209191 0.383532 0.463844 0.465048 0.314366 0.599143 0.368181 0.497646 0.466075 0.604047 0.649775 0.499351 0.534676 0.000000 0.651795 0.590912 0.538158 0.508202 0.421275 0.591649 0.524777 0.623742 0.620349 0.575020 0.564915 0.476138 0.325645 0.560243 0.547074 0.542140 0.474795 0.447855 0.455442 0.020665 0.235672 0.177814 0.185533 0.164097 0.076385 0.177007 -0.082191 0.062152 -0.039055 -0.001999 -0.251972 0.480196 0.042891 0.472804 0.205794 0.174681 -0.024365 0.444755 -0.114630 0.509086 0.374014 0.447149 0.045240 0.341653 0.282004 0.442178 0.468493 0.616305 0.487516 0.359854 0.416861 0.367741 0.303137 0.506263 0.493048 0.308305 0.215704 0.519150 0.406022 0.597854 0.516532 0.488589 -0.065049 0.543550 0.536154 0.488221 -0.092736 -0.143058 0.013602 0.480841 -0.159488 0.566934 0.372784 0.581744 0.606802 0.290890 0.329442 0.530305 0.568900 0.602730 0.581777 0.575097 0.562718 0.464836 0.509511 0.341097 0.548194 0.374323 0.133335 -0.224602 0.270592 -0.061176 0.446937
0.621589 0.532157 0.628417 0.516010 0.545872 0.101160 0.602025 0.397528 0.513380 -0.277167 0.407039 0.462201 0.487450 0.337494 0.609932 0.353110 0.483195 0.396600 0.581170 0.635112 0.497650 0.517635 0.651795 0.000000 0.575869 0.545256 0.490245 0.387179 0.596993 0.512109 0.618910 0.641276 0.560090 0.565345 0.503285 0.372899 0.571401 0.545540 0.547097 0.497387 0.456848 0.467498 0.063138 0.276495 0.213958 0.223342 0.207675 0.122270 0.215233 -0.034376 0.116298 0.011627 0.052872 -0.195271 0.513463 0.096602 0.458757 0.208735 0.185515 -0.020916 0.448476 -0.095391 0.510561 0.367979 0.486821 0.079928 0.360062 0.300596 0.431520 0.432103 0.625551 0.544197 0.426840 0.475440 0.360106 0.290651 0.533557 0.526631 0.305871 0.223808 0.493776 0.422023 0.559169 0.494084 0.503046 -0.017698 0.514822 0.529211 0.489197 -0.038335 -0.090305 0.047877 0.486309 -0.108183 0.559499 0.366995 0.588634 0.608693 0.342944 0.378347 0.540472 0.575579 0.591086 0.590973 0.565264 0.583154 0.436071 0.477984 0.353481 0.544086 0.401655 0.148826 -0.177627 0.302836 -0.014119 0.448083
0.547372 0.439038 0.555166 0.383001 0.551361 0.198728 0.521927 0.278441 0.558578 -0.207145 0.289209 0.374688 0.390294 0.217002 0.589409 0.342775 0.435955 0.393967 0.486790 0.552017 0.508708 0.521444 0.590912 0.575869 0.000000 0.585532 0.483716 0.427666 0.550839 0.513838 0.579579 0.564074 0.444170 0.439300 0.448202 0.319893 0.504259 0.474066 0.501806 0.433275 0.386880 0.468842 0.009742 0.192492 0.110356 0.115499 0.126798 0.061335 0.126523 -0.107665 0.034258 -0.063461 -0.027716 -0.257805 0.442173 -0.006759 0.341191 0.100963 0.089658 -0.095207 0.346822 -0.174900 0.417018 0.262474 0.416500 0.002996 0.269570 0.200059 0.320880 0.335554 0.561537 0.455737 0.342694 0.383341 0.373417 0.294894 0.470061 0.444127 0.278471 0.166578 0.427487 0.317705 0.504963 0.435067 0.401491 -0.105545 0.509703 0.498603 0.494777 -0.102949 -0.163601 -0.024689 0.419023 -0.165508 0.508858 0.370648 0.521566 0.553824 0.237443 0.266049 0.482358 0.538203 0.570616 0.533675 0.530252 0.497801 0.440611 0.462857 0.307699 0.526689 0.331846 0.066243 -0.241780 0.251653 -0.080994 0.370043
0.523300 0.471532 0.509227 0.442160 0.451902 0.244315 0.516216 0.350027 0.501163 -0.106920 0.368528 0.417255 0.442886 0.319484 0.528514 0.380424 0.436911 0.373019 0.487782 0.521458 0.407715 0.438163 0.538158 0.545256 0.585532 0.000000 0.450364 0.419846 0.513093 0.475051 0.532754 0.529666 0.487619 0.494303 0.454717 0.365734 0.478994 0.400529 0.434558 0.384330 0.432784 0.402766 0.132058 0.290723 0.255366 0.260665 0.253256 0.194444 0.247991 0.036717 0.157880 0.066506 0.092861 -0.115596 0.467151 0.132448 0.395240 0.216937 0.211410 0.036421 0.415006 -0.037806 0.460939 0.334666 0.463232 0.116020 0.357549 0.296409 0.375608 0.369915 0.564392 0.510508 0.396208 0.422978 0.305826 0.272236 0.476009 0.459085 0.342695 0.268671 0.454221 0.423960 0.427710 0.421155 0.454173 0.042324 0.401049 0.423236 0.468150 0.027037 -0.023306 0.117885 0.448148 -0.028109 0.451497 0.358833 0.499965 0.498334 0.332026 0.371240 0.486230 0.485716 0.476938 0.495199 0.427640 0.448358 0.315726 0.348901 0.316875 0.490948 0.404232 0.156781 -0.104193 0.281700 0.062680 0.367819
0.468052 0.275808 0.535595 0.212923 0.618702 0.086570 0.424596 0.099590 0.538698 -0.373468 0.083721 0.259367 0.214120 0.018554 0.545438 0.133203 0.255660 0.270264 0.350659 0.496349 0.518073 0.542370 0.508202 0.490245 0.483716 0.450364 0.000000 0.511037 0.485812 0.406242 0.605264 0.534541 0.340063 0.331173 0.357995 0.198338 0.529610 0.449200 0.528303 0.398937 0.408515 0.397898 -0.208487 0.014599 -0.069517 -0.051202 -0.055443 -0.149862 -0.058078 -0.284489 -0.161354 -0.245859 -0.247023 -0.438260 0.331383 -0.128235 0.158235 -0.128001 -0.122193 -0.316836 0.157884 -0.394630 0.287749 0.072081 0.201022 -0.283748 0.040299 -0.043661 0.119297 0.140556 0.516002 0.393559 0.232268 0.305552 0.474826 0.330375 0.408721 0.384800 0.125405 -0.017786 0.312396 0.132359 0.465211 0.322138 0.226320 -0.313781 0.576134 0.487860 0.320065 -0.297030 -0.374658 -0.255303 0.296650 -0.379066 0.565094 0.252796 0.404848 0.481799 0.072042 0.109803 0.428834 0.481988 0.577531 0.491117 0.525124 0.427414 0.520405 0.577354 0.291327 0.399409 0.116676 -0.125520 -0.437471 0.033328 -0.268496 0.292360
0.442963 0.326167 0.447098 0.272025 0.479847 0.255547 0.415394 0.177513 0.567579 -0.152518 0.151385 0.264341 0.279880 0.112411 0.458733 0.326349 0.285587 0.328705 0.363149 0.429246 0.481459 0.418634 0.421275 0.387179 0.427666 0.419846 0.511037 0.000000 0.452970 0.393187 0.485951 0.420119 0.346118 0.319989 0.343237 0.249084 0.416248 0.386621 0.467835 0.436581 0.357016 0.325511 -0.018203 0.160254 0.056001 0.064813 0.079767 0.014553 0.096898 -0.097875 -0.011314 -0.083607 -0.104291 -0.288189 0.377073 0.057762 0.246087 0.022704 0.044882 -0.112192 0.231520 -0.207802 0.336558 0.159872 0.262811 -0.096844 0.162516 0.097928 0.204863 0.206278 0.448495 0.363067 0.173129 0.240777 0.470539 0.467559 0.399701 0.390729 0.219651 0.127041 0.395774 0.240865 0.453366 0.424113 0.288834 -0.143573 0.517818 0.508580 0.415521 -0.122404 -0.235876 -0.080370 0.301175 -0.205825 0.446797 0.282622 0.385441 0.444371 0.168958 0.195809 0.406674 0.438852 0.478689 0.436420 0.435105 0.388151 0.381164 0.413320 0.191653 0.364254 0.197252 0.040024 -0.281221 0.135463 -0.096958 0.264888
0.606038 0.514183 0.578567 0.478912 0.528279 0.098934 0.567847 0.345844 0.529952 -0.256484 0.397163 0.440655 0.499100 0.313853 0.626395 0.414009 0.550483 0.430881 0.556209 0.601994 0.483369 0.492395 0.591649 0.596993 0.550839 0.513093 0.485812 0.452970 0.000000 0.590935 0.576985 0.589341 0.514917 0.523385 0.492754 0.384182 0.551004 0.487129 0.548754 0.489023 0.460128 0.452433 0.116356 0.321214 0.236137 0.251241 0.227904 0.152692 0.251453 0.016015 0.162421 0.058674 0.083038 -0.162611 0.531075 0.138862 0.447109 0.203000 0.209949 0.003099 0.442502 -0.086665 0.537909 0.370838 0.492984 0.057783 0.362396 0.293511 0.412478 0.394570 0.575160 0.517938 0.419261 0.440313 0.395487 0.380191 0.548096 0.534452 0.413288 0.287424 0.532361 0.426357 0.562565 0.511917 0.486869 0.001491 0.502701 0.517128 0.478675 -0.006395 -0.089779 0.051254 0.452845 -0.089416 0.564049 0.460094 0.591226 0.607710 0.363557 0.382961 0.515873 0.576493 0.566737 0.588414 0.526993 0.553262 0.416961 0.451802 0.342297 0.516134 0.388338 0.165837 -0.170117 0.325261 0.032340 0.439081
0.525552 0.458451 0.484581 0.437596 0.429340 0.105429 0.476223 0.345977 0.431836 -0.201885 0.370748 0.441868 0.424931 0.350480 0.545541 0.447456 0.555503 0.454487 0.511076 0.528753 0.383494 0.430843 0.524777 0.512109 0.513838 0.475051 0.406242 0.393187 0.590935 0.000000 0.490989 0.502357 0.450694 0.440867 0.321287 0.237371 0.406290 0.358069 0.429477 0.368965 0.340024 0.372066 0.114146 0.258463 0.229328 0.227340 0.181868 0.152357 0.216381 0.013856 0.129218 0.054651 0.077079 -0.138764 0.436453 0.086544 0.415646 0.225019 0.206050 0.041157 0.394094 -0.055574 0.485957 0.365732 0.394436 0.067121 0.312869 0.264765 0.405899 0.385788 0.513648 0.411005 0.290790 0.385816 0.306746 0.267953 0.383100 0.357693 0.507070 0.356229 0.505289 0.414550 0.478636 0.437315 0.453242 0.033843 0.404978 0.420901 0.436365 -0.003032 -0.047208 0.063879 0.384174 -0.047629 0.424089 0.459057 0.501306 0.498044 0.290994 0.304916 0.409887 0.462619 0.459904 0.466118 0.413256 0.407717 0.313655 0.341023 0.377922 0.462497 0.366915 0.186979 -0.133520 0.261039 0.009367 0.369316
0.584929 0.434725 0.616178 0.389424 0.636507 0.091807 0.540485 0.250652 0.574701 -0.374117 0.248478 0.398394 0.365746 0.181920 0.618377 0.247215 0.397118 0.349691 0.503225 0.607234 0.561575 0.574057 0.623742 0.618910 0.579579 0.532754 0.605264 0.485951 0.576985 0.490989 0.000000 0.644927 0.489019 0.477572 0.462018 0.304746 0.582895 0.540699 0.574375 0.492791 0.473424 0.487485 -0.071367 0.163296 0.079340 0.094809 0.096926 -0.002537 0.094442 -0.162493 -0.014603 -0.113729 -0.095421 -0.340116 0.461586 -0.008690 0.326291 0.043219 0.032652 -0.181976 0.326458 -0.271912 0.433148 0.237161 0.358714 -0.123069 0.216809 0.136679 0.292763 0.291692 0.626955 0.513330 0.351400 0.431485 0.448685 0.344446 0.515519 0.502115 0.227082 0.111587 0.434997 0.287352 0.552256 0.453640 0.371825 -0.180674 0.587172 0.548829 0.453757 -0.174526 -0.252893 -0.106409 0.429787 -0.261046 0.602457 0.340478 0.540377 0.592867 0.228959 0.272709 0.536010 0.591138 0.636526 0.594025 0.591405 0.554248 0.523187 0.570644 0.324415 0.518849 0.286169 0.002412 -0.326520 0.185827 -0.152042 0.404690
0.602301 0.484971 0.597820 0.471464 0.585471 0.038781 0.549039 0.307458 0.523555 -0.368127 0.356716 0.461623 0.449721 0.288242 0.615153 0.287999 0.456100 0.327117 0.544851 0.616464 0.518125 0.552651 0.620349 0.641276 0.564074 0.529666 0.534541 0.420119 0.589341 0.502357 0.644927 0.000000 0.533063 0.529170 0.495511 0.375108 0.560612 0.533123 0.540604 0.530527 0.485749 0.503006 0.056016 0.279972 0.188528 0.206885 0.205687 0.119861 0.207501 -0.033676 0.118012 0.018369 0.042976 -0.205303 0.527125 0.106720 0.394952 0.157163 0.145260 -0.062543 0.412928 -0.145084 0.488612 0.322837 0.447756 0.003089 0.319892 0.249186 0.374337 0.352988 0.628540 0.575500 0.425427 0.490566 0.399189 0.333914 0.545233 0.542459 0.285605 0.202476 0.457778 0.365582 0.544446 0.487172 0.435478 -0.041907 0.514329 0.534010 0.480308 -0.037115 -0.113325 0.023950 0.488360 -0.120225 0.559665 0.356081 0.580558 0.600438 0.335915 0.376942 0.560396 0.607705 0.600816 0.602396 0.562789 0.582942 0.467321 0.496833 0.313267 0.554158 0.379356 0.112059 -0.185965 0.285393 -0.025142 0.433214
0.606259 0.624022 0.528285 0.606611 0.344058 0.203907 0.591694 0.544167 0.423997 -0.041020 0.535999 0.570159 0.555336 0.492338 0.458455 0.435912 0.558423 0.445954 0.641551 0.594967 0.320543 0.365459 0.575020 0.560090 0.444170 0.487619 0.340063 0.346118 0.514917 0.450694 0.489019 0.533063 0.000000 0.657104 0.485237 0.419825 0.425381 0.442131 0.404091 0.458819 0.458864 0.379120 0.294529 0.461173 0.435674 0.436086 0.409208 0.335552 0.435648 0.217575 0.330065 0.245274 0.272690 0.033456 0.556271 0.310541 0.604615 0.453941 0.438191 0.271482 0.600885 0.185008 0.613671 0.553385 0.523574 0.273575 0.541906 0.493156 0.588694 0.551907 0.563012 0.518927 0.412613 0.454977 0.251655 0.293936 0.510688 0.517528 0.391015 0.417224 0.597600 0.553730 0.508653 0.569885 0.569537 0.227607 0.342390 0.412728 0.495433 0.178702 0.129305 0.288759 0.505525 0.121648 0.420543 0.366091 0.582494 0.543373 0.476146 0.503298 0.510570 0.489146 0.437169 0.512862 0.437142 0.520566 0.279697 0.280225 0.262302 0.522105 0.523417 0.371020 0.066233 0.423253 0.224867 0.456269
0.601446 0.620131 0.524785 0.613582 0.332240 0.196371 0.592364 0.553206 0.406255 -0.043833 0.542313 0.564138 0.560757 0.500593 0.459520 0.440804 0.557289 0.441790 0.629332 0.587591 0.305592 0.332352 0.564915 0.565345 0.439300 0.494303 0.331173 0.319989 0.523385 0.440867 0.477572 0.529170 0.657104 0.000000 0.507479 0.456842 0.433773 0.419727 0.404645 0.431309 0.449444 0.341837 0.311509 0.475042 0.446903 0.453053 0.421979 0.351267 0.445844 0.238845 0.351831 0.263541 0.291602 0.063587 0.562129 0.325645 0.604939 0.460146 0.449203 0.278825 0.606452 0.208720 0.611498 0.561822 0.547555 0.309327 0.558130 0.516633 0.588842 0.551903 0.553688 0.529502 0.440613 0.464429 0.238875 0.278500 0.521928 0.535051 0.385509 0.428014 0.589397 0.556447 0.481624 0.543146 0.575245 0.245066 0.327629 0.393281 0.476535 0.201140 0.152702 0.298511 0.510904 0.136037 0.427356 0.360812 0.579064 0.542269 0.498703 0.514055 0.507892 0.484192 0.428940 0.519055 0.424783 0.516228 0.254675 0.269910 0.297700 0.501398 0.532196 0.378761 0.076949 0.428084 0.240250 0.462180
0.493597 0.422916 0.478940 0.436149 0.407735 0.140397 0.510769 0.329335 0.443293 -0.131129 0.379632 0.353878 0.461320 0.270079 0.463140 0.316927 0.406745 0.283021 0.442699 0.464516 0.387434 0.383354 0.476138 0.503285 0.448202 0.454717 0.357995 0.343237 0.492754 0.321287 0.462018 0.495511 0.485237 0.507479 0.000000 0.583713 0.474944 0.430860 0.441601 0.468746 0.445151 0.384679 0.193646 0.369348 0.271497 0.298459 0.324529 0.228992 0.309662 0.118520 0.242488 0.133127 0.162047 -0.044087 0.504645 0.235943 0.396458 0.207427 0.241321 0.060979 0.423562 0.036186 0.461781 0.340777 0.537295 0.200122 0.434915 0.367575 0.343096 0.315290 0.478165 0.489148 0.425492 0.409343 0.375644 0.370197 0.578261 0.574499 0.240326 0.244571 0.431243 0.362876 0.426280 0.434462 0.440770 0.075285 0.387421 0.428816 0.444327 0.079507 0.000883 0.138919 0.413139 -0.004429 0.471144 0.323098 0.509268 0.497869 0.393060 0.420521 0.488245 0.480506 0.447019 0.489369 0.455286 0.523788 0.319237 0.344184 0.184746 0.447810 0.384685 0.207200 -0.056928 0.356647 0.149044 0.322165
0.403988 0.377838 0.323396 0.446008 0.232976 0.094463 0.406706 0.334661 0.319918 -0.049190 0.436349 0.387428 0.456255 0.342467 0.309890 0.317822 0.388675 0.197170 0.380120 0.338763 0.263430 0.216296 0.325645 0.372899 0.319893 0.365734 0.198338 0.249084 0.384182 0.237371 0.304746 0.375108 0.419825 0.456842 0.583713 0.000000 0.328455 0.285327 0.299052 0.411329 0.389005 0.277561 0.373223 0.492534 0.399140 0.428251 0.469703 0.409995 0.443933 0.315803 0.407013 0.324238 0.332408 0.168670 0.510253 0.410388 0.404881 0.313210 0.370113 0.230046 0.451379 0.213181 0.451143 0.390137 0.544654 0.350811 0.506423 0.466310 0.366796 0.275562 0.372123 0.468109 0.425686 0.391105 0.302107 0.377675 0.535218 0.550955 0.228525 0.335085 0.385109 0.382181 0.272054 0.394132 0.417236 0.256951 0.211320 0.337834 0.395929 0.280434 0.181239 0.303224 0.372014 0.193641 0.310965 0.264534 0.427241 0.401588 0.481786 0.500032 0.422717 0.399148 0.294275 0.416510 0.318391 0.439158 0.160170 0.146517 0.088879 0.378454 0.446503 0.309395 0.136214 0.411977 0.302614 0.260111
0.537631 0.395806 0.582717 0.355837 0.563557 0.089887 0.519170 0.241772 0.513457 -0.297446 0.243903 0.312882 0.372858 0.159070 0.581196 0.263530 0.342608 0.296977 0.452421 0.553846 0.545962 0.514016 0.560243 0.571401 0.504259 0.478994 0.529610 0.416248 0.551004 0.406290 0.582895 0.560612 0.425381 0.433773 0.474944 0.328455 0.000000 0.608498 0.614855 0.508308 0.494258 0.465577 -0.093634 0.144741 0.066096 0.077834 0.096352 -0.027083 0.068963 -0.166762 -0.018934 -0.130847 -0.097129 -0.310776 0.423134 0.011097 0.313475 0.028246 0.025793 -0.178066 0.297761 -0.248275 0.392826 0.202727 0.361086 -0.095827 0.200000 0.127897 0.261212 0.285895 0.546686 0.452395 0.354256 0.361523 0.458559 0.348715 0.525391 0.518118 0.163938 0.042952 0.370454 0.282928 0.535157 0.415042 0.390018 -0.173160 0.570589 0.548470 0.416153 -0.164124 -0.230468 -0.090789 0.415020 -0.245909 0.595100 0.276910 0.494387 0.559466 0.224382 0.271452 0.507343 0.536582 0.591869 0.562614 0.548638 0.549522 0.457576 0.554555 0.355406 0.438793 0.245858 -0.018847 -0.309177 0.157841 -0.143559 0.370006
