0.000000,0.672341,0.603027,0.438730,0.097011,0.478664,0.667854,0.574089,0.301702,-0.112460,0.599124,0.619436,0.665086,0.559476,0.441467,-0.148063,0.593530,0.636917,0.702460,0.748402,0.149725,0.311602,0.562123,0.563292,0.368791,0.003734,0.274494,0.019343,0.461850,0.461870,0.507885,0.507651,0.649453,0.630925,0.420115,0.467553,0.055564,0.065023,0.493686,0.096605,0.256991,0.534224,0.508467,0.552501,0.713849,0.670747,0.570697,0.559574,0.590933,0.470555,0.602315,0.455943,0.564396,0.058574,0.580717,0.275760,0.797977,0.713437,0.698881,0.689307,0.640833,0.336972,0.714339,0.536527,0.634446,0.587890,0.709075,0.696014,0.714803,0.622102,0.355017,0.181693,0.172640,0.404330,0.469125,0.251586,0.321068,0.258164,0.407731,0.091721,0.581674,0.160895,0.276231,-0.046376,0.529817,0.010825,0.539132,-0.203768,0.458845,-0.110984,0.437176,0.330070,0.480861,0.366898,0.020201,0.130170,0.465948,0.047995,0.311702,0.278470,0.391310,0.142309,0.474565,-0.143962,0.393194,-0.058216,0.289440,-0.325339,-0.079988,0.412436,0.320576,0.313486,0.207829,0.266724,0.157212,0.029178
0.672341,0.000000,0.656133,0.289518,-0.121080,0.562449,0.615053,0.723388,0.030610,-0.279154,0.451841,0.673242,0.441048,0.682437,0.301413,-0.385808,0.354857,0.737392,0.623248,0.779260,0.119846,0.406865,0.463442,0.618616,0.137696,-0.209240,0.264124,-0.097624,0.303450,0.649659,0.463720,0.563991,0.559466,0.651398,0.284619,0.344464,-0.097602,-0.085855,0.526573,-0.112968,-0.002030,0.639243,0.416296,0.451033,0.638095,0.597840,0.440400,0.399439,0.621162,0.423754,0.614518,0.295315,0.689100,-0.286153,0.700663,-0.013527,0.713563,0.810991,0.669669,0.661189,0.697348,0.289002,0.682245,0.663433,0.555122,0.660675,0.580240,0.576484,0.537528,0.429215,0.453665,0.190472,-0.044270,0.515526,0.508725,0.037990,0.367022,0.157767,0.544847,-0.145413,0.696329,-0.071825,0.164475,-0.132775,0.688142,-0.294657,0.604893,-0.440502,0.661913,-0.385367,0.515031,0.209102,0.505946,0.337084,-0.062322,0.063856,0.519049,-0.205953,0.237419,0.208465,0.446309,-0.029918,0.578835,-0.384968,0.498024,-0.249439,0.453881,-0.564107,-0.017916,0.284536,0.191514,0.404442,0.157807,0.115450,0.040081,-0.039379
0.603027,0.656133,0.000000,0.345872,-0.003677,0.551920,0.773510,0.693703,0.133908,-0.366036,0.511741,0.663255,0.578259,0.685515,0.355580,-0.444224,0.248216,0.609131,0.573797,0.696437,0.221910,0.470526,0.690954,0.767004,0.311105,-0.186428,0.281566,-0.152036,0.214254,0.697658,0.615671,0.712640,0.547506,0.616598,0.508942,0.424253,-0.112049,-0.109820,0.573390,-0.190074,0.010489,0.690672,0.423311,0.449246,0.562780,0.471798,0.439465,0.359440,0.628362,0.426210,0.644125,0.211423,0.708017,-0.313630,0.721638,-0.112347,0.556663,0.648941,0.721618,0.528516,0.772347,0.262264,0.638417,0.569462,0.708473,0.648459,0.598453,0.529666,0.352353,0.215466,0.626412,0.399309,0.208623,0.683174,0.649064,0.189223,0.532902,0.323499,0.565566,-0.164365,0.703733,-0.201478,0.265778,-0.069437,0.716071,-0.392402,0.646957,-0.481093,0.704398,-0.467403,0.624705,0.280562,0.646610,0.406140,0.007334,0.139533,0.555052,-0.241372,0.272271,0.222681,0.479846,-0.111752,0.584104,-0.434731,0.595059,-0.221167,0.558550,-0.583746,0.078212,0.300721,0.247842,0.445953,0.167664,0.149173,0.126473,-0.018831
0.438730,0.289518,0.345872,0.000000,0.281849,0.258718,0.460721,0.386240,0.506504,0.385888,0.243328,0.460022,0.524653,0.353539,0.447217,0.355464,0.489554,0.365647,0.605014,0.389946,0.145918,0.174838,0.525934,0.373768,0.580414,0.413656,0.121081,0.150126,0.549277,0.115767,0.510996,0.437420,0.572622,0.450768,0.390988,0.428038,0.456682,0.464923,0.386918,0.538164,0.469291,0.280331,0.322456,0.369862,0.417049,0.453270,0.405501,0.438680,0.262189,0.383220,0.199507,0.441984,0.088295,0.339601,0.125806,0.558861,0.367665,0.331841,0.325936,0.435409,0.228988,0.631638,0.365457,0.435899,0.346179,0.388950,0.464402,0.526086,0.476996,0.493525,0.333320,0.437390,0.481622,0.174127,0.162623,0.358848,0.258570,0.402961,0.069491,0.483288,0.139625,0.515394,0.282012,0.253560,0.047055,0.409706,0.097127,0.333816,-0.000771,0.359430,0.247891,0.350944,0.194051,0.176830,0.165955,0.225535,0.330320,0.498625,0.501063,0.577332,0.242422,0.246185,0.247873,0.380777,0.181942,0.343277,-0.069407,0.175601,0.135630,0.491456,0.551271,0.331456,0.482590,0.518863,0.314317,0.214337
0.097011,-0.121080,-0.003677,0.281849,0.000000,0.010686,0.055249,-0.041792,0.503425,0.188047,0.066056,0.049879,0.162380,-0.044730,0.196070,0.244636,0.255061,-0.018188,0.085086,-0.029203,0.201955,-0.084195,0.166188,0.016147,0.426913,0.363910,-0.004073,0.192839,0.301945,-0.020330,0.326374,0.176023,0.181804,0.087159,0.213189,0.207951,0.151310,0.281409,0.047082,0.374448,0.200705,-0.088232,0.135018,0.145954,0.089113,0.120413,0.121595,0.163016,0.018483,0.137016,-0.005698,0.208112,-0.112568,0.266294,-0.065857,0.300670,-0.001484,-0.051980,0.033860,0.078008,-0.034055,0.215444,0.069527,0.049658,0.097649,0.067049,0.127438,0.168900,0.071041,0.104432,0.152935,0.182175,0.335126,0.010140,0.169950,0.398542,0.098845,0.245067,0.021246,0.289988,-0.072751,0.320733,0.161941,0.050992,-0.122464,0.314897,0.077219,0.299044,-0.144193,0.307109,0.090247,0.161622,0.082202,0.063003,0.099633,0.185064,0.119234,0.426775,0.323926,0.299360,0.096528,0.178724,0.093379,0.307350,0.018692,0.276406,-0.055882,0.212361,0.320177,0.251117,0.288786,0.115552,0.256124,0.345273,0.321533,0.336231
0.478664,0.562449,0.551920,0.258718,0.010686,0.000000,0.554957,0.624019,0.115061,-0.121069,0.421703,0.592843,0.420636,0.601829,0.315236,-0.270173,0.238369,0.556047,0.472503,0.579484,0.009805,0.453435,0.466702,0.569303,0.255238,0.009330,0.418028,0.083129,0.229681,0.574467,0.515645,0.563738,0.475487,0.578176,0.279427,0.292659,-0.130245,-0.149319,0.392984,-0.099958,-0.060399,0.536646,0.389348,0.402135,0.495119,0.436493,0.363567,0.280242,0.566555,0.411736,0.549407,0.273198,0.561867,-0.240571,0.564787,-0.031785,0.472989,0.552529,0.555863,0.504643,0.581019,0.310299,0.545897,0.564760,0.525797,0.585791,0.454535,0.448550,0.308139,0.236192,0.466349,0.266248,0.082955,0.527352,0.571710,0.185741,0.434769,0.290320,0.443028,-0.138288,0.611628,-0.071835,0.102577,-0.165892,0.574701,-0.248333,0.530407,-0.361713,0.549424,-0.334226,0.527189,0.175102,0.506282,0.277376,-0.204690,-0.044533,0.458896,-0.105275,0.277808,0.245570,0.454137,-0.034939,0.545557,-0.303952,0.578627,-0.126997,0.444683,-0.441521,0.041490,0.357162,0.232486,0.423107,0.175664,0.182352,0.044998,-0.036033
0.667854,0.615053,0.773510,0.460721,0.055249,0.554957,0.000000,0.689946,0.297516,-0.255701,0.592477,0.673639,0.692637,0.657914,0.437206,-0.302138,0.398726,0.614679,0.649456,0.705628,0.175207,0.429362,0.731564,0.734009,0.378604,-0.110711,0.272392,-0.111259,0.328156,0.610226,0.636270,0.677310,0.619711,0.646292,0.522709,0.467778,-0.031722,-0.038722,0.526147,-0.083770,0.108538,0.635467,0.499479,0.521604,0.612685,0.533795,0.526744,0.461461,0.638077,0.495224,0.642446,0.338736,0.645152,-0.125406,0.650344,0.049229,0.602765,0.620669,0.731074,0.586226,0.730422,0.339536,0.673191,0.573022,0.720224,0.635342,0.652220,0.577976,0.452249,0.337252,0.592772,0.416394,0.299290,0.627456,0.614790,0.277132,0.524456,0.396541,0.517940,-0.037430,0.652500,-0.050030,0.304356,-0.032164,0.633621,-0.217645,0.603790,-0.359115,0.598318,-0.308228,0.619799,0.392247,0.640216,0.448671,0.005497,0.133469,0.530946,-0.103122,0.365845,0.304309,0.497935,0.030466,0.560651,-0.287588,0.560873,-0.112886,0.464637,-0.461485,0.024272,0.358857,0.335415,0.466948,0.255632,0.250129,0.159062,0.016534
0.574089,0.723388,0.693703,0.386240,-0.041792,0.624019,0.689946,0.000000,0.072429,-0.260520,0.454887,0.771143,0.479874,0.787735,0.328547,-0.361897,0.306577,0.707759,0.598958,0.709054,0.162373,0.487118,0.551549,0.725083,0.206048,-0.134838,0.240237,-0.122606,0.294720,0.687699,0.589049,0.689717,0.601158,0.711293,0.370325,0.434061,-0.074187,-0.073408,0.559765,-0.122086,0.002100,0.705020,0.516470,0.511604,0.608054,0.538139,0.527976,0.453623,0.700752,0.548742,0.694163,0.392995,0.713680,-0.232593,0.726337,-0.000249,0.560482,0.701386,0.700141,0.682787,0.713232,0.441306,0.673164,0.736925,0.610783,0.727198,0.591919,0.563648,0.386072,0.269224,0.617346,0.400593,0.179109,0.668379,0.602962,0.148208,0.517958,0.337875,0.594121,-0.100849,0.719752,-0.059644,0.255090,-0.039963,0.704550,-0.275887,0.626468,-0.422380,0.684218,-0.365568,0.696115,0.355820,0.651327,0.429463,-0.020224,0.086838,0.576171,-0.165298,0.421564,0.353734,0.566308,0.022060,0.645625,-0.339072,0.590808,-0.211419,0.503055,-0.547911,0.041678,0.304460,0.344762,0.595269,0.312346,0.260488,0.177638,-0.007963
0.301702,0.030610,0.133908,0.506504,0.503425,0.115061,0.297516,0.072429,0.000000,0.313644,0.187680,0.121918,0.434721,0.018167,0.404848,0.313748,0.382544,0.087164,0.289099,0.155420,0.094383,-0.039615,0.351498,0.074630,0.464928,0.301212,0.100814,0.181577,0.347637,-0.059825,0.300705,0.169249,0.285808,0.152133,0.238117,0.184727,0.212205,0.305960,0.054610,0.379686,0.304162,-0.028829,0.106771,0.138111,0.191066,0.211481,0.148564,0.195327,0.022086,0.118183,0.025105,0.240778,-0.076171,0.357173,-0.055656,0.378054,0.220170,0.099706,0.120744,0.191426,0.063963,0.274274,0.172649,0.094346,0.188593,0.109716,0.219339,0.241201,0.317184,0.335793,0.148551,0.200976,0.343403,-0.012703,0.103422,0.373002,0.040558,0.218454,-0.060576,0.301910,-0.057659,0.379545,0.177228,0.090875,-0.096097,0.393749,0.024260,0.299658,-0.151824,0.342989,0.052971,0.193162,0.091178,0.072638,0.059032,0.142304,0.092573,0.406991,0.276126,0.275723,0.050908,0.200814,0.046880,0.316546,0.003208,0.331305,-0.104038,0.225128,0.196041,0.329954,0.271219,0.051826,0.201725,0.276329,0.169539,0.290861
-0.112460,-0.279154,-0.366036,0.385888,0.188047,-0.121069,-0.255701,-0.260520,0.313644,0.000000,-0.210681,-0.120456,0.022523,-0.204561,0.262224,0.767356,0.177065,-0.158947,0.028314,-0.231430,-0.013420,-0.170708,-0.117366,-0.294363,0.357823,0.674932,0.096694,0.441060,0.261371,-0.479959,-0.065741,-0.210903,0.010124,-0.140128,-0.042243,-0.006820,0.548373,0.519674,-0.066864,0.630184,0.453756,-0.280942,-0.065945,-0.040332,-0.088533,0.000085,-0.010386,0.078050,-0.306885,-0.050252,-0.357988,0.176937,-0.500881,0.545415,-0.469864,0.581401,-0.118525,-0.231880,-0.316536,-0.091199,-0.449193,0.306181,-0.230322,-0.097338,-0.293084,-0.249330,-0.078818,-0.006538,0.163199,0.280572,-0.279232,0.072745,0.235141,-0.413294,-0.357073,0.192150,-0.202219,0.073871,-0.432861,0.577914,-0.440084,0.641281,0.074637,0.244625,-0.527660,0.681092,-0.424847,0.702442,-0.559489,0.688511,-0.330610,0.007728,-0.426818,-0.268615,0.116135,0.027900,-0.199466,0.639126,0.134080,0.309963,-0.209886,0.234434,-0.295936,0.657562,-0.342166,0.410411,-0.570512,0.636805,0.059080,0.245004,0.271083,-0.137242,0.195851,0.289042,0.086696,0.088518
0.599124,0.451841,0.511741,0.243328,0.066056,0.421703,0.592477,0.454887,0.187680,-0.210681,0.000000,0.514022,0.638773,0.436791,0.339469,-0.230057,0.489015,0.499356,0.531373,0.568861,0.048812,0.282713,0.522269,0.516565,0.224252,-0.101153,0.240521,0.051515,0.368299,0.459411,0.485367,0.472942,0.475651,0.509926,0.361666,0.310032,-0.023619,-0.053516,0.340671,-0.032023,0.103628,0.459954,0.392570,0.418426,0.496789,0.460134,0.384347,0.341740,0.485631,0.355879,0.489708,0.297807,0.475867,-0.036345,0.474320,0.076992,0.533361,0.469652,0.535124,0.451756,0.536204,0.208710,0.625684,0.400029,0.559578,0.444784,0.491396,0.450709,0.395010,0.303239,0.341462,0.209364,0.168068,0.438195,0.493516,0.328166,0.342645,0.248074,0.390694,-0.019335,0.531819,0.010984,0.158470,-0.161737,0.486860,-0.112375,0.561478,-0.261148,0.435056,-0.196275,0.446808,0.349480,0.477431,0.431642,-0.109927,0.073221,0.428064,0.013026,0.292494,0.251758,0.483756,0.212559,0.493031,-0.183888,0.488546,-0.038453,0.295558,-0.321663,-0.094045,0.398035,0.273256,0.330057,0.207840,0.225657,0.119129,0.011285
0.619436,0.673242,0.663255,0.460022,0.049879,0.592843,0.673639,0.771143,0.121918,-0.120456,0.514022,0.000000,0.586538,0.793309,0.412316,-0.217432,0.415381,0.708254,0.638001,0.686808,0.197160,0.483482,0.580259,0.712491,0.331048,0.023965,0.259449,0.019050,0.413553,0.630129,0.637533,0.686808,0.651498,0.712143,0.441909,0.502662,0.067846,0.060205,0.607993,0.045484,0.171676,0.696091,0.543046,0.555778,0.626843,0.562605,0.568986,0.516490,0.671332,0.559399,0.673066,0.472101,0.650207,-0.092496,0.677419,0.162997,0.573160,0.672541,0.699341,0.688466,0.675115,0.479642,0.690434,0.736724,0.655832,0.726448,0.660828,0.654401,0.457208,0.352899,0.600422,0.451942,0.299465,0.641133,0.598283,0.270140,0.552566,0.434664,0.553008,0.049030,0.683439,0.093915,0.297377,-0.003814,0.635823,-0.126522,0.598621,-0.274208,0.596577,-0.224813,0.678354,0.418371,0.629511,0.452238,0.004899,0.098668,0.579282,-0.002718,0.491722,0.463609,0.580104,0.123169,0.656480,-0.196418,0.599314,-0.103357,0.434224,-0.424723,0.038776,0.430589,0.464919,0.594682,0.384031,0.390011,0.277344,0.046397
0.665086,0.441048,0.578259,0.524653,0.162380,0.420636,0.692637,0.479874,0.434721,0.022523,0.638773,0.586538,0.000000,0.508761,0.521056,-0.003125,0.580300,0.518957,0.649620,0.583611,0.129510,0.330597,0.706543,0.581987,0.487976,0.119336,0.259848,0.108577,0.476901,0.371563,0.614729,0.550975,0.630564,0.565012,0.553286,0.468766,0.146411,0.133888,0.420411,0.177510,0.334132,0.480724,0.461162,0.502161,0.560959,0.507240,0.495594,0.488875,0.475496,0.410335,0.501617,0.426985,0.431002,0.180873,0.433723,0.321005,0.571238,0.490933,0.594398,0.514189,0.535015,0.363206,0.622212,0.445437,0.647216,0.493740,0.647475,0.590526,0.556273,0.472771,0.431563,0.400684,0.425140,0.426798,0.454326,0.444862,0.409174,0.423905,0.316572,0.214532,0.462294,0.240689,0.280664,-0.012506,0.407756,0.104504,0.455626,-0.051956,0.335648,0.012543,0.445188,0.427665,0.465800,0.372536,-0.026237,0.094065,0.417860,0.188469,0.387076,0.378668,0.380408,0.180979,0.421609,-0.009916,0.423947,0.096352,0.196633,-0.188330,-0.019444,0.498144,0.447139,0.346113,0.290779,0.381567,0.217107,0.075633
0.559476,0.682437,0.685515,0.353539,-0.044730,0.601829,0.657914,0.787735,0.018167,-0.204561,0.436791,0.793309,0.508761,0.000000,0.365279,-0.306483,0.301431,0.697335,0.566505,0.666912,0.216020,0.508524,0.543055,0.730060,0.250680,-0.063985,0.255812,-0.062295,0.303044,0.671329,0.588917,0.684288,0.587581,0.683429,0.423226,0.460227,-0.006535,-0.021126,0.611982,-0.091412,0.081191,0.721481,0.541767,0.537270,0.600955,0.515928,0.554613,0.488767,0.696144,0.558600,0.710204,0.424339,0.714784,-0.174845,0.728258,0.040261,0.532957,0.670335,0.706002,0.660256,0.699769,0.413449,0.663247,0.734616,0.632739,0.705045,0.625851,0.580864,0.383581,0.267972,0.606243,0.447528,0.252430,0.684312,0.619869,0.202704,0.574684,0.406357,0.608564,-0.038085,0.721141,-0.013303,0.306281,-0.003622,0.698236,-0.240517,0.621949,-0.379065,0.675274,-0.333585,0.704831,0.386810,0.657245,0.446846,0.019136,0.082911,0.574320,-0.139370,0.431232,0.380440,0.565576,0.043985,0.640818,-0.313203,0.599440,-0.202804,0.495800,-0.518904,0.063915,0.347962,0.394690,0.603466,0.329479,0.303589,0.237039,-0.008747
0.441467,0.301413,0.355580,0.447217,0.196070,0.315236,0.437206,0.328547,0.404848,0.262224,0.339469,0.412316,0.521056,0.365279,0.000000,0.227833,0.348585,0.396788,0.458544,0.371226,0.454434,0.327215,0.422763,0.371884,0.605180,0.374224,0.329627,0.145314,0.338263,0.163787,0.420193,0.333909,0.392346,0.318730,0.365856,0.331595,0.420008,0.386760,0.506343,0.254669,0.498962,0.409538,0.338660,0.362794,0.379748,0.327877,0.425005,0.399088,0.253620,0.261296,0.269024,0.269037,0.225744,0.143311,0.286526,0.314322,0.380927,0.295277,0.347233,0.302381,0.283632,0.308108,0.371020,0.303376,0.355973,0.255012,0.437252,0.361328,0.413882,0.380971,0.345500,0.318489,0.343464,0.286367,0.301210,0.248162,0.313207,0.309629,0.278330,0.274106,0.298384,0.281422,0.594621,0.222970,0.245266,0.145084,0.334902,0.108667,0.205870,0.100560,0.299942,0.286009,0.214040,0.171854,0.266403,0.081876,0.188252,0.180170,0.347313,0.397724,0.303833,0.098106,0.272006,0.091295,0.110670,-0.109632,-0.068742,-0.068798,0.027843,0.232419,0.374416,0.263712,0.236542,0.320597,0.171892,-0.169451
-0.148063,-0.385808,-0.444224,0.355464,0.244636,-0.270173,-0.302138,-0.361897,0.313748,0.767356,-0.230057,-0.217432,-0.003125,-0.306483,0.227833,0.000000,0.216446,-0.230971,-0.010907,-0.311645,0.059554,-0.206171,-0.146616,-0.361089,0.345217,0.650814,-0.042515,0.361668,0.273443,-0.568630,-0.101823,-0.271885,-0.015410,-0.204725,-0.024673,0.009263,0.617509,0.597239,-0.094422,0.684400,0.534972,-0.364371,-0.053598,-0.034665,-0.124944,-0.028914,0.008576,0.106175,-0.344116,-0.043595,-0.408154,0.194842,-0.582946,0.634258,-0.544226,0.630253,-0.175272,-0.332141,-0.362358,-0.151650,-0.528347,0.251447,-0.266864,-0.175559,-0.326461,-0.331714,-0.089455,-0.028728,0.137651,0.270204,-0.318404,0.052626,0.295216,-0.461648,-0.421354,0.223614,-0.219766,0.102575,-0.432955,0.654154,-0.517273,0.684714,0.151153,0.333505,-0.617985,0.744016,-0.455759,0.788340,-0.647153,0.769124,-0.362374,0.078308,-0.441167,-0.216902,0.204882,0.053933,-0.254346,0.680205,0.178534,0.319028,-0.210511,0.325429,-0.336647,0.747372,-0.413603,0.459098,-0.619157,0.711113,0.051277,0.182084,0.285097,-0.146249,0.248408,0.345758,0.157254,0.127691
0.593530,0.354857,0.248216,0.489554,0.255061,0.238369,0.398726,0.306577,0.382544,0.177065,0.489015,0.415381,0.580300,0.301431,0.348585,0.216446,0.000000,0.526023,0.613095,0.485136,-0.041828,0.024239,0.419881,0.305448,0.358031,0.197484,0.043895,0.138074,0.686123,0.204099,0.469028,0.353862,0.644549,0.559731,0.385513,0.446308,0.225769,0.233718,0.256948,0.388649,0.364266,0.226046,0.506346,0.545266,0.580666,0.607552,0.519988,0.580574,0.382133,0.451825,0.343326,0.552550,0.207361,0.418241,0.197203,0.558342,0.569859,0.423688,0.419206,0.527964,0.279993,0.431334,0.569230,0.439642,0.404638,0.341488,0.574382,0.592538,0.637483,0.649607,0.136646,0.199489,0.304451,0.112464,0.233325,0.459152,0.232570,0.361642,0.222645,0.487237,0.284533,0.543769,0.165164,0.062188,0.142769,0.405750,0.271374,0.192035,0.058038,0.318189,0.242302,0.412283,0.242273,0.302000,0.035203,0.226129,0.409992,0.430431,0.455714,0.421600,0.331969,0.415650,0.316557,0.292084,0.189678,0.312152,-0.000893,0.097522,-0.014772,0.529011,0.485485,0.301434,0.417240,0.500463,0.328188,0.246040
0.636917,0.737392,0.609131,0.365647,-0.018188,0.556047,0.614679,0.707759,0.087164,-0.158947,0.499356,0.708254,0.518957,0.697335,0.396788,-0.230971,0.526023,0.000000,0.677609,0.742041,0.115748,0.379320,0.506802,0.627901,0.230486,-0.072989,0.226076,-0.056510,0.449120,0.647633,0.585301,0.621068,0.664287,0.737113,0.399893,0.454917,0.012389,0.001420,0.543685,-0.000267,0.091680,0.624156,0.567420,0.593659,0.679598,0.644963,0.569857,0.531293,0.663394,0.548958,0.624116,0.423330,0.629062,-0.124658,0.637529,0.143639,0.661693,0.728858,0.667155,0.663602,0.638812,0.397585,0.734183,0.738293,0.570338,0.618247,0.639439,0.603460,0.532159,0.461162,0.487064,0.323278,0.148106,0.527729,0.560424,0.210831,0.501939,0.357451,0.578436,0.088338,0.683009,0.117519,0.254907,-0.002743,0.617541,-0.143016,0.613848,-0.299600,0.583466,-0.225778,0.574383,0.354078,0.516298,0.392013,0.011711,0.157290,0.597807,-0.046252,0.417720,0.381001,0.550808,0.109413,0.626740,-0.205856,0.483758,-0.120236,0.383009,-0.431321,0.010786,0.381237,0.382330,0.540243,0.346401,0.318492,0.193509,-0.010034
0.702460,0.623248,0.573797,0.605014,0.085086,0.472503,0.649456,0.598958,0.289099,0.028314,0.531373,0.638001,0.649620,0.566505,0.458544,-0.010907,0.613095,0.677609,0.000000,0.715762,0.127163,0.284243,0.622025,0.567461,0.426686,0.104128,0.165107,-0.037845,0.564904,0.462709,0.594370,0.571326,0.716023,0.674509,0.463728,0.498234,0.209881,0.195716,0.547606,0.248789,0.307381,0.521307,0.492334,0.545931,0.650779,0.639467,0.558578,0.545970,0.550074,0.496619,0.495231,0.449083,0.454765,0.087823,0.464884,0.361328,0.668691,0.650349,0.618347,0.625498,0.560425,0.527639,0.685664,0.617897,0.562900,0.552491,0.662240,0.666034,0.633408,0.579565,0.432071,0.346987,0.285883,0.396940,0.415142,0.288806,0.408901,0.379404,0.374183,0.279017,0.495906,0.273344,0.270115,0.132483,0.421668,0.082940,0.450436,-0.044895,0.370756,0.006584,0.438789,0.391724,0.431241,0.367396,0.122315,0.272268,0.558526,0.186600,0.442498,0.455656,0.437935,0.196036,0.508309,0.034935,0.387464,0.104676,0.217507,-0.192759,0.030544,0.487879,0.459314,0.420766,0.404317,0.420007,0.281592,0.071083
0.748402,0.779260,0.696437,0.389946,-0.029203,0.579484,0.705628,0.709054,0.155420,-0.231430,0.568861,0.686808,0.583611,0.666912,0.371226,-0.311645,0.485136,0.742041,0.715762,0.000000,0.130744,0.409512,0.565592,0.657139,0.263195,-0.131694,0.308063,-0.042148,0.388667,0.629116,0.552142,0.616782,0.630306,0.698034,0.363875,0.393124,-0.049725,-0.046952,0.531804,-0.040178,0.084650,0.637448,0.506336,0.547200,0.711515,0.668236,0.529667,0.485468,0.669971,0.491304,0.649527,0.367251,0.670003,-0.170364,0.683621,0.087074,0.755348,0.780391,0.726536,0.684355,0.710640,0.339342,0.734013,0.653165,0.631482,0.648919,0.653288,0.632113,0.609591,0.509325,0.456389,0.231499,0.070733,0.516004,0.546972,0.182593,0.401502,0.250166,0.521025,-0.043563,0.695504,0.005542,0.224408,-0.116845,0.658402,-0.200166,0.619153,-0.376037,0.614123,-0.307747,0.534263,0.272402,0.547221,0.366252,-0.053980,0.094718,0.532273,-0.114092,0.291873,0.254305,0.466752,0.024986,0.567196,-0.312557,0.511759,-0.170768,0.434998,-0.495178,-0.034743,0.359212,0.261640,0.396938,0.195977,0.185605,0.080980,0.003424
0.149725,0.119846,0.221910,0.145918,0.201955,0.009805,0.175207,0.162373,0.094383,-0.013420,0.048812,0.197160,0.129510,0.216020,0.454434,0.059554,-0.041828,0.115748,0.127163,0.130744,0.000000,0.364020,0.140423,0.208713,0.384624,0.212520,0.114684,-0.002639,-0.002755,0.077624,0.187685,0.205473,0.037176,0.015226,0.156911,0.118402,0.368283,0.426747,0.444961,0.116246,0.400189,0.328205,0.181747,0.170247,0.142834,0.083133,0.276300,0.229350,0.154020,0.139832,0.163404,0.068728,0.157498,-0.045901,0.254940,0.042208,0.082251,0.097689,0.190286,0.083225,0.133734,0.036822,0.105066,0.117946,0.155753,0.090236,0.185938,0.111554,0.101601,0.061026,0.293131,0.192147,0.226081,0.254437,0.178680,0.052726,0.204261,0.159971,0.278500,0.085315,0.160466,0.025067,0.640275,0.217030,0.195922,-0.057530,0.243118,0.009146,0.204118,-0.070823,0.243373,0.145812,0.185706,0.081649,0.406884,0.016475,-0.042300,-0.060651,0.147676,0.201278,0.177711,-0.075043,0.098255,-0.071823,-0.042193,-0.377426,-0.013146,-0.188330,0.153842,-0.107713,0.128739,0.139523,0.099315,0.083240,0.122845,-0.168937
0.311602,0.406865,0.470526,0.174838,-0.084195,0.453435,0.429362,0.487118,-0.039615,-0.170708,0.282713,0.483482,0.330597,0.508524,0.327215,-0.206171,0.024239,0.379320,0.284243,0.409512,0.364020,0.000000,0.367235,0.511194,0.248196,0.015693,0.428679,0.143671,0.037946,0.361626,0.399571,0.491617,0.274746,0.352208,0.260827,0.219320,0.114141,0.107268,0.410193,-0.047703,0.129728,0.559927,0.317783,0.311706,0.336406,0.284249,0.314732,0.238607,0.455743,0.316671,0.441685,0.177727,0.453662,-0.231783,0.523756,-0.075155,0.270052,0.373778,0.433852,0.336892,0.432340,0.154375,0.367986,0.393343,0.434127,0.446573,0.352512,0.292249,0.175671,0.078445,0.470880,0.303387,0.162514,0.504601,0.403123,0.156332,0.361239,0.247617,0.374085,-0.184791,0.504491,-0.099148,0.293139,-0.129957,0.499666,-0.265843,0.460676,-0.273526,0.500018,-0.315166,0.513540,0.220018,0.431466,0.282059,-0.159451,-0.336990,0.119585,-0.174810,0.249836,0.270906,0.448554,-0.049629,0.413087,-0.303569,0.497332,-0.330497,0.273604,-0.455678,-0.027724,0.138893,0.265215,0.400690,0.174391,0.123727,-0.071270,-0.190544
0.562123,0.463442,0.690954,0.525934,0.166188,0.466702,0.731564,0.551549,0.351498,-0.117366,0.522269,0.580259,0.706543,0.543055,0.422763,-0.146616,0.419881,0.506802,0.622025,0.565592,0.140423,0.367235,0.000000,0.707903,0.480865,0.018482,0.187405,-0.049021,0.394148,0.504233,0.697352,0.682729,0.635270,0.598649,0.646414,0.509867,0.060402,0.069243,0.474673,0.081051,0.190638,0.521499,0.420872,0.453787,0.504678,0.446454,0.430327,0.392312,0.504913,0.408540,0.498795,0.295913,0.486840,-0.011605,0.490136,0.143676,0.470784,0.492885,0.595155,0.450611,0.604690,0.402018,0.580423,0.486947,0.680202,0.556463,0.606149,0.546264,0.375960,0.282008,0.583596,0.499836,0.428861,0.551312,0.525922,0.379720,0.514609,0.452403,0.403038,0.111881,0.508737,0.076089,0.240395,0.004062,0.483350,-0.087685,0.506597,-0.159959,0.447013,-0.145120,0.523880,0.403196,0.534656,0.397635,-0.013516,0.167342,0.518877,0.080670,0.394211,0.368204,0.417321,0.049576,0.494669,-0.118941,0.520084,0.079106,0.350754,-0.304546,0.102315,0.459685,0.407217,0.434304,0.324149,0.352242,0.257824,0.130870
0.563292,0.618616,0.767004,0.373768,0.016147,0.569303,0.734009,0.725083,0.074630,-0.294363,0.516565,0.712491,0.581987,0.730060,0.371884,-0.361089,0.305448,0.627901,0.567461,0.657139,0.208713,0.511194,0.707903,0.000000,0.348472,-0.098324,0.268377,-0.093840,0.303597,0.675515,0.680609,0.762375,0.608985,0.683514,0.553793,0.500490,-0.049557,-0.066444,0.577795,-0.122307,0.053689,0.698111,0.511817,0.520302,0.574894,0.489188,0.504649,0.434577,0.655731,0.491891,0.673854,0.316965,0.700219,-0.209962,0.709134,-0.023894,0.514876,0.604929,0.702311,0.552913,0.724666,0.369978,0.640439,0.614014,0.713221,0.690148,0.632703,0.568003,0.335474,0.215264,0.633873,0.470282,0.301025,0.700073,0.633495,0.266521,0.589661,0.420697,0.598593,-0.068658,0.715098,-0.088763,0.280438,-0.085860,0.697595,-0.301988,0.655907,-0.406399,0.676217,-0.377949,0.681592,0.368740,0.652779,0.436264,-0.045514,0.074247,0.558448,-0.146474,0.379971,0.325546,0.536447,-0.026941,0.612513,-0.354815,0.626897,-0.188539,0.503946,-0.541793,0.046653,0.345775,0.362099,0.544714,0.275395,0.276396,0.204736,0.000309
0.368791,0.137696,0.311105,0.580414,0.426913,0.255238,0.378604,0.206048,0.464928,0.357823,0.224252,0.331048,0.487976,0.250680,0.605180,0.345217,0.358031,0.230486,0.426686,0.263195,0.384624,0.248196,0.480865,0.348472,0.000000,0.589434,0.316596,0.272099,0.435070,0.083913,0.514428,0.393814,0.427017,0.304642,0.469715,0.403754,0.457172,0.465975,0.428701,0.442823,0.502630,0.269586,0.326584,0.355122,0.347870,0.322055,0.387486,0.388119,0.192337,0.260661,0.173972,0.298704,0.081144,0.282062,0.138561,0.441677,0.275467,0.177724,0.294392,0.246692,0.186805,0.391341,0.259885,0.224398,0.352794,0.247830,0.438592,0.416230,0.383430,0.384673,0.305081,0.374686,0.477095,0.187137,0.267107,0.436835,0.291403,0.401541,0.135498,0.405608,0.161198,0.414873,0.432482,0.169338,0.076018,0.313034,0.189543,0.283741,0.030246,0.266536,0.220850,0.275700,0.173218,0.116629,0.174507,0.113741,0.190262,0.408699,0.359101,0.435185,0.207259,0.119324,0.195140,0.248994,0.125584,0.125330,-0.092058,0.112275,0.117164,0.393643,0.459023,0.200126,0.289605,0.419808,0.250545,0.065620
0.003734,-0.209240,-0.186428,0.413656,0.363910,0.009330,-0.110711,-0.134838,0.301212,0.674932,-0.101153,0.023965,0.119336,-0.063985,0.374224,0.650814,0.197484,-0.072989,0.104128,-0.131694,0.212520,0.015693,0.018482,-0.098324,0.589434,0.000000,0.172039,0.428160,0.332978,-0.305392,0.163096,0.005736,0.133630,0.000298,0.119558,0.157096,0.549842,0.539495,0.113890,0.591217,0.475684,-0.115465,0.124041,0.139095,0.044404,0.089029,0.163499,0.208673,-0.115993,0.104149,-0.159921,0.263491,-0.320282,0.476487,-0.266654,0.564680,-0.058232,-0.165760,-0.120045,0.003342,-0.271949,0.342872,-0.081717,0.001381,-0.094626,-0.093492,0.089960,0.127629,0.177888,0.262896,-0.054827,0.213786,0.389814,-0.195120,-0.098091,0.324589,0.026161,0.265459,-0.219883,0.556912,-0.241438,0.592779,0.239823,0.226050,-0.345306,0.580009,-0.214335,0.598395,-0.379165,0.575981,-0.103364,0.121800,-0.207008,-0.122266,0.148536,0.024396,-0.091133,0.609658,0.266495,0.406419,-0.026028,0.239821,-0.100051,0.553020,-0.170966,0.312561,-0.404647,0.495311,0.072527,0.274457,0.378197,0.016451,0.276499,0.399204,0.165320,0.070313
0.274494,0.264124,0.281566,0.121081,-0.004073,0.418028,0.272392,0.240237,0.100814,0.096694,0.240521,0.259449,0.259848,0.255812,0.329627,-0.042515,0.043895,0.226076,0.165107,0.308063,0.114684,0.428679,0.187405,0.268377,0.316596,0.172039,0.000000,0.416231,0.034870,0.194392,0.218938,0.231080,0.116631,0.185744,0.054681,0.010762,-0.011039,-0.049012,0.207187,-0.024008,0.050137,0.305207,0.142113,0.167979,0.248839,0.219347,0.122255,0.077945,0.198722,0.082177,0.211622,0.034370,0.227887,-0.160602,0.290486,-0.018167,0.283766,0.255476,0.239154,0.195349,0.223586,-0.014281,0.184385,0.144325,0.228561,0.225669,0.199343,0.172044,0.242906,0.198167,0.098666,0.005022,-0.076143,0.174060,0.252109,0.138415,0.069889,0.019390,0.149267,-0.176799,0.313907,-0.045295,0.129173,-0.284968,0.272359,-0.119470,0.276151,-0.169014,0.249995,-0.180981,0.169893,-0.072723,0.123129,-0.040484,-0.282822,-0.293855,0.004730,-0.047388,-0.033891,0.025525,0.158149,-0.137657,0.143958,-0.225337,0.255724,-0.250463,0.078523,-0.234195,-0.134776,0.178462,0.048560,0.023421,-0.136756,-0.102356,-0.308346,-0.236870
0.019343,-0.097624,-0.152036,0.150126,0.192839,0.083129,-0.111259,-0.122606,0.181577,0.441060,0.051515,0.019050,0.108577,-0.062295,0.145314,0.361668,0.138074,-0.056510,-0.037845,-0.042148,-0.002639,0.143671,-0.049021,-0.093840,0.272099,0.428160,0.416231,0.000000,0.220642,-0.187834,0.064690,-0.009715,-0.015172,-0.046608,-0.068175,-0.118981,0.210376,0.230643,-0.102379,0.357102,0.186605,-0.119240,0.009353,0.044794,0.022668,0.110251,-0.033011,0.001463,-0.097507,-0.030390,-0.111530,0.127705,-0.201089,0.221496,-0.153452,0.285778,0.003252,-0.072894,-0.114877,-0.010468,-0.202972,0.049209,-0.072722,-0.026834,-0.048310,-0.039275,-0.025699,0.049442,0.120646,0.164574,-0.179046,-0.037016,0.048908,-0.199764,-0.058559,0.320839,-0.135655,0.036310,-0.181109,0.170059,-0.105098,0.345502,-0.096236,-0.299561,-0.187031,0.328116,-0.108666,0.302538,-0.226394,0.288595,-0.142183,-0.068219,-0.217903,-0.150442,-0.314212,-0.312802,-0.166936,0.403885,0.031910,0.174931,-0.036565,0.121523,-0.087410,0.230217,0.012775,0.125130,-0.269114,0.218232,-0.011183,0.315299,0.140917,-0.100403,0.015684,0.087488,-0.142812,0.097702
0.461850,0.303450,0.214254,0.549277,0.301945,0.229681,0.328156,0.294720,0.347637,0.261371,0.368299,0.413553,0.476901,0.303044,0.338263,0.273443,0.686123,0.449120,0.564904,0.388667,-0.002755,0.037946,0.394148,0.303597,0.435070,0.332978,0.034870,0.220642,0.000000,0.227271,0.495865,0.403556,0.586143,0.504898,0.315318,0.348869,0.314693,0.347061,0.274770,0.475378,0.337248,0.168756,0.387716,0.451815,0.447181,0.516771,0.405160,0.454131,0.294891,0.395899,0.234189,0.490570,0.130033,0.351409,0.129292,0.526853,0.415096,0.353563,0.312512,0.418233,0.213749,0.511111,0.476649,0.462146,0.319316,0.336109,0.444318,0.521154,0.487150,0.508980,0.185034,0.269877,0.349295,0.122787,0.198871,0.449464,0.239534,0.373223,0.250423,0.490312,0.232371,0.553522,0.125183,0.056471,0.074106,0.389680,0.166782,0.271683,0.014033,0.330938,0.199820,0.326164,0.168307,0.261376,0.038546,0.236708,0.434987,0.524157,0.475825,0.502145,0.313704,0.410361,0.317629,0.338222,0.210570,0.353443,-0.032647,0.155732,0.173581,0.603805,0.514143,0.313663,0.473002,0.518641,0.366182,0.323597
0.461870,0.649659,0.697658,0.115767,-0.020330,0.574467,0.610226,0.687699,-0.059825,-0.479959,0.459411,0.630129,0.371563,0.671329,0.163787,-0.568630,0.204099,0.647633,0.462709,0.629116,0.077624,0.361626,0.504233,0.675515,0.083913,-0.305392,0.194392,-0.187834,0.227271,0.000000,0.553982,0.663666,0.463164,0.613428,0.351697,0.320157,-0.299054,-0.279036,0.486609,-0.312842,-0.222787,0.627222,0.403086,0.404695,0.497899,0.413359,0.365539,0.274402,0.639147,0.411729,0.633734,0.177106,0.730014,-0.431386,0.719939,-0.245407,0.456083,0.630828,0.648119,0.505655,0.727110,0.205046,0.622129,0.621675,0.598194,0.632001,0.473855,0.424094,0.205813,0.077798,0.580959,0.294686,0.045343,0.678063,0.682257,0.120569,0.505686,0.238297,0.674181,-0.263405,0.737414,-0.290523,0.102943,-0.168017,0.742000,-0.502611,0.673585,-0.594555,0.747351,-0.562481,0.637147,0.226164,0.652489,0.416194,-0.067160,0.202980,0.660827,-0.307239,0.246438,0.153042,0.522236,-0.089970,0.655630,-0.514586,0.616245,-0.252956,0.660013,-0.650048,0.147464,0.264998,0.171350,0.487791,0.155875,0.087744,0.144657,0.040087
0.507885,0.463720,0.615671,0.510996,0.326374,0.515645,0.636270,0.589049,0.300705,-0.065741,0.485367,0.637533,0.614729,0.588917,0.420193,-0.101823,0.469028,0.585301,0.594370,0.552142,0.187685,0.399571,0.697352,0.680609,0.514428,0.163096,0.218938,0.064690,0.495865,0.553982,0.000000,0.767267,0.667229,0.675666,0.577219,0.526854,0.096806,0.119145,0.487775,0.153900,0.164354,0.532640,0.520123,0.543455,0.546598,0.513699,0.500585,0.472556,0.554989,0.495890,0.526739,0.401811,0.491327,0.004955,0.505890,0.211944,0.433233,0.493787,0.585397,0.508518,0.559050,0.481414,0.614495,0.598683,0.627591,0.598824,0.600343,0.570525,0.362072,0.294205,0.612311,0.521828,0.450465,0.558074,0.580075,0.484197,0.546457,0.502003,0.469065,0.178083,0.555765,0.197044,0.252638,-0.032076,0.478121,-0.025754,0.526127,-0.126828,0.443713,-0.086511,0.592691,0.410994,0.540751,0.380080,-0.055142,0.132990,0.559835,0.179897,0.510967,0.484778,0.508092,0.106278,0.570317,-0.061209,0.548840,0.078103,0.340800,-0.283347,0.173489,0.510724,0.530689,0.545147,0.428636,0.467850,0.297236,0.160887
0.507651,0.563991,0.712640,0.437420,0.176023,0.563738,0.677310,0.689717,0.169249,-0.210903,0.472942,0.686808,0.550975,0.684288,0.333909,-0.271885,0.353862,0.621068,0.571326,0.616782,0.205473,0.491617,0.682729,0.762375,0.393814,0.005736,0.231080,-0.009715,0.403556,0.663666,0.767267,0.000000,0.616491,0.684457,0.525521,0.465842,0.003497,0.035779,0.532394,0.006946,0.048387,0.618818,0.503845,0.525825,0.548892,0.507154,0.477459,0.425989,0.629020,0.523199,0.611616,0.357254,0.614279,-0.154589,0.627448,0.048785,0.448560,0.568964,0.640121,0.537108,0.652295,0.447472,0.626038,0.653967,0.653448,0.657525,0.576633,0.545213,0.305888,0.206505,0.652050,0.524574,0.362972,0.657863,0.632928,0.396878,0.576001,0.464565,0.558654,0.033588,0.655977,0.034619,0.233595,-0.072918,0.607308,-0.202222,0.589863,-0.294341,0.590252,-0.272746,0.664295,0.369989,0.628107,0.419234,-0.064088,0.112810,0.592423,0.004338,0.463775,0.430893,0.544816,0.039348,0.609131,-0.236263,0.623676,-0.057283,0.465778,-0.440847,0.192203,0.442156,0.453161,0.580726,0.384466,0.363769,0.268026,0.128535
0.649453,0.559466,0.547506,0.572622,0.181804,0.475487,0.619711,0.601158,0.285808,0.010124,0.475651,0.651498,0.630564,0.587581,0.392346,-0.015410,0.644549,0.664287,0.716023,0.630306,0.037176,0.274746,0.635270,0.608985,0.427017,0.133630,0.116631,-0.015172,0.586143,0.463164,0.667229,0.616491,0.000000,0.779609,0.599189,0.652806,0.112994,0.110410,0.463364,0.223770,0.241308,0.481703,0.599781,0.637815,0.670846,0.655254,0.604211,0.612045,0.586957,0.571224,0.549439,0.535473,0.474277,0.156126,0.469549,0.406119,0.610972,0.595794,0.638798,0.649657,0.574701,0.578900,0.706023,0.656303,0.628243,0.627976,0.729718,0.735839,0.579831,0.533733,0.460806,0.417447,0.391582,0.433687,0.487679,0.401092,0.517480,0.512384,0.382423,0.294431,0.517710,0.337525,0.205084,0.060073,0.420719,0.131923,0.467191,-0.035638,0.362023,0.054699,0.499113,0.452588,0.462093,0.405762,0.003052,0.210412,0.593561,0.245788,0.535595,0.499988,0.479977,0.241080,0.561095,0.072223,0.455146,0.192848,0.255122,-0.175652,0.038903,0.525095,0.549648,0.522751,0.476010,0.547771,0.363396,0.155076
0.630925,0.651398,0.616598,0.450768,0.087159,0.578176,0.646292,0.711293,0.152133,-0.140128,0.509926,0.712143,0.565012,0.683429,0.318730,-0.204725,0.559731,0.737113,0.674509,0.698034,0.015226,0.352208,0.598649,0.683514,0.304642,0.000298,0.185744,-0.046608,0.504898,0.613428,0.675666,0.684457,0.779609,0.000000,0.513680,0.576930,-0.035156,-0.042733,0.476735,0.045056,0.070120,0.575958,0.620762,0.645393,0.690680,0.662155,0.592857,0.566781,0.681785,0.599695,0.646212,0.491621,0.609633,-0.027964,0.601676,0.221724,0.618467,0.666669,0.688751,0.684429,0.654487,0.523527,0.749426,0.731858,0.634365,0.682654,0.686744,0.682676,0.505588,0.438493,0.507585,0.398123,0.275452,0.538873,0.573007,0.336592,0.544950,0.454050,0.504849,0.123558,0.659447,0.173140,0.166805,-0.048620,0.571652,-0.060352,0.576698,-0.245712,0.524043,-0.148765,0.595685,0.400767,0.552162,0.422777,-0.078056,0.154663,0.633074,0.066970,0.487399,0.422267,0.547803,0.159455,0.624258,-0.131283,0.554581,0.035596,0.400731,-0.354581,0.029473,0.467837,0.464541,0.573281,0.407152,0.428411,0.271692,0.110904
0.420115,0.284619,0.508942,0.390988,0.213189,0.279427,0.522709,0.370325,0.238117,-0.042243,0.361666,0.441909,0.553286,0.423226,0.365856,-0.024673,0.385513,0.399893,0.463728,0.363875,0.156911,0.260827,0.646414,0.553793,0.469715,0.119558,0.054681,-0.068175,0.315318,0.351697,0.577219,0.525521,0.599189,0.513680,0.000000,0.711457,0.123856,0.118094,0.444110,0.150650,0.273790,0.402381,0.448679,0.450069,0.426960,0.357887,0.451924,0.451987,0.395196,0.375225,0.408569,0.306752,0.373303,0.133666,0.357756,0.241630,0.329213,0.326271,0.516431,0.361564,0.476197,0.386032,0.462184,0.371035,0.616128,0.454606,0.634995,0.551372,0.311665,0.241665,0.493513,0.526418,0.509543,0.452495,0.469919,0.392860,0.541973,0.521118,0.312982,0.224501,0.371522,0.176142,0.255092,0.143729,0.341790,0.030046,0.446621,-0.016491,0.320264,0.008038,0.459339,0.509440,0.427719,0.438357,0.129713,0.253467,0.469613,0.141751,0.437657,0.407023,0.394016,0.150194,0.433391,0.032432,0.365153,0.143485,0.220211,-0.152418,0.116548,0.397021,0.471301,0.453178,0.355622,0.472714,0.419269,0.099551
0.467553,0.344464,0.424253,0.428038,0.207951,0.292659,0.467778,0.434061,0.184727,-0.006820,0.310032,0.502662,0.468766,0.460227,0.331595,0.009263,0.446308,0.454917,0.498234,0.393124,0.118402,0.219320,0.509867,0.500490,0.403754,0.157096,0.010762,-0.118981,0.348869,0.320157,0.526854,0.465842,0.652806,0.576930,0.711457,0.000000,0.137679,0.129396,0.472916,0.200054,0.299469,0.420947,0.541261,0.527211,0.520624,0.451861,0.567369,0.589710,0.457442,0.475004,0.461976,0.443106,0.386386,0.221608,0.379586,0.370493,0.402659,0.383173,0.544048,0.513576,0.459497,0.461690,0.500566,0.445742,0.560599,0.522889,0.691033,0.666174,0.412494,0.362188,0.455686,0.457842,0.465234,0.401006,0.429607,0.327184,0.506244,0.514507,0.291938,0.270573,0.371855,0.256186,0.281171,0.223418,0.317187,0.135723,0.410101,0.010467,0.285089,0.092187,0.477689,0.520254,0.437474,0.421283,0.183322,0.272222,0.470419,0.169615,0.508911,0.437241,0.415667,0.236000,0.468190,0.104915,0.317318,0.155099,0.170744,-0.101771,0.012079,0.340954,0.527639,0.511767,0.422077,0.544462,0.478947,0.059476
0.055564,-0.097602,-0.112049,0.456682,0.151310,-0.130245,-0.031722,-0.074187,0.212205,0.548373,-0.023619,0.067846,0.146411,-0.006535,0.420008,0.617509,0.225769,0.012389,0.209881,-0.049725,0.368283,0.114141,0.060402,-0.049557,0.457172,0.549842,-0.011039,0.210376,0.314693,-0.299054,0.096806,0.003497,0.112994,-0.035156,0.123856,0.137679,0.000000,0.776947,0.296588,0.651313,0.691676,0.042672,0.056956,0.084659,0.033374,0.090962,0.181458,0.240672,-0.114801,0.104488,-0.181217,0.227759,-0.291269,0.431741,-0.216463,0.520550,0.006812,-0.079032,-0.104482,0.028512,-0.234401,0.320059,-0.036492,0.058681,-0.078738,-0.090578,0.107680,0.139813,0.229218,0.302395,-0.000587,0.246801,0.369792,-0.138062,-0.216345,0.169840,0.017028,0.205154,-0.145212,0.566471,-0.201106,0.559527,0.429987,0.465143,-0.292903,0.515749,-0.165373,0.596304,-0.303578,0.525097,-0.036612,0.295043,-0.137845,0.064805,0.394507,0.110592,-0.065664,0.505943,0.346864,0.486858,0.108691,0.357735,-0.048553,0.567550,-0.165646,0.224211,-0.409571,0.433917,0.099082,0.236552,0.451232,0.117624,0.394878,0.400422,0.237084,0.032613
