0.000000 0.593803 0.651493 0.414892 0.246380 0.071836 0.529781 0.537825 0.249566 0.176469 0.619204 0.440154 0.589449 0.588554 0.302147 0.171228 0.287153 0.573583 0.584137 0.617247 0.360015 0.191321 0.586895 0.408648 0.284185 0.177400 -0.065994 0.004034 0.329727 0.568311 0.411938 0.383013 0.533988 0.557865 0.494706 0.461347 0.543679 0.333595 0.424321 0.177787 0.372759 0.304918 0.446962 0.485075 0.550632 0.517132 0.429598 0.510526 0.469676 0.521773 0.522813 0.532331 0.460320 0.411425 0.406404 0.533896 0.697828 0.531222 0.630361 0.567073 0.622491 0.449260 0.508946 0.556221 0.423189 0.590019 0.571896 0.570159 0.541677 0.532780 0.464248 0.179864 0.404831 0.454372 0.212375 0.268817 0.268241 0.213575 0.313622 0.326500 0.458618 0.490294 0.562374 0.198540 0.566141 0.417239 0.296428 0.103849 0.344558 0.247856 0.308330 0.383857 0.374495 0.465986 0.128578 0.213633 0.343130 0.353229 0.283380 0.201930 0.252507 -0.053623 0.205748 -0.055710 0.118498 -0.007460 0.057518 -0.104637 0.160657 0.258312 0.444635 0.463456 0.462136 0.365800 0.238646 -0.074048
0.593803 0.000000 0.561654 0.548110 0.262423 0.265977 0.551217 0.354224 0.206680 0.229744 0.586669 0.585616 0.616923 0.525473 0.354215 0.399067 0.516477 0.461323 0.656325 0.661682 0.511281 0.402211 0.557491 0.545281 0.381837 0.384863 0.062461 0.182214 0.508155 0.470744 0.500349 0.498941 0.608695 0.510168 0.472557 0.399082 0.537631 0.524175 0.291391 0.441728 0.346963 0.371027 0.341658 0.392764 0.568280 0.450791 0.228366 0.429396 0.413796 0.412742 0.364373 0.471984 0.271308 0.449676 0.101621 0.576625 0.566612 0.685363 0.615282 0.671821 0.420986 0.570175 0.536659 0.626395 0.581929 0.599216 0.600540 0.623460 0.677016 0.649122 0.351856 0.400106 0.387218 0.231754 -0.056041 0.144466 0.017357 0.199926 -0.037552 0.500245 0.152453 0.649012 0.442295 0.489064 0.335196 0.645100 0.017729 0.407631 0.024379 0.559742 -0.000018 0.416748 0.036970 0.349065 0.284960 0.160496 0.044729 0.433577 0.117316 0.219021 -0.070510 0.236464 -0.050828 0.238656 -0.158005 0.249136 -0.007240 0.152853 0.265667 0.140786 0.280248 0.289865 0.337457 0.173131 -0.034071 -0.030336
0.651493 0.561654 0.000000 0.462771 0.370906 0.253174 0.631107 0.485458 0.340469 0.346102 0.649256 0.510775 0.641480 0.641533 0.466747 0.355159 0.348356 0.516237 0.578291 0.566791 0.433332 0.275323 0.582648 0.506220 0.400769 0.340065 0.064108 0.170888 0.432645 0.524121 0.517014 0.514983 0.508029 0.505772 0.469791 0.405357 0.601120 0.415628 0.432742 0.270098 0.419222 0.382201 0.322460 0.417761 0.467599 0.412707 0.292471 0.386268 0.375041 0.403999 0.409964 0.418317 0.318245 0.296266 0.288246 0.466246 0.590688 0.489338 0.547342 0.559694 0.520550 0.451466 0.535224 0.559234 0.499635 0.580365 0.530926 0.508725 0.522840 0.467407 0.489822 0.348186 0.462199 0.367412 0.180573 0.244540 0.285266 0.309511 0.209768 0.388077 0.353947 0.513255 0.596210 0.311132 0.479500 0.426012 0.294654 0.233671 0.232617 0.284814 0.288037 0.412526 0.279467 0.480127 0.280396 0.301020 0.344615 0.428610 0.357751 0.320617 0.241537 0.104841 0.251187 0.107648 0.147343 0.154910 0.036094 0.048484 0.223089 0.340325 0.406999 0.453813 0.456507 0.361457 0.163944 0.023728
0.414892 0.548110 0.462771 0.000000 0.092572 0.231997 0.610667 0.348886 -0.100464 0.072081 0.513771 0.657968 0.589756 0.492433 0.237201 0.443513 0.637098 0.340562 0.628212 0.529394 0.548295 0.574177 0.576570 0.680018 0.210630 0.292194 0.199504 0.254287 0.602195 0.474553 0.609779 0.549372 0.587440 0.446462 0.425622 0.377123 0.509348 0.628559 0.298452 0.588183 0.412114 0.523120 0.271246 0.404468 0.410885 0.299901 0.054351 0.259144 0.255177 0.166702 0.179974 0.337333 0.019440 0.398735 -0.087170 0.558851 0.327496 0.558158 0.463434 0.520095 0.267200 0.625449 0.622466 0.610182 0.583445 0.531758 0.501880 0.517855 0.512030 0.479501 0.502264 0.510499 0.368883 0.205479 0.021880 0.248761 0.228468 0.531869 -0.136452 0.574361 0.018703 0.607424 0.379960 0.537986 0.064006 0.601957 -0.227131 0.494449 -0.224787 0.557136 0.102829 0.604648 -0.003587 0.465250 0.521796 0.367030 0.154325 0.624499 0.359538 0.534180 -0.074014 0.470386 -0.030343 0.457680 -0.056952 0.494362 -0.031837 0.369540 0.287530 0.299689 0.381691 0.431761 0.477892 0.327574 0.046426 0.272962
0.246380 0.262423 0.370906 0.092572 0.000000 0.606246 0.304044 -0.081549 0.540269 0.556256 0.351249 0.241637 0.331264 0.284130 0.566893 0.441227 0.041465 -0.003406 0.217247 0.168404 0.236638 0.201798 0.083851 0.272915 0.668703 0.559278 0.347261 0.425207 0.210585 0.013941 0.233916 0.333646 0.021540 -0.048216 -0.001353 -0.058397 0.370491 0.280547 0.178586 0.240183 0.096980 0.161897 -0.209008 -0.088426 0.028821 -0.068908 -0.168335 -0.085853 -0.053201 0.039410 -0.021175 -0.011547 -0.073479 -0.125854 -0.064434 -0.005792 0.195663 0.212002 0.088737 0.211623 0.024043 0.057745 0.113241 0.116609 0.322264 0.151010 0.063174 0.048939 0.312462 0.142199 0.181596 0.409695 0.156400 -0.138493 -0.213296 -0.101254 -0.139060 -0.022052 -0.138233 0.090649 -0.078415 0.199489 0.271239 0.254599 0.132506 0.167943 0.288653 0.338734 -0.014853 0.153703 -0.092393 -0.016634 -0.147388 0.000510 0.186704 0.079897 -0.045600 0.117447 0.012956 0.117268 0.028630 0.172491 0.039280 0.191238 -0.045120 0.177312 -0.002073 0.135938 0.157742 0.159807 -0.074586 -0.032866 -0.054843 -0.107764 -0.210523 -0.057640
0.071836 0.265977 0.253174 0.231997 0.606246 0.000000 0.311318 -0.230911 0.354707 0.519326 0.284522 0.374526 0.312206 0.219354 0.524572 0.612769 0.265055 -0.116082 0.234310 0.120146 0.328335 0.396024 0.038776 0.373098 0.629683 0.663425 0.472389 0.569282 0.382281 -0.058371 0.337513 0.416760 0.058632 -0.102912 -0.047349 -0.125012 0.321178 0.443616 0.053045 0.460344 0.098117 0.261966 -0.306211 -0.147722 -0.010075 -0.169422 -0.371830 -0.202666 -0.135278 -0.122814 -0.208339 -0.094692 -0.309106 -0.103281 -0.364361 0.012230 -0.001834 0.268839 0.012128 0.216926 -0.189923 0.162473 0.166826 0.166019 0.411237 0.116066 0.039156 0.040145 0.300683 0.132417 0.136699 0.602113 0.130573 -0.318723 -0.371976 -0.177173 -0.237093 0.087825 -0.423888 0.238056 -0.352253 0.285777 0.134663 0.471033 -0.164203 0.308410 -0.042549 0.574000 -0.357776 0.369107 -0.287068 0.073732 -0.401861 -0.049609 0.376456 0.102690 -0.225378 0.248855 -0.027212 0.230842 -0.225027 0.466616 -0.153591 0.483165 -0.201112 0.455099 -0.058745 0.413000 0.219954 0.127815 -0.165694 -0.108191 -0.103110 -0.190674 -0.372657 0.105169
0.529781 0.551217 0.631107 0.610667 0.304044 0.311318 0.000000 0.419434 0.193691 0.296056 0.645331 0.616253 0.668039 0.602818 0.466670 0.481293 0.496999 0.428520 0.619404 0.546022 0.540188 0.482952 0.587912 0.633742 0.373594 0.377448 0.202853 0.309662 0.554891 0.489278 0.600619 0.593902 0.522585 0.432773 0.410517 0.367721 0.582117 0.537604 0.393974 0.458241 0.447718 0.494692 0.231679 0.382451 0.375522 0.297596 0.120442 0.263753 0.261262 0.213510 0.255906 0.288623 0.120270 0.243798 0.080452 0.474133 0.428325 0.477049 0.484280 0.544581 0.373963 0.512395 0.605919 0.583352 0.578985 0.530313 0.502980 0.482999 0.529240 0.436716 0.552041 0.486328 0.460630 0.270220 0.142898 0.211956 0.298141 0.476123 0.031656 0.500982 0.182703 0.579910 0.530598 0.479926 0.275145 0.496587 0.094588 0.417283 -0.007740 0.410842 0.219318 0.495485 0.098513 0.503863 0.490780 0.395704 0.288854 0.556605 0.438586 0.499084 0.146147 0.369213 0.212172 0.363941 0.103362 0.397435 0.015127 0.300053 0.297122 0.383180 0.388009 0.452442 0.466790 0.361999 0.062473 0.200011
0.537825 0.354224 0.485458 0.348886 -0.081549 -0.230911 0.419434 0.000000 0.079767 -0.001687 0.450344 0.301194 0.410685 0.486553 0.067416 -0.054257 0.210552 0.576992 0.413756 0.462418 0.191367 0.019416 0.588883 0.287361 -0.061093 -0.116303 -0.276331 -0.246258 0.198291 0.568343 0.287113 0.238476 0.490162 0.598651 0.483889 0.514547 0.347436 0.105428 0.379386 -0.011331 0.363624 0.210929 0.576072 0.590367 0.468751 0.569811 0.543268 0.559185 0.488741 0.492681 0.567803 0.517890 0.528221 0.425765 0.501970 0.495657 0.521735 0.309630 0.540014 0.438779 0.636802 0.415890 0.425044 0.487415 0.195589 0.533362 0.523043 0.506451 0.282579 0.373638 0.372858 -0.043728 0.408459 0.582605 0.435889 0.373933 0.472611 0.316278 0.456283 0.298421 0.559075 0.324414 0.496521 0.024143 0.528226 0.263240 0.260823 -0.129983 0.431464 0.092958 0.509670 0.420377 0.563270 0.520078 0.073644 0.230334 0.512002 0.344321 0.413770 0.207458 0.369788 -0.173747 0.328164 -0.190807 0.276104 -0.107640 0.013345 -0.229410 0.068718 0.297432 0.569644 0.585090 0.594050 0.541075 0.473727 0.025865
0.249566 0.206680 0.340469 -0.100464 0.540269 0.354707 0.193691 0.079767 0.000000 0.552670 0.312285 0.081560 0.261397 0.292193 0.547536 0.266702 -0.092177 0.147517 0.093255 0.128829 0.075803 -0.063545 0.082054 0.063366 0.524026 0.393012 0.077817 0.200878 0.088896 0.050694 0.090128 0.228061 0.018121 0.025120 0.054386 -0.006059 0.229210 0.000445 0.116768 -0.029850 0.048449 -0.026164 -0.051274 0.000907 0.102819 0.112618 0.085228 0.098926 0.124929 0.222027 0.189751 0.091970 0.199217 -0.086468 0.185442 -0.036320 0.261039 0.115300 0.153316 0.224295 0.183626 -0.032909 -0.001385 0.085210 0.180296 0.160814 0.122913 0.080486 0.203882 0.099624 -0.007778 0.126659 0.159775 -0.047626 -0.069269 -0.141188 -0.165966 -0.236162 0.101379 0.038672 0.145675 0.142112 0.315443 0.115036 0.355294 0.093259 0.480442 0.084710 0.276196 0.035845 -0.063311 -0.183878 -0.001239 -0.041192 -0.049913 -0.054397 0.012689 -0.044536 -0.086669 -0.184221 0.130594 -0.100161 0.147375 -0.078358 0.017829 -0.085814 -0.029148 -0.120206 0.087590 0.049792 -0.073471 -0.070346 -0.091454 -0.116722 -0.091988 -0.196295
0.176469 0.229744 0.346102 0.072081 0.556256 0.519326 0.296056 -0.001687 0.552670 0.000000 0.313424 0.266192 0.299172 0.365118 0.573137 0.483782 0.104088 0.068724 0.173043 0.144177 0.216183 0.124042 0.128775 0.235512 0.547576 0.498795 0.112316 0.351583 0.257645 0.031969 0.251280 0.340935 0.051522 0.009330 0.038461 -0.052416 0.340323 0.228465 0.148648 0.195138 0.111321 0.089879 -0.144810 -0.046605 0.058714 -0.012074 -0.113256 -0.047331 0.007008 0.057022 0.002858 0.008623 -0.039015 -0.110137 -0.050840 -0.007588 0.133297 0.158504 0.087158 0.250291 0.026059 0.082596 0.097577 0.136543 0.274645 0.183213 0.104886 0.061568 0.244500 0.117479 0.085588 0.343537 0.210337 -0.128650 -0.102942 -0.062469 -0.137591 -0.041140 -0.120852 0.146160 -0.063660 0.198592 0.288582 0.258775 0.135846 0.175521 0.282997 0.313830 0.022240 0.184547 -0.081774 0.009890 -0.119494 0.019512 0.199392 0.045726 -0.030977 0.120632 0.040566 0.083067 0.055443 0.177480 0.111184 0.200683 -0.001735 0.197481 -0.041087 0.106290 0.180202 0.154868 -0.052457 -0.033546 -0.028405 -0.057894 -0.192030 0.002306
0.619204 0.586669 0.649256 0.513771 0.351249 0.284522 0.645331 0.450344 0.312285 0.313424 0.000000 0.573261 0.665140 0.620157 0.470454 0.402488 0.411473 0.486221 0.605715 0.569759 0.460030 0.360644 0.558912 0.541943 0.411862 0.367460 0.146935 0.245061 0.506358 0.523197 0.542610 0.544001 0.520893 0.468638 0.404805 0.361427 0.583727 0.462982 0.401670 0.360744 0.412550 0.428482 0.288945 0.421256 0.424935 0.376461 0.225691 0.355072 0.330672 0.345003 0.367434 0.393880 0.258034 0.300482 0.202018 0.476656 0.549427 0.516287 0.543792 0.569557 0.481475 0.493320 0.562072 0.585945 0.514033 0.552115 0.522759 0.512141 0.542238 0.464215 0.499053 0.396747 0.439479 0.302655 0.120943 0.203226 0.235109 0.338259 0.142079 0.449989 0.283388 0.564650 0.578777 0.402219 0.399338 0.485937 0.200215 0.317746 0.138911 0.363477 0.193015 0.402527 0.160179 0.449985 0.336555 0.299581 0.282372 0.462348 0.333347 0.337243 0.174162 0.205113 0.190454 0.207528 0.089101 0.246784 0.022206 0.127148 0.262485 0.342330 0.380067 0.413767 0.423312 0.313449 0.114142 0.093032
0.440154 0.585616 0.510775 0.657968 0.241637 0.374526 0.616253 0.301194 0.081560 0.266192 0.573261 0.000000 0.632942 0.557741 0.378435 0.540953 0.640473 0.354397 0.629197 0.513210 0.543567 0.551844 0.536370 0.662075 0.368357 0.419695 0.198943 0.332866 0.666377 0.481122 0.648295 0.622699 0.541364 0.404623 0.349615 0.291738 0.533766 0.632333 0.263432 0.592661 0.368104 0.485959 0.199181 0.354263 0.402017 0.286272 0.009568 0.223348 0.248572 0.192833 0.164893 0.325279 -0.001356 0.331019 -0.114308 0.493633 0.348056 0.582798 0.450021 0.551004 0.246456 0.613264 0.616774 0.636323 0.588073 0.525406 0.475042 0.487804 0.516467 0.448258 0.444305 0.574448 0.416831 0.119188 -0.051388 0.182017 0.118923 0.430183 -0.144944 0.603562 0.004826 0.638269 0.441437 0.587158 0.081566 0.615096 -0.141577 0.551616 -0.221732 0.572668 0.013671 0.506241 -0.068269 0.367019 0.516298 0.321549 0.089632 0.597248 0.289932 0.472108 -0.094028 0.470792 -0.044454 0.470651 -0.080851 0.502963 -0.037062 0.361203 0.288205 0.304598 0.301525 0.349723 0.400288 0.235305 -0.020811 0.238147
0.589449 0.616923 0.641480 0.589756 0.331264 0.312206 0.668039 0.410685 0.261397 0.299172 0.665140 0.632942 0.000000 0.647507 0.483685 0.476806 0.513029 0.486360 0.647751 0.581708 0.535592 0.470433 0.614412 0.625105 0.432288 0.399986 0.178849 0.284283 0.585475 0.538152 0.614362 0.620422 0.559382 0.459007 0.443209 0.377457 0.600061 0.543027 0.361193 0.459711 0.392844 0.483210 0.277413 0.409976 0.464389 0.377476 0.173944 0.335625 0.345054 0.311578 0.323679 0.381880 0.189832 0.324514 0.114856 0.512274 0.522654 0.563979 0.540316 0.580494 0.421034 0.533021 0.620534 0.624703 0.622644 0.583353 0.549764 0.536708 0.573758 0.487235 0.509174 0.465177 0.445161 0.259402 0.079511 0.220893 0.191577 0.367016 0.051781 0.529782 0.219518 0.639855 0.576310 0.499501 0.345430 0.561056 0.123007 0.420793 0.032863 0.454848 0.144333 0.458283 0.088383 0.461632 0.429407 0.306126 0.233963 0.541811 0.340037 0.389964 0.100651 0.300760 0.129762 0.302153 0.026482 0.332634 -0.009851 0.213324 0.257286 0.344671 0.377147 0.416438 0.429358 0.289491 0.061788 0.128109
0.588554 0.525473 0.641533 0.492433 0.284130 0.219354 0.602818 0.486553 0.292193 0.365118 0.620157 0.557741 0.647507 0.000000 0.452160 0.405938 0.423099 0.543502 0.562395 0.520955 0.446968 0.322706 0.603396 0.519944 0.351752 0.295151 0.043189 0.173317 0.505583 0.572928 0.571274 0.560578 0.522417 0.483302 0.457274 0.368984 0.583702 0.432818 0.402961 0.321172 0.408896 0.400045 0.351442 0.461553 0.469680 0.427225 0.293431 0.390813 0.395635 0.384231 0.407432 0.429835 0.286444 0.336686 0.249740 0.479788 0.545892 0.477297 0.535979 0.536799 0.469665 0.462380 0.558480 0.567945 0.489037 0.557676 0.533453 0.503636 0.466164 0.417598 0.483669 0.342897 0.439612 0.320989 0.209813 0.264639 0.270581 0.323227 0.203652 0.453193 0.336747 0.536315 0.604175 0.359626 0.409503 0.455032 0.216172 0.271866 0.171957 0.330712 0.250395 0.430048 0.231631 0.482094 0.312147 0.326935 0.336098 0.467915 0.373164 0.337710 0.221427 0.164530 0.230798 0.165936 0.137830 0.213390 -0.007472 0.070139 0.225607 0.333583 0.425351 0.447455 0.458845 0.364608 0.188849 0.119078
0.302147 0.354215 0.466747 0.237201 0.566893 0.524572 0.466670 0.067416 0.547536 0.573137 0.470454 0.378435 0.483685 0.452160 0.000000 0.568628 0.243510 0.214492 0.321428 0.258416 0.416979 0.351597 0.237178 0.378323 0.613555 0.550067 0.338330 0.499541 0.419638 0.209596 0.426240 0.513173 0.183690 0.077153 0.140953 0.043242 0.463898 0.367118 0.263076 0.323839 0.242277 0.328123 -0.081750 0.070206 0.119303 0.048840 -0.059244 0.027787 0.084382 0.065229 0.092739 0.032407 0.004138 -0.072313 0.000894 0.119079 0.247785 0.247004 0.216689 0.330432 0.099548 0.137333 0.292957 0.272088 0.441830 0.240515 0.232119 0.185123 0.366121 0.186597 0.274079 0.441223 0.275123 -0.057248 -0.050464 -0.065483 -0.035648 0.098022 -0.058095 0.269274 0.044060 0.390076 0.459407 0.431718 0.215640 0.291739 0.301217 0.397577 0.005056 0.259295 -0.052265 0.085348 -0.147982 0.167728 0.344324 0.214773 0.080154 0.261402 0.162668 0.195829 0.093276 0.292278 0.183179 0.311991 0.022662 0.289210 -0.037464 0.240064 0.203070 0.213706 0.037612 0.073586 0.070815 -0.005825 -0.188940 0.046115
0.171228 0.399067 0.355159 0.443513 0.441227 0.612769 0.481293 -0.054257 0.266702 0.483782 0.402488 0.540953 0.476806 0.405938 0.568628 0.000000 0.498194 0.091635 0.389528 0.272563 0.511249 0.556769 0.255359 0.536214 0.546649 0.628236 0.444836 0.577654 0.584238 0.153718 0.539477 0.587666 0.289501 0.090442 0.138201 0.030966 0.440174 0.575427 0.141768 0.583899 0.232080 0.400739 -0.113511 0.063397 0.141735 -0.013794 -0.247236 -0.053903 0.009209 -0.058174 -0.078542 0.029717 -0.224093 0.051467 -0.312711 0.211760 0.097980 0.382968 0.193140 0.380456 -0.066052 0.334580 0.386193 0.363947 0.546771 0.270890 0.251549 0.238208 0.414715 0.272353 0.263670 0.639778 0.252548 -0.199565 -0.227381 -0.080732 -0.107876 0.255129 -0.363415 0.430702 -0.250994 0.475927 0.274870 0.616596 -0.103714 0.477045 -0.107609 0.645764 -0.358902 0.522185 -0.212316 0.264858 -0.361521 0.146004 0.513345 0.249119 -0.099317 0.435347 0.136143 0.367418 -0.186549 0.585396 -0.062572 0.595937 -0.154365 0.571632 -0.061580 0.499655 0.291246 0.179744 0.017593 0.053978 0.078025 -0.032049 -0.293679 0.228818
0.287153 0.516477 0.348356 0.637098 0.041465 0.265055 0.496999 0.210552 -0.092177 0.104088 0.411473 0.640473 0.513029 0.423099 0.243510 0.498194 0.000000 0.342216 0.537010 0.435901 0.521044 0.563258 0.450059 0.590577 0.197527 0.352702 0.200025 0.274623 0.665801 0.421533 0.610502 0.562119 0.543355 0.382120 0.305848 0.246319 0.398477 0.590555 0.134709 0.583017 0.301881 0.458723 0.214270 0.340636 0.377465 0.258552 -0.006342 0.216916 0.236739 0.125543 0.113321 0.285999 -0.048121 0.361452 -0.197766 0.494813 0.232981 0.545124 0.404549 0.497465 0.136148 0.585614 0.594771 0.598849 0.524129 0.446745 0.447919 0.472410 0.445215 0.425725 0.317059 0.511696 0.362534 0.064690 -0.066259 0.143485 0.064354 0.409165 -0.213789 0.635679 -0.058078 0.618325 0.293301 0.608453 -0.050215 0.620573 -0.323534 0.535807 -0.335472 0.613510 -0.088467 0.498190 -0.163935 0.314251 0.504356 0.275563 0.011315 0.580508 0.221629 0.421838 -0.217450 0.513269 -0.138111 0.510950 -0.152689 0.517657 -0.052582 0.406950 0.228982 0.207989 0.263373 0.277313 0.342309 0.187739 -0.059192 0.262388
0.573583 0.461323 0.516237 0.340562 -0.003406 -0.116082 0.428520 0.576992 0.147517 0.068724 0.486221 0.354397 0.486360 0.543502 0.214492 0.091635 0.342216 0.000000 0.455427 0.505346 0.287521 0.125871 0.539825 0.289219 0.069426 0.041296 -0.151375 -0.110925 0.337200 0.626996 0.406175 0.362759 0.537474 0.588417 0.467908 0.431551 0.380764 0.182295 0.309727 0.048646 0.331476 0.292892 0.537777 0.554277 0.507199 0.572495 0.522763 0.565927 0.528314 0.495043 0.558721 0.487313 0.504740 0.398133 0.446783 0.508873 0.590492 0.395454 0.590900 0.492314 0.571107 0.375761 0.502134 0.540012 0.289516 0.500651 0.570583 0.558944 0.376991 0.420845 0.355176 0.038012 0.445256 0.507251 0.366973 0.309322 0.333728 0.233203 0.418626 0.401703 0.573396 0.470760 0.522202 0.182437 0.538511 0.346397 0.239411 -0.022741 0.355965 0.172766 0.318896 0.350246 0.389028 0.464743 0.115407 0.174847 0.396185 0.333412 0.305127 0.134209 0.272841 -0.099645 0.269652 -0.097838 0.177540 -0.067043 0.013629 -0.161656 0.048955 0.250322 0.475514 0.466870 0.478412 0.385151 0.313780 -0.033967
0.584137 0.656325 0.578291 0.628212 0.217247 0.234310 0.619404 0.413756 0.093255 0.173043 0.605715 0.629197 0.647751 0.562395 0.321428 0.389528 0.537010 0.455427 0.000000 0.676946 0.535680 0.457740 0.620151 0.617434 0.322293 0.327459 0.095828 0.194593 0.538536 0.514981 0.549660 0.532495 0.608903 0.523215 0.476326 0.418533 0.564809 0.554714 0.353841 0.478056 0.401817 0.450835 0.320187 0.402853 0.517588 0.406292 0.185580 0.368490 0.341901 0.322789 0.304353 0.407784 0.191344 0.406219 0.084066 0.578735 0.517459 0.621016 0.563054 0.601853 0.413826 0.591237 0.611041 0.637584 0.565102 0.575519 0.566383 0.580580 0.622176 0.565895 0.460617 0.434109 0.458608 0.305130 0.047590 0.249098 0.190084 0.386280 -0.007767 0.515723 0.169762 0.625440 0.461956 0.475360 0.282738 0.589881 -0.014819 0.408981 -0.017083 0.500032 0.119890 0.499870 0.092092 0.443471 0.376548 0.266409 0.143153 0.500341 0.272357 0.373802 0.004350 0.288607 0.014810 0.283787 -0.073184 0.306008 -0.002137 0.202674 0.285892 0.238756 0.358874 0.390654 0.422295 0.277576 0.018210 0.043658
0.617247 0.661682 0.566791 0.529394 0.168404 0.120146 0.546022 0.462418 0.128829 0.144177 0.569759 0.513210 0.581708 0.520955 0.258416 0.272563 0.435901 0.505346 0.676946 0.000000 0.467191 0.323850 0.606901 0.500878 0.256981 0.249243 -0.022589 0.062349 0.410768 0.492208 0.426594 0.420161 0.610679 0.577513 0.525681 0.463840 0.520916 0.434503 0.358786 0.336324 0.363694 0.347160 0.399363 0.428919 0.574118 0.486372 0.305971 0.457860 0.409253 0.409240 0.400368 0.458953 0.339717 0.439026 0.215204 0.583175 0.584738 0.601624 0.612273 0.630533 0.499019 0.534822 0.539057 0.598293 0.495594 0.580127 0.606178 0.619607 0.651386 0.629232 0.390666 0.278767 0.441712 0.386460 0.103534 0.250068 0.186470 0.279946 0.073894 0.411262 0.256759 0.563484 0.434940 0.358290 0.406407 0.539848 0.083345 0.267613 0.143735 0.431722 0.167100 0.437247 0.189877 0.428906 0.241504 0.176232 0.162185 0.393567 0.222517 0.245636 0.068938 0.137500 0.074730 0.131680 -0.051102 0.149570 0.019606 0.064984 0.257874 0.162763 0.352186 0.374850 0.400768 0.280328 0.061899 -0.073380
0.360015 0.511281 0.433332 0.548295 0.236638 0.328335 0.540188 0.191367 0.075803 0.216183 0.460030 0.543567 0.535592 0.446968 0.416979 0.511249 0.521044 0.287521 0.535680 0.467191 0.000000 0.603774 0.458914 0.565095 0.347361 0.390969 0.290265 0.408357 0.529478 0.359065 0.532249 0.532700 0.457448 0.305913 0.356772 0.293980 0.529560 0.581159 0.398627 0.565515 0.421909 0.497754 0.150340 0.263272 0.322540 0.174616 0.010749 0.173090 0.172826 0.067596 0.108143 0.161527 -0.009644 0.217954 -0.055524 0.434585 0.287719 0.465814 0.378571 0.476334 0.146931 0.418455 0.497568 0.476538 0.533974 0.386584 0.437327 0.427759 0.519864 0.434263 0.396110 0.499772 0.329779 0.137977 0.029204 0.131376 0.129012 0.374070 -0.164794 0.436744 -0.010894 0.555423 0.431615 0.572539 0.102097 0.510671 -0.026348 0.513972 -0.172884 0.490315 0.038150 0.414020 -0.091247 0.390296 0.482124 0.400375 0.109531 0.478679 0.295840 0.430267 -0.022461 0.461294 0.070936 0.456959 -0.083868 0.435863 -0.036801 0.425251 0.287524 0.151761 0.223312 0.252723 0.271702 0.200594 -0.128421 0.169680
0.191321 0.402211 0.275323 0.574177 0.201798 0.396024 0.482952 0.019416 -0.063545 0.124042 0.360644 0.551844 0.470433 0.322706 0.351597 0.556769 0.563258 0.125871 0.457740 0.323850 0.603774 0.000000 0.319495 0.580495 0.316372 0.405440 0.454397 0.495732 0.567891 0.255132 0.535500 0.520629 0.350615 0.132983 0.191267 0.140411 0.413644 0.616564 0.224479 0.641459 0.296972 0.558625 -0.006755 0.158229 0.175162 0.016006 -0.192983 -0.003371 0.031612 -0.114408 -0.075660 0.036115 -0.234870 0.124971 -0.287407 0.343184 0.094722 0.394752 0.232413 0.337026 -0.045111 0.391700 0.474581 0.401574 0.541516 0.268496 0.289933 0.297860 0.416876 0.300009 0.377020 0.570786 0.212095 -0.046447 -0.105499 0.058551 0.044623 0.424940 -0.334707 0.437492 -0.200372 0.512751 0.270208 0.613121 -0.143475 0.488286 -0.250320 0.611140 -0.413071 0.514921 -0.094652 0.394650 -0.283483 0.274765 0.578878 0.350360 -0.007701 0.519724 0.259002 0.501915 -0.173042 0.614834 -0.064961 0.607623 -0.163418 0.574598 -0.056922 0.551999 0.212755 0.173434 0.136096 0.176709 0.204837 0.098266 -0.225545 0.284992
0.586895 0.557491 0.582648 0.576570 0.083851 0.038776 0.587912 0.588883 0.082054 0.128775 0.558912 0.536370 0.614412 0.603396 0.237178 0.255359 0.450059 0.539825 0.620151 0.606901 0.458914 0.319495 0.000000 0.564275 0.185475 0.153259 -0.082501 0.030648 0.447917 0.587056 0.513695 0.491251 0.629965 0.611117 0.589821 0.555685 0.539943 0.420953 0.422329 0.328070 0.432072 0.385446 0.481846 0.530293 0.544988 0.502482 0.357789 0.481241 0.441718 0.402421 0.431517 0.487726 0.342444 0.469842 0.264019 0.596583 0.543186 0.526711 0.580866 0.573931 0.534271 0.573067 0.583331 0.620832 0.493085 0.642207 0.623583 0.609211 0.516829 0.536025 0.479430 0.275231 0.456754 0.459091 0.240469 0.370125 0.345479 0.404557 0.185881 0.483901 0.340808 0.546934 0.542764 0.331429 0.416182 0.504156 0.114005 0.227450 0.177414 0.377844 0.335121 0.559017 0.319169 0.565119 0.318398 0.296824 0.359273 0.512030 0.401029 0.365074 0.193215 0.134951 0.191147 0.123327 0.104410 0.181054 -0.000585 0.055071 0.220749 0.317582 0.531888 0.542998 0.557593 0.466744 0.257602 0.117849
0.408648 0.545281 0.506220 0.680018 0.272915 0.373098 0.633742 0.287361 0.063366 0.235512 0.541943 0.662075 0.625105 0.519944 0.378323 0.536214 0.590577 0.289219 0.617434 0.500878 0.565095 0.580495 0.564275 0.000000 0.380678 0.414730 0.255292 0.359389 0.619338 0.436208 0.628579 0.617633 0.539681 0.390274 0.400636 0.348761 0.548910 0.636783 0.323477 0.613312 0.407708 0.501524 0.175695 0.322989 0.364796 0.229998 -0.022102 0.180969 0.190554 0.115675 0.110049 0.256770 -0.038823 0.295729 -0.126394 0.478644 0.312186 0.539421 0.405152 0.506555 0.226648 0.591195 0.593287 0.575276 0.624569 0.526084 0.466396 0.468173 0.531657 0.451988 0.477317 0.583015 0.385613 0.148796 -0.037760 0.228950 0.161000 0.479483 -0.169385 0.568943 -0.021341 0.601420 0.423839 0.570696 0.079891 0.583299 -0.120418 0.560970 -0.220286 0.548519 0.060700 0.534731 -0.064731 0.406604 0.542748 0.360707 0.119524 0.592672 0.328768 0.515016 -0.063076 0.487777 -0.009568 0.482664 -0.057209 0.512401 -0.033172 0.389629 0.311861 0.314993 0.321935 0.367957 0.398356 0.261252 -0.026448 0.257587
0.284185 0.381837 0.400769 0.210630 0.668703 0.629683 0.373594 -0.061093 0.524026 0.547576 0.411862 0.368357 0.432288 0.351752 0.613555 0.546649 0.197527 0.069426 0.322293 0.256981 0.347361 0.316372 0.185475 0.380678 0.000000 0.625267 0.367228 0.496427 0.357492 0.100939 0.351729 0.458093 0.155767 0.034713 0.105468 0.022891 0.426377 0.390659 0.161515 0.371801 0.136075 0.220537 -0.157359 -0.027978 0.131177 0.001681 -0.169552 -0.030939 0.006751 0.061986 -0.001036 0.049516 -0.077437 -0.033117 -0.120422 0.095683 0.239388 0.336238 0.169622 0.313774 0.040503 0.177391 0.224632 0.240511 0.461014 0.245546 0.180024 0.166814 0.417634 0.241200 0.209328 0.499634 0.207433 -0.147745 -0.271438 -0.120799 -0.190223 0.003825 -0.196513 0.241124 -0.106608 0.358926 0.313500 0.412511 0.126953 0.326598 0.199076 0.463984 -0.091235 0.314365 -0.183470 0.042017 -0.236997 0.035900 0.268833 0.096998 -0.100023 0.208861 -0.008176 0.129535 -0.054028 0.281089 -0.028177 0.301535 -0.115533 0.284104 -0.003852 0.228694 0.218669 0.132196 -0.065911 -0.030597 -0.040046 -0.134120 -0.261004 -0.023679
0.177400 0.384863 0.340065 0.292194 0.559278 0.663425 0.377448 -0.116303 0.393012 0.498795 0.367460 0.419695 0.399986 0.295151 0.550067 0.628236 0.352702 0.041296 0.327459 0.249243 0.390969 0.405440 0.153259 0.414730 0.625267 0.000000 0.441593 0.513699 0.442285 0.037005 0.392262 0.481956 0.200398 0.048962 0.075153 -0.024479 0.381181 0.464706 0.089178 0.458288 0.156386 0.289558 -0.176054 -0.024882 0.113436 -0.027597 -0.249077 -0.052536 -0.026374 -0.004161 -0.077064 0.026570 -0.168318 0.023467 -0.276797 0.141146 0.124899 0.378170 0.156584 0.351095 -0.066578 0.254759 0.249755 0.292257 0.468558 0.243410 0.182361 0.185557 0.405149 0.259803 0.129437 0.576602 0.206655 -0.230790 -0.330577 -0.164097 -0.225872 0.075673 -0.355948 0.320488 -0.243798 0.399957 0.206915 0.528506 -0.040613 0.419963 -0.020632 0.559132 -0.278790 0.447697 -0.278118 0.118733 -0.349928 0.035529 0.345524 0.106545 -0.191958 0.288327 -0.030602 0.184132 -0.238852 0.431095 -0.130373 0.445962 -0.229227 0.408304 -0.086180 0.372482 0.228163 0.094205 -0.092911 -0.049661 -0.044980 -0.145881 -0.329916 0.037510
-0.065994 0.062461 0.064108 0.199504 0.347261 0.472389 0.202853 -0.276331 0.077817 0.112316 0.146935 0.198943 0.178849 0.043189 0.338330 0.444836 0.200025 -0.151375 0.095828 -0.022589 0.290265 0.454397 -0.082501 0.255292 0.367228 0.441593 0.000000 0.544644 0.274178 -0.077682 0.266557 0.285768 -0.002293 -0.180902 -0.103750 -0.118911 0.173060 0.351240 0.025038 0.379986 0.061198 0.350033 -0.259547 -0.105838 -0.169343 -0.252179 -0.329800 -0.233035 -0.203078 -0.277368 -0.221965 -0.202631 -0.320110 -0.123958 -0.315859 -0.006998 -0.119353 0.071773 -0.061214 0.017188 -0.247076 0.015299 0.145320 0.034938 0.281517 -0.080321 -0.039329 -0.041722 0.141146 -0.009548 0.196117 0.425247 -0.038484 -0.308519 -0.206705 -0.238178 -0.049270 0.206281 -0.340242 0.117917 -0.293119 0.160639 0.025627 0.368835 -0.258270 0.152075 -0.146994 0.416788 -0.382038 0.215750 -0.186320 0.082986 -0.384735 0.033763 0.344250 0.221122 -0.082106 0.237391 0.088443 0.286173 -0.153292 0.459457 -0.062615 0.459533 -0.093214 0.412258 -0.020217 0.450273 0.108766 0.086003 -0.087175 -0.052016 -0.085715 -0.137669 -0.272560 0.216462
0.004034 0.182214 0.170888 0.254287 0.425207 0.569282 0.309662 -0.246258 0.200878 0.351583 0.245061 0.332866 0.284283 0.173317 0.499541 0.577654 0.274623 -0.110925 0.194593 0.062349 0.408357 0.495732 0.030648 0.359389 0.496427 0.513699 0.544644 0.000000 0.387159 -0.018850 0.361714 0.421284 0.040708 -0.136240 -0.023880 -0.088428 0.289985 0.444185 0.103642 0.474494 0.159825 0.348886 -0.292384 -0.130360 -0.093777 -0.227893 -0.371555 -0.250274 -0.186735 -0.262629 -0.263533 -0.208117 -0.364313 -0.178233 -0.372508 -0.011544 -0.086496 0.145023 -0.049118 0.116290 -0.238909 0.100180 0.195407 0.113860 0.390765 0.031381 0.020314 0.007893 0.236089 0.047888 0.214206 0.543614 0.060990 -0.279566 -0.237661 -0.142221 -0.126544 0.184703 -0.384976 0.223367 -0.316245 0.287331 0.159613 0.486111 -0.198933 0.243346 -0.073769 0.551967 -0.379409 0.310909 -0.238607 0.090220 -0.430531 0.022801 0.452244 0.205759 -0.136725 0.257801 0.078995 0.293320 -0.156476 0.526973 -0.043804 0.543536 -0.135599 0.492212 -0.019505 0.501407 0.190370 0.140296 -0.130913 -0.091338 -0.090523 -0.143492 -0.356492 0.219840
0.329727 0.508155 0.432645 0.602195 0.210585 0.382281 0.554891 0.198291 0.088896 0.257645 0.506358 0.666377 0.585475 0.505583 0.419638 0.584238 0.665801 0.337200 0.538536 0.410768 0.529478 0.567891 0.447917 0.619338 0.357492 0.442285 0.274178 0.387159 0.000000 0.454669 0.667207 0.652722 0.499343 0.337224 0.286052 0.216202 0.453388 0.594812 0.168927 0.581108 0.308918 0.474749 0.143441 0.311063 0.332435 0.228186 -0.041277 0.167553 0.211521 0.114382 0.105455 0.246634 -0.067652 0.270413 -0.170241 0.425600 0.261906 0.510368 0.377615 0.481195 0.158505 0.541404 0.599749 0.582699 0.564376 0.438731 0.421533 0.427643 0.435429 0.360015 0.367052 0.567045 0.398594 0.032626 -0.062911 0.140073 0.056052 0.390073 -0.166342 0.623415 -0.022327 0.617284 0.399411 0.620147 0.006446 0.581230 -0.180992 0.562711 -0.285320 0.562910 -0.092736 0.430865 -0.183226 0.289236 0.532037 0.314129 0.051325 0.575225 0.241297 0.413936 -0.140529 0.508668 -0.072177 0.514387 -0.098623 0.528021 -0.016874 0.402306 0.260003 0.275501 0.246750 0.258553 0.310594 0.172718 -0.074134 0.261916
0.568311 0.470744 0.524121 0.474553 0.013941 -0.058371 0.489278 0.568343 0.050694 0.031969 0.523197 0.481122 0.538152 0.572928 0.209596 0.153718 0.421533 0.626996 0.514981 0.492208 0.359065 0.255132 0.587056 0.436208 0.100939 0.037005 -0.077682 -0.018850 0.454669 0.000000 0.522812 0.450353 0.564371 0.575990 0.468719 0.454177 0.418596 0.309807 0.347490 0.210902 0.380214 0.358365 0.498878 0.562195 0.492979 0.518267 0.412474 0.484658 0.465472 0.413551 0.462107 0.469213 0.365025 0.406054 0.331824 0.524640 0.544656 0.437134 0.550063 0.465116 0.530421 0.482055 0.581497 0.583199 0.355400 0.524151 0.542765 0.540904 0.370183 0.393441 0.471048 0.159277 0.424869 0.478216 0.317001 0.374820 0.363773 0.353871 0.365245 0.485956 0.485608 0.499892 0.568830 0.248403 0.415600 0.389233 0.137701 0.097264 0.215047 0.237361 0.313474 0.436671 0.338804 0.474070 0.230940 0.320380 0.402071 0.441227 0.365416 0.273480 0.223030 0.028655 0.198561 0.023332 0.173457 0.081426 0.047738 -0.041582 0.112901 0.309819 0.511981 0.499415 0.530163 0.426647 0.328033 0.098753
0.411938 0.500349 0.517014 0.609779 0.233916 0.337513 0.600619 0.287113 0.090128 0.251280 0.542610 0.648295 0.614362 0.571274 0.426240 0.539477 0.610502 0.406175 0.549660 0.426594 0.532249 0.535500 0.513695 0.628579 0.351729 0.392262 0.266557 0.361714 0.667207 0.522812 0.000000 0.667465 0.524837 0.403869 0.352725 0.287705 0.510120 0.581231 0.274260 0.518062 0.358447 0.518526 0.223618 0.381036 0.349666 0.269582 0.061598 0.227948 0.274250 0.173748 0.190889 0.292242 0.021454 0.279505 -0.049917 0.454385 0.340049 0.483584 0.425714 0.479401 0.243304 0.526328 0.631064 0.583238 0.560009 0.481248 0.461942 0.457507 0.435397 0.368105 0.488680 0.533460 0.404200 0.143417 0.055195 0.221910 0.185973 0.432129 -0.038145 0.584448 0.105875 0.601806 0.482197 0.544266 0.119517 0.534604 -0.073230 0.482208 -0.167101 0.476153 0.061654 0.496763 -0.041720 0.402215 0.511557 0.366430 0.196257 0.585730 0.345356 0.471008 -0.007661 0.437960 0.052221 0.440319 0.019061 0.467019 -0.005037 0.333366 0.224096 0.353623 0.354394 0.375387 0.410950 0.280491 0.047439 0.281492
0.383013 0.498941 0.514983 0.549372 0.333646 0.416760 0.593902 0.238476 0.228061 0.340935 0.544001 0.622699 0.620422 0.560578 0.513173 0.587666 0.562119 0.362759 0.532495 0.420161 0.532700 0.520629 0.491251 0.617633 0.458093 0.481956 0.285768 0.421284 0.652722 0.450353 0.667465 0.000000 0.479920 0.356462 0.344878 0.268696 0.491483 0.538611 0.225909 0.510962 0.301950 0.464476 0.146369 0.307483 0.325892 0.238524 0.004700 0.176993 0.228046 0.139066 0.150143 0.219235 -0.002742 0.201991 -0.084158 0.379684 0.312983 0.463249 0.382354 0.478878 0.203285 0.474859 0.587481 0.551097 0.572609 0.455790 0.445288 0.433019 0.461549 0.357102 0.412473 0.561615 0.407402 0.090791 -0.011371 0.152983 0.117548 0.371216 -0.085437 0.569326 0.057703 0.584268 0.466069 0.571390 0.122857 0.515705 -0.000630 0.512430 -0.160898 0.473056 0.009219 0.392407 -0.105966 0.331486 0.508261 0.322647 0.139792 0.538335 0.294772 0.409092 -0.003177 0.449196 0.081376 0.453954 0.012430 0.471502 0.036614 0.371960 0.273441 0.335470 0.256791 0.283433 0.299740 0.206084 -0.013440 0.236047
0.533988 0.608695 0.508029 0.587440 0.021540 0.058632 0.522585 0.490162 0.018121 0.051522 0.520893 0.541364 0.559382 0.522417 0.183690 0.289501 0.543355 0.537474 0.608903 0.610679 0.457448 0.350615 0.629965 0.539681 0.155767 0.200398 -0.002293 0.040708 0.499343 0.564371 0.524837 0.479920 0.000000 0.656656 0.605989 0.560123 0.467081 0.450893 0.304551 0.379773 0.395685 0.351005 0.525188 0.552512 0.600093 0.552327 0.366802 0.534618 0.499845 0.433166 0.437919 0.522089 0.340616 0.566312 0.197502 0.644786 0.526374 0.610794 0.637594 0.636019 0.494943 0.614931 0.594778 0.650434 0.499972 0.621520 0.682831 0.690106 0.555982 0.627339 0.393994 0.300209 0.426821 0.370999 0.148772 0.242047 0.240770 0.365285 0.094259 0.553801 0.260892 0.589918 0.425109 0.407381 0.316504 0.600728 -0.051863 0.279712 0.067096 0.503933 0.167338 0.543163 0.179396 0.465150 0.285974 0.270045 0.216167 0.499816 0.264727 0.288074 0.021266 0.201796 0.044912 0.190087 -0.003855 0.236365 0.008248 0.126096 0.292453 0.191813 0.447837 0.450473 0.483986 0.376132 0.197800 0.116036
0.557865 0.510168 0.505772 0.446462 -0.048216 -0.102912 0.432773 0.598651 0.025120 0.009330 0.468638 0.404623 0.459007 0.483302 0.077153 0.090442 0.382120 0.588417 0.523215 0.577513 0.305913 0.132983 0.611117 0.390274 0.034713 0.048962 -0.180902 -0.136240 0.337224 0.575990 0.403869 0.356462 0.656656 0.000000 0.596826 0.591462 0.380391 0.256770 0.304680 0.146903 0.345339 0.235765 0.601286 0.580933 0.591370 0.611778 0.492530 0.588683 0.531803 0.507715 0.517152 0.549344 0.472909 0.538495 0.357992 0.588833 0.560681 0.499313 0.619752 0.573880 0.606781 0.554490 0.518275 0.588515 0.333136 0.613718 0.646494 0.653506 0.447876 0.563749 0.349276 0.113657 0.427381 0.515088 0.291739 0.331326 0.345364 0.311644 0.279865 0.434767 0.430263 0.454974 0.428915 0.186779 0.443463 0.442001 0.092583 0.051484 0.272361 0.308662 0.328784 0.488448 0.389823 0.464714 0.142648 0.187397 0.341069 0.397657 0.288626 0.197889 0.161542 -0.032996 0.158228 -0.044609 0.121390 0.019772 0.056576 -0.084830 0.189597 0.228614 0.502308 0.505522 0.520887 0.444695 0.347412 0.024626
0.494706 0.472557 0.469791 0.425622 -0.001353 -0.047349 0.410517 0.483889 0.054386 0.038461 0.404805 0.349615 0.443209 0.457274 0.140953 0.138201 0.305848 0.467908 0.476326 0.525681 0.356772 0.191267 0.589821 0.400636 0.105468 0.075153 -0.103750 -0.023880 0.286052 0.468719 0.352725 0.344878 0.605989 0.596826 0.000000 0.634635 0.433416 0.302238 0.369896 0.209643 0.386824 0.267719 0.512854 0.474722 0.558747 0.527932 0.432306 0.514664 0.484214 0.416502 0.442866 0.451860 0.403126 0.483136 0.317235 0.536447 0.503279 0.450636 0.543884 0.511280 0.494693 0.434105 0.424140 0.469058 0.421518 0.553035 0.632947 0.605786 0.461679 0.542151 0.358949 0.144411 0.334629 0.435797 0.237788 0.266279 0.298706 0.281173 0.191402 0.341568 0.321663 0.416597 0.407538 0.223106 0.415162 0.416189 0.116516 0.109070 0.236606 0.306907 0.291073 0.453327 0.311727 0.479730 0.166262 0.214070 0.283063 0.334613 0.266199 0.193726 0.169414 0.034056 0.184897 0.020652 0.088140 0.071565 0.015064 0.008849 0.245900 0.155227 0.417413 0.428539 0.446391 0.399740 0.230225 0.033955
0.461347 0.399082 0.405357 0.377123 -0.058397 -0.125012 0.367721 0.514547 -0.006059 -0.052416 0.361427 0.291738 0.377457 0.368984 0.043242 0.030966 0.246319 0.431551 0.418533 0.463840 0.293980 0.140411 0.555685 0.348761 0.022891 -0.024479 -0.118911 -0.088428 0.216202 0.454177 0.287705 0.268696 0.560123 0.591462 0.634635 0.000000 0.336636 0.211787 0.340205 0.146635 0.345084 0.215743 0.561703 0.515864 0.487072 0.510884 0.454584 0.524686 0.468021 0.397767 0.442537 0.425511 0.426523 0.472548 0.353185 0.520002 0.452034 0.378141 0.512199 0.475776 0.514244 0.425532 0.398016 0.442573 0.322610 0.509075 0.596871 0.580535 0.392153 0.506240 0.347182 0.063916 0.290780 0.455880 0.321777 0.250651 0.385625 0.321907 0.239074 0.324689 0.358000 0.343391 0.378917 0.141373 0.398879 0.342997 0.146025 0.033650 0.272870 0.244117 0.391711 0.464834 0.379248 0.474427 0.141909 0.232063 0.367135 0.342386 0.330718 0.216399 0.260350 -0.010588 0.258100 -0.028332 0.177775 0.028094 0.068883 -0.010422 0.198645 0.178211 0.513445 0.485461 0.472025 0.462198 0.318326 0.091124
0.543679 0.537631 0.601120 0.509348 0.370491 0.321178 0.582117 0.347436 0.229210 0.340323 0.583727 0.533766 0.600061 0.583702 0.463898 0.440174 0.398477 0.380764 0.564809 0.520916 0.529560 0.413644 0.539943 0.548910 0.426377 0.381181 0.173060 0.289985 0.453388 0.418596 0.510120 0.491483 0.467081 0.380391 0.433416 0.336636 0.000000 0.574844 0.532619 0.436683 0.480287 0.470849 0.240416 0.350252 0.382196 0.281171 0.169760 0.294070 0.270047 0.277321 0.298938 0.350046 0.187925 0.297638 0.151923 0.475023 0.482569 0.495688 0.467460 0.508531 0.339397 0.411893 0.485812 0.492295 0.532274 0.510247 0.473338 0.449974 0.549262 0.468121 0.499579 0.435804 0.375083 0.225923 0.091711 0.212236 0.218512 0.337031 0.036254 0.368477 0.170101 0.519280 0.559017 0.412476 0.324515 0.477208 0.166330 0.368677 0.074536 0.382935 0.216680 0.466271 0.148753 0.499089 0.378686 0.335449 0.258069 0.454678 0.367272 0.418262 0.171926 0.255322 0.180872 0.257543 0.038586 0.277548 -0.092857 0.168573 0.217968 0.261452 0.371244 0.412870 0.421431 0.284226 0.028851 0.099675
