0.000000,0.741757,0.780677,0.689478,0.640491,0.162701,0.738490,0.803754,0.362532,0.253887,0.719695,0.753868,0.707606,0.499833,0.597806,0.423584,0.612171,0.658309,0.701097,0.822266,0.471613,0.610098,0.666305,0.724586,0.484219,0.440740,0.171575,0.195636,0.616779,0.700153,0.652948,0.749943,0.795435,0.816248,0.572473,0.493224,0.418887,0.520493,0.298150,0.267396,0.407395,0.205647,0.401223,0.498923,0.409614,0.461624,0.447233,0.479442,0.353847,0.290739,0.394610,0.202842,0.460572,0.221472,0.452854,0.404466,0.782030,0.651322,0.648098,0.662287,0.647327,0.523148,0.622378,0.665736,0.511534,0.281575,0.650190,0.631601,0.763965,0.654438,0.720632,0.600693,0.581016,0.668333,0.443958,0.470955,0.606780,0.504837,0.401369,0.451271,0.560063,0.494201,0.587470,0.588025,0.570549,0.359281,0.484518,0.435401,0.368145,0.231869,0.451088,0.261635,0.477507,0.247481,0.297039,0.261474,0.416139,0.422733,0.495403,0.499862,0.433495,0.259162,0.483448,0.289090,0.236180,0.260009,0.305061,0.268492,0.108612,0.385953,0.411749,0.425572,0.506051,0.409003,0.352730,0.166958
0.741757,0.000000,0.652959,0.671626,0.602331,0.273055,0.619796,0.677063,0.342224,0.338162,0.637696,0.723628,0.591746,0.241448,0.391960,0.268493,0.628484,0.499524,0.691530,0.717433,0.343346,0.409882,0.607256,0.608540,0.608555,0.566909,0.262435,0.316776,0.589591,0.526368,0.550182,0.589011,0.730698,0.702412,0.450436,0.359349,0.223461,0.374083,0.058031,0.079557,0.212958,0.068704,0.310976,0.412976,0.350832,0.340245,0.328341,0.378313,0.250807,0.265953,0.277786,0.257459,0.272207,0.305514,0.217387,0.297643,0.761718,0.797496,0.549611,0.559187,0.507737,0.572930,0.513879,0.638640,0.455850,0.366061,0.615010,0.551422,0.756566,0.692937,0.533535,0.555409,0.481808,0.430616,0.223318,0.335618,0.358806,0.340774,0.232558,0.450157,0.334532,0.549179,0.481277,0.597234,0.564156,0.473790,0.244300,0.417456,0.057858,0.316305,0.252182,0.265393,0.199537,0.251785,0.239031,0.227657,0.264899,0.285342,0.310809,0.316720,0.137457,0.301346,0.240514,0.270268,0.181406,0.264272,0.181587,0.232138,0.043620,0.245118,0.222800,0.286198,0.397547,0.257408,0.292245,0.078610
0.780677,0.652959,0.000000,0.804402,0.635900,-0.039623,0.825968,0.780179,0.219838,0.131896,0.746927,0.707901,0.771880,0.517962,0.689379,0.571665,0.649819,0.614016,0.783798,0.758114,0.661171,0.707975,0.789689,0.847439,0.374180,0.372815,0.009440,0.127319,0.728319,0.723634,0.784266,0.831704,0.776645,0.750022,0.509618,0.464035,0.541127,0.647106,0.407818,0.403477,0.423098,0.292253,0.419007,0.469466,0.403463,0.463123,0.377508,0.461774,0.297963,0.331280,0.256313,0.287830,0.316347,0.294134,0.450154,0.453614,0.705243,0.553578,0.595797,0.618220,0.554261,0.489130,0.455086,0.559286,0.433819,0.306968,0.557325,0.544770,0.681366,0.498541,0.790729,0.745218,0.561651,0.606211,0.368336,0.500581,0.608329,0.604553,0.275456,0.517527,0.472358,0.574529,0.669956,0.644169,0.398527,0.459147,0.469884,0.447601,0.237411,0.380285,0.452444,0.300113,0.470033,0.429681,0.427368,0.356065,0.395833,0.502301,0.471380,0.547740,0.395532,0.416366,0.510456,0.453773,0.007185,0.103011,0.146830,0.467150,0.159359,0.420146,0.394837,0.425651,0.473122,0.261174,0.169672,0.140263
0.689478,0.671626,0.804402,0.000000,0.544918,-0.108388,0.814730,0.700320,0.114410,0.064134,0.746299,0.691098,0.766755,0.358077,0.619123,0.570277,0.706358,0.488361,0.831685,0.650455,0.667193,0.664934,0.811153,0.815402,0.306430,0.336893,-0.069889,0.110586,0.804901,0.628529,0.791564,0.753379,0.764184,0.667501,0.482201,0.483781,0.554438,0.683251,0.405844,0.462889,0.405641,0.269095,0.472702,0.491220,0.451871,0.467060,0.356065,0.480954,0.307967,0.383026,0.193080,0.438377,0.195773,0.493200,0.399864,0.539743,0.682046,0.593383,0.618191,0.617899,0.501608,0.597652,0.361970,0.554243,0.393362,0.461412,0.565876,0.549864,0.650756,0.453306,0.695853,0.797589,0.573589,0.460927,0.259779,0.515897,0.524580,0.642963,0.060876,0.651180,0.268111,0.715421,0.688938,0.721199,0.347016,0.653824,0.357190,0.557699,0.020769,0.605256,0.386827,0.408969,0.348896,0.609499,0.522810,0.435065,0.333975,0.538892,0.401659,0.544261,0.202657,0.598376,0.377168,0.590825,-0.101441,0.127503,-0.030514,0.600122,0.192945,0.405838,0.347009,0.416109,0.483372,0.156450,0.116554,0.108623
0.640491,0.602331,0.635900,0.544918,0.000000,0.419879,0.511769,0.565705,0.616446,0.555524,0.454486,0.673667,0.463872,0.202771,0.409422,0.136972,0.449339,0.472501,0.517436,0.624273,0.380465,0.390901,0.464919,0.627042,0.603071,0.671072,0.450715,0.548572,0.443874,0.506964,0.498451,0.609721,0.567149,0.609440,0.307648,0.178018,0.118688,0.285354,-0.022976,-0.036260,0.030106,0.120412,-0.015552,0.102192,0.027218,0.055390,0.085703,0.090823,-0.116150,-0.123571,-0.030985,-0.153421,0.129423,-0.076301,0.083843,0.076382,0.543092,0.437174,0.344317,0.348645,0.324090,0.230007,0.361405,0.361466,0.253719,-0.037932,0.400723,0.343009,0.573333,0.483913,0.629860,0.566630,0.332728,0.489800,0.158486,0.182200,0.269489,0.191498,0.359592,0.196148,0.413425,0.275262,0.343053,0.440115,0.459174,0.215388,0.367730,0.260322,0.170272,0.116058,0.083183,-0.084429,0.167257,0.048932,0.209811,0.184383,0.211079,0.199665,0.207488,0.193970,0.279675,0.212212,0.397628,0.231534,0.153420,0.038396,0.289698,0.139989,-0.021943,0.145838,0.068949,0.036872,0.201652,0.128160,0.109251,0.039073
0.162701,0.273055,-0.039623,-0.108388,0.419879,0.000000,-0.166292,0.099283,0.685741,0.711798,-0.115252,0.198778,-0.166795,-0.191847,-0.198880,-0.470112,-0.085984,0.061593,-0.143707,0.170362,-0.296619,-0.235147,-0.223115,-0.102760,0.550602,0.618820,0.716693,0.669484,-0.240128,-0.060582,-0.236117,-0.100777,0.022894,0.166541,0.022447,-0.127496,-0.440646,-0.369038,-0.461364,-0.501985,-0.305884,-0.174349,-0.291497,-0.124946,-0.192674,-0.205310,-0.039896,-0.158541,-0.224193,-0.318776,-0.007963,-0.387704,0.103803,-0.325121,-0.249731,-0.317781,0.106767,0.215660,-0.045238,-0.008732,0.036311,-0.014080,0.215721,0.129637,0.103883,-0.193584,0.141017,0.101569,0.159649,0.311698,-0.039890,-0.137098,-0.110140,0.074463,-0.010601,-0.227855,-0.197730,-0.398600,0.311072,-0.205002,0.155055,-0.221658,-0.270038,-0.055314,0.387461,-0.198914,0.037231,-0.046162,0.119798,-0.329150,-0.192013,-0.223803,-0.172316,-0.496936,-0.275545,-0.166866,-0.023210,-0.274763,-0.081970,-0.279731,0.014321,-0.306214,-0.027696,-0.363598,0.465137,0.181091,0.348857,-0.510140,-0.281669,-0.192334,-0.173720,-0.252568,-0.076768,0.154715,0.211749,-0.058798
0.738490,0.619796,0.825968,0.814730,0.511769,-0.166292,0.000000,0.755733,0.075114,-0.046942,0.779388,0.676274,0.817700,0.504431,0.691497,0.634860,0.665762,0.568378,0.804284,0.678798,0.660592,0.717585,0.836240,0.811548,0.296295,0.258238,-0.143847,-0.034142,0.772852,0.704111,0.811044,0.794191,0.792964,0.704606,0.517176,0.526200,0.588484,0.687528,0.473011,0.498659,0.486019,0.294458,0.526768,0.536148,0.504265,0.539330,0.416192,0.531599,0.420281,0.460506,0.312991,0.452603,0.308756,0.445394,0.487594,0.539222,0.685519,0.552034,0.615253,0.634903,0.571288,0.567186,0.426717,0.578191,0.441192,0.449662,0.566405,0.558313,0.633578,0.432917,0.743149,0.722193,0.584824,0.541625,0.345656,0.541891,0.610033,0.664345,0.175911,0.613421,0.395898,0.655394,0.723498,0.662310,0.343160,0.551191,0.401158,0.483804,0.160754,0.485287,0.477859,0.421459,0.453230,0.545384,0.445323,0.352271,0.347876,0.513106,0.449270,0.571372,0.297188,0.463536,0.402375,0.483875,-0.063598,0.127837,0.032649,0.547904,0.188640,0.415088,0.412199,0.483304,0.488631,0.226928,0.175261,0.112136
0.803754,0.677063,0.780179,0.700320,0.565705,0.099283,0.755733,0.000000,0.258817,0.196446,0.708992,0.676102,0.706819,0.624575,0.616317,0.522730,0.564217,0.644883,0.661974,0.802170,0.492854,0.627189,0.682898,0.734603,0.418941,0.371321,0.060002,0.093165,0.594606,0.669994,0.629941,0.756197,0.787369,0.824303,0.639673,0.590379,0.482182,0.539944,0.383201,0.334278,0.503853,0.219799,0.507331,0.603561,0.510005,0.573128,0.538141,0.582347,0.468547,0.419444,0.504856,0.309104,0.536588,0.286996,0.549764,0.473331,0.732653,0.619286,0.659682,0.695556,0.688953,0.575148,0.617977,0.707405,0.549850,0.401783,0.686122,0.684177,0.709471,0.570849,0.676824,0.567032,0.620164,0.670978,0.516263,0.528169,0.670283,0.570454,0.360693,0.490963,0.542497,0.502885,0.609493,0.566657,0.494807,0.358157,0.463782,0.427489,0.403950,0.242870,0.559692,0.378157,0.555041,0.271173,0.284679,0.247043,0.457977,0.445473,0.560635,0.540469,0.462734,0.224824,0.491605,0.252568,0.222537,0.265920,0.301161,0.261360,0.107611,0.436905,0.507043,0.496864,0.525463,0.454231,0.350369,0.136161
0.362532,0.342224,0.219838,0.114410,0.616446,0.685741,0.075114,0.258817,0.000000,0.739556,0.042549,0.416432,0.067830,-0.006837,0.129304,-0.239076,0.075024,0.281757,0.095006,0.365200,0.007230,0.035927,-0.007795,0.192275,0.486463,0.617145,0.743292,0.724646,-0.004429,0.216569,0.066291,0.164214,0.221850,0.347309,0.190489,0.051480,-0.176064,-0.066754,-0.233349,-0.283599,-0.170728,-0.007873,-0.213248,-0.078440,-0.175328,-0.175045,0.024472,-0.095271,-0.261749,-0.419639,-0.075380,-0.483591,0.128063,-0.370257,-0.086544,-0.154373,0.252637,0.214336,0.116237,0.113865,0.160519,-0.016857,0.326436,0.189701,0.130581,-0.304903,0.228375,0.206802,0.354069,0.407892,0.319323,0.154649,0.103229,0.357948,0.146180,-0.027905,0.075420,-0.119363,0.433180,-0.103248,0.370976,-0.081780,-0.060504,0.120719,0.463002,-0.153669,0.351336,0.083672,0.312491,-0.218296,-0.070346,-0.329201,0.049995,-0.317570,0.009704,0.058715,0.183484,0.013923,0.109715,-0.004931,0.273820,-0.084598,0.289281,-0.051041,0.420276,0.150550,0.390324,-0.273537,-0.133126,0.038532,-0.011293,-0.129155,0.114133,0.227462,0.215587,0.082341
0.253887,0.338162,0.131896,0.064134,0.555524,0.711798,-0.046942,0.196446,0.739556,0.000000,-0.011301,0.299076,-0.053133,-0.079491,-0.043549,-0.269155,0.023649,0.115389,0.003963,0.307608,-0.085185,-0.104482,-0.112134,0.125348,0.502838,0.664164,0.734989,0.780299,-0.068100,0.018083,-0.073181,0.093668,0.113256,0.287383,0.127019,-0.029967,-0.275461,-0.176977,-0.357152,-0.398581,-0.231164,-0.176077,-0.275765,-0.124177,-0.216243,-0.246444,-0.032065,-0.136021,-0.326129,-0.425813,-0.094572,-0.453366,0.073715,-0.327226,-0.165636,-0.205712,0.209964,0.238042,0.087150,0.039509,0.063235,-0.034053,0.227084,0.137297,0.076813,-0.260587,0.220656,0.164531,0.288339,0.382199,0.131309,0.128858,0.070281,0.186947,0.062097,-0.102742,-0.057026,-0.203836,0.268027,-0.145815,0.172687,-0.093360,-0.149911,0.067305,0.393950,-0.108573,0.197552,0.064604,0.162056,-0.180630,-0.167670,-0.320950,-0.088882,-0.368512,-0.073997,-0.003997,0.106819,-0.083514,0.027887,-0.134159,0.135606,-0.094641,0.190090,-0.113633,0.365672,0.118699,0.367441,-0.334231,-0.185339,-0.056637,-0.099449,-0.231264,0.003385,0.132759,0.150105,0.005127
0.719695,0.637696,0.746927,0.746299,0.454486,-0.115252,0.779388,0.708992,0.042549,-0.011301,0.000000,0.674864,0.832563,0.481037,0.625642,0.558334,0.721227,0.520621,0.744941,0.645540,0.547972,0.650366,0.760541,0.722780,0.360125,0.318172,-0.121847,-0.029541,0.763031,0.645759,0.735270,0.734550,0.768545,0.671869,0.482184,0.463625,0.545192,0.625532,0.398120,0.432056,0.483075,0.223090,0.499151,0.526337,0.503853,0.531985,0.393289,0.518540,0.409309,0.504523,0.323993,0.483806,0.290956,0.508461,0.446181,0.503663,0.714915,0.594534,0.593436,0.602264,0.564494,0.604258,0.454960,0.581372,0.482961,0.491359,0.561825,0.542896,0.624741,0.482991,0.655234,0.677716,0.544141,0.477013,0.342037,0.489997,0.562636,0.617127,0.157997,0.586914,0.328243,0.668100,0.709399,0.678108,0.372124,0.577184,0.306228,0.477541,0.100322,0.485969,0.452729,0.492553,0.397361,0.514694,0.363914,0.286599,0.310874,0.438905,0.405061,0.510149,0.215737,0.447139,0.325973,0.420997,-0.006835,0.204588,0.032908,0.497045,0.146799,0.321169,0.389167,0.446740,0.484803,0.222260,0.209507,0.117840
0.753868,0.723628,0.707901,0.691098,0.673667,0.198778,0.676274,0.676102,0.416432,0.299076,0.674864,0.000000,0.679164,0.261640,0.469317,0.230374,0.660566,0.574092,0.685344,0.689688,0.433711,0.486794,0.651432,0.681514,0.544322,0.535118,0.259638,0.307507,0.649472,0.666958,0.655788,0.664756,0.753999,0.702125,0.439595,0.374415,0.302218,0.468332,0.115982,0.152783,0.226902,0.184665,0.243737,0.343261,0.288374,0.330685,0.251782,0.312163,0.184271,0.150520,0.156192,0.134496,0.225036,0.230940,0.245899,0.309618,0.691089,0.571385,0.548587,0.536348,0.544579,0.522273,0.525567,0.568119,0.400694,0.242351,0.555840,0.525406,0.676601,0.534875,0.699241,0.645751,0.503537,0.564089,0.228948,0.333388,0.433827,0.415107,0.341100,0.437381,0.445765,0.536269,0.538544,0.616545,0.542675,0.447541,0.329505,0.405994,0.145544,0.329086,0.248917,0.180666,0.284110,0.288003,0.276378,0.220291,0.262087,0.326663,0.310155,0.372062,0.249129,0.375019,0.356988,0.351301,0.166189,0.213655,0.205138,0.305329,0.043690,0.225707,0.229122,0.244538,0.404281,0.232861,0.225363,0.108566
0.707606,0.591746,0.771880,0.766755,0.463872,-0.166795,0.817700,0.706819,0.067830,-0.053133,0.832563,0.679164,0.000000,0.500552,0.685224,0.590780,0.694116,0.528094,0.761900,0.626454,0.607947,0.689106,0.796954,0.755424,0.306493,0.264633,-0.138222,-0.044633,0.769791,0.678803,0.793552,0.759406,0.777674,0.660555,0.494238,0.486296,0.584672,0.670758,0.448607,0.487998,0.480238,0.285515,0.507052,0.511317,0.476594,0.523126,0.382037,0.499038,0.389919,0.465312,0.277794,0.453188,0.261677,0.478637,0.454090,0.517776,0.667246,0.524616,0.576953,0.584403,0.559894,0.570258,0.420224,0.541952,0.458542,0.458475,0.531448,0.525141,0.606819,0.429490,0.717944,0.704276,0.531115,0.498360,0.343062,0.512972,0.589395,0.651764,0.168461,0.588959,0.355218,0.654735,0.716781,0.666079,0.316115,0.554420,0.362367,0.465621,0.135854,0.496885,0.454112,0.444744,0.431092,0.555932,0.427720,0.337129,0.326445,0.482553,0.411064,0.544584,0.252609,0.482645,0.368064,0.476393,-0.041114,0.177551,0.018044,0.547847,0.179681,0.365666,0.396989,0.451854,0.477307,0.208581,0.198131,0.156492
0.499833,0.241448,0.517962,0.358077,0.202771,-0.191847,0.504431,0.624575,-0.006837,-0.079491,0.481037,0.261640,0.500552,0.000000,0.635463,0.613603,0.271469,0.552666,0.346294,0.556580,0.410227,0.573548,0.438504,0.474583,0.033599,-0.067015,-0.194399,-0.261813,0.324249,0.504471,0.390513,0.543302,0.508595,0.581661,0.592059,0.585976,0.590435,0.512598,0.562857,0.447687,0.632980,0.253419,0.538946,0.581777,0.472232,0.579084,0.591514,0.589508,0.533665,0.469828,0.581511,0.276988,0.595908,0.170261,0.690851,0.470621,0.472958,0.276612,0.484411,0.533253,0.607426,0.331440,0.548933,0.510202,0.495281,0.276698,0.472701,0.519219,0.424879,0.299466,0.484833,0.262498,0.492747,0.600926,0.691530,0.527311,0.736769,0.588944,0.345926,0.263174,0.538202,0.263326,0.513413,0.291363,0.229799,0.065519,0.455399,0.212250,0.605586,0.008177,0.711909,0.359805,0.742311,0.175790,0.267582,0.222131,0.579327,0.476853,0.664862,0.604307,0.639423,0.019266,0.576593,0.147099,0.261362,0.292994,0.362370,0.201012,0.209540,0.521128,0.674392,0.608114,0.523575,0.582238,0.374157,0.224999
0.597806,0.391960,0.689379,0.619123,0.409422,-0.198880,0.691497,0.616317,0.129304,-0.043549,0.625642,0.469317,0.685224,0.635463,0.000000,0.697130,0.509286,0.577922,0.627313,0.564470,0.677401,0.762400,0.648782,0.681392,0.077849,0.088671,-0.100323,-0.027117,0.614890,0.651857,0.674108,0.679965,0.638047,0.584803,0.546914,0.555885,0.683702,0.710133,0.619520,0.595564,0.597687,0.323936,0.492662,0.480186,0.442743,0.449041,0.432239,0.490086,0.348481,0.335314,0.285683,0.282634,0.338894,0.282020,0.589897,0.547690,0.587867,0.361971,0.522192,0.540156,0.515166,0.365687,0.441442,0.443762,0.399347,0.256881,0.475280,0.482581,0.565759,0.382792,0.720949,0.587701,0.546250,0.595304,0.576431,0.655077,0.704303,0.695915,0.235626,0.475128,0.453159,0.490819,0.670563,0.580965,0.255756,0.311721,0.606122,0.493352,0.398745,0.317093,0.539751,0.312775,0.586011,0.457465,0.500783,0.386689,0.503664,0.599919,0.543834,0.648460,0.477218,0.366014,0.547200,0.484884,0.018202,0.173396,0.104873,0.490202,0.267990,0.497708,0.532681,0.504971,0.561476,0.363024,0.183972,0.201149
0.423584,0.268493,0.571665,0.570277,0.136972,-0.470112,0.634860,0.522730,-0.239076,-0.269155,0.558334,0.230374,0.590780,0.613603,0.697130,0.000000,0.402383,0.387789,0.557084,0.422285,0.630429,0.687643,0.602564,0.596889,-0.144896,-0.141549,-0.411852,-0.293695,0.573449,0.470780,0.589591,0.591082,0.522976,0.467175,0.494673,0.583184,0.705424,0.682113,0.691659,0.681146,0.668533,0.210412,0.616159,0.559165,0.535154,0.530320,0.464510,0.576808,0.489144,0.528920,0.392493,0.522249,0.353206,0.458886,0.637579,0.638063,0.450839,0.323551,0.532530,0.540375,0.435591,0.411885,0.260598,0.415550,0.315159,0.436966,0.433113,0.447659,0.390639,0.221046,0.483500,0.514048,0.523227,0.387708,0.464992,0.640746,0.636514,0.729028,-0.040445,0.562964,0.216958,0.533297,0.650247,0.497958,0.071918,0.396676,0.435964,0.468100,0.246978,0.453896,0.573044,0.456861,0.537441,0.571409,0.475549,0.358800,0.410816,0.574157,0.517311,0.628465,0.342943,0.390775,0.411168,0.482139,-0.159295,0.107195,-0.058524,0.549052,0.330880,0.501997,0.542054,0.565890,0.501877,0.261779,0.113840,0.115440
0.612171,0.628484,0.649819,0.706358,0.449339,-0.085984,0.665762,0.564217,0.075024,0.023649,0.721227,0.660566,0.694116,0.271469,0.509286,0.402383,0.000000,0.595315,0.700432,0.573571,0.570881,0.535121,0.677317,0.639363,0.353950,0.338669,-0.072067,0.036418,0.784600,0.664688,0.649361,0.627635,0.663474,0.557068,0.396065,0.361091,0.493000,0.611691,0.284442,0.334697,0.328395,0.332508,0.371560,0.418198,0.431985,0.418978,0.262535,0.380334,0.273328,0.341290,0.162718,0.374418,0.116192,0.449253,0.301567,0.432039,0.685624,0.571437,0.525884,0.503154,0.473272,0.562928,0.417857,0.528405,0.408984,0.396727,0.488317,0.472613,0.597686,0.436399,0.596195,0.662887,0.522202,0.421367,0.190294,0.401665,0.408916,0.521086,0.256135,0.545292,0.349669,0.679542,0.711225,0.740314,0.417753,0.603296,0.230507,0.479984,-0.027024,0.508966,0.281581,0.338217,0.256135,0.506576,0.410163,0.360221,0.315989,0.457307,0.302604,0.433761,0.115306,0.515415,0.256474,0.490346,-0.082368,0.104457,-0.012635,0.497552,0.063611,0.340818,0.269122,0.356449,0.398328,0.106335,0.005952,0.084418
0.658309,0.499524,0.614016,0.488361,0.472501,0.061593,0.568378,0.644883,0.281757,0.115389,0.520621,0.574092,0.528094,0.552666,0.577922,0.387789,0.595315,0.000000,0.498997,0.679749,0.484245,0.538410,0.502504,0.556081,0.281032,0.236397,0.065976,0.028833,0.491661,0.743902,0.474508,0.595865,0.609141,0.656775,0.563084,0.477589,0.489587,0.525792,0.368670,0.302058,0.455240,0.362870,0.365367,0.482945,0.469204,0.488343,0.426354,0.445092,0.375988,0.265352,0.404915,0.115661,0.447497,0.090640,0.504624,0.386175,0.643190,0.470511,0.538721,0.576705,0.638929,0.429275,0.635515,0.627457,0.512304,0.170259,0.540989,0.564995,0.588275,0.479403,0.631322,0.413645,0.533114,0.693208,0.481899,0.440022,0.586157,0.479770,0.604759,0.374035,0.718230,0.410765,0.597990,0.542647,0.567825,0.200204,0.494855,0.340719,0.480539,0.076453,0.510153,0.174813,0.574364,0.168472,0.254182,0.232696,0.539961,0.462194,0.546109,0.536339,0.548001,0.142650,0.531447,0.243059,0.244259,0.207745,0.342061,0.184932,0.007141,0.454763,0.490914,0.492720,0.510687,0.478711,0.170634,0.122032
0.701097,0.691530,0.783798,0.831685,0.517436,-0.143707,0.804284,0.661974,0.095006,0.003963,0.744941,0.685344,0.761900,0.346294,0.627313,0.557084,0.700432,0.498997,0.000000,0.650413,0.636732,0.655247,0.812117,0.779289,0.312250,0.294288,-0.068939,0.066109,0.790618,0.627658,0.792813,0.734658,0.768032,0.641377,0.465841,0.447762,0.536553,0.662561,0.393746,0.447355,0.394976,0.273167,0.459616,0.460585,0.441149,0.444679,0.340724,0.461987,0.303040,0.387357,0.187861,0.432770,0.183175,0.480583,0.376834,0.514762,0.701089,0.620547,0.596413,0.599780,0.495491,0.570313,0.366416,0.536583,0.413045,0.438776,0.545792,0.513608,0.678043,0.494986,0.691723,0.757610,0.544513,0.449347,0.248755,0.507318,0.517482,0.621217,0.068970,0.622364,0.283638,0.707977,0.678786,0.703043,0.361870,0.629951,0.351035,0.522909,0.018222,0.565796,0.375504,0.393986,0.333644,0.605761,0.510232,0.424991,0.319980,0.521774,0.385120,0.543767,0.190289,0.577427,0.353036,0.585533,-0.100492,0.128724,-0.043828,0.608329,0.216559,0.391573,0.334532,0.432192,0.493563,0.161014,0.142293,0.136309
0.822266,0.717433,0.758114,0.650455,0.624273,0.170362,0.678798,0.802170,0.365200,0.307608,0.645540,0.689688,0.626454,0.556580,0.564470,0.422285,0.573571,0.679749,0.650413,0.000000,0.460698,0.579397,0.611995,0.707580,0.460377,0.428428,0.192316,0.205238,0.556512,0.687276,0.587163,0.733813,0.740628,0.824230,0.578902,0.486813,0.413517,0.493191,0.292671,0.231717,0.399627,0.218957,0.376699,0.497663,0.387227,0.461079,0.451677,0.466286,0.330942,0.267502,0.409829,0.140544,0.470114,0.136684,0.454369,0.366755,0.749810,0.630941,0.617325,0.644505,0.630586,0.481961,0.626082,0.673056,0.490941,0.222505,0.626251,0.622845,0.764863,0.672063,0.687545,0.563941,0.570732,0.678697,0.476865,0.454277,0.620817,0.487738,0.447091,0.393558,0.591464,0.425738,0.553229,0.543127,0.548495,0.267485,0.494291,0.385992,0.420634,0.148841,0.474667,0.202512,0.517038,0.174438,0.283849,0.269767,0.477957,0.431374,0.536965,0.500284,0.497694,0.192148,0.529221,0.244118,0.273623,0.238876,0.376263,0.202224,0.096990,0.436102,0.449102,0.445090,0.502450,0.457141,0.340351,0.188456
0.471613,0.343346,0.661171,0.667193,0.380465,-0.296619,0.660592,0.492854,0.007230,-0.085185,0.547972,0.433711,0.607947,0.410227,0.677401,0.630429,0.570881,0.484245,0.636732,0.460698,0.000000,0.728924,0.649948,0.691471,0.019520,0.101097,-0.198034,-0.015823,0.695571,0.625000,0.689723,0.639804,0.519848,0.455116,0.378039,0.426746,0.663436,0.732175,0.568298,0.589873,0.425413,0.451116,0.418119,0.402589,0.372758,0.411942,0.306277,0.398372,0.248508,0.295908,0.107781,0.323810,0.129049,0.341463,0.443422,0.514708,0.468226,0.308313,0.454299,0.463796,0.353785,0.351905,0.229742,0.348784,0.258622,0.253471,0.351628,0.384283,0.447709,0.240205,0.656717,0.678844,0.453139,0.419822,0.295239,0.493799,0.533368,0.642898,0.126735,0.511300,0.340324,0.559362,0.680012,0.624327,0.201548,0.482779,0.472156,0.499578,0.138047,0.490662,0.405854,0.271230,0.417263,0.563946,0.576069,0.489696,0.422192,0.614093,0.425453,0.571833,0.318475,0.515983,0.443370,0.589740,-0.218946,-0.024491,-0.110670,0.594663,0.217429,0.508694,0.386514,0.418737,0.409811,0.124472,-0.083622,0.104024
0.610098,0.409882,0.707975,0.664934,0.390901,-0.235147,0.717585,0.627189,0.035927,-0.104482,0.650366,0.486794,0.689106,0.573548,0.762400,0.687643,0.535121,0.538410,0.655247,0.579397,0.728924,0.000000,0.679835,0.715317,0.043730,0.080622,-0.172392,-0.066023,0.669114,0.673709,0.727133,0.722751,0.645526,0.600339,0.488107,0.525049,0.709045,0.738766,0.667414,0.653035,0.585910,0.393189,0.514830,0.522850,0.443109,0.512218,0.441196,0.520146,0.384397,0.395799,0.293221,0.358258,0.327173,0.343307,0.593279,0.574650,0.579376,0.395811,0.559241,0.598693,0.486909,0.422862,0.389602,0.468761,0.342237,0.282450,0.459824,0.500714,0.542462,0.387659,0.718437,0.653859,0.536326,0.548967,0.511504,0.620454,0.706439,0.712932,0.161902,0.577397,0.403236,0.519270,0.699487,0.610850,0.252590,0.406058,0.579160,0.549630,0.329402,0.407656,0.547004,0.358587,0.572714,0.513391,0.559994,0.447120,0.485599,0.618175,0.538673,0.647319,0.460526,0.425816,0.532838,0.514077,-0.020867,0.147456,0.028601,0.570484,0.328982,0.533270,0.514716,0.516645,0.551738,0.332631,0.192140,0.175908
0.666305,0.607256,0.789689,0.811153,0.464919,-0.223115,0.836240,0.682898,-0.007795,-0.112134,0.760541,0.651432,0.796954,0.438504,0.648782,0.602564,0.677317,0.502504,0.812117,0.611995,0.649948,0.679835,0.000000,0.785718,0.309847,0.242622,-0.176446,-0.071786,0.786721,0.670181,0.815503,0.750758,0.759354,0.623825,0.417009,0.441393,0.551064,0.666024,0.426313,0.472453,0.432942,0.287243,0.470024,0.474211,0.450599,0.490681,0.320973,0.463522,0.375542,0.477101,0.229412,0.492058,0.187317,0.475124,0.395902,0.488835,0.647072,0.526064,0.541309,0.566290,0.497705,0.547361,0.352227,0.512098,0.386852,0.459873,0.482946,0.462169,0.576443,0.363310,0.702314,0.712495,0.505267,0.437949,0.258191,0.490493,0.524644,0.621550,0.101299,0.584516,0.305388,0.659208,0.721483,0.660606,0.264098,0.581511,0.286031,0.454529,0.027024,0.512030,0.400085,0.433547,0.355023,0.572299,0.440435,0.335977,0.263406,0.457438,0.350424,0.501614,0.178935,0.479678,0.305773,0.486093,-0.145114,0.080182,-0.038628,0.583888,0.184225,0.344814,0.322492,0.416687,0.426773,0.134211,0.114920,0.096696
0.724586,0.608540,0.847439,0.815402,0.627042,-0.102760,0.811548,0.734603,0.192275,0.125348,0.722780,0.681514,0.755424,0.474583,0.681392,0.596889,0.639363,0.556081,0.779289,0.707580,0.691471,0.715317,0.785718,0.000000,0.306028,0.347960,-0.021866,0.136754,0.751583,0.686943,0.802712,0.832136,0.746173,0.707599,0.473297,0.452776,0.558620,0.676137,0.423228,0.435226,0.402944,0.277121,0.386642,0.424305,0.358949,0.409873,0.322172,0.419612,0.235361,0.283020,0.171986,0.277540,0.234372,0.304903,0.425192,0.466738,0.661313,0.501392,0.577156,0.580867,0.489293,0.456741,0.374030,0.496254,0.353659,0.281166,0.518391,0.502953,0.641517,0.444933,0.780726,0.795665,0.556419,0.565300,0.326213,0.505126,0.580742,0.625305,0.184090,0.533761,0.389750,0.588004,0.670030,0.649748,0.334086,0.490823,0.463201,0.477457,0.176128,0.451258,0.400885,0.264843,0.430562,0.483996,0.483960,0.386392,0.368371,0.521183,0.435427,0.540045,0.361739,0.493248,0.508674,0.530791,-0.064403,0.059949,0.083090,0.534562,0.191962,0.409254,0.355782,0.379612,0.450581,0.193130,0.110202,0.136736
0.484219,0.608555,0.374180,0.306430,0.603071,0.550602,0.296295,0.418941,0.486463,0.502838,0.360125,0.544322,0.306493,0.033599,0.077849,-0.144896,0.353950,0.281032,0.312250,0.460377,0.019520,0.043730,0.309847,0.306028,0.000000,0.773467,0.498520,0.460653,0.236211,0.307289,0.233028,0.316802,0.412328,0.420893,0.092126,-0.057886,-0.239769,-0.086199,-0.389174,-0.396660,-0.180455,-0.061383,-0.142008,-0.001209,-0.028129,-0.029757,-0.040160,-0.035846,-0.072691,-0.008293,0.043124,-0.078454,0.046648,-0.068094,-0.199090,-0.215606,0.439706,0.477134,0.098731,0.124292,0.201136,0.183988,0.313633,0.294389,0.256468,0.053591,0.264866,0.168198,0.421067,0.414382,0.303936,0.216262,0.111300,0.222176,-0.057843,-0.135691,-0.031160,-0.155238,0.351125,-0.034022,0.270143,0.127808,0.137051,0.244817,0.409032,0.112644,-0.070912,-0.013926,-0.068081,-0.103683,-0.112119,-0.041486,-0.144227,-0.214087,-0.186851,-0.121753,-0.074965,-0.203260,-0.085476,-0.169488,-0.089522,-0.119467,-0.062055,-0.193708,0.173908,0.031233,0.238994,-0.182737,-0.238789,-0.156765,-0.169028,-0.141289,-0.041033,0.014733,0.123234,-0.080781
0.440740,0.566909,0.372815,0.336893,0.671072,0.618820,0.258238,0.371321,0.617145,0.664164,0.318172,0.535118,0.264633,-0.067015,0.088671,-0.141549,0.338669,0.236397,0.294288,0.428428,0.101097,0.080622,0.242622,0.347960,0.773467,0.000000,0.591863,0.668410,0.258951,0.279571,0.242328,0.315312,0.348576,0.393561,0.067557,-0.060456,-0.202216,-0.033709,-0.349955,-0.338486,-0.204419,-0.069111,-0.191263,-0.050262,-0.085684,-0.109107,-0.081664,-0.082397,-0.214306,-0.150776,-0.095277,-0.170474,-0.030448,-0.103109,-0.217891,-0.187173,0.384264,0.436846,0.102861,0.120533,0.105505,0.141092,0.219963,0.241370,0.135256,-0.048051,0.246093,0.165961,0.406093,0.420566,0.328099,0.335398,0.107220,0.198107,-0.087090,-0.117646,-0.053906,-0.132038,0.277038,0.030558,0.195980,0.142773,0.119047,0.300421,0.409489,0.145555,0.057273,0.111223,-0.084336,-0.002933,-0.166648,-0.116027,-0.175284,-0.170006,-0.064870,-0.019131,-0.033181,-0.122387,-0.071589,-0.146775,-0.065874,0.003483,0.017872,-0.068756,0.145171,-0.006782,0.173652,-0.139848,-0.227860,-0.117954,-0.181055,-0.197244,-0.014855,-0.037020,0.038485,-0.076990
0.171575,0.262435,0.009440,-0.069889,0.450715,0.716693,-0.143847,0.060002,0.743292,0.734989,-0.121847,0.259638,-0.138222,-0.194399,-0.100323,-0.411852,-0.072067,0.065976,-0.068939,0.192316,-0.198034,-0.172392,-0.176446,-0.021866,0.498520,0.591863,0.000000,0.761396,-0.182239,-0.013239,-0.136803,-0.045022,0.036516,0.147071,0.011586,-0.131068,-0.384340,-0.290707,-0.427645,-0.484318,-0.315643,-0.116570,-0.358372,-0.211428,-0.299341,-0.323919,-0.125820,-0.242809,-0.343210,-0.470803,-0.147276,-0.515941,0.002492,-0.411635,-0.273956,-0.326036,0.116702,0.157456,-0.051950,-0.070356,0.001710,-0.125016,0.203392,0.042020,0.033575,-0.353153,0.088409,0.036211,0.201450,0.321336,0.085551,-0.028398,-0.074402,0.131001,0.017116,-0.187054,-0.132592,-0.326211,0.312068,-0.247017,0.189536,-0.212553,-0.266995,-0.028110,0.358000,-0.233648,0.122314,-0.049150,0.150163,-0.316283,-0.250392,-0.385274,-0.172171,-0.450737,-0.155767,-0.075231,0.018776,-0.190889,-0.080421,-0.222788,0.062626,-0.211290,0.071572,-0.211117,0.383155,0.091061,0.293286,-0.399472,-0.150689,-0.143493,-0.178314,-0.296726,-0.039968,0.106878,0.164744,-0.029089
0.195636,0.316776,0.127319,0.110586,0.548572,0.669484,-0.034142,0.093165,0.724646,0.780299,-0.029541,0.307507,-0.044633,-0.261813,-0.027117,-0.293695,0.036418,0.028833,0.066109,0.205238,-0.015823,-0.066023,-0.071786,0.136754,0.460653,0.668410,0.761396,0.000000,-0.010325,0.002288,0.003378,0.072658,0.078854,0.175732,0.009995,-0.124804,-0.284603,-0.151702,-0.356431,-0.351052,-0.299830,-0.135871,-0.331013,-0.220897,-0.281481,-0.340994,-0.159621,-0.237901,-0.429338,-0.485942,-0.275984,-0.444291,-0.108399,-0.287959,-0.272978,-0.225285,0.157453,0.208411,0.004461,-0.033439,-0.067660,-0.078307,0.082164,0.018984,-0.037740,-0.298524,0.119082,0.055756,0.255164,0.332752,0.162661,0.209302,-0.005978,0.094324,-0.056787,-0.111772,-0.147380,-0.221331,0.149390,-0.077264,0.061673,-0.049000,-0.173721,0.120250,0.322001,-0.028779,0.195553,0.130618,0.006606,-0.064931,-0.289301,-0.345662,-0.219198,-0.248532,-0.005341,0.042429,0.004284,-0.083525,-0.090407,-0.171701,0.000445,0.033557,0.102601,0.005926,0.201068,0.013252,0.151638,-0.211550,-0.151645,-0.125308,-0.214046,-0.313641,-0.029964,-0.021103,0.018310,-0.039242
0.616779,0.589591,0.728319,0.804901,0.443874,-0.240128,0.772852,0.594606,-0.004429,-0.068100,0.763031,0.649472,0.769791,0.324249,0.614890,0.573449,0.784600,0.491661,0.790618,0.556512,0.695571,0.669114,0.786721,0.751583,0.236211,0.258951,-0.182239,-0.010325,0.000000,0.654806,0.782711,0.706361,0.708046,0.570274,0.403816,0.440085,0.593965,0.721698,0.425721,0.498498,0.412227,0.307463,0.448271,0.444318,0.428775,0.439441,0.287170,0.429537,0.295909,0.393544,0.130283,0.467926,0.091838,0.532361,0.370766,0.533182,0.660208,0.531133,0.557778,0.536034,0.447413,0.557642,0.334342,0.487690,0.322512,0.435802,0.480412,0.462327,0.586428,0.374377,0.664004,0.779149,0.560818,0.406779,0.211953,0.493745,0.492451,0.654066,0.058056,0.644068,0.247890,0.734739,0.759991,0.743670,0.293486,0.675792,0.295272,0.553209,-0.053657,0.640418,0.326802,0.396866,0.292844,0.648787,0.537273,0.427712,0.295565,0.534848,0.335380,0.514222,0.123244,0.621214,0.293940,0.611217,-0.192490,0.081839,-0.129997,0.656161,0.194849,0.378934,0.310659,0.390323,0.430506,0.066625,0.022833,0.100384
0.700153,0.526368,0.723634,0.628529,0.506964,-0.060582,0.704111,0.669994,0.216569,0.018083,0.645759,0.666958,0.678803,0.504471,0.651857,0.470780,0.664688,0.743902,0.627658,0.687276,0.625000,0.673709,0.670181,0.686943,0.307289,0.279571,-0.013239,0.002288,0.654806,0.000000,0.685809,0.703012,0.670056,0.651901,0.431351,0.422527,0.519301,0.612627,0.403273,0.371729,0.420351,0.413780,0.352892,0.433342,0.383421,0.467153,0.323646,0.385638,0.332272,0.296485,0.271801,0.188710,0.307728,0.154062,0.419591,0.365123,0.622141,0.427897,0.494159,0.552013,0.541154,0.420290,0.508546,0.542435,0.375070,0.173474,0.437731,0.466565,0.591817,0.431670,0.765698,0.570186,0.488586,0.646474,0.367671,0.420728,0.594422,0.530438,0.518677,0.425297,0.630482,0.449585,0.696389,0.609516,0.414517,0.278262,0.472389,0.362092,0.340742,0.202676,0.431259,0.187376,0.498928,0.299616,0.338127,0.272932,0.402227,0.449564,0.435400,0.499140,0.436779,0.240356,0.452831,0.314209,0.060894,0.083628,0.200505,0.333057,0.060625,0.412318,0.392118,0.414964,0.436842,0.297676,0.108833,0.132083
0.652948,0.550182,0.784266,0.791564,0.498451,-0.236117,0.811044,0.629941,0.066291,-0.073181,0.735270,0.655788,0.793552,0.390513,0.674108,0.589591,0.649361,0.474508,0.792813,0.587163,0.689723,0.727133,0.815503,0.802712,0.233028,0.242328,-0.136803,0.003378,0.782711,0.685809,0.000000,0.781752,0.721409,0.596559,0.357298,0.385380,0.564362,0.687224,0.443218,0.496320,0.375679,0.296377,0.392641,0.379058,0.338756,0.403431,0.244784,0.372036,0.243483,0.337172,0.097185,0.366180,0.113658,0.374034,0.353867,0.452146,0.585937,0.439345,0.504035,0.521616,0.405835,0.446644,0.266350,0.411850,0.271575,0.310013,0.402233,0.402008,0.565311,0.372858,0.767394,0.777540,0.470335,0.446805,0.227650,0.471357,0.529592,0.622044,0.089040,0.562799,0.291023,0.605840,0.680059,0.629326,0.208197,0.528996,0.380156,0.452202,0.053246,0.514044,0.345830,0.299983,0.358398,0.586752,0.505821,0.386947,0.256548,0.487503,0.324801,0.503255,0.236396,0.540648,0.383953,0.567197,-0.173626,0.026245,-0.066694,0.629773,0.235405,0.350713,0.280515,0.349188,0.405537,0.083400,0.083642,0.154041
0.749943,0.589011,0.831704,0.753379,0.609721,-0.100777,0.794191,0.756197,0.164214,0.093668,0.734550,0.664756,0.759406,0.543302,0.679965,0.591082,0.627635,0.595865,0.734658,0.733813,0.639804,0.722751,0.750758,0.832136,0.316802,0.315312,-0.045022,0.072658,0.706361,0.703012,0.781752,0.000000,0.742800,0.729318,0.476572,0.430954,0.552234,0.637544,0.427522,0.413961,0.428003,0.287006,0.379308,0.423134,0.352034,0.431164,0.328693,0.414096,0.259779,0.300714,0.227820,0.247877,0.294418,0.251075,0.453916,0.435024,0.659763,0.478833,0.565408,0.576748,0.506079,0.423471,0.395297,0.494631,0.362681,0.249300,0.500781,0.498633,0.648337,0.469685,0.778188,0.741483,0.547377,0.604811,0.373551,0.503617,0.615134,0.604191,0.256796,0.490252,0.450769,0.517933,0.651156,0.594118,0.314609,0.404265,0.474890,0.418248,0.260391,0.359659,0.427240,0.243845,0.476817,0.417252,0.409595,0.327170,0.369376,0.483168,0.441017,0.524766,0.415377,0.408702,0.527309,0.451104,-0.034295,0.047409,0.141300,0.479659,0.172991,0.398806,0.372558,0.386187,0.426824,0.228478,0.141710,0.142600
0.795435,0.730698,0.776645,0.764184,0.567149,0.022894,0.792964,0.787369,0.221850,0.113256,0.768545,0.753999,0.777674,0.508595,0.638047,0.522976,0.663474,0.609141,0.768032,0.740628,0.519848,0.645526,0.759354,0.746173,0.412328,0.348576,0.036516,0.078854,0.708046,0.670056,0.721409,0.742800,0.000000,0.794604,0.631357,0.596726,0.513041,0.620976,0.372947,0.384993,0.474990,0.198897,0.519727,0.590207,0.513021,0.550407,0.492390,0.571080,0.444950,0.425773,0.407127,0.395219,0.416909,0.421193,0.498520,0.533726,0.783626,0.663718,0.698134,0.704840,0.691686,0.657707,0.601154,0.695379,0.562141,0.476239,0.705539,0.679995,0.730495,0.568559,0.702973,0.654364,0.635700,0.602598,0.428937,0.544084,0.626433,0.620565,0.243818,0.585281,0.442218,0.644725,0.676324,0.653742,0.510164,0.528162,0.396473,0.496559,0.244456,0.419323,0.505883,0.424438,0.485450,0.441826,0.416721,0.339758,0.417939,0.491161,0.505742,0.568992,0.355072,0.408469,0.445427,0.426387,0.181591,0.336888,0.201380,0.436547,0.202629,0.415997,0.453359,0.488900,0.569118,0.391962,0.368464,0.172017
0.816248,0.702412,0.750022,0.667501,0.609440,0.166541,0.704606,0.824303,0.347309,0.287383,0.671869,0.702125,0.660555,0.581661,0.584803,0.467175,0.557068,0.656775,0.641377,0.824230,0.455116,0.600339,0.623825,0.707599,0.420893,0.393561,0.147071,0.175732,0.570274,0.651901,0.596559,0.729318,0.794604,0.000000,0.659871,0.598579,0.455600,0.529717,0.341652,0.303061,0.460926,0.150753,0.462344,0.578735,0.457138,0.528960,0.535206,0.557798,0.417990,0.329458,0.481361,0.230259,0.534239,0.235890,0.532557,0.467112,0.764182,0.632916,0.692193,0.705858,0.698196,0.572230,0.674767,0.725179,0.532659,0.337622,0.710217,0.712090,0.742612,0.631888,0.670286,0.574195,0.640472,0.681342,0.526735,0.517843,0.659100,0.554612,0.378963,0.476755,0.549660,0.491362,0.577489,0.550300,0.562133,0.347181,0.494788,0.444988,0.426832,0.235888,0.541866,0.296898,0.563459,0.234807,0.318937,0.287866,0.494429,0.467246,0.581721,0.550353,0.511288,0.242890,0.548866,0.284632,0.338662,0.365013,0.393263,0.239450,0.146842,0.451766,0.505263,0.485673,0.561104,0.520380,0.440600,0.204195
0.572473,0.450436,0.509618,0.482201,0.307648,0.022447,0.517176,0.639673,0.190489,0.127019,0.482184,0.439595,0.494238,0.592059,0.546914,0.494673,0.396065,0.563084,0.465841,0.578902,0.378039,0.488107,0.417009,0.473297,0.092126,0.067557,0.011586,0.009995,0.403816,0.431351,0.357298,0.476572,0.631357,0.659871,0.000000,0.791440,0.561449,0.542723,0.478764,0.433603,0.611867,0.190810,0.639503,0.701046,0.637223,0.597480,0.713348,0.704062,0.563273,0.379399,0.614769,0.322186,0.662257,0.385304,0.712609,0.667069,0.614428,0.500443,0.736585,0.698996,0.777071,0.608470,0.682432,0.695536,0.711460,0.494879,0.786219,0.794862,0.575185,0.469833,0.433318,0.363191,0.684187,0.632781,0.657543,0.629798,0.704453,0.643545,0.263124,0.498893,0.470433,0.519777,0.499954,0.477162,0.561319,0.357659,0.506818,0.475977,0.524064,0.290693,0.674273,0.454024,0.660672,0.333277,0.397897,0.354788,0.648061,0.598504,0.717745,0.688772,0.552117,0.298321,0.576773,0.362066,0.358645,0.484790,0.295166,0.267069,0.189081,0.584746,0.703301,0.641122,0.682111,0.621975,0.420859,0.164750
0.493224,0.359349,0.464035,0.483781,0.178018,-0.127496,0.526200,0.590379,0.051480,-0.029967,0.463625,0.374415,0.486296,0.585976,0.555885,0.583184,0.361091,0.477589,0.447762,0.486813,0.426746,0.525049,0.441393,0.452776,-0.057886,-0.060456,-0.131068,-0.124804,0.440085,0.422527,0.385380,0.430954,0.596726,0.598579,0.791440,0.000000,0.631630,0.613156,0.581798,0.555973,0.680153,0.206899,0.711718,0.749022,0.660290,0.658882,0.733270,0.754832,0.650575,0.473812,0.624432,0.449436,0.622043,0.477576,0.749877,0.745062,0.545363,0.421244,0.728900,0.713023,0.731186,0.625188,0.623265,0.672461,0.581937,0.553958,0.723459,0.766985,0.488900,0.344844,0.398954,0.357681,0.675746,0.555561,0.645519,0.666918,0.716564,0.715099,0.147228,0.564279,0.384560,0.552780,0.559783,0.486029,0.434141,0.402409,0.467927,0.536059,0.463940,0.382256,0.697668,0.528630,0.659372,0.425090,0.465961,0.395575,0.619126,0.635317,0.712549,0.720011,0.489312,0.326461,0.501597,0.398891,0.289354,0.492168,0.183073,0.337012,0.267127,0.618954,0.731332,0.678250,0.692987,0.591924,0.421783,0.174761
0.418887,0.223461,0.541127,0.554438,0.118688,-0.440646,0.588484,0.482182,-0.176064,-0.275461,0.545192,0.302218,0.584672,0.590435,0.683702,0.705424,0.493000,0.489587,0.536553,0.413517,0.663436,0.709045,0.551064,0.558620,-0.239769,-0.202216,-0.384340,-0.284603,0.593965,0.519301,0.564362,0.552234,0.513041,0.455600,0.561449,0.631630,0.000000,0.816408,0.795877,0.788270,0.706610,0.440808,0.664180,0.632116,0.590949,0.627697,0.565885,0.648414,0.506218,0.490859,0.377533,0.476453,0.366524,0.490812,0.726082,0.742358,0.469048,0.280331,0.600388,0.605859,0.530235,0.480404,0.364576,0.465018,0.412449,0.414348,0.472553,0.552887,0.406143,0.223643,0.526318,0.539726,0.548597,0.472450,0.539231,0.670940,0.703756,0.794890,0.074088,0.590239,0.337347,0.588571,0.695133,0.574618,0.220502,0.463398,0.519005,0.567282,0.337803,0.496428,0.671917,0.496740,0.664482,0.632072,0.637295,0.555539,0.636333,0.772034,0.659745,0.780919,0.482033,0.515465,0.559514,0.611404,-0.007711,0.260037,0.021293,0.638196,0.358708,0.684402,0.682807,0.682602,0.650761,0.398915,0.165422,0.252467
