0.000000 0.329957 0.628376 0.517726 0.387274 0.426181 0.694479 0.359069 0.475605 0.342816 0.669114 0.405832 0.683599 0.352490 0.552944 0.407785 0.580999 0.412683 0.552911 0.569508 0.320212 0.354913 0.515729 0.559997 0.511337 0.412584 0.085732 0.325653 0.637677 0.407055 0.592556 0.531572 0.613407 0.582662 0.394481 0.531139 0.534488 0.390084 0.574794 0.316359 0.564839 0.534682 0.334471 0.355411 0.444309 0.213939 0.502766 0.327217 0.297109 0.155946 0.431688 -0.122400 0.348502 -0.304985 0.531065 0.093127 0.690895 0.213694 0.695465 0.299063 0.627635 0.062416 0.635297 0.064677 0.496362 0.176037 0.580270 0.519193 0.573424 0.420502 0.642196 0.278797 0.640965 0.394559 0.593904 0.368281 0.643297 0.509087 0.359238 0.083320 0.606942 0.075960 0.587869 0.186437 0.603482 -0.208765 0.453415 0.162185 0.416466 -0.265299 0.530046 0.156693 0.516650 0.103844 0.498240 0.487504 0.599806 0.502896 0.600289 0.424473 0.588986 0.151182 0.578998 0.422813 0.559908 0.431369 0.494335 0.271442 0.198154 0.394007 0.513825 0.337202 0.452818 0.431179 0.261389 0.472282
0.329957 0.000000 0.296298 0.518572 0.145215 0.207990 0.273910 0.505935 0.073631 0.332755 0.294480 0.612139 0.212866 0.600827 0.283153 0.392398 0.307965 0.607803 0.548905 0.597744 0.180885 0.227795 0.381308 0.318896 0.148831 0.219686 -0.151510 -0.180033 0.358863 0.631793 0.369306 0.391969 0.495077 0.517619 0.249729 0.427900 0.261058 0.472498 0.314021 0.470122 0.254323 0.415192 0.424201 0.534868 0.507578 0.479532 0.437016 0.501794 0.232930 0.480180 0.096687 0.305003 0.115029 0.091799 0.259981 0.470759 0.350738 0.677276 0.353350 0.649505 0.290669 0.542643 0.281104 0.598063 0.093201 0.524987 0.400500 0.554959 0.486099 0.588450 0.352883 0.450253 0.266066 0.568743 0.180876 0.382539 0.366739 0.529995 0.097481 0.373669 0.286361 0.585772 0.361917 0.493919 0.188639 0.308592 0.192198 0.343930 0.125529 0.199882 0.176030 0.398637 0.209420 0.267896 0.355093 0.410323 0.366860 0.450162 0.377911 0.459973 0.263081 0.350530 0.250491 0.317648 0.294341 0.431807 0.249933 0.260307 0.134136 0.303997 0.400510 0.437247 0.376091 0.278385 0.263671 0.347850
0.628376 0.296298 0.000000 0.558385 0.479024 0.512493 0.662925 0.291699 0.478992 0.469345 0.606982 0.345724 0.631046 0.352464 0.568853 0.514508 0.544593 0.421909 0.501397 0.539761 0.371413 0.436539 0.646916 0.684553 0.621592 0.509521 0.066138 0.326880 0.585745 0.400287 0.663313 0.643954 0.578787 0.557226 0.457512 0.538559 0.602442 0.474491 0.556161 0.341957 0.553574 0.567523 0.233519 0.260288 0.424030 0.132444 0.390209 0.260892 0.172064 0.090371 0.298144 -0.197933 0.199029 -0.403750 0.446051 0.127236 0.589616 0.196403 0.630410 0.267463 0.453566 0.031111 0.545830 0.093894 0.538224 0.188110 0.616856 0.501943 0.561751 0.409497 0.636464 0.394647 0.584356 0.413487 0.551394 0.314517 0.606149 0.526117 0.250341 0.082419 0.487895 0.095801 0.569288 0.261476 0.510354 -0.201605 0.482386 0.267272 0.295903 -0.304194 0.457592 0.100650 0.437266 0.070545 0.492223 0.499793 0.593700 0.573217 0.543116 0.494026 0.577217 0.129561 0.621111 0.531405 0.595237 0.509968 0.531512 0.380988 0.231070 0.349769 0.527444 0.271314 0.424517 0.352513 0.154989 0.504964
0.517726 0.518572 0.558385 0.000000 0.349528 0.390986 0.551354 0.531425 0.352097 0.485866 0.518202 0.532774 0.500072 0.584029 0.469487 0.542713 0.511497 0.558907 0.543778 0.580200 0.271845 0.331240 0.602078 0.560645 0.454840 0.429002 0.017072 0.087956 0.554124 0.583680 0.598964 0.605369 0.597166 0.612635 0.384140 0.516113 0.458037 0.559760 0.489389 0.493854 0.430816 0.522210 0.468085 0.518227 0.575431 0.417079 0.532215 0.496572 0.341434 0.431150 0.314018 0.202608 0.237657 -0.038579 0.406006 0.339954 0.517159 0.461051 0.544354 0.497220 0.485834 0.393331 0.518505 0.403386 0.385028 0.498799 0.533725 0.622305 0.447052 0.482038 0.589362 0.484776 0.434859 0.497573 0.354594 0.354448 0.511427 0.520563 0.240251 0.310321 0.471391 0.432797 0.503119 0.441305 0.425340 0.125727 0.370717 0.310770 0.256618 0.017974 0.426000 0.435982 0.444297 0.340141 0.481623 0.525121 0.563359 0.565970 0.571123 0.536595 0.440945 0.365443 0.425295 0.411092 0.496257 0.573027 0.388857 0.298521 0.207852 0.419296 0.523912 0.523415 0.562380 0.444829 0.368055 0.491908
0.387274 0.145215 0.479024 0.349528 0.000000 0.518502 0.459160 -0.003632 0.590814 0.504421 0.463852 0.187873 0.419392 0.181123 0.575016 0.460543 0.460765 0.188309 0.430362 0.379348 0.306649 0.459234 0.516130 0.522206 0.591555 0.514790 0.304300 0.523904 0.498578 0.230735 0.515458 0.494616 0.405165 0.331319 0.270561 0.292087 0.533418 0.420745 0.330404 0.396097 0.338774 0.296394 0.161502 0.103994 0.302789 -0.009073 0.181967 0.084982 -0.121353 -0.044325 -0.004943 -0.201785 -0.137194 -0.324679 0.100938 0.227188 0.374565 0.161671 0.455650 0.210735 0.214559 0.058880 0.445995 0.082712 0.383324 0.176283 0.494518 0.417107 0.409681 0.367224 0.441994 0.462582 0.304288 0.221430 0.297633 0.318843 0.320882 0.429475 -0.023077 0.151552 0.287779 0.087578 0.447714 0.349234 0.228607 0.025681 0.461382 0.473315 -0.060489 -0.064160 0.160257 0.025323 0.163490 0.131155 0.344278 0.339522 0.370796 0.451885 0.331805 0.433187 0.275048 0.268190 0.369493 0.537817 0.319355 0.427464 0.338077 0.540074 0.296436 0.187548 0.412184 0.184648 0.250061 0.119863 -0.038744 0.412222
0.426181 0.207990 0.512493 0.390986 0.518502 0.000000 0.479074 0.280592 0.348287 0.525882 0.397432 0.321506 0.440861 0.333640 0.407625 0.504146 0.318559 0.300165 0.337120 0.400403 0.254594 0.367744 0.436434 0.566273 0.526600 0.458229 0.212916 0.347065 0.401364 0.342363 0.527133 0.546490 0.417084 0.487321 0.277498 0.468363 0.467024 0.378552 0.492871 0.317220 0.451657 0.455557 0.097246 0.158746 0.243712 0.023453 0.259469 0.144049 0.094203 0.053513 0.209305 -0.201418 0.136577 -0.388281 0.371768 0.035445 0.371623 0.103323 0.451802 0.233879 0.287458 0.046835 0.333333 0.102277 0.329992 0.181329 0.420904 0.394656 0.399763 0.246214 0.513855 0.318448 0.436621 0.425567 0.493929 0.278841 0.468030 0.445726 0.201585 0.045516 0.303014 0.050561 0.416156 0.204736 0.338561 -0.214074 0.385106 0.179929 0.263602 -0.292841 0.431988 0.065772 0.433082 0.021725 0.413488 0.438810 0.491802 0.449449 0.441491 0.389404 0.528666 0.142700 0.572172 0.478356 0.526485 0.381097 0.510770 0.373224 0.221984 0.224187 0.410158 0.202932 0.333029 0.318331 0.114741 0.432698
0.694479 0.273910 0.662925 0.551354 0.459160 0.479074 0.000000 0.337502 0.529086 0.395132 0.671246 0.362708 0.701234 0.345656 0.583117 0.442690 0.601475 0.380367 0.519643 0.534093 0.336309 0.385864 0.570264 0.615043 0.590816 0.481801 0.128532 0.374913 0.652695 0.393447 0.641600 0.588191 0.610423 0.583993 0.422083 0.534559 0.577057 0.421298 0.588771 0.332832 0.586598 0.547954 0.318792 0.325655 0.445381 0.182290 0.487651 0.303699 0.285311 0.145599 0.430552 -0.133826 0.312680 -0.337405 0.516819 0.076774 0.662240 0.164340 0.695303 0.261444 0.591334 0.033027 0.641569 0.039381 0.557313 0.191504 0.606731 0.531468 0.532575 0.378941 0.664778 0.307126 0.627648 0.376918 0.582798 0.341087 0.628385 0.491739 0.346851 0.064378 0.603245 0.066393 0.593045 0.207351 0.604540 -0.217668 0.486440 0.187524 0.390376 -0.280027 0.535348 0.146780 0.514430 0.112431 0.506608 0.501462 0.617016 0.529549 0.607678 0.442985 0.591320 0.165290 0.596114 0.457013 0.584772 0.477720 0.521682 0.318366 0.221512 0.387906 0.524654 0.336126 0.467117 0.419258 0.243314 0.504334
0.359069 0.505935 0.291699 0.531425 -0.003632 0.280592 0.337502 0.000000 -0.051854 0.232420 0.264607 0.569063 0.292526 0.624983 0.127189 0.332162 0.197514 0.497406 0.319430 0.430447 0.091397 0.085786 0.241740 0.299738 0.091000 0.101689 -0.159196 -0.225573 0.271871 0.553474 0.304378 0.356714 0.417553 0.566087 0.218528 0.497797 0.145566 0.324758 0.429571 0.294413 0.309169 0.436864 0.359777 0.501536 0.379820 0.456183 0.491726 0.487543 0.512192 0.529383 0.438159 0.317623 0.459067 0.084255 0.528249 0.175898 0.334192 0.374355 0.345730 0.463192 0.456712 0.410163 0.244867 0.401373 0.131193 0.447355 0.248835 0.445844 0.275041 0.250201 0.406363 0.182041 0.376384 0.541557 0.347128 0.236701 0.434872 0.356376 0.380071 0.180801 0.350714 0.371190 0.312491 0.213768 0.378702 0.013223 0.185065 -0.032529 0.476102 -0.042625 0.501787 0.400269 0.520703 0.155566 0.387579 0.428341 0.447572 0.326277 0.493493 0.312442 0.442401 0.155099 0.348172 0.095266 0.443174 0.316136 0.338598 -0.026222 0.085580 0.371024 0.338941 0.449175 0.498119 0.508705 0.488307 0.308351
0.475605 0.073631 0.478992 0.352097 0.590814 0.348287 0.529086 -0.051854 0.000000 0.431081 0.578825 0.145658 0.527222 0.102300 0.610247 0.383591 0.571256 0.163301 0.443978 0.357237 0.297739 0.398635 0.509528 0.467359 0.579359 0.520863 0.308448 0.573623 0.577555 0.154081 0.522959 0.449404 0.414894 0.277827 0.259165 0.195439 0.531516 0.333202 0.301925 0.317059 0.361453 0.235889 0.234411 0.133079 0.357305 0.020095 0.245898 0.097604 -0.040695 -0.058150 0.087694 -0.179945 -0.073020 -0.251123 0.091346 0.145481 0.479897 0.102690 0.522754 0.152115 0.349750 0.008078 0.581166 -0.022788 0.470491 0.111860 0.492662 0.389387 0.376368 0.359540 0.446945 0.402932 0.367179 0.081576 0.286812 0.302755 0.324732 0.350387 0.026012 0.167151 0.403074 0.030264 0.433080 0.268076 0.316514 0.016370 0.396010 0.383672 -0.036794 -0.046278 0.172925 0.075649 0.166062 0.214091 0.297680 0.271839 0.364017 0.409823 0.348420 0.377606 0.236349 0.301047 0.310689 0.480628 0.252017 0.373988 0.242447 0.449433 0.203724 0.189036 0.378234 0.213657 0.236786 0.096824 -0.030244 0.370854
0.342816 0.332755 0.469345 0.485866 0.504421 0.525882 0.395132 0.232420 0.431081 0.000000 0.411980 0.427065 0.343670 0.421991 0.476444 0.624134 0.369650 0.386355 0.446235 0.464703 0.251802 0.408097 0.521720 0.544983 0.493456 0.506774 0.103896 0.285492 0.428817 0.418600 0.545572 0.590911 0.401536 0.401661 0.171112 0.352885 0.485903 0.506696 0.332252 0.424734 0.309631 0.384633 0.175135 0.200475 0.346645 0.097037 0.223366 0.203867 -0.056830 0.112668 -0.036224 -0.081908 -0.108373 -0.224980 0.118724 0.297661 0.303084 0.309684 0.392170 0.421448 0.206249 0.321098 0.350223 0.346984 0.233550 0.355928 0.406588 0.476916 0.372103 0.410839 0.451617 0.570044 0.303848 0.419313 0.261328 0.300328 0.349103 0.500674 -0.025669 0.257615 0.218462 0.294732 0.369178 0.438728 0.143318 0.117454 0.297179 0.403611 -0.035325 0.006046 0.188259 0.181258 0.214140 0.177842 0.382259 0.390097 0.408267 0.528968 0.373034 0.527555 0.307338 0.357263 0.399784 0.575378 0.360468 0.479698 0.355081 0.491146 0.205135 0.200498 0.451462 0.278368 0.309533 0.162166 0.012364 0.399330
0.669114 0.294480 0.606982 0.518202 0.463852 0.397432 0.671246 0.264607 0.578825 0.411980 0.000000 0.399230 0.676487 0.355765 0.634653 0.450662 0.646231 0.380902 0.576559 0.538869 0.322106 0.426528 0.575977 0.578439 0.538664 0.456651 0.081459 0.393034 0.670770 0.385851 0.616398 0.569994 0.586760 0.511281 0.340964 0.436708 0.577246 0.446336 0.540882 0.390541 0.518618 0.471338 0.317693 0.305659 0.472466 0.182452 0.430880 0.271113 0.192207 0.132247 0.307951 -0.110679 0.179246 -0.281479 0.389934 0.192229 0.646510 0.240957 0.672028 0.325550 0.569160 0.131239 0.663666 0.110018 0.513462 0.231075 0.567996 0.527325 0.523189 0.439649 0.605157 0.382440 0.562495 0.303913 0.506092 0.388308 0.545386 0.496570 0.210449 0.147890 0.560373 0.126431 0.591422 0.282031 0.513116 -0.072897 0.502800 0.312027 0.249055 -0.154497 0.405984 0.154444 0.402987 0.156673 0.461156 0.439680 0.546856 0.533684 0.558126 0.478438 0.477192 0.251073 0.498275 0.494192 0.483335 0.510264 0.432751 0.387813 0.179109 0.371593 0.533634 0.334155 0.424093 0.311314 0.194757 0.507712
0.405832 0.612139 0.345724 0.532774 0.187873 0.321506 0.362708 0.569063 0.145658 0.427065 0.399230 0.000000 0.320470 0.659983 0.329381 0.487872 0.318751 0.608626 0.516447 0.579589 0.188388 0.258339 0.378868 0.396042 0.187060 0.233517 -0.196848 -0.108521 0.384690 0.634623 0.422876 0.462303 0.467488 0.534021 0.162872 0.475913 0.349696 0.484396 0.386222 0.408706 0.313319 0.452872 0.320563 0.442295 0.427061 0.348713 0.409372 0.437723 0.209980 0.390663 0.140771 0.168581 0.140251 -0.047703 0.326653 0.372554 0.352328 0.524947 0.404767 0.647547 0.376461 0.546064 0.314579 0.572922 0.110214 0.529339 0.349226 0.561058 0.448525 0.497339 0.399829 0.438631 0.362700 0.578114 0.303635 0.376666 0.436237 0.554616 0.104139 0.311899 0.285013 0.480415 0.364838 0.410682 0.220717 0.165257 0.212319 0.273356 0.191294 0.034810 0.307477 0.348052 0.341178 0.155499 0.433041 0.433259 0.459465 0.524888 0.462532 0.538745 0.370318 0.303652 0.380281 0.382883 0.404266 0.442963 0.362916 0.246481 0.115233 0.324853 0.467168 0.413128 0.449013 0.323202 0.248506 0.369164
0.683599 0.212866 0.631046 0.500072 0.419392 0.440861 0.701234 0.292526 0.527222 0.343670 0.676487 0.320470 0.000000 0.297131 0.577189 0.419449 0.614174 0.350502 0.473998 0.478249 0.345957 0.390828 0.534419 0.576442 0.566341 0.466577 0.138828 0.381226 0.637967 0.349186 0.606598 0.547426 0.557348 0.524916 0.401180 0.484275 0.559353 0.393203 0.589220 0.297334 0.591406 0.510297 0.301085 0.296988 0.424181 0.156206 0.463265 0.274274 0.287120 0.110246 0.445498 -0.147700 0.330355 -0.318296 0.511353 0.043835 0.660747 0.118284 0.668563 0.191452 0.600826 -0.015410 0.644833 -0.024940 0.575718 0.145524 0.558731 0.464953 0.487179 0.329197 0.635450 0.251157 0.612392 0.305401 0.576012 0.315561 0.603976 0.433309 0.372515 0.044135 0.614086 0.027735 0.563270 0.171697 0.621054 -0.237987 0.499707 0.149848 0.400641 -0.286568 0.527455 0.138939 0.510239 0.120845 0.462480 0.448544 0.576094 0.486146 0.587044 0.394313 0.569479 0.154609 0.567084 0.413199 0.553105 0.432075 0.492024 0.276046 0.177411 0.356212 0.490128 0.310150 0.440598 0.408832 0.240334 0.478000
0.352490 0.600827 0.352464 0.584029 0.181123 0.333640 0.345656 0.624983 0.102300 0.421991 0.355765 0.659983 0.297131 0.000000 0.299061 0.496196 0.316415 0.579669 0.469998 0.533455 0.178554 0.270509 0.402987 0.415339 0.191548 0.232971 -0.170826 -0.132034 0.368263 0.636192 0.413385 0.489027 0.476552 0.556005 0.203955 0.464977 0.291236 0.487561 0.412951 0.465154 0.322609 0.463519 0.349530 0.458940 0.478093 0.451544 0.409941 0.448360 0.321175 0.506027 0.220974 0.284748 0.186808 0.020696 0.363713 0.394330 0.340081 0.531594 0.381090 0.607454 0.356320 0.536654 0.300406 0.564324 0.160873 0.561952 0.349230 0.553224 0.378545 0.439839 0.409025 0.421473 0.341168 0.573806 0.284413 0.360776 0.389037 0.479523 0.152890 0.295365 0.301374 0.520373 0.384329 0.452342 0.255382 0.211390 0.289702 0.276867 0.229819 0.087306 0.333939 0.370193 0.354490 0.193129 0.391620 0.445236 0.426391 0.463659 0.445733 0.475268 0.350996 0.279800 0.332472 0.299753 0.404775 0.474650 0.344695 0.219260 0.104257 0.338527 0.416636 0.429360 0.468457 0.342843 0.332629 0.386504
0.552944 0.283153 0.568853 0.469487 0.575016 0.407625 0.583117 0.127189 0.610247 0.476444 0.634653 0.329381 0.577189 0.299061 0.000000 0.511708 0.630741 0.375955 0.586043 0.525642 0.454472 0.561536 0.598184 0.576488 0.586820 0.525781 0.199146 0.461408 0.643024 0.369132 0.588285 0.546837 0.509158 0.407210 0.319974 0.355522 0.614805 0.488506 0.457515 0.436882 0.480854 0.420757 0.325824 0.275984 0.472219 0.141345 0.365458 0.251322 0.039140 0.099172 0.138533 -0.101690 -0.003626 -0.273870 0.246423 0.330031 0.546472 0.271415 0.602270 0.329689 0.388597 0.124562 0.609390 0.150789 0.488072 0.232748 0.588812 0.524089 0.525982 0.499413 0.529610 0.461550 0.452454 0.283376 0.373303 0.386314 0.429826 0.489771 0.126805 0.244306 0.508236 0.207169 0.588048 0.438582 0.397668 0.055421 0.555272 0.485262 0.054696 -0.042559 0.245923 0.128428 0.248377 0.188084 0.409816 0.433748 0.478745 0.558398 0.465604 0.524953 0.343772 0.294390 0.421836 0.545431 0.373695 0.462937 0.379830 0.491195 0.259568 0.210169 0.493804 0.291563 0.374295 0.196820 0.035392 0.435378
0.407785 0.392398 0.514508 0.542713 0.460543 0.504146 0.442690 0.332162 0.383591 0.624134 0.450662 0.487872 0.419449 0.496196 0.511708 0.000000 0.426084 0.507027 0.462937 0.497332 0.320477 0.447121 0.565031 0.577569 0.480126 0.469350 0.053191 0.214560 0.440810 0.486697 0.553616 0.603360 0.452599 0.457696 0.308552 0.427447 0.505320 0.554593 0.425986 0.427949 0.374313 0.454961 0.281511 0.308915 0.450612 0.215669 0.321946 0.324048 0.097743 0.233494 0.105548 0.016188 0.024442 -0.184347 0.260162 0.350813 0.365939 0.351598 0.445784 0.422523 0.298791 0.328414 0.395597 0.369765 0.360400 0.440591 0.465696 0.513008 0.428727 0.442075 0.489375 0.535766 0.356257 0.456897 0.310668 0.326881 0.432164 0.511301 0.086449 0.279299 0.308200 0.367869 0.404401 0.461350 0.264864 0.102255 0.405186 0.392441 0.079608 -0.029479 0.302934 0.273704 0.321016 0.215597 0.427446 0.433253 0.466569 0.562714 0.450361 0.568443 0.372740 0.319343 0.438129 0.509225 0.426404 0.492866 0.397514 0.369674 0.154621 0.255640 0.489202 0.345781 0.455428 0.275524 0.141083 0.381748
0.580999 0.307965 0.544593 0.511497 0.460765 0.318559 0.601475 0.197514 0.571256 0.369650 0.646231 0.318751 0.614174 0.316415 0.630741 0.426084 0.000000 0.404184 0.563684 0.505164 0.344851 0.445047 0.565559 0.512162 0.541274 0.510500 0.144886 0.376054 0.672594 0.419651 0.583741 0.525597 0.550004 0.435635 0.336583 0.355513 0.542490 0.453818 0.470245 0.393488 0.493921 0.423055 0.410557 0.344591 0.538090 0.255944 0.446561 0.312204 0.206578 0.195657 0.272001 -0.002823 0.131898 -0.172646 0.313573 0.260633 0.625608 0.296637 0.613152 0.285107 0.479585 0.111259 0.665200 0.125659 0.527977 0.246031 0.574573 0.512869 0.492103 0.471604 0.547429 0.374385 0.468424 0.260128 0.387405 0.379169 0.457523 0.430492 0.194112 0.191752 0.577792 0.220290 0.542284 0.361662 0.475229 0.039486 0.492903 0.368904 0.162817 -0.031357 0.311157 0.213357 0.299075 0.268619 0.382766 0.365510 0.456594 0.484178 0.469190 0.421648 0.357437 0.306129 0.378875 0.439785 0.376570 0.479222 0.317585 0.349004 0.157483 0.338113 0.475777 0.343551 0.404052 0.250756 0.158714 0.464210
0.412683 0.607803 0.421909 0.558907 0.188309 0.300165 0.380367 0.497406 0.163301 0.386355 0.380902 0.608626 0.350502 0.579669 0.375955 0.507027 0.404184 0.000000 0.531355 0.603245 0.292922 0.314404 0.459751 0.432423 0.284102 0.318970 -0.113448 -0.082841 0.411180 0.640227 0.472077 0.467447 0.481656 0.501419 0.284400 0.473575 0.392689 0.498284 0.390891 0.384255 0.361994 0.481426 0.415969 0.496356 0.507101 0.384513 0.474798 0.514946 0.236476 0.392014 0.160941 0.171966 0.166375 -0.044918 0.348720 0.383830 0.407906 0.536712 0.415998 0.552860 0.333252 0.409687 0.352528 0.519752 0.211578 0.459855 0.446021 0.549821 0.522224 0.568023 0.429217 0.422344 0.391246 0.559915 0.306669 0.320873 0.457730 0.525413 0.171404 0.378989 0.352689 0.495940 0.388262 0.458488 0.279826 0.142193 0.241959 0.284963 0.189864 0.020546 0.309216 0.391628 0.326074 0.242008 0.415771 0.432965 0.468418 0.541308 0.443965 0.537244 0.386059 0.312821 0.396480 0.388401 0.410898 0.437323 0.356141 0.210998 0.132781 0.281327 0.474759 0.424639 0.481740 0.351459 0.233900 0.364495
0.552911 0.548905 0.501397 0.543778 0.430362 0.337120 0.519643 0.319430 0.443978 0.446235 0.576559 0.516447 0.473998 0.469998 0.586043 0.462937 0.563684 0.531355 0.000000 0.682047 0.298637 0.405734 0.552245 0.500659 0.414404 0.386521 0.059884 0.233316 0.607591 0.522750 0.545010 0.508320 0.608673 0.529025 0.287425 0.422836 0.486450 0.478742 0.408319 0.485964 0.399772 0.424261 0.423456 0.438737 0.550331 0.322485 0.448998 0.385212 0.134148 0.276304 0.123250 0.064996 0.050727 -0.124505 0.265769 0.416935 0.564759 0.523997 0.583504 0.551227 0.425145 0.357509 0.563776 0.388088 0.312169 0.374967 0.577859 0.609959 0.619302 0.649625 0.508167 0.496004 0.439232 0.445498 0.339687 0.451832 0.460191 0.572201 0.077424 0.355170 0.460325 0.387107 0.568052 0.486837 0.331113 0.183540 0.411129 0.472459 0.086473 0.082457 0.232772 0.263479 0.241366 0.256275 0.439226 0.451442 0.470441 0.543316 0.464374 0.539099 0.345197 0.365446 0.374484 0.505263 0.356852 0.511467 0.336810 0.449708 0.227364 0.318535 0.514229 0.402126 0.410278 0.252549 0.158014 0.464899
0.569508 0.597744 0.539761 0.580200 0.379348 0.400403 0.534093 0.430447 0.357237 0.464703 0.538869 0.579589 0.478249 0.533455 0.525642 0.497332 0.505164 0.603245 0.682047 0.000000 0.311430 0.393917 0.532322 0.533572 0.403801 0.389478 -0.015097 0.148076 0.575662 0.589823 0.568178 0.548024 0.606162 0.595435 0.290975 0.512744 0.503333 0.512191 0.468924 0.460607 0.458055 0.525418 0.388319 0.455483 0.515454 0.331483 0.480237 0.428849 0.181465 0.292439 0.180182 0.030480 0.140585 -0.186020 0.369041 0.363962 0.561190 0.516164 0.585553 0.576943 0.437452 0.358331 0.515358 0.423189 0.273448 0.363853 0.560073 0.614900 0.644840 0.634854 0.544311 0.477003 0.506250 0.561283 0.429967 0.446714 0.541983 0.623060 0.161288 0.305867 0.455940 0.378823 0.555948 0.450906 0.367214 0.086298 0.383695 0.378727 0.199970 -0.021186 0.332774 0.268734 0.346309 0.188284 0.492246 0.493015 0.531687 0.574234 0.520731 0.547306 0.458446 0.301777 0.481302 0.508792 0.459313 0.497817 0.432039 0.401926 0.229767 0.332777 0.536230 0.402095 0.436809 0.323545 0.176995 0.463103
0.320212 0.180885 0.371413 0.271845 0.306649 0.254594 0.336309 0.091397 0.297739 0.251802 0.322106 0.188388 0.345957 0.178554 0.454472 0.320477 0.344851 0.292922 0.298637 0.311430 0.000000 0.587621 0.354086 0.375859 0.392276 0.367492 0.221630 0.224232 0.353727 0.229962 0.324041 0.292603 0.224669 0.210422 0.243621 0.252210 0.469902 0.381460 0.354204 0.335462 0.475863 0.410328 0.200407 0.195119 0.290853 0.098024 0.266989 0.217538 0.013794 0.062470 0.114285 -0.070579 0.059729 -0.209036 0.238738 0.277126 0.316618 0.147031 0.342500 0.175567 0.167999 -0.015175 0.304623 0.066512 0.318265 0.077995 0.387183 0.313755 0.341196 0.307910 0.289462 0.230584 0.303554 0.250351 0.233900 0.166729 0.266620 0.299596 0.258947 0.186666 0.385294 0.177873 0.462357 0.403552 0.326709 0.011587 0.372550 0.313113 0.083563 -0.045247 0.165702 0.079651 0.166160 0.067925 0.242175 0.426118 0.346345 0.420330 0.295677 0.346754 0.248283 0.111281 0.316713 0.309015 0.225843 0.128456 0.265161 0.247678 0.250020 -0.112291 0.187456 0.133972 0.222407 0.149175 -0.116601 0.164473
0.354913 0.227795 0.436539 0.331240 0.459234 0.367744 0.385864 0.085786 0.398635 0.408097 0.426528 0.258339 0.390828 0.270509 0.561536 0.447121 0.445047 0.314404 0.405734 0.393917 0.587621 0.000000 0.456974 0.489909 0.475893 0.468737 0.134384 0.341282 0.417770 0.302323 0.429343 0.450709 0.326293 0.262072 0.238427 0.251297 0.520943 0.484289 0.442649 0.448938 0.462402 0.421781 0.195375 0.175913 0.362258 0.137859 0.242968 0.194509 -0.041692 0.089222 0.036868 -0.092878 -0.058279 -0.254406 0.184577 0.383191 0.359858 0.229903 0.400639 0.267675 0.191196 0.092836 0.385487 0.160126 0.371725 0.195512 0.451744 0.410182 0.399551 0.387803 0.374944 0.393666 0.324208 0.277907 0.275434 0.251176 0.284573 0.402304 0.133897 0.194563 0.384290 0.242396 0.494596 0.488874 0.294200 0.112356 0.529471 0.461720 0.009784 0.008915 0.114575 0.043289 0.139669 0.077693 0.279120 0.354036 0.326056 0.461649 0.328147 0.411915 0.247886 0.226711 0.344233 0.456239 0.254818 0.290593 0.307497 0.419511 0.167910 0.034374 0.315125 0.138580 0.195494 0.052351 -0.123279 0.268967
0.515729 0.381308 0.646916 0.602078 0.516130 0.436434 0.570264 0.241740 0.509528 0.521720 0.575977 0.378868 0.534419 0.402987 0.598184 0.565031 0.565559 0.459751 0.552245 0.532322 0.354086 0.456974 0.000000 0.662799 0.607779 0.521563 0.078963 0.284150 0.578012 0.438595 0.659448 0.651017 0.584910 0.508785 0.476037 0.449160 0.582346 0.560933 0.462056 0.476323 0.440119 0.481251 0.313771 0.319233 0.523338 0.217810 0.356896 0.294578 0.100878 0.185067 0.133454 -0.037484 0.009896 -0.244734 0.257236 0.318685 0.503322 0.362204 0.553741 0.364241 0.352897 0.209597 0.518314 0.255132 0.517103 0.369294 0.628025 0.557383 0.521352 0.508157 0.568668 0.549803 0.421800 0.370811 0.349358 0.345759 0.474515 0.529332 0.073577 0.258049 0.401995 0.298498 0.532980 0.437062 0.363379 0.071854 0.459521 0.457658 0.071387 -0.072283 0.271761 0.214927 0.272961 0.235888 0.419056 0.475390 0.511494 0.604979 0.463356 0.563852 0.396817 0.303309 0.459485 0.564660 0.464771 0.604778 0.391482 0.473371 0.215269 0.338384 0.518264 0.338491 0.418797 0.262176 0.150008 0.509335
0.559997 0.318896 0.684553 0.560645 0.522206 0.566273 0.615043 0.299738 0.467359 0.544983 0.578439 0.396042 0.576442 0.415339 0.576488 0.577569 0.512162 0.432423 0.500659 0.533572 0.375859 0.489909 0.662799 0.000000 0.618530 0.506191 0.047871 0.326510 0.563067 0.429054 0.663020 0.678406 0.555814 0.553163 0.430809 0.525307 0.621598 0.540035 0.552392 0.414454 0.535387 0.563649 0.194266 0.236195 0.419679 0.128926 0.337055 0.229206 0.113359 0.117626 0.206856 -0.176153 0.093420 -0.411805 0.381992 0.196278 0.509369 0.232056 0.586543 0.326173 0.372549 0.112300 0.483850 0.176272 0.499566 0.285925 0.595621 0.529772 0.532455 0.419318 0.607257 0.465598 0.523506 0.434315 0.500301 0.338044 0.539342 0.541725 0.161232 0.130592 0.410815 0.165925 0.563044 0.339011 0.419990 -0.117920 0.512857 0.344222 0.206152 -0.257924 0.398325 0.081413 0.395624 0.061522 0.474103 0.509143 0.569521 0.606122 0.518522 0.538941 0.543296 0.163448 0.605470 0.581788 0.579343 0.554103 0.534184 0.467366 0.254966 0.314657 0.527473 0.260762 0.415260 0.309950 0.111354 0.526304
0.511337 0.148831 0.621592 0.454840 0.591555 0.526600 0.590816 0.091000 0.579359 0.493456 0.538664 0.187060 0.566341 0.191548 0.586820 0.480126 0.541274 0.284102 0.414404 0.403801 0.392276 0.475893 0.607779 0.618530 0.000000 0.630008 0.282298 0.482950 0.555176 0.285541 0.634284 0.584526 0.494375 0.415925 0.433028 0.404624 0.585728 0.434189 0.463943 0.354815 0.501473 0.450812 0.244691 0.201009 0.391494 0.061595 0.341713 0.199727 0.057274 0.007129 0.199267 -0.205168 0.081132 -0.348207 0.289229 0.125832 0.501081 0.109047 0.545988 0.139148 0.345071 -0.046550 0.525470 -0.001562 0.553402 0.152071 0.600049 0.454197 0.450756 0.348593 0.582920 0.401282 0.463868 0.286193 0.420724 0.229688 0.480917 0.437515 0.192069 0.112313 0.447901 0.064246 0.491770 0.290525 0.429649 -0.127051 0.449047 0.314686 0.143714 -0.190363 0.318274 0.081137 0.308827 0.146091 0.393378 0.411389 0.478503 0.501025 0.436383 0.422468 0.426507 0.228033 0.501327 0.530928 0.451407 0.449814 0.427997 0.432231 0.222153 0.256540 0.454753 0.232347 0.327051 0.243940 0.051906 0.425684
0.412584 0.219686 0.509521 0.429002 0.514790 0.458229 0.481801 0.101689 0.520863 0.506774 0.456651 0.233517 0.466577 0.232971 0.525781 0.469350 0.510500 0.318970 0.386521 0.389478 0.367492 0.468737 0.521563 0.506191 0.630008 0.000000 0.224771 0.369523 0.484579 0.353239 0.592732 0.554024 0.432035 0.360825 0.326928 0.330208 0.503661 0.422260 0.383542 0.341110 0.429932 0.405100 0.273074 0.233199 0.392388 0.100373 0.345931 0.253587 0.030134 0.056291 0.123493 -0.109009 0.027213 -0.236775 0.205637 0.194655 0.428303 0.196910 0.454649 0.221568 0.270412 0.053581 0.477180 0.119028 0.454949 0.213430 0.528284 0.463047 0.392449 0.373220 0.505321 0.430368 0.390513 0.320214 0.336717 0.283745 0.418226 0.440484 0.157425 0.165644 0.417077 0.191953 0.358380 0.356764 0.333682 0.002767 0.336430 0.328097 0.076951 -0.051722 0.208469 0.135324 0.202912 0.156664 0.315002 0.287503 0.374415 0.465306 0.362771 0.395811 0.304768 0.288098 0.386482 0.480828 0.342056 0.392993 0.345523 0.395226 0.103873 0.212774 0.421278 0.225971 0.233278 0.136136 -0.004658 0.343972
0.085732 -0.151510 0.066138 0.017072 0.304300 0.212916 0.128532 -0.159196 0.308448 0.103896 0.081459 -0.196848 0.138828 -0.170826 0.199146 0.053191 0.144886 -0.113448 0.059884 -0.015097 0.221630 0.134384 0.078963 0.047871 0.282298 0.224771 0.000000 0.445081 0.167861 -0.127159 0.074029 -0.011580 0.062013 0.008166 0.138644 -0.019852 0.107467 -0.005980 0.018076 0.114083 0.091875 -0.059957 0.184444 0.076864 0.101667 -0.022367 0.129849 0.041132 0.014165 -0.042744 0.101021 0.016632 0.062255 0.065485 0.011631 -0.022636 0.130557 -0.094941 0.123913 -0.152682 0.091625 -0.179217 0.213505 -0.223900 0.176240 -0.095515 0.156057 0.032759 0.023685 0.025247 0.149671 0.033173 0.023314 -0.112981 -0.006751 -0.046982 0.022105 -0.035206 0.176869 0.143516 0.203917 -0.056356 0.146187 0.094430 0.164976 0.012699 0.087446 0.079023 -0.010887 0.103172 0.065019 0.102060 0.054725 0.272900 0.066129 0.146986 0.084978 -0.003191 0.077226 -0.007004 -0.007285 0.211344 -0.007546 0.040680 -0.044706 -0.076322 -0.036436 0.082172 0.247898 -0.088247 -0.020518 0.150923 0.090664 0.154172 0.015364 0.027378
0.325653 -0.180033 0.326880 0.087956 0.523904 0.347065 0.374913 -0.225573 0.573623 0.285492 0.393034 -0.108521 0.381226 -0.132034 0.461408 0.214560 0.376054 -0.082841 0.233316 0.148076 0.224232 0.341282 0.284150 0.326510 0.482950 0.369523 0.445081 0.000000 0.383157 -0.088979 0.313855 0.255368 0.209758 0.094687 0.145324 0.067122 0.380401 0.123192 0.206853 0.130722 0.240629 0.079303 0.072430 -0.069451 0.127889 -0.137051 0.088847 -0.092520 -0.118741 -0.212857 0.066026 -0.292532 -0.071175 -0.310665 0.049386 -0.019611 0.322054 -0.161026 0.370755 -0.098058 0.201860 -0.230992 0.414827 -0.263498 0.347398 -0.134473 0.320948 0.163703 0.217212 0.127301 0.313065 0.176883 0.251961 -0.094524 0.251302 0.123461 0.182385 0.151327 0.043650 0.003019 0.281863 -0.207395 0.322651 0.067301 0.239600 -0.132751 0.346872 0.224044 -0.032197 -0.122810 0.129814 -0.130239 0.118813 0.064869 0.194577 0.126656 0.208111 0.178986 0.198421 0.156343 0.170852 0.125753 0.233758 0.338113 0.139594 0.145467 0.167853 0.319438 0.199780 0.066856 0.207255 0.031906 0.091716 0.027088 -0.134157 0.206670
0.637677 0.358863 0.585745 0.554124 0.498578 0.401364 0.652695 0.271871 0.577555 0.428817 0.670770 0.384690 0.637967 0.368263 0.643024 0.440810 0.672594 0.411180 0.607591 0.575662 0.353727 0.417770 0.578012 0.563067 0.555176 0.484579 0.167861 0.383157 0.000000 0.452976 0.620993 0.559687 0.598095 0.531524 0.323788 0.438506 0.590924 0.487229 0.507727 0.437703 0.544975 0.489805 0.374333 0.360349 0.504863 0.235944 0.461220 0.305815 0.203263 0.188520 0.292333 -0.043753 0.163315 -0.237066 0.368992 0.228284 0.649831 0.310829 0.665321 0.355454 0.521284 0.146924 0.666356 0.154251 0.472754 0.241938 0.588282 0.550061 0.539152 0.496373 0.602969 0.403008 0.531141 0.347313 0.451762 0.420482 0.515063 0.501832 0.231806 0.192615 0.582650 0.195578 0.613917 0.357463 0.493983 -0.013741 0.495075 0.351321 0.213426 -0.091119 0.380492 0.198833 0.377371 0.229328 0.451051 0.491482 0.550191 0.542821 0.544073 0.472243 0.452613 0.296296 0.471895 0.497046 0.458304 0.505609 0.412803 0.427317 0.273209 0.328507 0.506495 0.374584 0.440704 0.335594 0.177601 0.533032
0.407055 0.631793 0.400287 0.583680 0.230735 0.342363 0.393447 0.553474 0.154081 0.418600 0.385851 0.634623 0.349186 0.636192 0.369132 0.486697 0.419651 0.640227 0.522750 0.589823 0.229962 0.302323 0.438595 0.429054 0.285541 0.353239 -0.127159 -0.088979 0.452976 0.000000 0.483942 0.509534 0.518595 0.565170 0.233028 0.507760 0.374449 0.535325 0.424126 0.423476 0.373184 0.509329 0.389880 0.485085 0.482081 0.397688 0.473311 0.483549 0.263088 0.433934 0.191000 0.206803 0.180477 -0.043175 0.365088 0.377862 0.408159 0.550484 0.425864 0.589563 0.359482 0.463689 0.369819 0.542751 0.194014 0.510373 0.424694 0.582736 0.473577 0.515132 0.462568 0.429117 0.372171 0.603262 0.314837 0.377918 0.463441 0.545297 0.192836 0.291125 0.371967 0.514067 0.394870 0.448027 0.284269 0.154256 0.263088 0.283168 0.220785 0.038402 0.315147 0.364009 0.335250 0.205497 0.416157 0.452420 0.465587 0.528395 0.461427 0.507756 0.388625 0.305087 0.388169 0.382063 0.424361 0.474887 0.364446 0.241556 0.128865 0.377063 0.482685 0.434063 0.463690 0.359073 0.266476 0.414550
0.592556 0.369306 0.663313 0.598964 0.515458 0.527133 0.641600 0.304378 0.522959 0.545572 0.616398 0.422876 0.606598 0.413385 0.588285 0.553616 0.583741 0.472077 0.545010 0.568178 0.324041 0.429343 0.659448 0.663020 0.634284 0.592732 0.074029 0.313855 0.620993 0.483942 0.000000 0.688158 0.608160 0.569328 0.394443 0.509743 0.613991 0.540514 0.537864 0.424838 0.533440 0.556543 0.296166 0.320177 0.480798 0.180016 0.426476 0.313616 0.145673 0.150959 0.230885 -0.113312 0.118667 -0.327653 0.365602 0.202895 0.571366 0.296371 0.614706 0.368895 0.437670 0.164616 0.571953 0.223040 0.490741 0.303953 0.609120 0.573725 0.538819 0.471240 0.645972 0.489609 0.539607 0.452663 0.485535 0.374247 0.577103 0.572898 0.174726 0.173765 0.479646 0.215230 0.533907 0.356170 0.436807 -0.068873 0.434673 0.337416 0.208215 -0.180847 0.391708 0.189488 0.393872 0.158847 0.478904 0.473926 0.577182 0.614975 0.545390 0.544222 0.516282 0.277691 0.568210 0.582435 0.553534 0.590637 0.505724 0.456808 0.174553 0.361895 0.570744 0.341277 0.426610 0.315399 0.162520 0.546729
0.531572 0.391969 0.643954 0.605369 0.494616 0.546490 0.588191 0.356714 0.449404 0.590911 0.569994 0.462303 0.547426 0.489027 0.546837 0.603360 0.525597 0.467447 0.508320 0.548024 0.292603 0.450709 0.651017 0.678406 0.584526 0.554024 -0.011580 0.255368 0.559687 0.509534 0.688158 0.000000 0.574439 0.569036 0.373939 0.509471 0.576572 0.567720 0.539651 0.443646 0.493780 0.557417 0.244002 0.289061 0.461219 0.204685 0.364336 0.284705 0.143257 0.191272 0.198199 -0.086712 0.085110 -0.324812 0.353137 0.244428 0.500504 0.316878 0.562343 0.397856 0.385766 0.231478 0.491663 0.283050 0.451882 0.363065 0.562838 0.563957 0.495681 0.435488 0.610249 0.520359 0.492196 0.481703 0.461545 0.379179 0.537297 0.567650 0.131155 0.151305 0.403370 0.259358 0.501407 0.375340 0.381064 -0.030474 0.460418 0.355143 0.188064 -0.166346 0.374485 0.169309 0.379611 0.118601 0.449832 0.454429 0.534976 0.598257 0.513432 0.539223 0.496316 0.240872 0.551891 0.566827 0.548956 0.599960 0.494393 0.445429 0.142954 0.372336 0.547915 0.308155 0.410698 0.285613 0.160283 0.526274
0.613407 0.495077 0.578787 0.597166 0.405165 0.417084 0.610423 0.417553 0.414894 0.401536 0.586760 0.467488 0.557348 0.476552 0.509158 0.452599 0.550004 0.481656 0.608673 0.606162 0.224669 0.326293 0.584910 0.555814 0.494375 0.432035 0.062013 0.209758 0.598095 0.518595 0.608160 0.574439 0.000000 0.658653 0.478056 0.546120 0.459126 0.470953 0.537981 0.474344 0.462360 0.506986 0.439968 0.479837 0.572465 0.383269 0.536131 0.429365 0.316972 0.337429 0.341547 0.086367 0.266839 -0.131475 0.439794 0.277255 0.625616 0.431798 0.634409 0.439578 0.549937 0.270283 0.581135 0.281076 0.469180 0.394180 0.638176 0.629449 0.573513 0.527602 0.635781 0.431843 0.532826 0.483466 0.462431 0.405592 0.592075 0.565085 0.247290 0.234999 0.534693 0.312186 0.559701 0.346804 0.499994 0.037785 0.410534 0.298091 0.307896 -0.044811 0.407892 0.290691 0.413691 0.245134 0.479025 0.505608 0.559331 0.519079 0.558600 0.472331 0.489182 0.311392 0.473883 0.442976 0.493542 0.551284 0.399191 0.337843 0.152247 0.476020 0.541646 0.450038 0.459036 0.403880 0.341655 0.511567
0.582662 0.517619 0.557226 0.612635 0.331319 0.487321 0.583993 0.566087 0.277827 0.401661 0.511281 0.534021 0.524916 0.556005 0.407210 0.457696 0.435635 0.501419 0.529025 0.595435 0.210422 0.262072 0.508785 0.553163 0.415925 0.360825 0.008166 0.094687 0.531524 0.565170 0.569328 0.569036 0.658653 0.000000 0.432892 0.638039 0.426993 0.473354 0.565874 0.438658 0.477940 0.559400 0.373163 0.478228 0.487366 0.361689 0.537127 0.442443 0.383635 0.367549 0.406796 0.087239 0.366408 -0.161459 0.543725 0.196686 0.562562 0.396012 0.596083 0.466453 0.542086 0.294984 0.484836 0.310080 0.371969 0.406834 0.550336 0.603530 0.529695 0.437500 0.629172 0.370118 0.543094 0.573897 0.515042 0.391721 0.622428 0.564889 0.337466 0.185013 0.493160 0.296056 0.538811 0.288397 0.507806 -0.059671 0.370869 0.178870 0.432167 -0.144541 0.527069 0.295876 0.538606 0.173490 0.526389 0.563224 0.611805 0.516944 0.610673 0.461138 0.590339 0.226997 0.549471 0.393895 0.590179 0.510746 0.483346 0.274679 0.232113 0.464239 0.527012 0.464227 0.512241 0.516714 0.402324 0.525219
0.394481 0.249729 0.457512 0.384140 0.270561 0.277498 0.422083 0.218528 0.259165 0.171112 0.340964 0.162872 0.401180 0.203955 0.319974 0.308552 0.336583 0.284400 0.287425 0.290975 0.243621 0.238427 0.476037 0.430809 0.433028 0.326928 0.138644 0.145324 0.323788 0.233028 0.394443 0.373939 0.478056 0.432892 0.000000 0.456222 0.312222 0.309185 0.376822 0.289416 0.309966 0.359091 0.348925 0.360690 0.439221 0.279487 0.408460 0.351946 0.299353 0.230172 0.326872 0.071507 0.278630 -0.064136 0.368059 0.144984 0.398162 0.213013 0.411687 0.115100 0.352808 0.011197 0.330604 0.017481 0.546636 0.277179 0.558239 0.400608 0.392826 0.297362 0.451554 0.258105 0.339443 0.241403 0.294593 0.150889 0.442838 0.335972 0.279667 0.166522 0.370697 0.169528 0.357134 0.184799 0.454181 -0.043018 0.315415 0.156623 0.277935 -0.093789 0.314372 0.204090 0.308027 0.204297 0.336527 0.363427 0.393034 0.326677 0.384632 0.285777 0.354678 0.148484 0.339383 0.229052 0.387854 0.343966 0.275430 0.144232 0.188412 0.337264 0.335574 0.304212 0.344725 0.371768 0.306236 0.289313
0.531139 0.427900 0.538559 0.516113 0.292087 0.468363 0.534559 0.497797 0.195439 0.352885 0.436708 0.475913 0.484275 0.464977 0.355522 0.427447 0.355513 0.473575 0.422836 0.512744 0.252210 0.251297 0.449160 0.525307 0.404624 0.330208 -0.019852 0.067122 0.438506 0.507760 0.509743 0.509471 0.546120 0.638039 0.456222 0.000000 0.440310 0.444728 0.515225 0.315277 0.455404 0.574406 0.271401 0.373258 0.362723 0.204923 0.486296 0.406447 0.287454 0.234632 0.361810 -0.048555 0.366582 -0.261974 0.560305 0.130094 0.474141 0.280056 0.529145 0.367407 0.457572 0.183947 0.389536 0.232404 0.341860 0.322543 0.519430 0.534988 0.510057 0.357779 0.573628 0.277097 0.506754 0.554542 0.517137 0.258340 0.616334 0.527323 0.337542 0.083972 0.417399 0.194263 0.488526 0.207861 0.484219 -0.190742 0.313171 0.108705 0.446997 -0.249898 0.512163 0.187962 0.513980 0.045074 0.548934 0.527209 0.602147 0.514656 0.575476 0.456330 0.607028 0.111933 0.588751 0.385190 0.617642 0.445109 0.536937 0.212730 0.292470 0.401887 0.541658 0.383401 0.487153 0.516540 0.329513 0.479913
0.534488 0.261058 0.602442 0.458037 0.533418 0.467024 0.577057 0.145566 0.531516 0.485903 0.577246 0.349696 0.559353 0.291236 0.614805 0.505320 0.542490 0.392689 0.486450 0.503333 0.469902 0.520943 0.582346 0.621598 0.585728 0.503661 0.107467 0.380401 0.590924 0.374449 0.613991 0.576572 0.459126 0.426993 0.312222 0.440310 0.000000 0.576400 0.462175 0.386183 0.554006 0.536820 0.165926 0.185131 0.359252 0.030683 0.303932 0.209976 -0.032484 0.007604 0.100061 -0.243167 -0.009291 -0.427994 0.278394 0.216719 0.486168 0.198457 0.567301 0.310429 0.314870 0.060493 0.510740 0.147943 0.425793 0.186005 0.545040 0.476097 0.523503 0.448038 0.521634 0.450940 0.454271 0.339550 0.422725 0.337448 0.480318 0.539127 0.102924 0.125692 0.407155 0.137683 0.548523 0.363364 0.362223 -0.093000 0.449775 0.399373 0.091711 -0.225567 0.306291 0.075140 0.311149 0.085154 0.491699 0.485608 0.561383 0.641429 0.493813 0.569693 0.463424 0.224383 0.560771 0.629757 0.490055 0.471896 0.496316 0.510109 0.323593 0.183725 0.526466 0.252458 0.383351 0.235709 -0.045037 0.494601
0.390084 0.472498 0.474491 0.559760 0.420745 0.378552 0.421298 0.324758 0.333202 0.506696 0.446336 0.484396 0.393203 0.487561 0.488506 0.554593 0.453818 0.498284 0.478742 0.512191 0.381460 0.484289 0.560933 0.540035 0.434189 0.422260 -0.005980 0.123192 0.487229 0.535325 0.540514 0.567720 0.470953 0.473354 0.309185 0.444728 0.576400 0.000000 0.436278 0.555833 0.404611 0.526230 0.293994 0.358653 0.458412 0.262310 0.353633 0.385497 0.046688 0.275794 0.045025 0.059835 -0.007038 -0.143608 0.232546 0.460598 0.372679 0.457236 0.435065 0.484612 0.281597 0.371480 0.401714 0.430713 0.288678 0.456600 0.467498 0.546541 0.431496 0.497425 0.480558 0.576205 0.282836 0.435993 0.249496 0.356120 0.407557 0.565688 0.076881 0.286922 0.323397 0.444071 0.475415 0.540097 0.257724 0.201208 0.395610 0.473422 0.047259 0.051838 0.219275 0.302342 0.271726 0.261039 0.472864 0.488774 0.496658 0.632333 0.489148 0.606681 0.352477 0.395963 0.404018 0.545140 0.417023 0.549848 0.380535 0.458269 0.280288 0.276634 0.536684 0.419632 0.437765 0.284497 0.129448 0.492083
