0.000000 0.509865 0.709734 0.419690 0.019508 -0.056443 0.513994 0.570317 0.652676 -0.290785 0.300724 0.684239 0.278864 0.673786 0.733924 -0.207013 -0.268850 0.262199 0.038157 0.474045 -0.227508 -0.141091 0.403491 0.278466 0.630147 -0.364724 -0.158787 -0.409909 -0.298373 0.640386 -0.003691 -0.213834 0.064528 0.217959 0.032443 0.343235 0.109377 0.391553 0.468499 -0.096448 -0.349073 0.067329 0.552013 0.475056 0.267126 0.351693 0.602560 0.167511 0.150397 -0.059641 -0.089939 -0.110819 0.316427 -0.408805 0.796611 -0.317051 0.742296 -0.222838 0.304478 -0.022984 0.752903 -0.211370 0.021669 -0.137079 -0.144423 0.117895 0.072453 0.204270 0.799626 0.314351 0.630856 -0.224507 -0.123148 0.576105 0.663283 0.237077 0.562707 0.089384 0.651966 -0.214811 0.775798 -0.081740 0.703978 -0.145176 0.681558 -0.446093 0.648414 0.260262 0.626610 -0.508257 0.667137 -0.316236 0.608663 -0.466973 -0.001322 -0.088331 0.480725 -0.197767 0.126055 0.055543 0.153040 -0.402941 0.597052 -0.435115 0.711006 -0.350910 0.675587 -0.462910 -0.009111 0.223851 0.140600 0.239917 0.413454 0.342923 0.515068 0.006787
0.509865 0.000000 0.444550 0.403021 0.585711 0.473754 0.641280 -0.015190 0.491303 0.386958 0.684497 0.463753 0.708001 0.290493 0.468640 0.502677 0.487140 0.755941 0.667390 0.739439 0.381565 0.412543 0.441478 0.388797 0.349205 0.382031 0.504031 0.346714 0.463821 0.678765 0.609370 0.493714 0.701301 0.724657 0.561638 0.497041 0.469106 0.515992 0.104994 0.519260 0.354340 0.435165 0.662618 0.679265 0.768232 0.724420 0.587900 0.729818 0.713165 0.623188 0.605051 0.597553 0.709201 0.369127 0.285587 0.466343 0.760529 0.557225 0.786931 0.625115 0.543948 0.484403 0.619503 0.522936 0.420252 0.551087 0.671345 0.694777 0.617240 0.808794 0.380652 0.406776 0.359619 0.296230 0.201255 0.390117 0.353486 0.509123 -0.051822 0.493276 0.188701 0.621591 0.326167 0.489729 -0.048098 0.338024 0.188160 0.524046 -0.124179 0.280746 0.092022 0.428529 -0.075654 0.317665 0.499737 0.443493 0.561062 0.501628 0.630305 0.609388 0.602134 0.369639 0.498700 0.336751 0.269707 0.411373 0.237913 0.289731 -0.015197 0.381650 0.640577 0.658205 0.651018 0.582563 0.019511 0.237826
0.709734 0.444550 0.000000 0.688547 0.152158 0.101602 0.703826 0.643149 0.740753 -0.121632 0.294233 0.639555 0.390473 0.708081 0.737898 -0.103910 -0.260231 0.218160 0.091141 0.489834 -0.108483 -0.040322 0.673415 0.624426 0.735736 -0.209892 -0.087923 -0.260623 -0.230086 0.557119 0.082180 -0.092772 0.123605 0.310401 0.234855 0.489913 0.247764 0.469313 0.463663 0.032228 -0.240847 0.079574 0.615087 0.556222 0.248934 0.291514 0.669610 0.280010 0.124559 -0.016765 -0.040947 -0.011866 0.344991 -0.258527 0.746071 -0.220077 0.581230 -0.169234 0.315489 0.025365 0.688905 -0.112029 -0.014381 -0.072565 0.104077 0.354026 0.228814 0.302494 0.630113 0.307421 0.669374 -0.040929 0.141763 0.679655 0.619845 0.378410 0.615625 0.219697 0.546493 -0.164807 0.670309 -0.018985 0.667139 -0.056121 0.594341 -0.334730 0.616794 0.315966 0.553220 -0.393097 0.732102 -0.129692 0.630093 -0.266936 0.141427 0.011101 0.570249 -0.075218 0.275436 0.185581 0.178292 -0.302681 0.538155 -0.341487 0.732957 -0.182495 0.633929 -0.379652 -0.057592 0.285810 0.296104 0.360141 0.557410 0.532917 0.660565 0.153749
0.419690 0.403021 0.688547 0.000000 0.162965 0.245061 0.584653 0.589064 0.532406 0.135887 0.272197 0.584286 0.380787 0.658404 0.420285 0.057350 -0.060487 0.271322 0.145289 0.422347 -0.018838 0.042428 0.627344 0.788785 0.486773 0.002327 0.052106 -0.012719 -0.029337 0.449041 0.126451 0.059182 0.185940 0.367253 0.333674 0.470633 0.248274 0.310674 0.242953 0.113048 -0.090111 0.125281 0.636572 0.525620 0.269789 0.258521 0.687970 0.404521 0.139540 0.164460 0.073349 0.218244 0.354619 0.030914 0.529703 0.014377 0.455184 0.030874 0.389828 0.238316 0.598567 0.158825 0.127694 0.138238 0.160616 0.480905 0.324698 0.368984 0.413076 0.338015 0.350826 0.021881 0.176719 0.398896 0.372761 0.284973 0.362547 0.201312 0.283386 0.037021 0.394307 0.138041 0.400936 0.047022 0.319159 -0.062356 0.257957 0.240437 0.301072 -0.133266 0.505067 0.046419 0.433992 -0.004434 0.310982 0.181804 0.467693 0.094905 0.306320 0.207369 0.131300 -0.111822 0.227017 -0.138605 0.411939 -0.020348 0.300180 -0.186119 -0.074044 0.300222 0.381312 0.351160 0.437812 0.404159 0.547337 0.175873
0.019508 0.585711 0.152158 0.162965 0.000000 0.782818 0.560460 -0.403114 0.272233 0.674916 0.584672 0.070038 0.673718 -0.104601 0.249860 0.788600 0.652540 0.640235 0.805209 0.579527 0.717653 0.708842 0.297388 0.291593 0.166180 0.735874 0.798245 0.690382 0.700565 0.394037 0.814592 0.770231 0.760175 0.664699 0.700876 0.422461 0.649793 0.561358 0.000029 0.689604 0.709103 0.598109 0.349355 0.473048 0.685793 0.502704 0.278810 0.697018 0.784213 0.669407 0.797665 0.705346 0.747953 0.658164 -0.120410 0.720660 0.251070 0.699013 0.662927 0.673666 0.095888 0.627336 0.695633 0.697025 0.624256 0.593120 0.775417 0.708459 0.186875 0.672854 0.306706 0.742058 0.689031 0.209127 -0.139193 0.420693 0.200845 0.680955 -0.503230 0.647675 -0.239369 0.766858 0.105485 0.737733 -0.446888 0.656020 -0.033829 0.522906 -0.503636 0.626668 -0.240680 0.746027 -0.440949 0.653737 0.672567 0.613887 0.518081 0.775062 0.779702 0.793557 0.750524 0.710795 0.412116 0.689664 -0.002470 0.714191 0.016121 0.655691 0.110927 0.345494 0.722769 0.751937 0.591440 0.617677 -0.196480 0.296190
-0.056443 0.473754 0.101602 0.245061 0.782818 0.000000 0.482622 -0.326814 0.218498 0.739417 0.508859 0.059638 0.619530 -0.052925 0.147722 0.718201 0.596173 0.570291 0.718247 0.459876 0.651306 0.600085 0.292731 0.341812 0.174086 0.724003 0.734817 0.717154 0.665512 0.367917 0.778872 0.724894 0.685332 0.589820 0.657468 0.377304 0.592071 0.471907 -0.052258 0.627795 0.639833 0.533261 0.318166 0.393316 0.592716 0.386664 0.273581 0.643502 0.673628 0.618443 0.723312 0.695328 0.671506 0.663511 -0.144638 0.685909 0.160743 0.652753 0.588842 0.649506 0.084788 0.614155 0.625907 0.665408 0.574721 0.553026 0.704142 0.629810 0.090499 0.575937 0.246294 0.691417 0.645056 0.161351 -0.218037 0.341805 0.145895 0.605316 -0.510237 0.598025 -0.275972 0.700052 -0.009856 0.605436 -0.457705 0.634499 -0.171211 0.327316 -0.486610 0.600552 -0.225836 0.722491 -0.383529 0.647506 0.642753 0.566972 0.473225 0.741175 0.740063 0.739230 0.646380 0.660025 0.275854 0.643829 -0.063800 0.677403 -0.050830 0.607081 0.119106 0.381527 0.675051 0.696443 0.553710 0.533638 -0.171808 0.275256
0.513994 0.641280 0.703826 0.584653 0.560460 0.482622 0.000000 0.227454 0.755989 0.343686 0.577653 0.525194 0.725747 0.453645 0.658889 0.374641 0.167949 0.491329 0.547571 0.704220 0.300904 0.390970 0.524875 0.586167 0.542806 0.260594 0.309595 0.176393 0.233161 0.613332 0.502579 0.392875 0.517031 0.634637 0.599375 0.636530 0.516100 0.673778 0.288303 0.407011 0.232045 0.379906 0.590535 0.687910 0.518479 0.425279 0.570553 0.583767 0.529609 0.337606 0.421327 0.384746 0.655674 0.177596 0.438478 0.232892 0.537253 0.275368 0.598987 0.412847 0.575944 0.314050 0.391801 0.368149 0.447806 0.667612 0.633731 0.670193 0.508260 0.579978 0.681031 0.454986 0.543392 0.655878 0.419414 0.602465 0.653469 0.639620 0.095325 0.252827 0.302401 0.414781 0.508482 0.368668 0.155524 0.135357 0.402687 0.495519 0.096929 0.077818 0.418886 0.363340 0.200824 0.189080 0.510404 0.377468 0.768082 0.418422 0.713869 0.645702 0.616588 0.206311 0.683954 0.168551 0.561016 0.278959 0.521466 0.129553 0.035550 0.427858 0.651432 0.712219 0.756733 0.766350 0.419024 0.333070
0.570317 -0.015190 0.643149 0.589064 -0.403114 -0.326814 0.227454 0.000000 0.459412 -0.472919 -0.184637 0.583298 -0.141461 0.776456 0.439999 -0.564244 -0.653656 -0.211180 -0.468735 0.030294 -0.560665 -0.499244 0.412088 0.419116 0.521051 -0.637345 -0.549142 -0.648940 -0.656021 0.248804 -0.461855 -0.573043 -0.426346 -0.177636 -0.260976 0.131800 -0.223386 -0.003146 0.398266 -0.465332 -0.683119 -0.308088 0.320454 0.132755 -0.253918 -0.136157 0.444092 -0.207111 -0.421225 -0.434087 -0.562242 -0.422204 -0.114669 -0.605697 0.763396 -0.642860 0.291684 -0.600932 -0.162983 -0.367049 0.542510 -0.467964 -0.424672 -0.459569 -0.401297 -0.079630 -0.328674 -0.204916 0.372142 -0.191778 0.368557 -0.544497 -0.313965 0.449475 0.602760 -0.021396 0.359589 -0.273995 0.782677 -0.571479 0.736711 -0.504009 0.512032 -0.532619 0.803001 -0.694346 0.517940 -0.089675 0.814053 -0.740393 0.812306 -0.599852 0.861890 -0.647795 -0.261925 -0.368962 0.174174 -0.553278 -0.254342 -0.362129 -0.342782 -0.728100 0.162652 -0.747510 0.602668 -0.640598 0.522182 -0.764850 -0.114556 0.028207 -0.206860 -0.156068 0.093336 0.026934 0.723017 -0.061050
0.652676 0.491303 0.740753 0.532406 0.272233 0.218498 0.755989 0.459412 0.000000 0.111295 0.390010 0.617371 0.523220 0.619749 0.780782 0.083532 -0.099360 0.362989 0.253005 0.570244 0.053181 0.134267 0.480088 0.506313 0.690529 -0.037192 0.021104 -0.150647 -0.062854 0.637939 0.237137 0.096061 0.229125 0.431440 0.338143 0.568186 0.326009 0.572807 0.395416 0.095025 -0.093801 0.185070 0.538421 0.598422 0.287075 0.243502 0.565372 0.324094 0.243865 0.030089 0.100418 0.074314 0.442826 -0.168508 0.653317 -0.112481 0.536622 -0.050371 0.353448 0.098647 0.602090 -0.021128 0.161328 0.067558 0.184269 0.421144 0.327269 0.412614 0.560142 0.361140 0.739739 0.169460 0.336108 0.759066 0.634248 0.548999 0.737318 0.454360 0.400804 -0.007702 0.559482 0.122088 0.628393 0.060453 0.456795 -0.209916 0.586718 0.334264 0.403950 -0.265900 0.642293 0.027784 0.474518 -0.150242 0.261421 0.087094 0.733777 0.104269 0.460133 0.384274 0.417253 -0.129367 0.720654 -0.161293 0.701399 -0.052234 0.715600 -0.188519 0.051907 0.435130 0.441035 0.490529 0.634020 0.620595 0.574706 0.210597
-0.290785 0.386958 -0.121632 0.135887 0.674916 0.739417 0.343686 -0.472919 0.111295 0.000000 0.500296 0.003257 0.590436 -0.162130 -0.087020 0.813681 0.729502 0.557616 0.715478 0.402747 0.705975 0.657200 0.075485 0.263856 -0.141959 0.821901 0.724387 0.760016 0.791463 0.222904 0.739330 0.816637 0.668943 0.614666 0.632321 0.277058 0.517682 0.332622 -0.241729 0.621586 0.747148 0.509184 0.145620 0.329778 0.486443 0.261557 0.069721 0.590475 0.615139 0.660357 0.744440 0.757460 0.534034 0.783121 -0.392949 0.768257 0.006196 0.762645 0.550748 0.715728 -0.069267 0.750819 0.690505 0.772340 0.630132 0.556471 0.679816 0.585662 -0.127802 0.519082 0.009788 0.774459 0.714649 0.005376 -0.350027 0.339356 0.047347 0.647280 -0.678631 0.722765 -0.501192 0.752015 -0.252281 0.659168 -0.665833 0.781379 -0.399203 0.254888 -0.688226 0.757185 -0.407131 0.818258 -0.572825 0.798221 0.614748 0.589140 0.340547 0.787820 0.698416 0.716460 0.668298 0.794916 0.157591 0.789321 -0.279919 0.762582 -0.209675 0.769638 0.125682 0.338295 0.656990 0.589146 0.403470 0.432414 -0.303917 0.308715
0.300724 0.684497 0.294233 0.272197 0.584672 0.508859 0.577653 -0.184637 0.390010 0.500296 0.000000 0.438532 0.815809 0.192232 0.348028 0.594092 0.546559 0.697400 0.654236 0.567188 0.476756 0.483284 0.198689 0.285315 0.151737 0.510209 0.543995 0.470334 0.593260 0.603921 0.668337 0.602661 0.673488 0.716729 0.537130 0.373436 0.447072 0.442845 0.044976 0.495883 0.454188 0.432430 0.466996 0.578344 0.680278 0.558055 0.357837 0.614538 0.738364 0.586464 0.668309 0.601352 0.586747 0.459609 0.077420 0.534219 0.536704 0.602198 0.755606 0.677919 0.496633 0.641093 0.721157 0.659023 0.520883 0.622671 0.682207 0.679054 0.359578 0.669236 0.326223 0.556486 0.512145 0.275996 0.002043 0.488154 0.312211 0.572781 -0.229615 0.538401 0.029381 0.666248 0.120889 0.526699 -0.215108 0.467777 0.007385 0.384207 -0.285700 0.407169 -0.074431 0.518359 -0.244187 0.425209 0.450361 0.454773 0.522266 0.572651 0.649253 0.630081 0.666364 0.491538 0.463645 0.467634 0.121072 0.513045 0.154482 0.436884 0.087429 0.414085 0.654156 0.630346 0.563582 0.576745 -0.095299 0.210421
0.684239 0.463753 0.639555 0.584286 0.070038 0.059638 0.525194 0.583298 0.617371 0.003257 0.438532 0.000000 0.425955 0.828486 0.574008 0.001749 -0.141514 0.324296 0.082561 0.469188 -0.130775 -0.100259 0.399646 0.481285 0.460228 -0.164969 -0.055460 -0.246444 -0.100514 0.678816 0.109574 -0.011228 0.111979 0.359248 0.138736 0.321440 0.061453 0.263504 0.288774 -0.035378 -0.249187 0.051376 0.512707 0.470347 0.231540 0.191032 0.541742 0.243563 0.167728 0.037749 0.003267 0.085957 0.321861 -0.171706 0.663898 -0.160120 0.571359 -0.054109 0.395054 0.209193 0.798908 0.109391 0.200898 0.137425 -0.008884 0.314677 0.173786 0.266051 0.528364 0.303023 0.529818 -0.056953 0.098845 0.548158 0.521294 0.315760 0.521230 0.186364 0.469337 -0.096581 0.595156 0.057597 0.468881 -0.058026 0.490066 -0.230129 0.408989 0.219994 0.452645 -0.317848 0.564227 -0.154458 0.496092 -0.248232 0.118623 0.016068 0.499220 -0.059429 0.225212 0.124144 0.249831 -0.235987 0.523771 -0.268081 0.568589 -0.180346 0.570598 -0.305707 -0.027003 0.336085 0.296720 0.297834 0.446687 0.429367 0.498591 0.108453
0.278864 0.708001 0.390473 0.380787 0.673718 0.619530 0.725747 -0.141461 0.523220 0.590436 0.815809 0.425955 0.000000 0.227450 0.451225 0.660600 0.535347 0.714518 0.727706 0.670696 0.517000 0.534983 0.346287 0.457457 0.274048 0.564854 0.565511 0.501275 0.605407 0.624803 0.735452 0.667886 0.719785 0.778403 0.670265 0.518575 0.503498 0.546329 0.030168 0.559761 0.477385 0.464514 0.519290 0.660888 0.676703 0.521815 0.415890 0.692241 0.730683 0.590491 0.681250 0.637734 0.652584 0.486958 0.113663 0.550868 0.492527 0.608456 0.745214 0.665788 0.451177 0.628601 0.684691 0.650206 0.639226 0.716917 0.762453 0.737580 0.324501 0.694090 0.417022 0.656680 0.638251 0.374466 0.097966 0.606416 0.408588 0.675396 -0.236703 0.568657 0.008238 0.698291 0.191185 0.580751 -0.208883 0.481957 0.083223 0.461698 -0.281112 0.425659 0.005657 0.598162 -0.198209 0.488988 0.577841 0.499466 0.650826 0.647290 0.771511 0.742640 0.727779 0.527631 0.528001 0.498796 0.211307 0.573970 0.229324 0.460170 0.059299 0.490093 0.765177 0.737892 0.685117 0.715335 0.039719 0.320684
0.673786 0.290493 0.708081 0.658404 -0.104601 -0.052925 0.453645 0.776456 0.619749 -0.162130 0.192232 0.828486 0.227450 0.000000 0.577361 -0.223014 -0.369710 0.128757 -0.144032 0.306705 -0.308998 -0.272629 0.459293 0.514205 0.562743 -0.363053 -0.255921 -0.423405 -0.338088 0.567062 -0.102203 -0.239889 -0.106767 0.173077 -0.023418 0.260109 -0.023448 0.205857 0.376600 -0.227272 -0.455380 -0.076305 0.515412 0.390556 0.068625 0.088827 0.581443 0.088155 -0.068821 -0.158235 -0.235371 -0.118859 0.166137 -0.371795 0.765156 -0.374264 0.481485 -0.297314 0.171101 -0.035647 0.737853 -0.141467 -0.062329 -0.118678 -0.171347 0.195958 -0.011665 0.099788 0.490734 0.111406 0.507268 -0.262294 -0.049143 0.557220 0.592678 0.210384 0.505228 0.016946 0.631987 -0.300325 0.703645 -0.171846 0.519243 -0.267991 0.659452 -0.444828 0.485917 0.107155 0.644120 -0.520959 0.721118 -0.340705 0.698925 -0.425931 -0.029305 -0.146390 0.434953 -0.253410 0.059850 -0.048387 0.017658 -0.459040 0.416146 -0.487273 0.629394 -0.383137 0.604443 -0.520977 -0.036549 0.273652 0.128893 0.152508 0.360619 0.311539 0.643349 0.046007
0.733924 0.468640 0.737898 0.420285 0.249860 0.147722 0.658889 0.439999 0.780782 -0.087020 0.348028 0.574008 0.451225 0.577361 0.000000 0.035720 -0.171830 0.325819 0.211275 0.526411 0.041229 0.112287 0.524098 0.439131 0.750941 -0.132623 0.012680 -0.225640 -0.137184 0.653107 0.201210 -0.001708 0.182371 0.340272 0.241932 0.492266 0.319477 0.563265 0.526737 0.052524 -0.157621 0.188197 0.568293 0.577123 0.309605 0.305631 0.596772 0.245266 0.233842 -0.031846 0.048883 -0.039534 0.399549 -0.278418 0.724074 -0.170775 0.558773 -0.140257 0.293710 -0.009713 0.578118 -0.145725 0.086543 -0.038538 0.157699 0.300675 0.242358 0.334426 0.636341 0.333641 0.743121 0.053081 0.182557 0.703845 0.648919 0.500392 0.682474 0.320796 0.464641 -0.076020 0.649836 0.075069 0.782230 0.096663 0.555986 -0.293734 0.763251 0.445290 0.482115 -0.349414 0.617850 -0.107996 0.492634 -0.287286 0.182961 0.029129 0.678548 0.026698 0.342024 0.282549 0.338339 -0.218710 0.708555 -0.249120 0.720770 -0.145457 0.722651 -0.269012 0.055436 0.393178 0.337660 0.433868 0.590881 0.578520 0.544505 0.079064
-0.207013 0.502677 -0.103910 0.057350 0.788600 0.718201 0.374641 -0.564244 0.083532 0.813681 0.594092 0.001749 0.660600 -0.223014 0.035720 0.000000 0.797669 0.644866 0.806148 0.474346 0.786504 0.743992 0.113665 0.226596 -0.111691 0.847722 0.822868 0.789849 0.850717 0.293196 0.811387 0.857759 0.754181 0.674473 0.667339 0.290340 0.565337 0.389487 -0.184153 0.690673 0.793517 0.564429 0.226462 0.395780 0.623042 0.410129 0.116446 0.655571 0.747229 0.725922 0.835263 0.784931 0.617922 0.798873 -0.356999 0.837102 0.101822 0.819459 0.630163 0.752341 -0.046080 0.782797 0.771837 0.807606 0.701518 0.584826 0.745120 0.653340 -0.034917 0.620701 0.038041 0.795693 0.693691 -0.013346 -0.326599 0.392062 0.032157 0.654055 -0.696737 0.780647 -0.461766 0.846292 -0.132578 0.808937 -0.661260 0.825048 -0.263085 0.464094 -0.714901 0.797862 -0.476156 0.826231 -0.652665 0.792767 0.641664 0.611859 0.366606 0.836229 0.722018 0.758993 0.722105 0.840304 0.220274 0.833144 -0.278335 0.801930 -0.202899 0.814043 0.138482 0.368758 0.701258 0.642460 0.440021 0.488756 -0.382432 0.247392
-0.268850 0.487140 -0.260231 -0.060487 0.652540 0.596173 0.167949 -0.653656 -0.099360 0.729502 0.546559 -0.141514 0.535347 -0.369710 -0.171830 0.797669 0.000000 0.694807 0.742260 0.391472 0.748397 0.677577 0.006957 0.077222 -0.225345 0.827791 0.767568 0.804223 0.877761 0.228906 0.738520 0.803839 0.753383 0.621656 0.524129 0.126268 0.486600 0.254025 -0.270874 0.621809 0.785239 0.529403 0.181470 0.310393 0.645398 0.511740 0.062070 0.592700 0.718061 0.780390 0.810462 0.780509 0.500140 0.807738 -0.482629 0.852362 0.165017 0.854739 0.614393 0.741427 -0.128280 0.761354 0.787225 0.782402 0.611288 0.468599 0.668664 0.579454 -0.011849 0.613323 -0.171395 0.688065 0.537518 -0.218750 -0.462808 0.248823 -0.144556 0.531855 -0.701924 0.853489 -0.486111 0.840769 -0.301603 0.741343 -0.732476 0.842014 -0.435924 0.349821 -0.779973 0.827030 -0.608964 0.785938 -0.735956 0.803321 0.519780 0.598325 0.187299 0.783304 0.574749 0.638184 0.583884 0.837292 0.026138 0.836484 -0.433504 0.792301 -0.385213 0.823542 0.137290 0.272240 0.596327 0.511099 0.267282 0.285011 -0.531969 0.196930
0.262199 0.755941 0.218160 0.271322 0.640235 0.570291 0.491329 -0.211180 0.362989 0.557616 0.697400 0.324296 0.714518 0.128757 0.325819 0.644866 0.694807 0.000000 0.711576 0.661390 0.569240 0.542032 0.314842 0.338830 0.239429 0.583521 0.624466 0.525549 0.660015 0.655498 0.715358 0.646536 0.746212 0.765831 0.551225 0.392063 0.495656 0.446041 0.027640 0.492677 0.491026 0.483843 0.571443 0.627967 0.771990 0.666267 0.483543 0.688738 0.748264 0.681768 0.693987 0.672491 0.658055 0.523319 0.078053 0.604103 0.593237 0.663459 0.745891 0.676058 0.339457 0.580269 0.770428 0.669076 0.509801 0.552324 0.689689 0.680714 0.422337 0.753425 0.248442 0.534721 0.488597 0.191166 -0.008550 0.429018 0.259837 0.581272 -0.252273 0.694168 0.042566 0.757257 0.147327 0.597016 -0.259757 0.515052 -0.001902 0.458994 -0.336891 0.460098 -0.131980 0.546549 -0.289947 0.481852 0.515438 0.485263 0.536487 0.634299 0.649766 0.647264 0.639172 0.534499 0.402828 0.512744 0.053211 0.556984 0.080671 0.476618 0.084143 0.460121 0.701591 0.671885 0.556616 0.529781 -0.129748 0.208248
0.038157 0.667390 0.091141 0.145289 0.805209 0.718247 0.547571 -0.468735 0.253005 0.715478 0.654236 0.082561 0.727706 -0.144032 0.211275 0.806148 0.742260 0.711576 0.000000 0.683842 0.716551 0.721186 0.247505 0.283706 0.082062 0.764576 0.759999 0.706722 0.770639 0.425383 0.845234 0.828060 0.857091 0.753743 0.754244 0.467489 0.624838 0.536328 -0.117395 0.757468 0.758676 0.599966 0.351735 0.522329 0.730917 0.548355 0.251692 0.743782 0.825182 0.715163 0.839629 0.739756 0.713051 0.691085 -0.187098 0.766221 0.334609 0.780166 0.735325 0.736548 0.123987 0.700736 0.763018 0.758341 0.707810 0.633718 0.829461 0.767140 0.233108 0.768925 0.253227 0.784633 0.677433 0.156845 -0.129354 0.471775 0.221682 0.734798 -0.532406 0.733829 -0.292781 0.823477 0.041426 0.772740 -0.505016 0.706677 -0.087057 0.542124 -0.569595 0.677568 -0.308439 0.777995 -0.506503 0.695557 0.705630 0.684780 0.513810 0.818513 0.795934 0.818010 0.799040 0.766561 0.418132 0.748837 -0.024376 0.764189 -0.021092 0.718744 0.073984 0.363392 0.760543 0.755015 0.585836 0.626249 -0.231223 0.317136
0.474045 0.739439 0.489834 0.422347 0.579527 0.459876 0.704220 0.030294 0.570244 0.402747 0.567188 0.469188 0.670696 0.306705 0.526411 0.474346 0.391472 0.661390 0.683842 0.000000 0.398464 0.441769 0.437132 0.456584 0.385511 0.369834 0.429358 0.279542 0.392676 0.623183 0.583298 0.510276 0.659351 0.735428 0.618429 0.584729 0.504874 0.599899 0.139128 0.529484 0.377957 0.460924 0.562101 0.673326 0.628784 0.545939 0.535614 0.658716 0.622007 0.483866 0.518612 0.473827 0.664840 0.295322 0.287643 0.365476 0.606217 0.446745 0.698874 0.524621 0.449189 0.404326 0.550248 0.495674 0.428461 0.539463 0.657286 0.687086 0.568592 0.752219 0.514749 0.489204 0.489236 0.465873 0.303979 0.524151 0.522455 0.642414 -0.034538 0.423322 0.192911 0.554554 0.408873 0.510262 -0.006819 0.273193 0.294066 0.561585 -0.074568 0.216783 0.174917 0.397036 -0.005652 0.282058 0.575006 0.503361 0.652860 0.490219 0.642882 0.603699 0.657563 0.336469 0.615348 0.304737 0.407960 0.387768 0.351714 0.261231 -0.013825 0.397770 0.660689 0.684871 0.671837 0.695221 0.216438 0.297872
-0.227508 0.381565 -0.108483 -0.018838 0.717653 0.651306 0.300904 -0.560665 0.053181 0.705975 0.476756 -0.130775 0.517000 -0.308998 0.041229 0.786504 0.748397 0.569240 0.716551 0.398464 0.000000 0.838486 0.091882 0.180471 -0.039969 0.809077 0.774014 0.727933 0.768441 0.242587 0.741342 0.783137 0.676354 0.587291 0.552684 0.201295 0.709230 0.505402 0.058507 0.604646 0.792926 0.669367 0.194150 0.389854 0.552208 0.388222 0.120127 0.499484 0.664838 0.636211 0.751389 0.674617 0.545945 0.699231 -0.359705 0.750113 0.052795 0.701137 0.520442 0.612889 -0.166105 0.628113 0.680518 0.698039 0.654340 0.513779 0.664316 0.602200 0.013013 0.544789 0.056578 0.739604 0.663991 0.021660 -0.343513 0.375822 0.073754 0.659013 -0.653813 0.767615 -0.391426 0.781706 -0.045880 0.779296 -0.601147 0.744072 -0.211706 0.428421 -0.656309 0.717159 -0.432861 0.762473 -0.601177 0.715518 0.550840 0.592766 0.353681 0.793093 0.643728 0.712917 0.651938 0.763393 0.194919 0.762973 -0.277498 0.711129 -0.184630 0.770438 0.299960 0.332381 0.603657 0.587672 0.342605 0.417461 -0.323404 0.193374
-0.141091 0.412543 -0.040322 0.042428 0.708842 0.600085 0.390970 -0.499244 0.134267 0.657200 0.483284 -0.100259 0.534983 -0.272629 0.112287 0.743992 0.677577 0.542032 0.721186 0.441769 0.838486 0.000000 0.095116 0.202667 -0.011868 0.736539 0.734871 0.659673 0.695226 0.239298 0.694186 0.738234 0.663991 0.585384 0.583356 0.294003 0.728871 0.574118 0.136444 0.614066 0.773028 0.697512 0.237250 0.459685 0.543548 0.396536 0.180284 0.511098 0.662554 0.600228 0.720505 0.626804 0.563787 0.627162 -0.277245 0.694834 0.121024 0.647002 0.526272 0.577794 -0.097047 0.583067 0.641421 0.657705 0.625695 0.542887 0.676238 0.634917 0.081781 0.569299 0.133073 0.712509 0.647762 0.089192 -0.226092 0.402750 0.144934 0.675414 -0.582308 0.730832 -0.340043 0.738740 0.084469 0.776316 -0.520429 0.680465 -0.127217 0.474203 -0.579753 0.651144 -0.352321 0.723774 -0.533311 0.653971 0.560696 0.584878 0.395525 0.759472 0.664091 0.723201 0.671241 0.710161 0.272091 0.708034 -0.184158 0.643832 -0.109675 0.716764 0.285891 0.250702 0.585272 0.595913 0.363138 0.449305 -0.243429 0.242311
0.403491 0.441478 0.673415 0.627344 0.297388 0.292731 0.524875 0.412088 0.480088 0.075485 0.198689 0.399646 0.346287 0.459293 0.524098 0.113665 0.006957 0.314842 0.247505 0.437132 0.091882 0.095116 0.000000 0.727732 0.641057 0.068613 0.126036 0.043890 0.022140 0.463596 0.268820 0.113296 0.320468 0.380640 0.375303 0.416323 0.269261 0.316393 0.233646 0.218033 -0.011160 0.118556 0.545786 0.409410 0.344169 0.332725 0.577815 0.378724 0.195671 0.208997 0.122822 0.214992 0.373864 0.065415 0.470327 0.080901 0.441002 0.089463 0.363489 0.208602 0.432368 0.073671 0.115761 0.126101 0.320889 0.348536 0.330869 0.320147 0.426977 0.375770 0.414685 0.070002 0.208868 0.411261 0.323958 0.216028 0.320662 0.182137 0.248299 0.037749 0.372940 0.181172 0.450908 0.147691 0.277294 -0.037618 0.369968 0.410338 0.241421 -0.078953 0.407722 0.103413 0.345263 0.038018 0.287549 0.186563 0.413796 0.130484 0.306584 0.261237 0.160505 -0.046031 0.266665 -0.076012 0.419793 0.093430 0.262511 -0.131564 -0.173621 0.220270 0.328895 0.390098 0.505839 0.457225 0.391411 0.150397
0.278466 0.388797 0.624426 0.788785 0.291593 0.341812 0.586167 0.419116 0.506313 0.263856 0.285315 0.481285 0.457457 0.514205 0.439131 0.226596 0.077222 0.338830 0.283706 0.456584 0.180471 0.202667 0.727732 0.000000 0.513072 0.203248 0.181618 0.144821 0.131551 0.456649 0.296969 0.252898 0.309679 0.454834 0.499016 0.527256 0.331933 0.358567 0.190797 0.249903 0.085358 0.206510 0.564955 0.528923 0.301686 0.215889 0.590517 0.436449 0.217553 0.209648 0.189410 0.290343 0.387361 0.163049 0.402715 0.150367 0.351622 0.144874 0.398399 0.284473 0.434768 0.235644 0.201298 0.250255 0.439029 0.567449 0.429179 0.420560 0.296940 0.387757 0.365794 0.212768 0.359882 0.412779 0.289682 0.353703 0.370848 0.335365 0.127190 0.177901 0.246341 0.267711 0.360612 0.200642 0.175148 0.085050 0.243257 0.318582 0.139217 0.019115 0.368872 0.191733 0.278551 0.146441 0.405905 0.283334 0.501395 0.241076 0.400451 0.336424 0.266718 0.054826 0.271760 0.030090 0.351803 0.149794 0.273258 -0.012987 -0.061511 0.326190 0.483313 0.433108 0.484368 0.530831 0.467552 0.245122
0.630147 0.349205 0.735736 0.486773 0.166180 0.174086 0.542806 0.521051 0.690529 -0.141959 0.151737 0.460228 0.274048 0.562743 0.750941 -0.111691 -0.225345 0.239429 0.082062 0.385511 -0.039969 -0.011868 0.641057 0.513072 0.000000 -0.156637 -0.041659 -0.213064 -0.220270 0.586766 0.147370 -0.069882 0.118431 0.242426 0.196035 0.480359 0.271995 0.476551 0.491859 -0.014791 -0.235781 0.107839 0.553641 0.471973 0.238149 0.249253 0.610656 0.181239 0.097328 -0.127867 -0.071749 -0.113781 0.289891 -0.316532 0.715143 -0.239748 0.477142 -0.235614 0.159136 -0.124064 0.470651 -0.266302 -0.039263 -0.153407 0.073035 0.248396 0.166358 0.250309 0.575362 0.218837 0.703959 -0.042386 0.112596 0.673524 0.569947 0.346922 0.618433 0.218094 0.521769 -0.144938 0.644135 -0.040267 0.655712 -0.088649 0.568521 -0.365483 0.623073 0.237514 0.527506 -0.411689 0.628767 -0.178943 0.560302 -0.321567 0.099386 -0.040694 0.569865 -0.063634 0.233581 0.173999 0.170042 -0.307952 0.556648 -0.332751 0.677211 -0.199753 0.639838 -0.367251 -0.027636 0.300845 0.243225 0.349777 0.503757 0.457825 0.559780 0.079833
-0.364724 0.382031 -0.209892 0.002327 0.735874 0.724003 0.260594 -0.637345 -0.037192 0.821901 0.510209 -0.164969 0.564854 -0.363053 -0.132623 0.847722 0.827791 0.583521 0.764576 0.369834 0.809077 0.736539 0.068613 0.203248 -0.156637 0.000000 0.811402 0.864862 0.872479 0.179716 0.801541 0.874900 0.742505 0.626136 0.649837 0.238365 0.564826 0.326380 -0.250221 0.683216 0.841644 0.555158 0.127681 0.295349 0.564945 0.357481 0.019150 0.593749 0.693552 0.703470 0.818048 0.766317 0.519618 0.838684 -0.493427 0.855419 -0.003530 0.821482 0.561117 0.716519 -0.185005 0.769011 0.734163 0.792039 0.709682 0.557759 0.721896 0.613366 -0.137542 0.552789 -0.061534 0.809829 0.692977 -0.095817 -0.470765 0.308945 -0.051313 0.629833 -0.768035 0.801378 -0.568031 0.826553 -0.291515 0.748574 -0.757136 0.864028 -0.421117 0.310865 -0.793135 0.847325 -0.567750 0.851520 -0.717928 0.850968 0.619745 0.645062 0.272619 0.848394 0.666933 0.719574 0.651652 0.872554 0.091077 0.873436 -0.379611 0.847667 -0.328520 0.858540 0.140527 0.299171 0.655531 0.584295 0.338865 0.405204 -0.435515 0.263461
-0.158787 0.504031 -0.087923 0.052106 0.798245 0.734817 0.309595 -0.549142 0.021104 0.724387 0.543995 -0.055460 0.565511 -0.255921 0.012680 0.822868 0.767568 0.624466 0.759999 0.429358 0.774014 0.734871 0.126036 0.181618 -0.041659 0.811402 0.000000 0.796016 0.793747 0.285693 0.797916 0.802189 0.733366 0.596938 0.623574 0.284620 0.639797 0.439942 -0.100725 0.691490 0.790430 0.652560 0.262912 0.395364 0.647895 0.461970 0.187300 0.647257 0.747072 0.704798 0.816505 0.753725 0.655938 0.751687 -0.310835 0.810495 0.156150 0.768412 0.628657 0.706614 -0.044665 0.702680 0.729481 0.737820 0.603377 0.486728 0.713031 0.623137 0.086344 0.652189 0.057214 0.704599 0.612440 -0.027904 -0.337026 0.292900 -0.005325 0.586534 -0.650753 0.765504 -0.408059 0.809453 -0.083022 0.739011 -0.609633 0.773877 -0.263509 0.393423 -0.661135 0.744017 -0.469049 0.760234 -0.619488 0.731058 0.616948 0.630426 0.327099 0.791632 0.667014 0.707795 0.679587 0.789447 0.203088 0.781659 -0.262913 0.742228 -0.202198 0.766252 0.211377 0.262325 0.650003 0.620792 0.388054 0.432602 -0.383173 0.281853
-0.409909 0.346714 -0.260623 -0.012719 0.690382 0.717154 0.176393 -0.648940 -0.150647 0.760016 0.470334 -0.246444 0.501275 -0.423405 -0.225640 0.789849 0.804223 0.525549 0.706722 0.279542 0.727933 0.659673 0.043890 0.144821 -0.213064 0.864862 0.796016 0.000000 0.841332 0.085085 0.741666 0.809590 0.707355 0.548612 0.611914 0.192119 0.481376 0.213661 -0.315769 0.655349 0.801822 0.469467 0.120506 0.234646 0.553768 0.369818 -0.002469 0.575416 0.659953 0.707487 0.790097 0.753363 0.471151 0.841136 -0.528309 0.852156 -0.020724 0.813731 0.521199 0.692873 -0.214466 0.752837 0.680098 0.747866 0.640875 0.481219 0.675081 0.552635 -0.173516 0.518144 -0.167656 0.728978 0.589721 -0.207687 -0.528334 0.220786 -0.165895 0.519957 -0.784531 0.769126 -0.607660 0.778830 -0.362216 0.694871 -0.779130 0.856795 -0.485765 0.237155 -0.803749 0.850180 -0.628741 0.814165 -0.741200 0.837242 0.557350 0.602965 0.158897 0.794398 0.593653 0.639182 0.531828 0.845446 -0.051702 0.849178 -0.453943 0.834609 -0.434220 0.832130 0.092570 0.206780 0.576330 0.514722 0.274706 0.309917 -0.504922 0.247771
-0.298373 0.463821 -0.230086 -0.029337 0.700565 0.665512 0.233161 -0.656021 -0.062854 0.791463 0.593260 -0.100514 0.605407 -0.338088 -0.137184 0.850717 0.877761 0.660015 0.770639 0.392676 0.768441 0.695226 0.022140 0.131551 -0.220270 0.872479 0.793747 0.841332 0.000000 0.245775 0.789068 0.854495 0.768414 0.656836 0.596062 0.179613 0.495254 0.271711 -0.278861 0.666273 0.809055 0.515610 0.174031 0.328832 0.633816 0.452644 0.038574 0.621134 0.739392 0.769599 0.841775 0.802117 0.516043 0.843762 -0.485338 0.874270 0.100835 0.870734 0.626196 0.772122 -0.101204 0.816152 0.789007 0.821484 0.682337 0.541952 0.716684 0.609913 -0.082637 0.599246 -0.121887 0.766008 0.622853 -0.164092 -0.463348 0.307186 -0.099557 0.583569 -0.741152 0.832082 -0.529966 0.855678 -0.309986 0.765348 -0.753485 0.872658 -0.429936 0.352625 -0.797248 0.854125 -0.598419 0.832144 -0.743434 0.839289 0.568687 0.618354 0.239047 0.826739 0.641461 0.693397 0.636143 0.872252 0.074901 0.870996 -0.403564 0.844706 -0.353371 0.854672 0.123119 0.308483 0.650503 0.564781 0.332986 0.372291 -0.502379 0.233835
0.640386 0.678765 0.557119 0.449041 0.394037 0.367917 0.613332 0.248804 0.637939 0.222904 0.603921 0.678816 0.624803 0.567062 0.653107 0.293196 0.228906 0.655498 0.425383 0.623183 0.242587 0.239298 0.463596 0.456649 0.586766 0.179716 0.285693 0.085085 0.245775 0.000000 0.492691 0.309413 0.465526 0.607390 0.346545 0.416532 0.383118 0.515558 0.313970 0.216631 0.078772 0.349243 0.656733 0.660861 0.587348 0.508554 0.629179 0.471936 0.509197 0.305047 0.340642 0.332532 0.551292 0.070048 0.529444 0.160478 0.683450 0.234190 0.591490 0.377797 0.661990 0.255233 0.474696 0.350412 0.260894 0.472594 0.458882 0.518211 0.629155 0.561280 0.592006 0.231742 0.315898 0.554699 0.365246 0.468924 0.551143 0.450322 0.240892 0.264939 0.489974 0.413358 0.464511 0.247940 0.254734 0.048940 0.346512 0.386664 0.183078 -0.037728 0.344179 0.148187 0.218543 0.016022 0.333598 0.290194 0.693522 0.303063 0.499992 0.454238 0.506671 0.079297 0.648274 0.053424 0.481142 0.133471 0.504489 0.015283 0.093797 0.517016 0.555744 0.583832 0.623352 0.582216 0.291142 0.167969
-0.003691 0.609370 0.082180 0.126451 0.814592 0.778872 0.502579 -0.461855 0.237137 0.739330 0.668337 0.109574 0.735452 -0.102203 0.201210 0.811387 0.738520 0.715358 0.845234 0.583298 0.741342 0.694186 0.268820 0.296969 0.147370 0.801541 0.797916 0.741666 0.789068 0.492691 0.000000 0.857016 0.843568 0.759842 0.713393 0.416695 0.625923 0.511609 -0.085078 0.713548 0.734274 0.603654 0.341716 0.496008 0.718705 0.505174 0.242590 0.698517 0.810782 0.676005 0.826604 0.730556 0.682615 0.685472 -0.178375 0.758195 0.277435 0.758524 0.701774 0.717200 0.122023 0.702822 0.772117 0.763367 0.692767 0.634858 0.809034 0.742714 0.163530 0.699966 0.276802 0.782612 0.702065 0.185703 -0.188039 0.457229 0.217391 0.716247 -0.525260 0.724807 -0.274950 0.825949 -0.008198 0.718655 -0.504581 0.705119 -0.138303 0.440236 -0.564982 0.665918 -0.320675 0.765454 -0.501338 0.687597 0.657822 0.654554 0.518756 0.817594 0.782844 0.810363 0.786351 0.757293 0.409517 0.741950 -0.048651 0.766085 -0.016068 0.709536 0.117434 0.401613 0.756040 0.747753 0.582800 0.618283 -0.252080 0.322437
-0.213834 0.493714 -0.092772 0.059182 0.770231 0.724894 0.392875 -0.573043 0.096061 0.816637 0.602661 -0.011228 0.667886 -0.239889 -0.001708 0.857759 0.803839 0.646536 0.828060 0.510276 0.783137 0.738234 0.113296 0.252898 -0.069882 0.874900 0.802189 0.809590 0.854495 0.309413 0.857016 0.000000 0.803702 0.722816 0.717091 0.359948 0.577430 0.409077 -0.213969 0.718787 0.814632 0.573598 0.203738 0.408207 0.623550 0.396363 0.090187 0.662246 0.757854 0.688068 0.833699 0.757841 0.596511 0.781919 -0.371167 0.819523 0.115395 0.813375 0.637265 0.738751 -0.042715 0.777153 0.775626 0.811309 0.720481 0.630112 0.789134 0.705140 -0.026520 0.635212 0.095851 0.840691 0.732900 0.041353 -0.310086 0.424890 0.099143 0.716457 -0.679343 0.790206 -0.471388 0.838461 -0.182463 0.753351 -0.667140 0.812215 -0.300826 0.379170 -0.715549 0.785569 -0.468243 0.830053 -0.646123 0.794759 0.658683 0.668456 0.397887 0.847255 0.741274 0.777132 0.753111 0.847663 0.263808 0.840073 -0.226667 0.825817 -0.165066 0.817725 0.114650 0.341427 0.729390 0.662298 0.450450 0.529955 -0.348055 0.331807
0.064528 0.701301 0.123605 0.185940 0.760175 0.685332 0.517031 -0.426346 0.229125 0.668943 0.673488 0.111979 0.719785 -0.106767 0.182371 0.754181 0.753383 0.746212 0.857091 0.659351 0.676354 0.663991 0.320468 0.309679 0.118431 0.742505 0.733366 0.707355 0.768414 0.465526 0.843568 0.803702 0.000000 0.815087 0.736408 0.462878 0.586927 0.480092 -0.095425 0.747663 0.710342 0.557229 0.419958 0.543487 0.784704 0.639112 0.305797 0.764740 0.830139 0.761344 0.829780 0.761690 0.683415 0.691590 -0.152458 0.768952 0.416666 0.793856 0.778654 0.761271 0.193391 0.719554 0.770999 0.763199 0.678596 0.649737 0.845158 0.792633 0.271816 0.790404 0.212456 0.719828 0.609205 0.125175 -0.148671 0.417175 0.200816 0.686350 -0.474213 0.731410 -0.233667 0.826734 0.012829 0.734772 -0.480419 0.693138 -0.125480 0.511651 -0.541046 0.659024 -0.301322 0.748602 -0.482005 0.681176 0.652323 0.666382 0.473876 0.783422 0.751303 0.773089 0.729523 0.730450 0.350796 0.712725 -0.027647 0.765517 -0.073670 0.671095 0.024706 0.349880 0.745699 0.734814 0.591510 0.589207 -0.242330 0.315022
0.217959 0.724657 0.310401 0.367253 0.664699 0.589820 0.634637 -0.177636 0.431440 0.614666 0.716729 0.359248 0.778403 0.173077 0.340272 0.674473 0.621656 0.765831 0.753743 0.735428 0.587291 0.585384 0.380640 0.454834 0.242426 0.626136 0.596938 0.548612 0.656836 0.607390 0.759842 0.722816 0.815087 0.000000 0.689312 0.518556 0.529464 0.510408 0.041489 0.589065 0.541965 0.489312 0.558091 0.666551 0.741743 0.615344 0.439504 0.720723 0.754536 0.664621 0.706520 0.678950 0.639151 0.549008 0.063327 0.610884 0.516329 0.667211 0.769329 0.703483 0.373464 0.657546 0.739041 0.707789 0.613792 0.728753 0.804989 0.811197 0.335889 0.759993 0.318728 0.647666 0.602165 0.298180 0.021631 0.534320 0.389720 0.704355 -0.284373 0.634439 -0.019702 0.753131 0.140008 0.644519 -0.279248 0.540998 0.018942 0.504354 -0.345276 0.482390 -0.076607 0.618572 -0.268895 0.532100 0.582324 0.573812 0.601093 0.691711 0.743084 0.729055 0.692687 0.567506 0.457752 0.547107 0.144231 0.632347 0.121993 0.505216 0.030291 0.435804 0.753572 0.744897 0.665114 0.664299 -0.018439 0.327563
0.032443 0.561638 0.234855 0.333674 0.700876 0.657468 0.599375 -0.260976 0.338143 0.632321 0.537130 0.138736 0.670265 -0.023418 0.241932 0.667339 0.524129 0.551225 0.754244 0.618429 0.552684 0.583356 0.375303 0.499016 0.196035 0.649837 0.623574 0.611914 0.596062 0.346545 0.713393 0.717091 0.736408 0.689312 0.000000 0.728856 0.538654 0.489455 -0.088761 0.709112 0.610342 0.448788 0.410460 0.555241 0.596475 0.382575 0.320769 0.730407 0.666564 0.546236 0.678288 0.618941 0.618920 0.577451 -0.035186 0.619561 0.272516 0.612786 0.619466 0.590717 0.154643 0.577867 0.556275 0.607056 0.702713 0.678549 0.813742 0.742571 0.182838 0.673706 0.323295 0.703421 0.639401 0.247200 -0.002147 0.468493 0.326161 0.681168 -0.415809 0.555636 -0.263345 0.650206 0.109329 0.606499 -0.361542 0.555087 -0.019102 0.417563 -0.409615 0.526650 -0.156150 0.642505 -0.338326 0.568560 0.689262 0.578679 0.519456 0.681027 0.732234 0.714371 0.677360 0.598959 0.393254 0.581470 0.080000 0.638161 0.067015 0.543334 -0.018874 0.307632 0.711065 0.675769 0.576711 0.631216 -0.042555 0.390836
0.343235 0.497041 0.489913 0.470633 0.422461 0.377304 0.636530 0.131800 0.568186 0.277058 0.373436 0.321440 0.518575 0.260109 0.492266 0.290340 0.126268 0.392063 0.467489 0.584729 0.201295 0.294003 0.416323 0.527256 0.480359 0.238365 0.284620 0.192119 0.179613 0.416532 0.416695 0.359948 0.462878 0.518556 0.728856 0.000000 0.389532 0.507290 0.126500 0.417295 0.201834 0.236346 0.504431 0.609777 0.409560 0.275287 0.472324 0.562853 0.406153 0.176886 0.316404 0.240790 0.467556 0.121452 0.369606 0.184231 0.401201 0.193273 0.407342 0.230298 0.337321 0.179302 0.233749 0.215313 0.399402 0.567595 0.583050 0.613757 0.387298 0.504037 0.571740 0.408076 0.417609 0.508688 0.397458 0.505792 0.573846 0.531569 0.047095 0.216614 0.124972 0.295718 0.389749 0.247619 0.099870 0.091487 0.309512 0.273434 0.053337 0.057583 0.251649 0.231533 0.093792 0.113777 0.472106 0.271355 0.588183 0.312314 0.532924 0.468795 0.481242 0.159813 0.541063 0.138093 0.428424 0.227436 0.419700 0.101948 -0.075393 0.276731 0.543327 0.517776 0.557437 0.581114 0.307892 0.352079
0.109377 0.469106 0.247764 0.248274 0.649793 0.592071 0.516100 -0.223386 0.326009 0.517682 0.447072 0.061453 0.503498 -0.023448 0.319477 0.565337 0.486600 0.495656 0.624838 0.504874 0.709230 0.728871 0.269261 0.331933 0.271995 0.564826 0.639797 0.481376 0.495254 0.383118 0.625923 0.577430 0.586927 0.529464 0.538654 0.389532 0.000000 0.786459 0.378195 0.585920 0.638292 0.783879 0.424377 0.582506 0.559045 0.461791 0.461413 0.520593 0.588547 0.485673 0.600777 0.509471 0.650096 0.424536 0.006190 0.519435 0.270430 0.454882 0.538625 0.454213 0.083397 0.398621 0.496309 0.478627 0.519862 0.531720 0.640931 0.631290 0.353919 0.590561 0.372483 0.583713 0.577070 0.288963 -0.059120 0.383039 0.315156 0.646763 -0.330210 0.575025 -0.072979 0.611883 0.324558 0.623870 -0.243264 0.457744 0.082009 0.465797 -0.299053 0.409381 -0.047471 0.567254 -0.222496 0.460377 0.562923 0.588314 0.544410 0.646282 0.652835 0.684335 0.639952 0.497045 0.404367 0.486476 0.076254 0.451485 0.106814 0.492281 0.415522 0.337912 0.595457 0.634163 0.467110 0.522387 0.055898 0.259659
