0.000000 0.849854 0.885508 0.893980 0.677358 0.710586 0.871208 0.843062 0.631832 0.738123 0.879568 0.857218 0.894744 0.829848 0.826478 0.826895 0.825060 0.804554 0.898699 0.915861 0.584080 0.712570 0.885158 0.844914 0.813071 0.781781 0.663292 0.676630 0.886572 0.789780 0.814602 0.819359 0.876976 0.871127 0.745670 0.784876 0.796087 0.800765 0.826364 0.808904 0.748336 0.809631 0.561498 0.601332 0.778688 0.772231 0.673516 0.656541 0.830613 0.788153 0.704829 0.655959 0.421566 0.345636 0.799290 0.794169 0.854228 0.797063 0.832932 0.785781 0.833427 0.706584 0.881042 0.816888 0.829718 0.753721 0.861216 0.816954 0.880308 0.888328 0.818521 0.821837 0.758635 0.803385 0.700592 0.706535 0.767698 0.795458 0.740642 0.677720 0.883178 0.768137 0.831261 0.834448 0.787344 0.721159 0.704485 0.764237 0.780642 0.789747 0.474726 0.479864 0.211160 0.616015 0.766923 0.694029 0.778245 0.807500 0.766981 0.778555 0.444769 0.418564 0.725446 0.775909 0.723398 0.289651 0.631021 0.575862 0.255823 0.740481 0.746373 0.664706 0.199418 0.497202 0.530030 0.015994
0.849854 0.000000 0.735386 0.754973 0.498938 0.520526 0.704006 0.738572 0.504807 0.555427 0.698988 0.750797 0.761592 0.766975 0.682314 0.657655 0.769086 0.796901 0.805067 0.830914 0.423769 0.516682 0.718260 0.671018 0.641411 0.621900 0.465410 0.499915 0.743668 0.724900 0.624880 0.655250 0.773668 0.762981 0.617928 0.633926 0.667564 0.724500 0.662385 0.663454 0.591728 0.661986 0.583485 0.612848 0.711484 0.741352 0.659160 0.659661 0.747294 0.745008 0.701550 0.660740 0.510146 0.448204 0.674900 0.732665 0.925808 0.926504 0.777584 0.750695 0.759978 0.683129 0.773507 0.761325 0.702286 0.641150 0.770416 0.698758 0.875404 0.853384 0.623505 0.642658 0.603327 0.631682 0.497332 0.559438 0.561604 0.611503 0.724959 0.742730 0.829589 0.831959 0.681697 0.735186 0.723064 0.737398 0.512092 0.609677 0.635541 0.695321 0.521675 0.506992 0.374773 0.644306 0.581575 0.584774 0.602398 0.653114 0.601677 0.594241 0.535212 0.493200 0.526186 0.582452 0.545844 0.329886 0.398711 0.357906 0.176562 0.601680 0.607640 0.572990 0.316098 0.449924 0.439418 0.035983
0.885508 0.735386 0.000000 0.937422 0.790973 0.815080 0.905056 0.846210 0.748704 0.822658 0.858084 0.863302 0.882611 0.809797 0.901598 0.885355 0.781286 0.783539 0.867890 0.904730 0.645604 0.803037 0.926642 0.919574 0.891730 0.870814 0.776406 0.787002 0.907033 0.798096 0.892815 0.903283 0.880576 0.891086 0.804460 0.839931 0.864999 0.832392 0.895756 0.853575 0.840433 0.874020 0.499027 0.544481 0.788241 0.743057 0.622883 0.591953 0.846279 0.753690 0.663017 0.581306 0.323373 0.219391 0.815335 0.749393 0.741977 0.671124 0.789062 0.719574 0.803678 0.631070 0.860410 0.779283 0.841774 0.756892 0.857702 0.830375 0.821347 0.858224 0.892763 0.906619 0.845346 0.861008 0.800809 0.807788 0.855988 0.869192 0.694761 0.562764 0.846675 0.668426 0.872604 0.843039 0.778107 0.619770 0.797766 0.823975 0.842541 0.768541 0.424166 0.418278 0.134433 0.586245 0.828327 0.698814 0.832418 0.849137 0.828039 0.848230 0.436436 0.320589 0.844955 0.864210 0.769200 0.194274 0.760868 0.693448 0.264653 0.742746 0.762778 0.655256 0.104145 0.453559 0.502568 -0.024584
0.893980 0.754973 0.937422 0.000000 0.776430 0.812780 0.902698 0.862266 0.719951 0.830356 0.859740 0.876165 0.888883 0.831584 0.889772 0.895871 0.803500 0.781852 0.877868 0.911404 0.639907 0.791074 0.929368 0.923570 0.891126 0.874350 0.774421 0.784236 0.913987 0.802812 0.890846 0.904103 0.892247 0.902112 0.808398 0.843833 0.860482 0.835091 0.894513 0.860381 0.843815 0.879332 0.511653 0.554952 0.792018 0.760933 0.634857 0.612905 0.858079 0.773268 0.678692 0.608285 0.338444 0.255369 0.813725 0.776831 0.763436 0.694298 0.793668 0.731770 0.808064 0.654303 0.866505 0.793655 0.841602 0.775487 0.864081 0.836802 0.836062 0.870854 0.882853 0.910600 0.854095 0.862949 0.786564 0.814282 0.847306 0.867164 0.695142 0.605377 0.846065 0.714244 0.873724 0.852128 0.768200 0.660701 0.788060 0.831127 0.830510 0.803283 0.439552 0.429570 0.175671 0.587878 0.822334 0.688813 0.819901 0.854755 0.823384 0.840992 0.478738 0.350387 0.831804 0.869969 0.754846 0.206543 0.739731 0.695372 0.255229 0.741089 0.764484 0.655458 0.117438 0.455295 0.507030 -0.050331
0.677358 0.498938 0.790973 0.776430 0.000000 0.885369 0.673662 0.571456 0.882846 0.827084 0.641729 0.623026 0.632413 0.543198 0.854853 0.830125 0.647994 0.586185 0.610262 0.711661 0.644995 0.815634 0.751412 0.850809 0.875337 0.882239 0.842930 0.854899 0.771085 0.544065 0.851073 0.860155 0.644026 0.682896 0.601078 0.660017 0.759913 0.610227 0.796705 0.720530 0.846689 0.831344 0.136902 0.178619 0.530065 0.455673 0.300449 0.262385 0.630805 0.465581 0.338638 0.237153 -0.036402 -0.135572 0.570181 0.479504 0.537349 0.403206 0.501096 0.387161 0.509901 0.276275 0.647573 0.505640 0.599930 0.463446 0.616448 0.589754 0.615444 0.633867 0.745345 0.786829 0.768038 0.699062 0.759054 0.778695 0.712556 0.704617 0.428607 0.292631 0.634419 0.410721 0.822581 0.753327 0.518983 0.324507 0.848931 0.847934 0.684279 0.582637 0.090450 0.056198 -0.115005 0.261784 0.712655 0.485370 0.642083 0.656411 0.625931 0.662612 0.301749 -0.009608 0.862247 0.867126 0.578745 -0.202449 0.828928 0.832073 0.235456 0.478931 0.502997 0.332787 -0.268040 0.126263 0.159704 -0.218472
0.710586 0.520526 0.815080 0.812780 0.885369 0.000000 0.690015 0.572895 0.781859 0.884804 0.676259 0.624799 0.661666 0.540026 0.836263 0.885602 0.688135 0.574778 0.638062 0.745441 0.680537 0.866832 0.782150 0.882006 0.892139 0.913736 0.897630 0.919288 0.789021 0.534808 0.894389 0.889230 0.648668 0.677884 0.571831 0.642690 0.774173 0.591831 0.831454 0.760324 0.857670 0.833586 0.091946 0.144135 0.525713 0.444928 0.277410 0.237061 0.641081 0.467028 0.319623 0.226588 -0.096745 -0.183306 0.573469 0.485831 0.559248 0.413451 0.492557 0.370524 0.498454 0.244826 0.660472 0.498175 0.587864 0.438642 0.605206 0.565820 0.633403 0.659975 0.770446 0.802074 0.773089 0.717932 0.763497 0.802215 0.711784 0.700469 0.427540 0.297665 0.658932 0.417143 0.874214 0.780125 0.522943 0.306858 0.922919 0.915917 0.695456 0.595767 0.030325 0.001342 -0.165828 0.234143 0.726240 0.486675 0.634218 0.646096 0.615003 0.650904 0.281298 -0.062495 0.878994 0.908547 0.560631 -0.244241 0.853040 0.880679 0.262207 0.461314 0.486162 0.302046 -0.333357 0.071775 0.133002 -0.244045
0.871208 0.704006 0.905056 0.902698 0.673662 0.690015 0.000000 0.913872 0.639512 0.754758 0.906017 0.897410 0.925214 0.870446 0.833672 0.819412 0.730732 0.747681 0.902780 0.880269 0.560846 0.702623 0.915231 0.852664 0.813558 0.769104 0.660062 0.652790 0.881061 0.819106 0.818120 0.822205 0.917958 0.914574 0.850838 0.873160 0.788715 0.835766 0.830979 0.809626 0.741037 0.806364 0.629707 0.667071 0.831108 0.820216 0.726233 0.709249 0.854614 0.819505 0.747090 0.703809 0.474268 0.392418 0.864447 0.826647 0.714916 0.667737 0.852923 0.820255 0.882201 0.761684 0.887837 0.854224 0.887074 0.862726 0.895728 0.891394 0.808796 0.851251 0.881978 0.885055 0.820122 0.870373 0.758720 0.736412 0.866373 0.886317 0.712099 0.596674 0.818611 0.695957 0.787384 0.783703 0.793065 0.717824 0.666772 0.704310 0.823385 0.811352 0.541897 0.554763 0.229537 0.641733 0.799580 0.697037 0.839672 0.864189 0.855465 0.874615 0.438341 0.458193 0.744307 0.778402 0.803752 0.368229 0.660081 0.577387 0.217688 0.815030 0.833355 0.752738 0.268202 0.588872 0.645073 0.062386
0.843062 0.738572 0.846210 0.862266 0.571456 0.572895 0.913872 0.000000 0.569493 0.684708 0.859804 0.916780 0.910079 0.928072 0.778262 0.742770 0.697443 0.758989 0.908883 0.856106 0.461250 0.584298 0.866894 0.783002 0.734906 0.687918 0.540507 0.538397 0.848062 0.840041 0.724710 0.748499 0.922451 0.915367 0.860434 0.876625 0.723513 0.843125 0.762155 0.752140 0.677405 0.752361 0.744376 0.769790 0.858183 0.873870 0.809310 0.805573 0.859374 0.862341 0.823667 0.797171 0.621375 0.549665 0.872178 0.869695 0.740552 0.727180 0.877689 0.881180 0.901988 0.842971 0.869356 0.883666 0.881180 0.908195 0.907185 0.912561 0.827550 0.854516 0.825657 0.840739 0.803982 0.839750 0.690699 0.674519 0.824840 0.859069 0.737362 0.667991 0.804130 0.756419 0.699397 0.727262 0.797524 0.800018 0.534237 0.595094 0.795108 0.821221 0.679704 0.675191 0.397565 0.729301 0.737911 0.665375 0.813054 0.854450 0.850718 0.854176 0.527927 0.584435 0.653638 0.681226 0.783346 0.493124 0.527686 0.428754 0.174376 0.840403 0.865962 0.813989 0.432584 0.684448 0.727461 0.100288
0.631832 0.504807 0.748704 0.719951 0.882846 0.781859 0.639512 0.569493 0.000000 0.758766 0.599535 0.600866 0.608886 0.553442 0.823494 0.758703 0.609435 0.567020 0.582259 0.669124 0.588809 0.707660 0.698713 0.779008 0.803582 0.798393 0.719840 0.744776 0.715792 0.511394 0.755574 0.780788 0.615782 0.656038 0.586872 0.625724 0.692555 0.581951 0.724607 0.652091 0.767908 0.747821 0.188001 0.218820 0.529184 0.446191 0.316837 0.284538 0.580986 0.432364 0.326888 0.237125 0.025713 -0.051857 0.531060 0.454818 0.513097 0.402683 0.467383 0.384950 0.488517 0.289131 0.600461 0.491199 0.587185 0.463595 0.598531 0.577760 0.593543 0.604265 0.681847 0.730400 0.729708 0.621137 0.673685 0.698359 0.651032 0.651166 0.421322 0.339088 0.598942 0.431915 0.730990 0.696286 0.489418 0.357685 0.732718 0.759265 0.621737 0.557897 0.168957 0.132828 -0.007413 0.326766 0.654928 0.468753 0.591517 0.639490 0.598453 0.621652 0.339373 0.082448 0.761070 0.775336 0.531262 -0.111842 0.703540 0.710252 0.155455 0.466481 0.499228 0.361510 -0.157901 0.172736 0.189672 -0.122720
0.738123 0.555427 0.822658 0.830356 0.827084 0.884804 0.754758 0.684708 0.758766 0.000000 0.730638 0.690079 0.735835 0.666718 0.836659 0.894787 0.694527 0.582357 0.720137 0.773279 0.638169 0.777836 0.812228 0.865206 0.877761 0.880315 0.831647 0.852070 0.821748 0.599586 0.859787 0.854341 0.720734 0.729407 0.636197 0.692886 0.729972 0.603717 0.810215 0.739324 0.821308 0.811298 0.220857 0.268769 0.583016 0.530871 0.392820 0.367903 0.655860 0.533261 0.392560 0.345170 0.044789 -0.017229 0.627022 0.584037 0.600220 0.471130 0.555527 0.483380 0.579945 0.380735 0.711239 0.583865 0.649200 0.556799 0.676020 0.646935 0.691538 0.706436 0.772426 0.816276 0.818715 0.739662 0.725744 0.776995 0.721997 0.717177 0.473558 0.427489 0.679107 0.526639 0.845206 0.790881 0.551739 0.454870 0.833670 0.860785 0.689885 0.686018 0.185184 0.125636 0.008185 0.303392 0.735624 0.526838 0.656824 0.696557 0.652104 0.679792 0.375734 0.086282 0.816320 0.872292 0.581978 -0.096214 0.758739 0.799414 0.212515 0.553082 0.574501 0.398268 -0.185567 0.187294 0.262333 -0.200820
0.879568 0.698988 0.858084 0.859740 0.641729 0.676259 0.906017 0.859804 0.599535 0.730638 0.000000 0.845427 0.916947 0.830299 0.791740 0.807165 0.752652 0.690017 0.889583 0.863182 0.571327 0.688212 0.877340 0.819699 0.777322 0.735925 0.634397 0.646059 0.857892 0.738514 0.792282 0.777911 0.868310 0.858170 0.781103 0.806737 0.726741 0.763992 0.775852 0.767865 0.675265 0.753254 0.563035 0.600528 0.773239 0.766090 0.675882 0.666092 0.801100 0.776915 0.683581 0.672367 0.400790 0.362350 0.807121 0.814556 0.714294 0.656956 0.823267 0.789014 0.840826 0.724832 0.887859 0.851517 0.842331 0.798538 0.848220 0.834258 0.789743 0.831310 0.823936 0.827981 0.735218 0.821480 0.701601 0.690147 0.793241 0.823055 0.647304 0.579766 0.790407 0.683494 0.770790 0.794977 0.720162 0.709009 0.660353 0.707873 0.744594 0.816725 0.457705 0.483384 0.182961 0.561705 0.752661 0.651699 0.776436 0.798603 0.779785 0.808285 0.391110 0.418464 0.688887 0.770520 0.738397 0.311645 0.623212 0.595685 0.234466 0.759546 0.766919 0.687131 0.193041 0.517381 0.589337 0.074205
0.857218 0.750797 0.863302 0.876165 0.623026 0.624799 0.897410 0.916780 0.600866 0.690079 0.845427 0.000000 0.898887 0.907833 0.813586 0.761338 0.724785 0.817977 0.891149 0.870858 0.526077 0.655898 0.869664 0.811830 0.769701 0.724491 0.604336 0.591148 0.861833 0.865699 0.775793 0.796389 0.912055 0.913215 0.825768 0.857345 0.777149 0.858489 0.810736 0.785005 0.747161 0.796804 0.677600 0.720291 0.837264 0.841673 0.746513 0.737523 0.875311 0.862441 0.821655 0.762122 0.571936 0.450671 0.870215 0.819816 0.745870 0.727782 0.876597 0.849273 0.892264 0.804397 0.875520 0.860955 0.857617 0.863705 0.878117 0.876318 0.814085 0.836896 0.859048 0.856794 0.829224 0.857364 0.745641 0.717398 0.849814 0.876678 0.771045 0.638723 0.831248 0.714693 0.745486 0.728764 0.832096 0.721561 0.599299 0.640958 0.837521 0.759569 0.610646 0.606857 0.289412 0.691825 0.762627 0.673518 0.833408 0.858555 0.858057 0.863817 0.458625 0.487843 0.722452 0.710920 0.818069 0.435432 0.605571 0.472706 0.192853 0.813721 0.846775 0.783476 0.362634 0.651741 0.693194 0.110289
0.894744 0.761592 0.882611 0.888883 0.632413 0.661666 0.925214 0.910079 0.608886 0.735835 0.916947 0.898887 0.000000 0.889720 0.814511 0.808869 0.755885 0.761735 0.920643 0.886852 0.541988 0.675443 0.905566 0.835013 0.791619 0.751053 0.624809 0.630168 0.874157 0.808431 0.791623 0.794980 0.920775 0.905451 0.831104 0.854348 0.758244 0.818219 0.807740 0.797833 0.714985 0.787529 0.642701 0.676700 0.827799 0.823459 0.737583 0.730608 0.842819 0.824272 0.755901 0.727178 0.500779 0.431351 0.850078 0.844731 0.772658 0.732730 0.857872 0.833396 0.887700 0.771138 0.902964 0.871758 0.887045 0.851536 0.899957 0.881328 0.845538 0.875350 0.850587 0.855471 0.795191 0.855612 0.715282 0.705652 0.821054 0.850653 0.717614 0.651413 0.834422 0.748060 0.773146 0.781364 0.797410 0.759327 0.639940 0.696816 0.796998 0.824090 0.556080 0.558636 0.277874 0.646831 0.767441 0.669378 0.795890 0.836243 0.815849 0.831885 0.469908 0.480059 0.697540 0.747901 0.755559 0.374685 0.605028 0.536746 0.201448 0.796703 0.814922 0.736751 0.283474 0.581972 0.636945 0.058884
0.829848 0.766975 0.809797 0.831584 0.543198 0.540026 0.870446 0.928072 0.553442 0.666718 0.830299 0.907833 0.889720 0.000000 0.763758 0.719329 0.709563 0.766203 0.896054 0.840581 0.456761 0.535068 0.826661 0.749410 0.706176 0.666905 0.503034 0.509029 0.831497 0.816787 0.688419 0.712449 0.900355 0.888594 0.818888 0.834389 0.679411 0.803922 0.726567 0.710292 0.652559 0.719991 0.743543 0.770673 0.845942 0.869176 0.805918 0.807221 0.839201 0.857253 0.822306 0.809675 0.636713 0.573050 0.838036 0.865646 0.762589 0.759647 0.863244 0.869877 0.875827 0.828114 0.849791 0.876267 0.846692 0.878279 0.882661 0.880528 0.828307 0.839886 0.770285 0.799721 0.786198 0.790831 0.632452 0.649797 0.768540 0.809525 0.725075 0.712629 0.788324 0.782977 0.671385 0.718612 0.762828 0.819114 0.490802 0.567131 0.746070 0.811322 0.700368 0.666874 0.464109 0.720583 0.695251 0.636733 0.766195 0.825214 0.803202 0.806872 0.578379 0.608045 0.610325 0.647905 0.732245 0.492746 0.465821 0.389396 0.142022 0.805598 0.830583 0.784153 0.450576 0.663270 0.711013 0.093973
0.826478 0.682314 0.901598 0.889772 0.854853 0.836263 0.833672 0.778262 0.823494 0.836659 0.791740 0.813586 0.814511 0.763758 0.000000 0.879174 0.760271 0.755355 0.801609 0.850630 0.675616 0.785160 0.880268 0.905089 0.902661 0.886581 0.782974 0.814179 0.885689 0.750644 0.887138 0.896850 0.817378 0.833846 0.757018 0.795025 0.824849 0.770410 0.871884 0.784233 0.850754 0.860616 0.418891 0.462081 0.728553 0.680685 0.545665 0.522366 0.793003 0.685297 0.586248 0.502916 0.251121 0.133279 0.760019 0.681104 0.702203 0.609618 0.717999 0.637860 0.724922 0.525647 0.807995 0.703547 0.773705 0.679985 0.798666 0.769604 0.783659 0.806233 0.862389 0.881721 0.858220 0.815345 0.788393 0.798169 0.821545 0.823233 0.656798 0.505448 0.814806 0.598310 0.879505 0.825263 0.726090 0.547623 0.810577 0.821583 0.807132 0.714610 0.351011 0.332412 0.082384 0.513275 0.795647 0.644187 0.797481 0.804671 0.778394 0.803076 0.410326 0.242627 0.855019 0.863010 0.730123 0.099028 0.757922 0.705702 0.244480 0.695398 0.710014 0.581238 0.022957 0.383281 0.446077 -0.077961
0.826895 0.657655 0.885355 0.895871 0.830125 0.885602 0.819412 0.742770 0.758703 0.894787 0.807165 0.761338 0.808869 0.719329 0.879174 0.000000 0.786402 0.684149 0.789149 0.849092 0.687063 0.828085 0.875598 0.916057 0.905713 0.904284 0.839743 0.866091 0.881227 0.698844 0.897178 0.900738 0.794749 0.805739 0.698342 0.748650 0.828995 0.715069 0.879354 0.833811 0.859081 0.862892 0.315037 0.367274 0.671850 0.618780 0.476820 0.451052 0.759421 0.636131 0.503644 0.441317 0.122290 0.054607 0.704643 0.665785 0.685292 0.568852 0.656787 0.571560 0.669284 0.464008 0.791388 0.678430 0.729689 0.624317 0.752377 0.717416 0.758927 0.793111 0.828978 0.867171 0.822652 0.798661 0.767882 0.817307 0.776380 0.779054 0.575178 0.508116 0.774178 0.621353 0.906423 0.861113 0.644381 0.535846 0.866577 0.901216 0.753015 0.743832 0.246689 0.216829 0.038287 0.404593 0.806934 0.628332 0.737096 0.774922 0.720139 0.745067 0.412537 0.166608 0.848013 0.909951 0.655720 -0.007913 0.787549 0.809440 0.275018 0.623494 0.636257 0.483026 -0.110112 0.262649 0.342788 -0.166618
0.825060 0.769086 0.781286 0.803500 0.647994 0.688135 0.730732 0.697443 0.609435 0.694527 0.752652 0.724785 0.755885 0.709563 0.760271 0.786402 0.000000 0.800852 0.759239 0.815397 0.716416 0.634570 0.761698 0.768748 0.774916 0.769406 0.670246 0.661139 0.838125 0.711672 0.762540 0.751682 0.743789 0.749788 0.626996 0.629600 0.738806 0.671323 0.743797 0.710384 0.685772 0.722375 0.388998 0.445980 0.643941 0.642429 0.492955 0.481271 0.711358 0.660887 0.547899 0.510094 0.239384 0.209274 0.594773 0.640951 0.773892 0.717409 0.678917 0.631936 0.664118 0.556359 0.799752 0.720003 0.677858 0.595451 0.718659 0.669030 0.742229 0.764239 0.676652 0.716149 0.642169 0.651965 0.580694 0.660015 0.605484 0.632643 0.686377 0.720885 0.798356 0.759151 0.773632 0.778567 0.601252 0.628997 0.659256 0.744160 0.589444 0.692111 0.335296 0.312366 0.201961 0.488962 0.687751 0.626309 0.647883 0.688729 0.596863 0.611005 0.469828 0.363862 0.654830 0.749036 0.574817 0.194777 0.538210 0.588847 0.221822 0.573484 0.564579 0.482323 0.071848 0.304630 0.371290 -0.094477
0.804554 0.796901 0.783539 0.781852 0.586185 0.574778 0.747681 0.758989 0.567020 0.582357 0.690017 0.817977 0.761735 0.766203 0.755355 0.684149 0.800852 0.000000 0.781053 0.819148 0.581764 0.582624 0.743514 0.718263 0.707827 0.685917 0.578757 0.547000 0.820262 0.859042 0.702737 0.729617 0.794933 0.801990 0.673178 0.704655 0.763859 0.783857 0.757710 0.720208 0.702077 0.744600 0.560975 0.620497 0.733251 0.732225 0.624374 0.595032 0.781212 0.749459 0.716699 0.609796 0.471332 0.307096 0.712892 0.642737 0.787335 0.775811 0.786181 0.738570 0.765631 0.654507 0.800683 0.760303 0.721791 0.665748 0.765836 0.738423 0.773868 0.777057 0.737763 0.729288 0.700534 0.719355 0.653916 0.622542 0.697392 0.714192 0.822395 0.673267 0.855182 0.703117 0.719229 0.670006 0.788966 0.603831 0.576837 0.598012 0.738443 0.574616 0.519831 0.475870 0.254031 0.625727 0.701088 0.667492 0.742787 0.733581 0.709189 0.700199 0.443634 0.399737 0.683909 0.627150 0.708344 0.354486 0.540750 0.399891 0.236515 0.679689 0.680323 0.631210 0.283425 0.517757 0.541078 0.003201
0.898699 0.805067 0.867890 0.877868 0.610262 0.638062 0.902780 0.908883 0.582259 0.720137 0.889583 0.891149 0.920643 0.896054 0.801609 0.789149 0.759239 0.781053 0.000000 0.914403 0.492516 0.625275 0.870870 0.806402 0.761775 0.728397 0.592498 0.610661 0.878054 0.820512 0.756114 0.775956 0.915194 0.902910 0.801460 0.836360 0.731147 0.810390 0.773903 0.762935 0.690197 0.768401 0.666776 0.699747 0.825845 0.846282 0.762635 0.756596 0.855397 0.851499 0.787424 0.767003 0.541126 0.475667 0.842758 0.857534 0.822139 0.785282 0.884070 0.862686 0.882151 0.776421 0.906262 0.887217 0.845820 0.825365 0.889465 0.867122 0.877616 0.889738 0.824091 0.839437 0.792661 0.844337 0.699846 0.705201 0.787876 0.822722 0.730653 0.676477 0.846446 0.774139 0.766597 0.783291 0.792656 0.782977 0.611712 0.670955 0.783258 0.829677 0.576542 0.568832 0.320036 0.652798 0.722305 0.638250 0.767718 0.813055 0.792980 0.802316 0.509216 0.499874 0.674809 0.727848 0.721335 0.373186 0.559386 0.495868 0.207812 0.785113 0.799467 0.723021 0.308210 0.575425 0.626000 0.009187
0.915861 0.830914 0.904730 0.911404 0.711661 0.745441 0.880269 0.856106 0.669124 0.773279 0.863182 0.870858 0.886852 0.840581 0.850630 0.849092 0.815397 0.819148 0.914403 0.000000 0.578408 0.722945 0.881115 0.863188 0.826881 0.807803 0.698319 0.717319 0.907945 0.819368 0.830603 0.851410 0.887215 0.891328 0.754184 0.800281 0.809437 0.817121 0.834390 0.810310 0.774112 0.829520 0.542875 0.588234 0.781544 0.782234 0.663392 0.644648 0.851441 0.798813 0.712296 0.653684 0.406654 0.318889 0.805925 0.785737 0.841279 0.781212 0.839074 0.782067 0.827642 0.683181 0.896036 0.838923 0.798667 0.739594 0.849520 0.814589 0.879669 0.895215 0.844465 0.860090 0.805863 0.839042 0.744423 0.759815 0.788914 0.816878 0.736901 0.642250 0.880434 0.753100 0.846947 0.841169 0.789104 0.694982 0.731534 0.779921 0.805045 0.786973 0.460006 0.448871 0.201195 0.591906 0.761792 0.659290 0.777143 0.801330 0.775790 0.787405 0.468849 0.375108 0.763488 0.805724 0.722717 0.241769 0.664267 0.608902 0.277053 0.732794 0.738220 0.641177 0.163220 0.465685 0.511358 -0.033973
0.584080 0.423769 0.645604 0.639907 0.644995 0.680537 0.560846 0.461250 0.588809 0.638169 0.571327 0.526077 0.541988 0.456761 0.675616 0.687063 0.716416 0.581764 0.492516 0.578408 0.000000 0.655712 0.618663 0.678186 0.710898 0.699610 0.751583 0.672459 0.665481 0.523708 0.720706 0.679733 0.520949 0.536663 0.465452 0.479693 0.622922 0.500081 0.699219 0.605990 0.650645 0.650631 0.113402 0.171241 0.415060 0.368803 0.216925 0.203117 0.505339 0.408668 0.284599 0.204794 -0.042213 -0.139999 0.438388 0.363435 0.450473 0.346128 0.422872 0.340462 0.428130 0.260605 0.576928 0.450044 0.481490 0.396015 0.489768 0.468921 0.469412 0.503715 0.601130 0.607874 0.535733 0.526459 0.599203 0.618476 0.567078 0.540061 0.494423 0.400257 0.590157 0.379390 0.697031 0.568383 0.450351 0.262957 0.680165 0.696452 0.508251 0.433043 0.087769 0.037894 -0.098321 0.228341 0.643645 0.538919 0.587823 0.584854 0.493389 0.523447 0.224007 0.033767 0.669660 0.694461 0.474408 -0.046984 0.601368 0.647869 0.034141 0.394291 0.437059 0.302341 -0.169000 0.122958 0.203778 -0.171012
0.712570 0.516682 0.803037 0.791074 0.815634 0.866832 0.702623 0.584298 0.707660 0.777836 0.688212 0.655898 0.675443 0.535068 0.785160 0.828085 0.634570 0.582624 0.625275 0.722945 0.655712 0.000000 0.781474 0.850926 0.845403 0.841814 0.859712 0.846161 0.742366 0.567373 0.878270 0.863981 0.671021 0.692991 0.601216 0.672365 0.810623 0.668831 0.848762 0.814563 0.852915 0.838259 0.154719 0.212976 0.558300 0.469942 0.327711 0.282437 0.673285 0.524362 0.397702 0.291634 0.001527 -0.135123 0.639534 0.508105 0.541242 0.418392 0.553211 0.436817 0.564588 0.330662 0.668358 0.523697 0.613719 0.491566 0.622962 0.602527 0.614742 0.661258 0.803056 0.782861 0.718255 0.743515 0.793367 0.754919 0.761541 0.751453 0.467130 0.242738 0.664639 0.379394 0.824340 0.734227 0.595903 0.287497 0.880829 0.864035 0.748214 0.548974 0.080969 0.088035 -0.214781 0.306292 0.746779 0.520593 0.678345 0.664404 0.668245 0.701978 0.181617 -0.030163 0.870517 0.847337 0.654895 -0.138080 0.885720 0.811041 0.243638 0.501701 0.547611 0.388164 -0.233484 0.177840 0.224549 -0.068051
0.885158 0.718260 0.926642 0.929368 0.751412 0.782150 0.915231 0.866894 0.698713 0.812228 0.877340 0.869664 0.905566 0.826661 0.880268 0.875598 0.761698 0.743514 0.870870 0.881115 0.618663 0.781474 0.000000 0.914729 0.883724 0.848955 0.746654 0.751287 0.892320 0.789512 0.878331 0.881982 0.893280 0.893198 0.840207 0.867728 0.842831 0.836004 0.886520 0.852958 0.823217 0.865577 0.544758 0.574014 0.799318 0.755239 0.657275 0.641099 0.841292 0.761394 0.676524 0.612065 0.369439 0.287656 0.841853 0.788174 0.732039 0.660887 0.789992 0.736961 0.821678 0.665971 0.859261 0.782502 0.876427 0.805215 0.882965 0.857647 0.832066 0.869156 0.897074 0.906619 0.844693 0.873137 0.775561 0.763751 0.870043 0.881577 0.695296 0.576946 0.836514 0.682405 0.857685 0.817704 0.791806 0.667890 0.764817 0.801012 0.844220 0.805574 0.452999 0.470664 0.151442 0.608010 0.825621 0.693652 0.838764 0.860349 0.843529 0.862372 0.412450 0.363403 0.805182 0.838737 0.782163 0.254424 0.726190 0.662201 0.220495 0.779466 0.807746 0.700142 0.153857 0.513650 0.563942 -0.011284
0.844914 0.671018 0.919574 0.923570 0.850809 0.882006 0.852664 0.783002 0.779008 0.865206 0.819699 0.811830 0.835013 0.749410 0.905089 0.916057 0.768748 0.718263 0.806402 0.863188 0.678186 0.850926 0.914729 0.000000 0.925443 0.918026 0.843119 0.853678 0.889563 0.723306 0.923305 0.933638 0.832032 0.851874 0.773681 0.818845 0.859133 0.787442 0.906336 0.857067 0.886433 0.903615 0.385418 0.421264 0.723003 0.661096 0.528515 0.502685 0.803973 0.674111 0.567161 0.478731 0.197683 0.107610 0.766193 0.696201 0.691364 0.589231 0.697372 0.612055 0.718684 0.517817 0.813987 0.704146 0.792674 0.689630 0.805144 0.777565 0.783205 0.817454 0.879697 0.908284 0.854351 0.848742 0.816341 0.828787 0.844320 0.848752 0.616608 0.487214 0.796879 0.605733 0.897564 0.836794 0.712283 0.546399 0.862081 0.883760 0.823111 0.753025 0.308893 0.304117 0.044956 0.489539 0.814439 0.628944 0.793315 0.816599 0.791419 0.817313 0.398440 0.204431 0.880740 0.907895 0.723351 0.050830 0.814169 0.784631 0.240126 0.674775 0.711079 0.567610 -0.035151 0.356688 0.411813 -0.117019
0.813071 0.641411 0.891730 0.891126 0.875337 0.892139 0.813558 0.734906 0.803582 0.877761 0.777322 0.769701 0.791619 0.706176 0.902661 0.905713 0.774916 0.707827 0.761775 0.826881 0.710898 0.845403 0.883724 0.925443 0.000000 0.929911 0.864724 0.857242 0.873560 0.698420 0.918906 0.915667 0.795345 0.811824 0.742311 0.784280 0.850117 0.741053 0.898849 0.833608 0.894463 0.894045 0.328586 0.370259 0.681820 0.619087 0.477081 0.449382 0.762111 0.633497 0.512736 0.429832 0.137501 0.048561 0.717379 0.647050 0.667715 0.557621 0.656145 0.565952 0.673673 0.462573 0.772484 0.650691 0.753713 0.641176 0.772680 0.741341 0.751241 0.776989 0.853320 0.880298 0.846879 0.807297 0.795367 0.804793 0.811031 0.805641 0.598070 0.483458 0.770536 0.578111 0.892377 0.812236 0.668710 0.501477 0.861379 0.880993 0.781865 0.711953 0.261963 0.241923 0.011297 0.438274 0.810593 0.623321 0.768199 0.791086 0.746438 0.776474 0.383236 0.173468 0.880407 0.901716 0.688559 0.004986 0.809079 0.793514 0.222431 0.638702 0.669594 0.511750 -0.086259 0.302005 0.353346 -0.165152
0.781781 0.621900 0.870814 0.874350 0.882239 0.913736 0.769104 0.687918 0.798393 0.880315 0.735925 0.724491 0.751053 0.666905 0.886581 0.904284 0.769406 0.685917 0.728397 0.807803 0.699610 0.841814 0.848955 0.918026 0.929911 0.000000 0.878072 0.883530 0.862917 0.647064 0.907471 0.913577 0.753640 0.778593 0.695573 0.746557 0.831022 0.702978 0.875953 0.812871 0.886838 0.884574 0.258806 0.300514 0.636438 0.571687 0.422128 0.390711 0.731060 0.586330 0.459731 0.373422 0.069662 -0.006139 0.659435 0.603588 0.652979 0.534515 0.600234 0.505401 0.613623 0.392621 0.744355 0.610564 0.707082 0.578221 0.728526 0.689256 0.727014 0.750401 0.810459 0.860917 0.829625 0.775683 0.774236 0.817637 0.766164 0.767444 0.531810 0.450655 0.732153 0.564682 0.880958 0.815748 0.609424 0.466993 0.877172 0.897953 0.747443 0.696933 0.207307 0.174325 0.004348 0.390602 0.782467 0.565395 0.711195 0.739647 0.700087 0.727915 0.404774 0.121922 0.879976 0.911670 0.630493 -0.076245 0.810933 0.820648 0.254487 0.584608 0.599815 0.438216 -0.158808 0.222787 0.278036 -0.236433
0.663292 0.465410 0.776406 0.774421 0.842930 0.897630 0.660062 0.540507 0.719840 0.831647 0.634397 0.604336 0.624809 0.503034 0.782974 0.839743 0.670246 0.578757 0.592498 0.698319 0.751583 0.859712 0.746654 0.843119 0.864724 0.878072 0.000000 0.886944 0.757103 0.545158 0.865800 0.856639 0.627048 0.650440 0.557436 0.627179 0.759489 0.588718 0.834203 0.767762 0.843882 0.835709 0.078868 0.129333 0.487423 0.411587 0.252852 0.217529 0.607962 0.453043 0.314921 0.211127 -0.093863 -0.203673 0.560444 0.446269 0.513141 0.373272 0.476925 0.359544 0.489361 0.240319 0.643683 0.480113 0.563685 0.434580 0.583265 0.551814 0.589729 0.619310 0.755186 0.774679 0.731219 0.702105 0.766117 0.774144 0.713682 0.683933 0.447868 0.283035 0.631710 0.373938 0.838649 0.685414 0.529274 0.260884 0.891877 0.879194 0.692084 0.541263 0.024398 -0.011168 -0.206648 0.213857 0.717361 0.468146 0.621977 0.632009 0.601443 0.633994 0.228460 -0.090733 0.862248 0.863402 0.552346 -0.224489 0.851306 0.849193 0.163676 0.431937 0.492016 0.294558 -0.320949 0.081607 0.152234 -0.272830
0.676630 0.499915 0.787002 0.784236 0.854899 0.919288 0.652790 0.538397 0.744776 0.852070 0.646059 0.591148 0.630168 0.509029 0.814179 0.866091 0.661139 0.547000 0.610661 0.717319 0.672459 0.846161 0.751287 0.853678 0.857242 0.883530 0.886944 0.000000 0.759731 0.523927 0.862374 0.861167 0.615484 0.641126 0.545068 0.611515 0.741607 0.568033 0.806315 0.733481 0.825460 0.802160 0.071999 0.127638 0.492444 0.420966 0.252365 0.218498 0.618557 0.451173 0.303970 0.213880 -0.110167 -0.206634 0.552938 0.465519 0.542660 0.401413 0.473685 0.350522 0.480594 0.220747 0.637353 0.477840 0.555223 0.407504 0.579605 0.535838 0.615290 0.645845 0.739502 0.770504 0.737338 0.696737 0.747271 0.789382 0.677988 0.664956 0.419923 0.272937 0.647123 0.392297 0.861298 0.758901 0.511066 0.271220 0.911029 0.897692 0.674069 0.567533 0.011479 -0.031536 -0.173760 0.197970 0.703352 0.461265 0.606983 0.605357 0.575250 0.610828 0.279824 -0.101112 0.857976 0.882318 0.525810 -0.267585 0.832576 0.856854 0.261858 0.427205 0.455221 0.266160 -0.350828 0.034385 0.113211 -0.242186
0.886572 0.743668 0.907033 0.913987 0.771085 0.789021 0.881061 0.848062 0.715792 0.821748 0.857892 0.861833 0.874157 0.831497 0.885689 0.881227 0.838125 0.820262 0.878054 0.907945 0.665481 0.742366 0.892320 0.889563 0.873560 0.862917 0.757103 0.759731 0.000000 0.821019 0.863613 0.877672 0.873130 0.886511 0.779887 0.829482 0.830478 0.807005 0.862748 0.816989 0.814823 0.859721 0.511270 0.558703 0.772205 0.756048 0.635799 0.608194 0.841071 0.768807 0.670311 0.604703 0.345688 0.258976 0.791133 0.755461 0.767385 0.688535 0.795430 0.739505 0.791044 0.640587 0.880917 0.809056 0.807102 0.742604 0.843568 0.824254 0.829076 0.851675 0.855754 0.887139 0.845239 0.843086 0.779058 0.783704 0.822003 0.839602 0.715710 0.622015 0.857294 0.716836 0.861716 0.837907 0.750005 0.662767 0.760176 0.797031 0.805392 0.782680 0.446052 0.418905 0.180457 0.564481 0.818607 0.681253 0.817549 0.831088 0.803941 0.815744 0.467153 0.354318 0.818075 0.851137 0.758051 0.224898 0.706341 0.656530 0.301583 0.764001 0.755878 0.645171 0.122938 0.469795 0.532716 -0.092132
0.789780 0.724900 0.798096 0.802812 0.544065 0.534808 0.819106 0.840041 0.511394 0.599586 0.738514 0.865699 0.808431 0.816787 0.750644 0.698844 0.711672 0.859042 0.820512 0.819368 0.523708 0.567373 0.789512 0.723306 0.698420 0.647064 0.545158 0.523927 0.821019 0.000000 0.693770 0.724080 0.839280 0.838630 0.751458 0.774562 0.783672 0.841280 0.773424 0.743675 0.687348 0.736746 0.660273 0.716926 0.766993 0.790932 0.702365 0.689831 0.820595 0.817846 0.788670 0.705565 0.567483 0.409229 0.808751 0.722785 0.721162 0.720706 0.843352 0.819488 0.839396 0.766857 0.817339 0.809457 0.767166 0.783715 0.805446 0.807771 0.760987 0.792036 0.796432 0.770143 0.733035 0.796854 0.693007 0.640215 0.775010 0.788033 0.849593 0.656286 0.852698 0.702937 0.719895 0.681029 0.847547 0.652820 0.538966 0.553380 0.793990 0.636392 0.605736 0.587005 0.270616 0.672232 0.752128 0.757208 0.835510 0.803894 0.794697 0.785440 0.406477 0.463699 0.674514 0.619290 0.800680 0.473972 0.558258 0.365426 0.285901 0.800324 0.788989 0.742205 0.392140 0.638513 0.684514 0.101918
0.814602 0.624880 0.892815 0.890846 0.851073 0.894389 0.818120 0.724710 0.755574 0.859787 0.792282 0.775793 0.791623 0.688419 0.887138 0.897178 0.762540 0.702737 0.756114 0.830603 0.720706 0.878270 0.878331 0.923305 0.918906 0.907471 0.865800 0.862374 0.863613 0.693770 0.000000 0.929814 0.790688 0.806309 0.700803 0.750539 0.842486 0.732275 0.895626 0.833789 0.883024 0.876703 0.292300 0.353145 0.671741 0.610030 0.450545 0.415287 0.759991 0.629945 0.504521 0.413368 0.112583 -0.002267 0.717644 0.626328 0.649946 0.541393 0.666079 0.565657 0.680409 0.467500 0.790499 0.655561 0.723196 0.620275 0.741965 0.715533 0.717652 0.754432 0.872667 0.875404 0.828674 0.816766 0.817039 0.816580 0.816445 0.813463 0.600750 0.442935 0.770838 0.531532 0.891819 0.817277 0.672672 0.452470 0.880239 0.883659 0.785549 0.671161 0.213877 0.202209 -0.058133 0.397018 0.802373 0.621651 0.766334 0.767297 0.738934 0.778251 0.320168 0.111570 0.890130 0.898792 0.713102 -0.011414 0.840658 0.808752 0.255011 0.610224 0.644969 0.495460 -0.118116 0.280028 0.349149 -0.073979
0.819359 0.655250 0.903283 0.904103 0.860155 0.889230 0.822205 0.748499 0.780788 0.854341 0.777911 0.796389 0.794980 0.712449 0.896850 0.900738 0.751682 0.729617 0.775956 0.851410 0.679733 0.863981 0.881982 0.933638 0.915667 0.913577 0.856639 0.861167 0.877672 0.724080 0.929814 0.000000 0.808729 0.837682 0.739200 0.793148 0.866335 0.778460 0.907961 0.854474 0.897314 0.905062 0.345706 0.392561 0.703046 0.638302 0.490247 0.458530 0.794751 0.655860 0.551165 0.443142 0.170072 0.051219 0.748160 0.650982 0.677696 0.573352 0.682668 0.584539 0.695703 0.481555 0.797798 0.677841 0.747222 0.643435 0.770103 0.746206 0.753715 0.783511 0.876163 0.897249 0.851684 0.837730 0.838424 0.838017 0.838924 0.838469 0.619885 0.451218 0.792019 0.564483 0.899646 0.820877 0.708307 0.487999 0.874336 0.881407 0.828196 0.697555 0.268821 0.258506 -0.008452 0.455857 0.805661 0.613063 0.782146 0.794994 0.775732 0.800525 0.362377 0.143157 0.898768 0.899554 0.722951 0.010248 0.838898 0.784890 0.246690 0.639562 0.679968 0.533418 -0.068646 0.325842 0.373899 -0.107589
0.876976 0.773668 0.880576 0.892247 0.644026 0.648668 0.917958 0.922451 0.615782 0.720734 0.868310 0.912055 0.920775 0.900355 0.817378 0.794749 0.743789 0.794933 0.915194 0.887215 0.520949 0.671021 0.893280 0.832032 0.795345 0.753640 0.627048 0.615484 0.873130 0.839280 0.790688 0.808729 0.000000 0.937010 0.862252 0.879760 0.773472 0.849810 0.819436 0.806944 0.740581 0.809283 0.679282 0.711267 0.855221 0.856699 0.764906 0.757062 0.874809 0.853126 0.795638 0.752822 0.543687 0.458484 0.865900 0.853423 0.789516 0.755142 0.876308 0.852037 0.902130 0.786435 0.899639 0.876156 0.887887 0.870311 0.918385 0.907750 0.854738 0.875325 0.857222 0.868153 0.823231 0.865296 0.743115 0.728021 0.840997 0.867551 0.742871 0.662703 0.836105 0.754702 0.766014 0.763694 0.813045 0.765779 0.622488 0.679719 0.814798 0.815643 0.588035 0.588027 0.301035 0.677058 0.756797 0.658862 0.798534 0.856077 0.829649 0.842745 0.498376 0.502217 0.712418 0.738404 0.761125 0.378836 0.604582 0.519942 0.158299 0.788098 0.828669 0.747652 0.317222 0.599547 0.637148 0.033473
0.871127 0.762981 0.891086 0.902112 0.682896 0.677884 0.914574 0.915367 0.656038 0.729407 0.858170 0.913215 0.905451 0.888594 0.833846 0.805739 0.749788 0.801990 0.902910 0.891328 0.536663 0.692991 0.893198 0.851874 0.811824 0.778593 0.650440 0.641126 0.886511 0.838630 0.806309 0.837682 0.937010 0.000000 0.872498 0.895795 0.806457 0.872910 0.837535 0.822458 0.770704 0.838572 0.668130 0.696293 0.858076 0.848900 0.752555 0.741958 0.888810 0.845080 0.791209 0.729690 0.524176 0.437820 0.867064 0.839068 0.771270 0.733290 0.862407 0.829452 0.883324 0.765091 0.892016 0.870752 0.881903 0.857886 0.908975 0.907050 0.843483 0.867945 0.864740 0.887934 0.836979 0.869312 0.775288 0.754832 0.859844 0.886922 0.735710 0.635824 0.834680 0.742387 0.781108 0.776859 0.806704 0.748973 0.646980 0.699971 0.835410 0.818549 0.582631 0.588228 0.290984 0.689086 0.773385 0.657716 0.823509 0.874619 0.855977 0.865097 0.501677 0.488763 0.746408 0.767372 0.778987 0.359072 0.636989 0.547660 0.175281 0.798425 0.837429 0.756859 0.304247 0.602821 0.628488 0.016261
0.745670 0.617928 0.804460 0.808398 0.601078 0.571831 0.850838 0.860434 0.586872 0.636197 0.781103 0.825768 0.831104 0.818888 0.757018 0.698342 0.626996 0.673178 0.801460 0.754184 0.465452 0.601216 0.840207 0.773681 0.742311 0.695573 0.557436 0.545068 0.779887 0.751458 0.700803 0.739200 0.862252 0.872498 0.000000 0.918928 0.731059 0.847938 0.754085 0.738067 0.677818 0.762286 0.714519 0.703636 0.838150 0.806731 0.757578 0.760984 0.826561 0.783908 0.755489 0.707755 0.552393 0.499528 0.842354 0.819148 0.634417 0.610921 0.774421 0.769446 0.823153 0.727871 0.791778 0.794411 0.895776 0.874259 0.898928 0.909348 0.757008 0.795410 0.799410 0.829886 0.761357 0.817277 0.706374 0.668958 0.836480 0.861475 0.651174 0.536658 0.724373 0.655402 0.663358 0.659519 0.750206 0.727951 0.532623 0.584230 0.784568 0.798823 0.609655 0.654064 0.324484 0.721267 0.712512 0.594282 0.799680 0.844625 0.844764 0.852433 0.464735 0.536241 0.653568 0.680676 0.749822 0.430850 0.547148 0.451128 0.092824 0.806572 0.856754 0.794528 0.379536 0.661875 0.672122 0.029918
0.784876 0.633926 0.839931 0.843833 0.660017 0.642690 0.873160 0.876625 0.625724 0.692886 0.806737 0.857345 0.854348 0.834389 0.795025 0.748650 0.629600 0.704655 0.836360 0.800281 0.479693 0.672365 0.867728 0.818845 0.784280 0.746557 0.627179 0.611515 0.829482 0.774562 0.750539 0.793148 0.879760 0.895795 0.918928 0.000000 0.766379 0.865227 0.806523 0.793591 0.750317 0.826145 0.690692 0.688939 0.847229 0.809876 0.766326 0.756689 0.860032 0.805863 0.772872 0.708099 0.539184 0.452594 0.885228 0.828590 0.659119 0.613704 0.806200 0.781300 0.833279 0.708607 0.811742 0.800153 0.884773 0.859581 0.900465 0.914408 0.795727 0.823859 0.850735 0.872397 0.827962 0.872426 0.780271 0.714704 0.888440 0.905773 0.660460 0.503101 0.755089 0.629658 0.719377 0.684359 0.786684 0.699350 0.611724 0.642814 0.858000 0.801664 0.596234 0.620546 0.266171 0.699713 0.762016 0.592039 0.834418 0.865549 0.890329 0.894036 0.445500 0.468152 0.737660 0.734047 0.795103 0.377192 0.636703 0.506092 0.148393 0.835815 0.885046 0.797404 0.328350 0.665452 0.676058 -0.015336
0.796087 0.667564 0.864999 0.860482 0.759913 0.774173 0.788715 0.723513 0.692555 0.729972 0.726741 0.777149 0.758244 0.679411 0.824849 0.828995 0.738806 0.763859 0.731147 0.809437 0.622922 0.810623 0.842831 0.859133 0.850117 0.831022 0.759489 0.741607 0.830478 0.783672 0.842486 0.866335 0.773472 0.806457 0.731059 0.766379 0.000000 0.847198 0.896387 0.875281 0.861427 0.869837 0.414846 0.467017 0.710457 0.633469 0.519782 0.488104 0.792789 0.675684 0.599070 0.477673 0.249408 0.134926 0.737566 0.631232 0.652018 0.596206 0.692707 0.605285 0.693303 0.541733 0.737765 0.658396 0.744886 0.651682 0.752746 0.728559 0.714243 0.768445 0.825368 0.839736 0.760967 0.774744 0.756782 0.737686 0.806968 0.810478 0.667485 0.512885 0.794363 0.617392 0.840481 0.804263 0.733553 0.517319 0.774598 0.788570 0.810910 0.656107 0.357399 0.375076 0.058735 0.562756 0.834957 0.734915 0.823215 0.816953 0.796763 0.801849 0.345103 0.259269 0.832590 0.816833 0.761849 0.177892 0.779171 0.664947 0.337027 0.697020 0.698261 0.612779 0.077534 0.424873 0.436460 -0.007495
0.800765 0.724500 0.832392 0.835091 0.610227 0.591831 0.835766 0.843125 0.581951 0.603717 0.763992 0.858489 0.818219 0.803922 0.770410 0.715069 0.671323 0.783857 0.810390 0.817121 0.500081 0.668831 0.836004 0.787442 0.741053 0.702978 0.588718 0.568033 0.807005 0.841280 0.732275 0.778460 0.849810 0.872910 0.847938 0.865227 0.847198 0.000000 0.816848 0.827891 0.747451 0.823718 0.686068 0.697313 0.827970 0.791963 0.739502 0.731203 0.865338 0.816204 0.805687 0.708442 0.571350 0.458074 0.863441 0.789239 0.709305 0.703446 0.825574 0.789025 0.836833 0.746539 0.801450 0.802144 0.841567 0.818540 0.857539 0.853535 0.797718 0.838350 0.826463 0.835464 0.750669 0.822718 0.724899 0.677639 0.841455 0.867557 0.750148 0.569926 0.816173 0.694295 0.719772 0.722526 0.835300 0.691611 0.588468 0.622442 0.857138 0.745493 0.616775 0.652073 0.286153 0.759110 0.779305 0.694632 0.855572 0.852421 0.876547 0.867234 0.442796 0.494642 0.711006 0.691923 0.810202 0.437254 0.622536 0.449253 0.222015 0.825075 0.847127 0.804292 0.392799 0.674149 0.655043 0.109489
