0.000000 0.718763 0.217862 0.589600 0.347162 -0.322271 -0.080587 0.705999 0.336546 -0.298359 0.484362 0.380414 -0.103366 -0.203795 0.343554 0.385851 0.689751 0.714851 0.751662 0.728083 0.312485 0.336666 0.094455 0.607956 0.324662 0.369050 0.225720 0.324271 0.449577 0.646178 0.516917 0.574959 0.723852 0.707228 0.473766 0.386103 0.455133 0.449942 0.474262 0.454178 0.332218 0.416354 0.500129 0.443286 0.490926 0.526210 0.575371 0.591295 0.515872 0.558189 0.529281 0.511469 0.549657 0.476483 0.514443 0.611165 0.868514 0.683194 0.712170 0.644344 0.652823 0.486948 0.625949 0.717192 0.735306 0.635409 0.630102 0.563325 0.706120 0.622087 0.415239 0.589119 0.411685 0.605766 0.387016 0.340384 0.456732 0.445861 -0.116614 0.160293 0.120685 0.566031 0.336563 0.461326 -0.109621 0.616120 0.393553 -0.021668 0.439886 0.585963 0.397402 0.470911 0.368672 0.413052 0.535990 0.481098 0.526011 0.443343 0.449569 0.484060 0.369544 0.379402 0.360410 0.398248 0.367254 0.367630 0.220583 0.337567 0.276923 0.433624 0.161262 0.481948 0.423268 0.450171 0.431646 0.406106
0.718763 0.000000 -0.080059 0.718014 0.502610 -0.509680 -0.322036 0.695147 0.511510 -0.585135 0.114367 0.171174 -0.235433 -0.153338 0.515579 0.376008 0.727766 0.759671 0.889718 0.859600 0.499255 0.509984 -0.150859 0.648652 0.510735 0.539112 0.386691 0.476474 0.597370 0.845247 0.602202 0.638286 0.834995 0.790526 0.716484 0.648533 0.565327 0.524194 0.394713 0.528515 0.507663 0.496209 0.525108 0.510053 0.552027 0.580841 0.470803 0.695826 0.487227 0.488630 0.548234 0.391668 0.462026 0.541221 0.486243 0.641135 0.756535 0.914059 0.703827 0.838781 0.317563 0.394756 0.428278 0.724957 0.676217 0.554121 0.850420 0.814678 0.868862 0.823772 0.580534 0.686952 0.556765 0.602365 0.495613 0.413848 0.533901 0.544517 -0.287023 0.312271 0.103162 0.781311 0.539342 0.807543 -0.258236 0.748390 0.548671 0.071860 0.493377 0.784028 0.425072 0.492090 0.472200 0.469166 0.422957 0.387403 0.268513 0.456256 0.347089 0.376312 0.465257 0.461158 0.451446 0.482008 0.453874 0.451964 0.127097 0.477460 0.162227 0.073581 -0.174601 0.330343 0.312206 0.200279 0.334107 0.444390
0.217862 -0.080059 0.000000 -0.453992 -0.694919 0.727542 0.885972 0.085663 -0.743423 0.713965 0.758668 0.828033 0.831658 0.692111 -0.742454 0.163503 -0.149935 -0.092662 -0.227383 -0.246675 -0.707806 -0.736950 0.917050 -0.219263 -0.715607 -0.720333 -0.645302 -0.712167 -0.642989 -0.043892 -0.539396 -0.052175 0.080183 0.046229 -0.401489 -0.543046 -0.622744 -0.659387 -0.281572 -0.574335 -0.724477 -0.650840 -0.386508 -0.599485 -0.162467 -0.274091 0.038751 -0.312595 -0.471694 -0.447735 -0.584657 -0.458454 -0.501085 -0.603446 -0.531942 -0.098038 0.317166 0.015437 0.312696 -0.191954 0.659599 0.630435 0.637130 0.222712 0.018556 -0.080772 -0.114868 -0.116010 -0.188220 -0.368600 -0.658346 -0.444801 -0.673782 -0.275287 -0.710605 -0.677611 -0.576622 -0.559878 0.855041 0.436292 0.724978 -0.127162 -0.687603 -0.195872 0.850843 0.238254 -0.686859 0.667709 -0.465979 0.022110 -0.649046 -0.508655 -0.707680 -0.646307 -0.313058 -0.294593 -0.212310 -0.624181 -0.517677 -0.447843 -0.702640 -0.688232 -0.692009 -0.653504 -0.684216 -0.675713 -0.087678 -0.673715 -0.215330 0.535442 0.827364 -0.356792 -0.472528 -0.315102 -0.532346 -0.659694
0.589600 0.718014 -0.453992 0.000000 0.826513 -0.832263 -0.744575 0.679338 0.872058 -0.840850 -0.115433 -0.236562 -0.731402 -0.659748 0.884196 0.357928 0.646836 0.667219 0.873420 0.875649 0.882404 0.881041 -0.504224 0.829176 0.871845 0.871041 0.785197 0.836707 0.924651 0.702323 0.897450 0.756261 0.660099 0.733179 0.831418 0.858508 0.905840 0.868283 0.721504 0.882665 0.867048 0.882058 0.668617 0.788499 0.482931 0.557017 0.484523 0.733673 0.658550 0.701215 0.818751 0.650296 0.778298 0.757360 0.839606 0.705012 0.412595 0.566644 0.402741 0.805576 0.073907 0.072469 0.132219 0.556709 0.574930 0.617403 0.734107 0.686580 0.728333 0.832245 0.920563 0.938795 0.913009 0.855150 0.883261 0.847187 0.898791 0.908469 -0.656574 -0.027795 -0.453344 0.659493 0.901049 0.726373 -0.736240 0.436468 0.823403 -0.391348 0.862305 0.620418 0.851899 0.859809 0.870473 0.860117 0.680883 0.679645 0.563532 0.858787 0.779012 0.801275 0.869751 0.843611 0.874141 0.882921 0.869085 0.875078 0.463085 0.835628 0.461693 -0.018155 -0.452694 0.753890 0.762747 0.623306 0.763498 0.831610
0.347162 0.502610 -0.694919 0.826513 0.000000 -0.898888 -0.871769 0.394361 0.940840 -0.889169 -0.443087 -0.574269 -0.849564 -0.781383 0.924397 0.061303 0.481534 0.465501 0.682793 0.689009 0.903460 0.907168 -0.730666 0.639312 0.953442 0.914962 0.843656 0.909453 0.897273 0.485895 0.875104 0.503119 0.406544 0.433508 0.685145 0.766610 0.890524 0.906477 0.727146 0.891465 0.914258 0.911566 0.640623 0.810874 0.398598 0.512058 0.336611 0.640910 0.691366 0.698402 0.831615 0.696529 0.808389 0.780994 0.860488 0.554878 0.195707 0.354417 0.145714 0.597691 -0.204266 -0.298310 -0.158898 0.224460 0.369567 0.456793 0.532793 0.477961 0.582871 0.732953 0.902649 0.817887 0.914369 0.714760 0.886399 0.864796 0.819876 0.837754 -0.815659 -0.176765 -0.547012 0.525374 0.899107 0.577974 -0.857447 0.177551 0.901227 -0.569017 0.786099 0.473712 0.904292 0.852144 0.925330 0.911316 0.744325 0.727125 0.629988 0.892059 0.825320 0.795202 0.917294 0.914789 0.905924 0.911739 0.920298 0.907031 0.207257 0.927742 0.465063 -0.104939 -0.641056 0.712006 0.798263 0.669914 0.834022 0.896762
-0.322271 -0.509680 0.727542 -0.832263 -0.898888 0.000000 0.890598 -0.451585 -0.930338 0.877466 0.420905 0.553657 0.863455 0.785599 -0.932101 -0.173534 -0.521597 -0.491343 -0.689878 -0.702007 -0.913650 -0.926038 0.756698 -0.694917 -0.909705 -0.906796 -0.794647 -0.892904 -0.918458 -0.487707 -0.828061 -0.446818 -0.383764 -0.413485 -0.696502 -0.786222 -0.904439 -0.896245 -0.691086 -0.900498 -0.916945 -0.927077 -0.652701 -0.819795 -0.447064 -0.541860 -0.335127 -0.649360 -0.717793 -0.733660 -0.843929 -0.722899 -0.804537 -0.798768 -0.850098 -0.561166 -0.163751 -0.340988 -0.129150 -0.608187 0.266607 0.299257 0.210796 -0.219600 -0.374927 -0.491479 -0.559715 -0.498459 -0.583919 -0.750633 -0.904602 -0.813783 -0.918707 -0.719485 -0.910891 -0.851795 -0.824849 -0.831886 0.838745 0.208762 0.611737 -0.504980 -0.907925 -0.568650 0.871292 -0.179345 -0.906245 0.589652 -0.797872 -0.479653 -0.900956 -0.854872 -0.933667 -0.918692 -0.697655 -0.684973 -0.560056 -0.883102 -0.802784 -0.777269 -0.924667 -0.930801 -0.919243 -0.916324 -0.924288 -0.916372 -0.288063 -0.927229 -0.462039 0.161114 0.688856 -0.690846 -0.783135 -0.635686 -0.807953 -0.896621
-0.080587 -0.322036 0.885972 -0.744575 -0.871769 0.890598 0.000000 -0.211867 -0.920530 0.872953 0.596016 0.727201 0.939586 0.816366 -0.924545 -0.033165 -0.360014 -0.339082 -0.520383 -0.539126 -0.901539 -0.917358 0.879566 -0.523185 -0.901068 -0.895937 -0.825436 -0.885659 -0.870366 -0.320537 -0.779121 -0.351878 -0.199955 -0.260898 -0.627271 -0.752253 -0.854681 -0.863140 -0.559453 -0.820129 -0.903356 -0.870771 -0.561285 -0.775079 -0.296757 -0.404002 -0.182024 -0.520853 -0.618197 -0.625193 -0.771097 -0.622196 -0.716832 -0.744805 -0.768597 -0.383075 0.084069 -0.178191 0.077569 -0.470825 0.447075 0.458669 0.404877 -0.049047 -0.195838 -0.310978 -0.373083 -0.340741 -0.413483 -0.604946 -0.875957 -0.724203 -0.887041 -0.590732 -0.900674 -0.865481 -0.809531 -0.807689 0.897443 0.318291 0.736154 -0.361721 -0.892068 -0.441573 0.946236 0.025746 -0.854989 0.672996 -0.735896 -0.245545 -0.863264 -0.767797 -0.904990 -0.863886 -0.564144 -0.565192 -0.453384 -0.846713 -0.750215 -0.710735 -0.900691 -0.885167 -0.897087 -0.875659 -0.892575 -0.888914 -0.289880 -0.874685 -0.419022 0.341177 0.774265 -0.630940 -0.720680 -0.552296 -0.753741 -0.864749
0.705999 0.695147 0.085663 0.679338 0.394361 -0.451585 -0.211867 0.000000 0.429849 -0.391663 0.313093 0.335949 -0.214241 -0.151558 0.442272 0.583099 0.510205 0.546988 0.748206 0.715282 0.463771 0.435691 0.024481 0.790742 0.422150 0.430347 0.421431 0.399598 0.550932 0.639662 0.480629 0.591937 0.664248 0.680969 0.602251 0.530128 0.500183 0.435151 0.548930 0.542952 0.443404 0.520533 0.416253 0.404707 0.367330 0.376328 0.448427 0.540541 0.351028 0.422625 0.474276 0.366122 0.474295 0.415105 0.495897 0.633162 0.573526 0.576006 0.607923 0.679861 0.483676 0.551270 0.456563 0.719456 0.590420 0.618436 0.706180 0.645679 0.621331 0.622368 0.534422 0.645948 0.509299 0.705682 0.457963 0.418357 0.534220 0.565705 -0.133666 0.241312 -0.065313 0.559776 0.503814 0.625297 -0.212508 0.612757 0.383086 -0.054363 0.615973 0.668487 0.462857 0.562120 0.450822 0.470039 0.466541 0.498395 0.349713 0.458194 0.429974 0.497673 0.448542 0.428498 0.463235 0.479080 0.459678 0.468599 0.486474 0.451265 0.275671 0.259900 -0.012992 0.492651 0.433474 0.362886 0.401047 0.420344
0.336546 0.511510 -0.743423 0.872058 0.940840 -0.930338 -0.920530 0.429849 0.000000 -0.914758 -0.434341 -0.567623 -0.898043 -0.820898 0.966608 0.159550 0.515748 0.498579 0.707537 0.711251 0.945155 0.952178 -0.756151 0.696362 0.958966 0.952931 0.857509 0.935338 0.942318 0.500636 0.889258 0.523065 0.397670 0.449013 0.729824 0.823162 0.929026 0.932500 0.704786 0.913580 0.945710 0.944141 0.652825 0.837169 0.415563 0.523257 0.328998 0.655067 0.713639 0.729376 0.865252 0.717694 0.821269 0.818337 0.871518 0.558446 0.160205 0.361649 0.133636 0.632456 -0.227891 -0.277979 -0.191028 0.247188 0.404048 0.489711 0.552759 0.502400 0.583156 0.747995 0.941797 0.848953 0.953760 0.728028 0.944042 0.897939 0.872887 0.875969 -0.867165 -0.244860 -0.642893 0.516685 0.943255 0.582801 -0.905608 0.180963 0.917679 -0.603174 0.828544 0.446026 0.926120 0.868656 0.956405 0.934409 0.699537 0.685687 0.580146 0.916368 0.830859 0.810356 0.950206 0.940485 0.946325 0.940586 0.946890 0.942701 0.306112 0.934508 0.474820 -0.175816 -0.688618 0.731419 0.803709 0.653231 0.832427 0.922931
-0.298359 -0.585135 0.713965 -0.840850 -0.889169 0.877466 0.872953 -0.391663 -0.914758 0.000000 0.452286 0.517132 0.810757 0.688321 -0.913577 -0.166664 -0.544109 -0.529610 -0.718373 -0.717788 -0.874817 -0.891098 0.731687 -0.646674 -0.911284 -0.907126 -0.769408 -0.862911 -0.888951 -0.578859 -0.855443 -0.559197 -0.438398 -0.486983 -0.716837 -0.808788 -0.862529 -0.852334 -0.584825 -0.823403 -0.885498 -0.853592 -0.595108 -0.756786 -0.425445 -0.514364 -0.270882 -0.619979 -0.655758 -0.644800 -0.788276 -0.602188 -0.689426 -0.730595 -0.760442 -0.501254 -0.179705 -0.451576 -0.174787 -0.668300 0.251014 0.251067 0.185398 -0.270056 -0.370020 -0.414661 -0.586020 -0.549953 -0.620865 -0.748554 -0.879098 -0.806452 -0.895612 -0.649927 -0.873179 -0.809075 -0.795438 -0.794859 0.811404 0.155765 0.532063 -0.553712 -0.902052 -0.679807 0.836936 -0.237365 -0.896787 0.422722 -0.713033 -0.499467 -0.815688 -0.757077 -0.875888 -0.837920 -0.604643 -0.568464 -0.437761 -0.812945 -0.687132 -0.667869 -0.866468 -0.853487 -0.854901 -0.853111 -0.858244 -0.849660 -0.202233 -0.868234 -0.395173 0.257384 0.697697 -0.576894 -0.660460 -0.474554 -0.691715 -0.827079
0.484362 0.114367 0.758668 -0.115433 -0.443087 0.420905 0.596016 0.313093 -0.434341 0.452286 0.000000 0.789897 0.542443 0.367060 -0.406557 0.370642 0.193641 0.235396 0.061578 0.048645 -0.402028 -0.391025 0.675389 0.081305 -0.443258 -0.412392 -0.387249 -0.422677 -0.279358 0.164712 -0.193893 0.163406 0.261772 0.278765 -0.173589 -0.285135 -0.254893 -0.302370 0.012111 -0.246186 -0.396303 -0.306338 -0.118619 -0.276576 0.023640 -0.060196 0.241709 -0.063668 -0.174999 -0.122233 -0.243351 -0.156189 -0.165121 -0.286433 -0.179803 0.115103 0.476018 0.167360 0.401390 0.086690 0.696269 0.662995 0.700661 0.452523 0.311719 0.185470 0.072473 0.063987 0.045073 -0.091684 -0.318178 -0.070733 -0.317223 0.066850 -0.326417 -0.322957 -0.205095 -0.211471 0.569931 0.307465 0.458930 0.035631 -0.358687 -0.061075 0.555521 0.348164 -0.364045 0.400643 -0.130416 0.149573 -0.301530 -0.176054 -0.365161 -0.309210 -0.042013 -0.059402 0.043474 -0.262341 -0.174428 -0.099203 -0.350238 -0.361410 -0.344204 -0.311725 -0.340930 -0.326098 0.194811 -0.385358 -0.028759 0.511435 0.677548 -0.037575 -0.146493 -0.029634 -0.200394 -0.323906
0.380414 0.171174 0.828033 -0.236562 -0.574269 0.553657 0.727201 0.335949 -0.567623 0.517132 0.789897 0.000000 0.722881 0.654013 -0.557015 0.350395 0.101527 0.168522 0.013797 -0.020087 -0.546009 -0.552132 0.789847 -0.033848 -0.570024 -0.531211 -0.510594 -0.555749 -0.441002 0.174592 -0.371688 0.093551 0.263693 0.237095 -0.198947 -0.332348 -0.453048 -0.494608 -0.245535 -0.444982 -0.547785 -0.496743 -0.245318 -0.444874 -0.034120 -0.130593 0.107601 -0.135005 -0.315738 -0.278028 -0.381013 -0.321791 -0.361567 -0.385497 -0.408383 -0.012983 0.436880 0.259797 0.475309 0.069453 0.743655 0.819967 0.696613 0.501359 0.199621 0.096501 0.093230 0.101477 0.032467 -0.166602 -0.465440 -0.247324 -0.485403 -0.120907 -0.510249 -0.529885 -0.369822 -0.376390 0.692270 0.427556 0.646097 0.067722 -0.498170 -0.010387 0.709692 0.428055 -0.513284 0.583105 -0.333924 0.131238 -0.523500 -0.396980 -0.552695 -0.520413 -0.272317 -0.290848 -0.235167 -0.485554 -0.451667 -0.371908 -0.547936 -0.562551 -0.542862 -0.521985 -0.544426 -0.534846 0.013570 -0.559184 -0.251537 0.391833 0.693088 -0.304860 -0.432575 -0.343979 -0.470384 -0.525691
-0.103366 -0.235433 0.831658 -0.731402 -0.849564 0.863455 0.939586 -0.214241 -0.898043 0.810757 0.542443 0.722881 0.000000 0.887376 -0.902973 -0.017964 -0.314304 -0.310682 -0.480534 -0.516777 -0.892775 -0.901701 0.821862 -0.531753 -0.882462 -0.866057 -0.833290 -0.866463 -0.850006 -0.226225 -0.778570 -0.357793 -0.166387 -0.256910 -0.611647 -0.727804 -0.853597 -0.867971 -0.611012 -0.834185 -0.888321 -0.875558 -0.590714 -0.797085 -0.302219 -0.403287 -0.238538 -0.510275 -0.641706 -0.660007 -0.780976 -0.674997 -0.766293 -0.747963 -0.804739 -0.403103 0.092026 -0.081765 0.123866 -0.398380 0.402421 0.475857 0.359052 -0.033352 -0.190560 -0.354159 -0.329154 -0.285784 -0.356957 -0.562237 -0.859505 -0.727404 -0.873001 -0.625025 -0.897564 -0.895821 -0.824419 -0.817221 0.859879 0.359604 0.773248 -0.305267 -0.865429 -0.329540 0.953757 0.076466 -0.813259 0.764007 -0.755928 -0.172574 -0.895189 -0.805382 -0.910262 -0.884304 -0.599858 -0.612756 -0.550328 -0.877364 -0.824212 -0.786791 -0.910044 -0.893277 -0.911917 -0.892655 -0.905778 -0.904083 -0.372577 -0.864642 -0.469602 0.251384 0.694012 -0.721151 -0.803935 -0.679068 -0.826392 -0.882335
-0.203795 -0.153338 0.692111 -0.659748 -0.781383 0.785599 0.816366 -0.151558 -0.820898 0.688321 0.367060 0.654013 0.887376 0.000000 -0.820710 -0.015169 -0.377833 -0.355068 -0.425996 -0.478983 -0.796410 -0.816110 0.684639 -0.529853 -0.792155 -0.789459 -0.698036 -0.804370 -0.769273 -0.186224 -0.754476 -0.303083 -0.132030 -0.219170 -0.515160 -0.626295 -0.818191 -0.850169 -0.680885 -0.817415 -0.799325 -0.837045 -0.592949 -0.778709 -0.340582 -0.449548 -0.303424 -0.501684 -0.710427 -0.728331 -0.792480 -0.763000 -0.811340 -0.733305 -0.832237 -0.431001 0.013475 -0.013930 0.125288 -0.321535 0.320798 0.486853 0.267306 -0.004320 -0.287239 -0.455216 -0.267960 -0.216653 -0.302175 -0.509296 -0.769236 -0.674731 -0.806667 -0.593512 -0.844110 -0.812660 -0.751888 -0.725985 0.814425 0.457578 0.728713 -0.263085 -0.755543 -0.195294 0.856761 0.078439 -0.784005 0.758288 -0.706294 -0.139030 -0.871267 -0.792586 -0.861059 -0.864876 -0.661757 -0.630092 -0.678574 -0.864702 -0.866000 -0.826489 -0.865353 -0.866996 -0.866931 -0.859721 -0.861176 -0.860652 -0.318076 -0.800551 -0.513715 0.074194 0.568654 -0.768795 -0.852095 -0.798196 -0.872605 -0.858244
0.343554 0.515579 -0.742454 0.884196 0.924397 -0.932101 -0.924545 0.442272 0.966608 -0.913577 -0.406557 -0.557015 -0.902973 -0.820710 0.000000 0.187503 0.526709 0.511702 0.713895 0.720214 0.950104 0.961475 -0.761232 0.715628 0.951067 0.954237 0.853340 0.924372 0.951866 0.512350 0.893898 0.533599 0.398260 0.462992 0.733533 0.823048 0.937003 0.931665 0.686772 0.910563 0.951137 0.946992 0.653354 0.835159 0.412320 0.513138 0.319832 0.645653 0.705768 0.722527 0.861944 0.701786 0.813432 0.810732 0.864483 0.550389 0.157036 0.361585 0.125541 0.631940 -0.225764 -0.267204 -0.193071 0.266649 0.405978 0.480773 0.554281 0.501001 0.583412 0.748495 0.950352 0.861117 0.964045 0.748274 0.955071 0.906531 0.886883 0.889385 -0.862001 -0.237425 -0.652843 0.519436 0.952994 0.588248 -0.911223 0.179145 0.918859 -0.600097 0.838823 0.434699 0.926454 0.866451 0.958833 0.933863 0.687914 0.673733 0.564970 0.918212 0.829026 0.808167 0.952172 0.941375 0.950135 0.943695 0.949308 0.946250 0.346499 0.929341 0.479852 -0.194486 -0.689707 0.733401 0.799836 0.644410 0.828087 0.922676
0.385851 0.376008 0.163503 0.357928 0.061303 -0.173534 -0.033165 0.583099 0.159550 -0.166664 0.370642 0.350395 -0.017964 -0.015169 0.187503 0.000000 0.386736 0.410232 0.405868 0.367890 0.167809 0.147367 0.158331 0.578606 0.108548 0.169196 0.066284 0.078659 0.270930 0.508115 0.179409 0.326777 0.335822 0.363969 0.225056 0.213220 0.211878 0.108538 0.265136 0.216748 0.144637 0.236171 0.075374 0.055257 0.125264 0.101982 0.141856 0.160939 0.102378 0.165688 0.162471 0.096440 0.099571 0.071237 0.139267 0.264091 0.303827 0.342438 0.319863 0.404571 0.354698 0.437850 0.332727 0.457868 0.326010 0.282303 0.380850 0.316218 0.284566 0.292825 0.204219 0.296023 0.234592 0.428942 0.211545 0.113419 0.213224 0.226637 0.046596 0.164506 -0.003562 0.309350 0.246399 0.458162 -0.011830 0.372829 0.162654 0.175415 0.270732 0.404143 0.141165 0.203924 0.164827 0.159035 0.146378 0.139368 0.007585 0.137797 0.082906 0.170470 0.158665 0.133061 0.180911 0.174393 0.171735 0.184189 0.400043 0.167904 0.196660 0.167026 0.028105 0.173674 0.124876 0.057573 0.071890 0.121376
0.689751 0.727766 -0.149935 0.646836 0.481534 -0.521597 -0.360014 0.510205 0.515748 -0.544109 0.193641 0.101527 -0.314304 -0.377833 0.526709 0.386736 0.000000 0.874145 0.754605 0.756873 0.459363 0.526812 -0.230508 0.602531 0.473997 0.552931 0.263674 0.464257 0.598981 0.797994 0.631910 0.513991 0.715061 0.683537 0.524690 0.531206 0.591279 0.603658 0.474127 0.544631 0.497248 0.521350 0.573374 0.560027 0.607411 0.625354 0.446396 0.621998 0.669465 0.652842 0.649975 0.582863 0.549153 0.598900 0.554059 0.536973 0.700583 0.693805 0.531571 0.707146 0.254184 0.215718 0.384342 0.617409 0.628056 0.580285 0.689440 0.658750 0.738950 0.724884 0.537849 0.628332 0.557826 0.559198 0.563845 0.426396 0.546430 0.508502 -0.375815 0.162154 0.043627 0.704184 0.499249 0.580132 -0.333859 0.585330 0.631099 -0.088701 0.423901 0.581365 0.479068 0.485533 0.514807 0.517411 0.520627 0.372748 0.418301 0.533026 0.450227 0.452317 0.518896 0.525230 0.492847 0.519798 0.493528 0.494914 0.047340 0.479007 0.222760 0.114149 -0.171872 0.408546 0.409833 0.345189 0.463939 0.518934
0.714851 0.759671 -0.092662 0.667219 0.465501 -0.491343 -0.339082 0.546988 0.498579 -0.529610 0.235396 0.168522 -0.310682 -0.355068 0.511702 0.410232 0.874145 0.000000 0.802830 0.815096 0.468037 0.515800 -0.138472 0.662206 0.461013 0.523372 0.309745 0.462144 0.597125 0.809923 0.634436 0.606725 0.781208 0.767070 0.626762 0.615859 0.606170 0.592961 0.465669 0.559873 0.493206 0.517059 0.562149 0.569704 0.544818 0.580210 0.495311 0.658224 0.603195 0.602409 0.609750 0.547966 0.547161 0.574881 0.555222 0.572743 0.696175 0.707672 0.532652 0.717457 0.277609 0.285797 0.471982 0.733012 0.694725 0.645522 0.719303 0.680923 0.746861 0.757855 0.550234 0.666913 0.555499 0.624968 0.548348 0.445863 0.581977 0.545908 -0.307480 0.237172 0.060924 0.753845 0.498491 0.615660 -0.308063 0.621851 0.587197 -0.108291 0.475903 0.607892 0.488972 0.532595 0.513745 0.524565 0.523045 0.431574 0.452521 0.544228 0.473620 0.495746 0.519560 0.515032 0.498396 0.529659 0.500670 0.503344 0.181290 0.478632 0.258069 0.178605 -0.081859 0.468150 0.446554 0.383402 0.468267 0.521954
0.751662 0.889718 -0.227383 0.873420 0.682793 -0.689878 -0.520383 0.748206 0.707537 -0.718373 0.061578 0.013797 -0.480534 -0.425996 0.713895 0.405868 0.754605 0.802830 0.000000 0.944754 0.700853 0.706291 -0.288450 0.804259 0.700463 0.722937 0.588364 0.671633 0.785698 0.828186 0.783068 0.729596 0.822641 0.824681 0.811477 0.779560 0.768456 0.724554 0.609759 0.741318 0.707120 0.719958 0.625316 0.674766 0.542139 0.593798 0.514603 0.745318 0.603134 0.626375 0.711237 0.561025 0.662355 0.676240 0.698634 0.706859 0.668753 0.772652 0.591079 0.851742 0.257809 0.271349 0.368729 0.706234 0.719048 0.665556 0.846525 0.782513 0.859130 0.888270 0.767508 0.852743 0.756419 0.775889 0.708502 0.642084 0.736432 0.745778 -0.467234 0.187385 -0.142469 0.771188 0.724801 0.793147 -0.489551 0.633310 0.718397 -0.183604 0.700520 0.751186 0.669080 0.715792 0.695734 0.699668 0.618961 0.593228 0.490080 0.689778 0.605870 0.631094 0.691204 0.685195 0.683157 0.710402 0.687618 0.688112 0.303704 0.686249 0.337285 0.093467 -0.281455 0.590552 0.584831 0.476301 0.594961 0.673559
0.728083 0.859600 -0.246675 0.875649 0.689009 -0.702007 -0.539126 0.715282 0.711251 -0.717788 0.048645 -0.020087 -0.516777 -0.478983 0.720214 0.367890 0.756873 0.815096 0.944754 0.000000 0.708082 0.719813 -0.314467 0.799218 0.706585 0.724664 0.595328 0.685118 0.792820 0.790963 0.791097 0.718982 0.819479 0.827766 0.811951 0.787737 0.785836 0.749118 0.637790 0.763505 0.717607 0.730336 0.674479 0.721069 0.577495 0.630085 0.565759 0.771278 0.633848 0.651004 0.731217 0.602207 0.696516 0.702885 0.735046 0.735796 0.654896 0.723965 0.550004 0.824554 0.197634 0.224935 0.374490 0.690996 0.686953 0.669335 0.839256 0.787323 0.885143 0.921530 0.778473 0.865595 0.763262 0.791830 0.726302 0.670241 0.761212 0.766206 -0.475320 0.191893 -0.141576 0.784353 0.726809 0.746593 -0.508391 0.634323 0.719275 -0.240079 0.708213 0.728396 0.695657 0.746365 0.713440 0.724276 0.646989 0.629379 0.548404 0.723525 0.655630 0.674065 0.712211 0.706795 0.704010 0.732886 0.707028 0.706419 0.325216 0.697615 0.375914 0.138442 -0.250637 0.638520 0.635051 0.541784 0.644441 0.696476
0.312485 0.499255 -0.707806 0.882404 0.903460 -0.913650 -0.901539 0.463771 0.945155 -0.874817 -0.402028 -0.546009 -0.892775 -0.796410 0.950104 0.167809 0.459363 0.468037 0.700853 0.708082 0.000000 0.957949 -0.713367 0.712077 0.942244 0.922298 0.888093 0.919616 0.938312 0.473800 0.868387 0.566337 0.410189 0.485061 0.765447 0.844669 0.924305 0.909538 0.714686 0.913866 0.937828 0.933834 0.640239 0.823441 0.379062 0.470672 0.352336 0.648161 0.644002 0.676107 0.821032 0.667728 0.799418 0.781400 0.859562 0.589850 0.131083 0.337122 0.126645 0.626774 -0.223559 -0.228598 -0.161667 0.282637 0.389049 0.504658 0.564627 0.517392 0.548895 0.729694 0.949330 0.867506 0.945002 0.757346 0.928273 0.917903 0.892633 0.908103 -0.812574 -0.191116 -0.643167 0.511353 0.947415 0.583171 -0.890125 0.195245 0.864383 -0.606778 0.872960 0.448794 0.923641 0.888130 0.943566 0.925108 0.679908 0.703070 0.561747 0.908223 0.833487 0.826425 0.938720 0.924677 0.944588 0.939639 0.940865 0.944614 0.401166 0.920086 0.487812 -0.166077 -0.642554 0.765649 0.817922 0.664117 0.828813 0.897064
0.336666 0.509984 -0.736950 0.881041 0.907168 -0.926038 -0.917358 0.435691 0.952178 -0.891098 -0.391025 -0.552132 -0.901701 -0.816110 0.961475 0.147367 0.526812 0.515800 0.706291 0.719813 0.957949 0.000000 -0.754161 0.696468 0.940838 0.940204 0.863404 0.921780 0.945575 0.490474 0.886589 0.544364 0.411142 0.480355 0.747333 0.835621 0.933387 0.933285 0.692487 0.907869 0.946122 0.933350 0.673750 0.849598 0.420887 0.518008 0.360113 0.668489 0.699901 0.724128 0.860022 0.709851 0.822981 0.824103 0.871125 0.573417 0.163256 0.359148 0.134318 0.631721 -0.223945 -0.250750 -0.175025 0.283197 0.408274 0.504633 0.555390 0.512092 0.581264 0.746785 0.951593 0.868485 0.953155 0.741947 0.948237 0.919670 0.899683 0.902143 -0.844245 -0.212272 -0.638334 0.527048 0.943535 0.565686 -0.904734 0.192214 0.895291 -0.624414 0.845388 0.432156 0.925253 0.877036 0.950636 0.929633 0.690385 0.680727 0.572080 0.920033 0.837911 0.820131 0.947013 0.933869 0.944921 0.940194 0.941203 0.942446 0.362105 0.915350 0.468722 -0.186051 -0.658418 0.754078 0.807095 0.654758 0.837758 0.914487
0.094455 -0.150859 0.917050 -0.504224 -0.730666 0.756698 0.879566 0.024481 -0.756151 0.731687 0.675389 0.789847 0.821862 0.684639 -0.761232 0.158331 -0.230508 -0.138472 -0.288450 -0.314467 -0.713367 -0.754161 0.000000 -0.213425 -0.729569 -0.735801 -0.642605 -0.725940 -0.678645 -0.113126 -0.566257 -0.047329 0.004972 -0.006536 -0.383688 -0.520311 -0.656094 -0.697233 -0.340731 -0.614206 -0.736562 -0.686197 -0.480920 -0.648585 -0.276730 -0.372137 -0.079038 -0.376116 -0.559630 -0.533997 -0.639561 -0.525802 -0.567553 -0.622000 -0.596418 -0.178905 0.182089 -0.055841 0.165411 -0.286297 0.556153 0.612666 0.573181 0.203084 0.030811 -0.089737 -0.193770 -0.178975 -0.304004 -0.442035 -0.683255 -0.485623 -0.699953 -0.348047 -0.730802 -0.687731 -0.591337 -0.585540 0.851000 0.390111 0.678785 -0.152658 -0.694904 -0.247143 0.844107 0.191584 -0.729320 0.634084 -0.497647 -0.083432 -0.683835 -0.550346 -0.735663 -0.684940 -0.421156 -0.387453 -0.302725 -0.663586 -0.568082 -0.492610 -0.729367 -0.725112 -0.711251 -0.682803 -0.713314 -0.698983 -0.066697 -0.718690 -0.274503 0.443483 0.781644 -0.390677 -0.523561 -0.375887 -0.585236 -0.705636
0.607956 0.648652 -0.219263 0.829176 0.639312 -0.694917 -0.523185 0.790742 0.696362 -0.646674 0.081305 -0.033848 -0.531753 -0.529853 0.715628 0.578606 0.602531 0.662206 0.804259 0.799218 0.712077 0.696468 -0.213425 0.000000 0.674661 0.697740 0.588142 0.642880 0.779566 0.698319 0.726226 0.656811 0.603198 0.656384 0.697717 0.699389 0.749294 0.687090 0.703478 0.776002 0.693594 0.770416 0.498429 0.591251 0.365966 0.413831 0.378623 0.588125 0.526009 0.573930 0.669510 0.535188 0.645336 0.584925 0.694384 0.645946 0.428712 0.484741 0.352866 0.669128 0.190801 0.212506 0.254396 0.605001 0.622837 0.624570 0.669808 0.587294 0.622456 0.738484 0.753520 0.798769 0.756768 0.812840 0.723171 0.646586 0.727187 0.744180 -0.438902 0.069250 -0.312265 0.639502 0.743493 0.687402 -0.513243 0.468992 0.676208 -0.252196 0.779197 0.637538 0.711139 0.760647 0.719020 0.731045 0.633919 0.639011 0.506127 0.705516 0.659945 0.702994 0.714897 0.707801 0.727874 0.741930 0.723796 0.730987 0.516339 0.708801 0.454091 0.155421 -0.295278 0.681214 0.667644 0.567011 0.642307 0.690107
0.324662 0.510735 -0.715607 0.871845 0.953442 -0.909705 -0.901068 0.422150 0.958966 -0.911284 -0.443258 -0.570024 -0.882462 -0.792155 0.951067 0.108548 0.473997 0.461013 0.700463 0.706585 0.942244 0.940838 -0.729569 0.674661 0.000000 0.935441 0.877975 0.924008 0.928695 0.494355 0.896853 0.572511 0.412121 0.475954 0.732440 0.811785 0.917493 0.914417 0.713360 0.902304 0.942110 0.927446 0.625664 0.811856 0.373582 0.481538 0.321449 0.635423 0.656838 0.675020 0.825494 0.664891 0.792932 0.779890 0.855140 0.556974 0.154278 0.356495 0.130346 0.620949 -0.215582 -0.269759 -0.168440 0.254681 0.373205 0.455150 0.541905 0.494004 0.576053 0.734899 0.935163 0.856015 0.941365 0.728947 0.916598 0.902072 0.862820 0.877066 -0.828956 -0.189157 -0.606438 0.520121 0.941901 0.602441 -0.889443 0.178718 0.897308 -0.568352 0.820042 0.455374 0.912569 0.860131 0.938298 0.916628 0.699605 0.692859 0.580537 0.900727 0.820650 0.801658 0.932753 0.917996 0.929386 0.928140 0.934608 0.928696 0.298060 0.926211 0.464212 -0.166536 -0.669619 0.723832 0.797512 0.649389 0.824743 0.896439
0.369050 0.539112 -0.720333 0.871041 0.914962 -0.906796 -0.895937 0.430347 0.952931 -0.907126 -0.412392 -0.531211 -0.866057 -0.789459 0.954237 0.169196 0.552931 0.523372 0.722937 0.724664 0.922298 0.940204 -0.735801 0.697740 0.935441 0.000000 0.828370 0.929784 0.930510 0.529945 0.895564 0.545167 0.430880 0.477944 0.730921 0.812272 0.909454 0.921083 0.650494 0.885347 0.926058 0.915538 0.674581 0.836398 0.449637 0.551255 0.347048 0.677649 0.726038 0.734637 0.871786 0.712989 0.805592 0.825951 0.852237 0.560015 0.202647 0.407400 0.167978 0.645960 -0.186998 -0.234245 -0.162041 0.283774 0.431853 0.484734 0.573822 0.532812 0.601172 0.749388 0.936983 0.842806 0.937303 0.708685 0.935359 0.869832 0.874474 0.870434 -0.859470 -0.246501 -0.599782 0.541068 0.924525 0.594667 -0.878333 0.228426 0.904933 -0.560832 0.798308 0.443071 0.895139 0.837030 0.931363 0.908129 0.667365 0.636546 0.544990 0.895816 0.797119 0.778811 0.922592 0.918695 0.919109 0.913745 0.915860 0.912445 0.296192 0.899003 0.461680 -0.193360 -0.673000 0.704049 0.758539 0.612358 0.799005 0.898814
0.225720 0.386691 -0.645302 0.785197 0.843656 -0.794647 -0.825436 0.421431 0.857509 -0.769408 -0.387249 -0.510594 -0.833290 -0.698036 0.853340 0.066284 0.263674 0.309745 0.588364 0.595328 0.888093 0.863404 -0.642605 0.588142 0.877975 0.828370 0.000000 0.850991 0.836537 0.323154 0.788411 0.533362 0.326507 0.414249 0.682307 0.747023 0.829382 0.808976 0.669703 0.821645 0.870603 0.835972 0.547678 0.729925 0.233210 0.332385 0.327428 0.565306 0.471896 0.525067 0.687066 0.538795 0.722842 0.683187 0.785525 0.530736 0.038022 0.245625 0.058399 0.533064 -0.198444 -0.189615 -0.149972 0.249095 0.290818 0.393783 0.436837 0.418305 0.441316 0.605579 0.867525 0.790640 0.857194 0.690152 0.823876 0.878740 0.827705 0.861318 -0.725645 -0.171914 -0.628838 0.401303 0.878593 0.487472 -0.827593 0.138143 0.720030 -0.625006 0.821044 0.336983 0.853614 0.826216 0.851103 0.833690 0.586693 0.670748 0.517603 0.830257 0.779972 0.779346 0.849158 0.820390 0.856463 0.850376 0.857598 0.860320 0.457728 0.827142 0.426930 -0.177604 -0.570442 0.725516 0.762367 0.630363 0.766552 0.803018
0.324271 0.476474 -0.712167 0.836707 0.909453 -0.892904 -0.885659 0.399598 0.935338 -0.862911 -0.422677 -0.555749 -0.866463 -0.804370 0.924372 0.078659 0.464257 0.462144 0.671633 0.685118 0.919616 0.921780 -0.725940 0.642880 0.924008 0.929784 0.850991 0.000000 0.903722 0.437844 0.856285 0.503051 0.391381 0.440479 0.730407 0.815743 0.903171 0.915450 0.692297 0.898697 0.911916 0.907002 0.668218 0.837149 0.417498 0.522485 0.379592 0.669529 0.693541 0.713211 0.846497 0.716629 0.832329 0.816354 0.877852 0.581945 0.149479 0.335727 0.143066 0.608895 -0.212454 -0.257998 -0.160877 0.255291 0.406590 0.503007 0.539417 0.499791 0.544554 0.713151 0.924463 0.833404 0.909235 0.698507 0.910160 0.879141 0.873214 0.876116 -0.839683 -0.251785 -0.618661 0.502968 0.899308 0.530745 -0.862899 0.199259 0.855101 -0.624731 0.817947 0.438460 0.911564 0.869845 0.925765 0.914402 0.695765 0.707457 0.617022 0.905957 0.839282 0.820576 0.921630 0.918083 0.921204 0.916250 0.918546 0.916847 0.310300 0.903453 0.484402 -0.118043 -0.608241 0.757594 0.809543 0.680846 0.832091 0.899477
0.449577 0.597370 -0.642989 0.924651 0.897273 -0.918458 -0.870366 0.550932 0.942318 -0.888951 -0.279358 -0.441002 -0.850006 -0.769273 0.951866 0.270930 0.598981 0.597125 0.785698 0.792820 0.938312 0.945575 -0.678645 0.779566 0.928695 0.930510 0.836537 0.903722 0.000000 0.601789 0.897497 0.609901 0.511388 0.570325 0.761377 0.832032 0.946098 0.924311 0.734760 0.928675 0.937948 0.948032 0.662415 0.826964 0.433803 0.522417 0.385736 0.678333 0.691649 0.724256 0.850464 0.694615 0.812305 0.789901 0.874024 0.619124 0.266947 0.434463 0.224021 0.708943 -0.125248 -0.146179 -0.067097 0.382315 0.474357 0.536015 0.625621 0.570817 0.654265 0.804922 0.954328 0.904853 0.954100 0.818433 0.944211 0.901339 0.908132 0.914731 -0.786924 -0.130416 -0.579500 0.572480 0.948389 0.654268 -0.853654 0.267307 0.898926 -0.534513 0.868165 0.523347 0.919676 0.887105 0.945109 0.928630 0.724348 0.720428 0.593460 0.917633 0.833103 0.829317 0.942735 0.927710 0.940939 0.940743 0.941506 0.941623 0.421814 0.921881 0.507236 -0.090343 -0.595043 0.762932 0.812987 0.661271 0.827012 0.907774
0.646178 0.845247 -0.043892 0.702323 0.485895 -0.487707 -0.320537 0.639662 0.500636 -0.578859 0.164712 0.174592 -0.226225 -0.186224 0.512350 0.508115 0.797994 0.809923 0.828186 0.790963 0.473800 0.490474 -0.113126 0.698319 0.494355 0.529945 0.323154 0.437844 0.601789 0.000000 0.616517 0.685517 0.811460 0.783088 0.599627 0.579060 0.564308 0.504419 0.459611 0.528669 0.489454 0.505342 0.419276 0.418243 0.450412 0.464456 0.345545 0.559056 0.430392 0.432299 0.487988 0.329994 0.384020 0.422720 0.439715 0.571592 0.649526 0.775320 0.599917 0.799494 0.282163 0.355181 0.401936 0.694529 0.581815 0.463898 0.769548 0.730839 0.774523 0.752263 0.551337 0.649537 0.557458 0.623711 0.491184 0.370151 0.504756 0.518179 -0.257209 0.375994 0.111829 0.779276 0.544662 0.860082 -0.256139 0.663001 0.578497 0.181115 0.485215 0.775990 0.408245 0.455409 0.465363 0.457085 0.452272 0.377482 0.263387 0.440707 0.322464 0.354424 0.457758 0.457108 0.445590 0.479829 0.456021 0.456411 0.141345 0.483097 0.195940 0.097730 -0.182136 0.328472 0.311804 0.186678 0.324681 0.440509
0.516917 0.602202 -0.539396 0.897450 0.875104 -0.828061 -0.779121 0.480629 0.889258 -0.855443 -0.193893 -0.371688 -0.778570 -0.754476 0.893898 0.179409 0.631910 0.634436 0.783068 0.791097 0.868387 0.886589 -0.566257 0.726226 0.896853 0.895564 0.788411 0.856285 0.897497 0.616517 0.000000 0.727645 0.570980 0.658602 0.744059 0.789807 0.910703 0.905857 0.715008 0.865249 0.882558 0.873900 0.681135 0.818363 0.467264 0.561786 0.434400 0.700840 0.706988 0.721053 0.836282 0.688374 0.791448 0.775903 0.854628 0.605693 0.347648 0.468415 0.266938 0.692834 -0.020172 -0.095059 0.043585 0.443399 0.527761 0.550551 0.611796 0.580413 0.654772 0.764378 0.896036 0.896346 0.908321 0.768455 0.887593 0.855912 0.877356 0.863278 -0.735483 -0.132238 -0.471195 0.610641 0.880853 0.608941 -0.794478 0.316861 0.882348 -0.461019 0.789595 0.492104 0.866715 0.832721 0.883617 0.872193 0.705549 0.660423 0.633593 0.887402 0.811607 0.803759 0.881960 0.865506 0.872643 0.887800 0.879171 0.877004 0.310711 0.836428 0.433058 -0.068796 -0.510208 0.748278 0.777708 0.667153 0.810419 0.858670
0.574959 0.638286 -0.052175 0.756261 0.503119 -0.446818 -0.351878 0.591937 0.523065 -0.559197 0.163406 0.093551 -0.357793 -0.303083 0.533599 0.326777 0.513991 0.606725 0.729596 0.718982 0.566337 0.544364 -0.047329 0.656811 0.572511 0.545167 0.533362 0.503051 0.609901 0.685517 0.727645 0.000000 0.726331 0.852140 0.677569 0.649175 0.603964 0.537572 0.513198 0.550279 0.534481 0.519964 0.410741 0.471163 0.295773 0.334330 0.410419 0.539092 0.308862 0.355807 0.456180 0.300601 0.426369 0.414127 0.513929 0.570816 0.441393 0.530777 0.430493 0.668884 0.266147 0.345539 0.390891 0.688588 0.540423 0.484708 0.612167 0.628470 0.572610 0.597134 0.613061 0.749111 0.591670 0.664610 0.524457 0.567471 0.653627 0.661118 -0.247749 0.206952 -0.115607 0.598124 0.603269 0.650677 -0.379964 0.506475 0.490343 -0.010007 0.593508 0.535198 0.501669 0.557644 0.506759 0.500860 0.412626 0.423323 0.356923 0.531066 0.466691 0.522579 0.509184 0.467281 0.519459 0.546334 0.517152 0.532590 0.395125 0.466468 0.220588 0.066822 -0.107345 0.531934 0.462575 0.371546 0.443122 0.459058
0.723852 0.834995 0.080183 0.660099 0.406544 -0.383764 -0.199955 0.664248 0.397670 -0.438398 0.261772 0.263693 -0.166387 -0.132030 0.398260 0.335822 0.715061 0.781208 0.822641 0.819479 0.410189 0.411142 0.004972 0.603198 0.412121 0.430880 0.326507 0.391381 0.511388 0.811460 0.570980 0.726331 0.000000 0.916317 0.693953 0.600195 0.500644 0.467643 0.463780 0.491964 0.398134 0.410402 0.540871 0.490617 0.548742 0.563519 0.595141 0.687904 0.432832 0.445242 0.472169 0.374420 0.427830 0.455734 0.473015 0.690636 0.743350 0.769264 0.716960 0.767924 0.408947 0.478106 0.600924 0.798746 0.637840 0.586994 0.828968 0.820856 0.782925 0.740492 0.500606 0.654662 0.460174 0.610932 0.407335 0.375489 0.531132 0.533926 -0.112833 0.468133 0.218499 0.778738 0.437961 0.698875 -0.156822 0.767203 0.420522 0.079389 0.475533 0.736798 0.383710 0.484654 0.391488 0.412319 0.440204 0.426489 0.371365 0.427194 0.367888 0.414982 0.396602 0.390181 0.388766 0.431506 0.392258 0.400435 0.234508 0.385204 0.162996 0.234357 0.061031 0.418526 0.352717 0.302606 0.350383 0.377271
0.707228 0.790526 0.046229 0.733179 0.433508 -0.413485 -0.260898 0.680969 0.449013 -0.486983 0.278765 0.237095 -0.256910 -0.219170 0.462992 0.363969 0.683537 0.767070 0.824681 0.827766 0.485061 0.480355 -0.006536 0.656384 0.475954 0.477944 0.414249 0.440479 0.570325 0.783088 0.658602 0.852140 0.916317 0.000000 0.729896 0.645351 0.574222 0.516085 0.502017 0.533658 0.466657 0.469416 0.533698 0.519011 0.485323 0.503157 0.575831 0.665352 0.410162 0.439543 0.485755 0.369067 0.452599 0.457267 0.513127 0.670265 0.665978 0.697994 0.633708 0.766450 0.387940 0.470525 0.573905 0.816224 0.629416 0.610200 0.787585 0.797012 0.727758 0.705675 0.562192 0.727207 0.529919 0.668215 0.479387 0.470678 0.616448 0.612326 -0.158111 0.372255 0.082708 0.728980 0.513615 0.682233 -0.250998 0.693986 0.455903 0.026308 0.545133 0.663215 0.447831 0.534427 0.448804 0.462472 0.440773 0.434435 0.394481 0.491485 0.433755 0.487565 0.455274 0.428613 0.456840 0.493896 0.454978 0.468667 0.352955 0.413747 0.198181 0.188582 0.021328 0.498071 0.428550 0.368654 0.408895 0.423601
0.473766 0.716484 -0.401489 0.831418 0.685145 -0.696502 -0.627271 0.602251 0.729824 -0.716837 -0.173589 -0.198947 -0.611647 -0.515160 0.733533 0.225056 0.524690 0.626762 0.811477 0.811951 0.765447 0.747333 -0.383688 0.697717 0.732440 0.730921 0.682307 0.730407 0.761377 0.599627 0.744059 0.677569 0.693953 0.729896 0.000000 0.923052 0.773675 0.742628 0.535674 0.746826 0.727231 0.706177 0.647330 0.744532 0.504794 0.569171 0.511221 0.770332 0.560261 0.582329 0.706586 0.551162 0.673800 0.730930 0.714324 0.702109 0.369383 0.606711 0.432008 0.726236 0.020648 0.126001 0.173005 0.584758 0.623313 0.667249 0.803131 0.766160 0.649356 0.761988 0.803576 0.834768 0.758468 0.697785 0.732682 0.718472 0.810212 0.803240 -0.523392 0.071764 -0.312016 0.701356 0.752349 0.653751 -0.588885 0.549231 0.650481 -0.376062 0.750947 0.596997 0.707766 0.759287 0.724148 0.719755 0.504698 0.544812 0.449492 0.720551 0.644967 0.676737 0.726024 0.699719 0.735539 0.746487 0.720102 0.731729 0.411214 0.685525 0.351557 -0.066491 -0.329343 0.643197 0.622699 0.499667 0.612018 0.681322
0.386103 0.648533 -0.543046 0.858508 0.766610 -0.786222 -0.752253 0.530128 0.823162 -0.808788 -0.285135 -0.332348 -0.727804 -0.626295 0.823048 0.213220 0.531206 0.615859 0.779560 0.787737 0.844669 0.835621 -0.520311 0.699389 0.811785 0.812272 0.747023 0.815743 0.832032 0.579060 0.789807 0.649175 0.600195 0.645351 0.923052 0.000000 0.835760 0.813206 0.588749 0.809216 0.807451 0.785519 0.652677 0.779342 0.481972 0.550217 0.450654 0.740223 0.614532 0.635438 0.763023 0.604879 0.713101 0.765433 0.769964 0.668559 0.262942 0.529349 0.328720 0.715985 -0.111837 -0.002784 0.043096 0.484221 0.551400 0.628665 0.734767 0.705734 0.622904 0.764848 0.866175 0.856812 0.834421 0.712487 0.818684 0.786415 0.853013 0.850236 -0.652900 -0.034519 -0.444266 0.642547 0.829977 0.640163 -0.715021 0.432071 0.743330 -0.466054 0.787973 0.562345 0.784698 0.811878 0.812534 0.797902 0.549980 0.586914 0.468893 0.792338 0.706153 0.726719 0.814624 0.786941 0.819013 0.824241 0.805499 0.815288 0.382981 0.780016 0.365897 -0.123016 -0.443475 0.685503 0.684149 0.533828 0.683600 0.762018
0.455133 0.565327 -0.622744 0.905840 0.890524 -0.904439 -0.854681 0.500183 0.929026 -0.862529 -0.254893 -0.453048 -0.853597 -0.818191 0.937003 0.211878 0.591279 0.606170 0.768456 0.785836 0.924305 0.933387 -0.656094 0.749294 0.917493 0.909454 0.829382 0.903171 0.946098 0.564308 0.910703 0.603964 0.500644 0.574222 0.773675 0.835760 0.000000 0.945469 0.761033 0.938752 0.932394 0.939658 0.697231 0.861965 0.468308 0.560055 0.448959 0.709133 0.720382 0.747778 0.860572 0.736105 0.854981 0.812622 0.904878 0.650867 0.269406 0.402067 0.213627 0.688379 -0.137898 -0.184286 -0.053257 0.363535 0.502210 0.591031 0.620349 0.567644 0.637998 0.789315 0.937164 0.904270 0.944482 0.801659 0.940329 0.897723 0.900681 0.897194 -0.788546 -0.159724 -0.580188 0.575972 0.923723 0.594598 -0.847547 0.268822 0.892187 -0.573708 0.860242 0.499127 0.932285 0.902725 0.944209 0.940070 0.742588 0.735975 0.663651 0.936081 0.871113 0.862248 0.944155 0.935115 0.942311 0.950238 0.944149 0.945030 0.398809 0.909349 0.532128 -0.050261 -0.563395 0.794737 0.851782 0.726916 0.863236 0.925084
