0.000000,0.320519,0.786117,0.436079,0.658923,0.600008,0.759057,0.673500,0.733613,0.189236,0.666073,0.419069,0.461127,0.577692,0.696758,-0.167743,0.185662,0.729182,0.560841,0.790558,0.296875,0.448301,0.625449,0.723009,0.729242,0.682968,0.596404,0.484099,0.188588,0.621244,0.703260,0.684536,0.444973,0.711070,0.350829,0.498328,0.259582,0.009953,0.592675,-0.156868,0.076741,0.551059,0.351460,0.302942,0.414393,0.340558,0.522562,0.331441,0.397904,0.024958,0.640105,-0.165986,0.694268,-0.388563,0.753805,-0.074469,0.792855,0.430963,0.663856,0.229935,0.728413,0.023035,0.584000,0.579993,0.709009,0.207664,0.605169,0.607341,0.741495,0.668621,0.757887,0.452675,0.552544,0.688143,0.679637,0.673237,0.700086,0.627201,0.696269,-0.141155,0.770457,-0.245234,0.290391,-0.252646,0.737863,-0.332697,0.667751,-0.305956,0.696165,-0.406068,0.668066,-0.048111,0.682889,-0.142944,0.530168,0.386761,0.714266,0.311590,0.709607,0.667697,0.629673,-0.173087,0.670697,-0.058241,0.690256,0.190309,0.141266,-0.152524,0.168693,0.376596,0.608069,0.626595,0.721715,0.762747,0.491916,0.301266
0.320519,0.000000,0.246420,0.698924,0.003894,0.224526,0.409541,0.559220,0.140329,0.443779,0.475754,0.695065,0.630041,0.553686,0.301829,0.549631,0.600234,0.322815,0.640292,0.311021,0.396246,0.213593,0.556207,0.404049,0.141358,0.166114,0.003324,0.090795,0.631798,0.363031,0.323035,0.371418,0.637044,0.433529,0.599227,0.455896,0.495020,0.591558,0.310393,0.512825,0.232186,0.297140,0.475103,0.586230,0.534911,0.645172,0.496522,0.553713,0.569951,0.611480,0.460440,0.542024,0.315388,0.394442,0.232079,0.582027,0.375032,0.749678,0.527820,0.686614,0.422019,0.664760,0.544054,0.626970,0.398992,0.661088,0.601899,0.568087,0.522445,0.621243,0.301314,0.638577,0.459887,0.283002,0.332190,0.202302,0.412588,0.540354,0.158118,0.582011,0.197935,0.566128,0.434093,0.513588,0.018207,0.474753,0.324224,0.486829,-0.057200,0.404342,0.462012,0.551225,0.440172,0.578800,0.460543,0.511879,0.415704,0.621602,0.482660,0.543517,0.098179,0.535085,0.129157,0.545085,0.251258,0.641751,0.093946,0.404208,0.229926,0.421558,0.499489,0.555478,0.430049,0.293648,0.460539,0.403957
0.786117,0.246420,0.000000,0.420368,0.699606,0.596120,0.752685,0.665222,0.749832,0.247831,0.597604,0.374398,0.362431,0.556109,0.690344,-0.172129,0.082935,0.715853,0.504176,0.781440,0.281295,0.519687,0.605905,0.751979,0.732873,0.672497,0.639939,0.521489,0.099334,0.621496,0.699619,0.695453,0.369523,0.683551,0.265093,0.456353,0.232526,-0.065935,0.617081,-0.215170,0.072871,0.545201,0.261940,0.218877,0.336790,0.245689,0.447499,0.239061,0.302025,-0.061849,0.563278,-0.254036,0.636840,-0.472157,0.757831,-0.149434,0.736468,0.350227,0.592463,0.159007,0.665538,-0.034490,0.498733,0.542895,0.657412,0.144960,0.543517,0.580470,0.692273,0.607475,0.755752,0.417793,0.496530,0.689183,0.642286,0.676100,0.653814,0.566889,0.688599,-0.213245,0.754913,-0.308112,0.273793,-0.281503,0.748994,-0.395221,0.678111,-0.343126,0.724667,-0.470011,0.661913,-0.121985,0.671696,-0.207434,0.512850,0.342058,0.686934,0.249688,0.678294,0.623022,0.680770,-0.216134,0.712936,-0.088920,0.678596,0.105181,0.205012,-0.147403,0.159029,0.339817,0.535470,0.583505,0.711780,0.759349,0.392362,0.276881
0.436079,0.698924,0.420368,0.000000,0.215696,0.423150,0.556395,0.656778,0.354934,0.544372,0.552818,0.702606,0.633968,0.541722,0.445395,0.446135,0.565788,0.372335,0.716636,0.396325,0.435079,0.394225,0.703985,0.588722,0.356253,0.379281,0.237899,0.287388,0.621641,0.444962,0.542123,0.567859,0.686763,0.541276,0.561962,0.557356,0.560909,0.550760,0.434642,0.468902,0.295264,0.379271,0.494595,0.568655,0.539643,0.601617,0.557091,0.555560,0.529538,0.546385,0.498522,0.437186,0.392898,0.264929,0.364650,0.514899,0.432643,0.688251,0.580432,0.687414,0.508840,0.626762,0.615473,0.675827,0.522057,0.673294,0.676402,0.701797,0.568268,0.604453,0.452124,0.662492,0.521992,0.339955,0.420975,0.289156,0.479375,0.564728,0.273865,0.462647,0.298681,0.433737,0.425561,0.440626,0.157426,0.375603,0.397715,0.406241,0.079045,0.302828,0.593556,0.521850,0.585088,0.534987,0.554860,0.533159,0.512338,0.654258,0.591891,0.644213,0.244708,0.520648,0.283679,0.582425,0.368056,0.630992,0.144394,0.387970,0.236769,0.411130,0.552151,0.657191,0.558295,0.433881,0.478065,0.459743
0.658923,0.003894,0.699606,0.215696,0.000000,0.549265,0.551337,0.428027,0.738570,0.225278,0.440294,0.117291,0.147297,0.302163,0.582604,-0.364193,-0.101516,0.544724,0.253421,0.656894,0.172884,0.462641,0.390229,0.628519,0.732042,0.679050,0.720676,0.604521,-0.078401,0.431522,0.598738,0.607092,0.131197,0.509574,0.049461,0.253472,0.047711,-0.258065,0.491205,-0.336891,-0.006967,0.396956,0.018161,-0.024000,0.105952,-0.007379,0.205825,-0.001782,0.053545,-0.285011,0.360278,-0.435287,0.461543,-0.575926,0.617312,-0.329601,0.569487,0.092644,0.374686,-0.077241,0.471478,-0.252304,0.334968,0.303094,0.481092,-0.077266,0.315884,0.361830,0.494134,0.409768,0.634890,0.273891,0.345207,0.539035,0.495712,0.534203,0.471184,0.371276,0.586389,-0.394731,0.641704,-0.434494,0.071824,-0.404981,0.693481,-0.504587,0.569983,-0.432781,0.677793,-0.554611,0.468707,-0.320117,0.480898,-0.359321,0.376058,0.153683,0.535128,0.060621,0.506649,0.433923,0.623864,-0.309086,0.640905,-0.176217,0.555841,-0.100754,0.186298,-0.221667,0.119176,0.208201,0.324668,0.381817,0.545992,0.625046,0.201205,0.150574
0.600008,0.224526,0.596120,0.423150,0.549265,0.000000,0.545772,0.526845,0.559915,0.263204,0.422033,0.332206,0.289255,0.357300,0.443429,-0.145644,0.162489,0.510564,0.409202,0.601219,0.202407,0.365607,0.492709,0.645391,0.649077,0.682152,0.610308,0.428548,0.192596,0.472322,0.631880,0.639038,0.334455,0.587331,0.225887,0.393597,0.206326,-0.043233,0.399614,-0.143533,0.075510,0.386919,0.287010,0.256032,0.316212,0.257206,0.399321,0.248298,0.243024,0.018937,0.441957,-0.125803,0.490534,-0.312304,0.578291,-0.086176,0.545249,0.287678,0.471371,0.235678,0.537733,0.105183,0.507730,0.505448,0.539302,0.261491,0.483887,0.553353,0.549984,0.421040,0.589411,0.427480,0.434591,0.472708,0.525328,0.506277,0.532492,0.471004,0.554403,-0.104447,0.552880,-0.201706,0.045783,-0.170956,0.546359,-0.248188,0.441630,-0.234608,0.504841,-0.292502,0.589875,-0.008198,0.583187,-0.036927,0.447655,0.275026,0.552418,0.220106,0.582881,0.535761,0.593930,-0.024562,0.614908,0.141089,0.541560,0.143888,0.239862,0.016507,0.190488,0.205020,0.418238,0.511682,0.594612,0.611767,0.301671,0.234133
0.759057,0.409541,0.752685,0.556395,0.551337,0.545772,0.000000,0.733971,0.692496,0.294285,0.675922,0.531947,0.557980,0.639363,0.715144,0.024858,0.270962,0.679940,0.658109,0.712004,0.325972,0.479475,0.707130,0.714974,0.631484,0.571910,0.489552,0.432287,0.285330,0.614492,0.692296,0.661063,0.563269,0.695988,0.447434,0.560867,0.365349,0.151513,0.588356,-0.019687,0.134813,0.544462,0.422466,0.399736,0.480604,0.436539,0.580515,0.433263,0.474319,0.178071,0.664253,-0.004033,0.670766,-0.237374,0.707925,0.084500,0.737347,0.496054,0.690458,0.344943,0.747931,0.168338,0.614751,0.630825,0.725426,0.311136,0.660533,0.660000,0.716870,0.669938,0.751435,0.523652,0.589466,0.669912,0.651194,0.636462,0.706668,0.657395,0.612215,0.007562,0.685114,-0.103923,0.379539,-0.094917,0.626655,-0.176501,0.628775,-0.141556,0.587264,-0.248241,0.696025,0.100310,0.708737,0.018584,0.545474,0.431612,0.677616,0.406113,0.698571,0.695951,0.558479,-0.017292,0.597118,0.068814,0.630373,0.299166,0.159131,-0.032024,0.156618,0.404915,0.628846,0.650654,0.710921,0.716484,0.506409,0.336706
0.673500,0.559220,0.665222,0.656778,0.428027,0.526845,0.733971,0.000000,0.559697,0.380627,0.659932,0.692705,0.616793,0.753446,0.631098,0.232583,0.392572,0.678922,0.671131,0.667552,0.398546,0.419941,0.722622,0.704587,0.538980,0.517720,0.387311,0.314260,0.424168,0.654925,0.630341,0.669218,0.649967,0.740857,0.537906,0.655555,0.484912,0.330612,0.580112,0.141066,0.235208,0.564850,0.565445,0.575813,0.620964,0.603801,0.665267,0.577651,0.600386,0.379025,0.700855,0.202031,0.675487,-0.046525,0.664194,0.274064,0.687978,0.650299,0.739873,0.524352,0.724618,0.398049,0.638469,0.762673,0.705398,0.526793,0.750861,0.759853,0.749548,0.716543,0.664193,0.617932,0.586679,0.614805,0.624713,0.585450,0.686642,0.690543,0.548792,0.216454,0.617045,0.092358,0.438442,0.110390,0.516035,0.024919,0.618759,0.022579,0.458404,-0.065994,0.753474,0.309059,0.750619,0.219164,0.600151,0.521858,0.680040,0.526872,0.728077,0.756226,0.492162,0.137692,0.531362,0.203115,0.606941,0.444795,0.130842,0.060444,0.168883,0.436610,0.687586,0.710695,0.725509,0.669249,0.574446,0.404235
0.733613,0.140329,0.749832,0.354934,0.738570,0.559915,0.692496,0.559697,0.000000,0.251887,0.578241,0.280389,0.349896,0.438066,0.694666,-0.257024,0.050015,0.601581,0.435461,0.699211,0.250688,0.520537,0.544067,0.686543,0.740451,0.683796,0.656143,0.560891,0.071805,0.482288,0.673742,0.666832,0.326852,0.610044,0.210019,0.397137,0.199065,-0.096222,0.545843,-0.211620,0.080355,0.473367,0.183066,0.132730,0.259462,0.165471,0.374664,0.177751,0.232877,-0.111887,0.513504,-0.282454,0.581320,-0.457202,0.680908,-0.165890,0.663558,0.249237,0.538090,0.091645,0.628695,-0.101054,0.474887,0.435871,0.630785,0.062684,0.470327,0.492010,0.597055,0.533444,0.723367,0.375698,0.491184,0.605395,0.588966,0.601285,0.587034,0.505127,0.609568,-0.280398,0.685705,-0.320908,0.214965,-0.300361,0.703386,-0.385380,0.601543,-0.333971,0.674026,-0.444232,0.570944,-0.166133,0.593758,-0.216747,0.450214,0.262537,0.604781,0.213781,0.603762,0.565117,0.595474,-0.201603,0.628881,-0.088769,0.601773,0.062050,0.150971,-0.188319,0.131545,0.292849,0.470600,0.506470,0.635007,0.693521,0.344673,0.222983
0.189236,0.443779,0.247831,0.544372,0.225278,0.263204,0.294285,0.380627,0.251887,0.000000,0.241169,0.419936,0.309404,0.354041,0.253778,0.449142,0.263655,0.147267,0.371092,0.207395,0.264016,0.333273,0.388269,0.410201,0.184501,0.174870,0.180798,0.302203,0.329215,0.207380,0.312740,0.385501,0.318681,0.250976,0.268586,0.241916,0.267263,0.277087,0.233680,0.282960,0.094396,0.093787,0.115037,0.209659,0.174557,0.224058,0.169087,0.190212,0.138609,0.243419,0.145786,0.210765,0.069696,0.135768,0.148249,0.294536,0.126851,0.357615,0.216813,0.363430,0.164683,0.377060,0.286018,0.365594,0.163157,0.347949,0.309073,0.365165,0.257934,0.346207,0.227119,0.475897,0.212846,0.122840,0.150598,0.102332,0.208831,0.294565,0.057274,0.265146,0.055138,0.316318,0.228518,0.347251,-0.008047,0.259001,0.283215,0.365503,-0.044051,0.225266,0.334474,0.239583,0.287716,0.357201,0.302746,0.299169,0.244697,0.362719,0.317411,0.340335,0.191070,0.436698,0.201793,0.485677,0.173452,0.327372,0.233882,0.391579,0.176828,0.222222,0.237725,0.343424,0.290001,0.212529,0.122914,0.219327
0.666073,0.475754,0.597604,0.552818,0.440294,0.422033,0.675922,0.659932,0.578241,0.241169,0.000000,0.582361,0.706060,0.618299,0.691641,0.104239,0.489431,0.589648,0.678077,0.610093,0.361477,0.354043,0.705569,0.588755,0.545441,0.523434,0.332987,0.299609,0.491988,0.568923,0.611902,0.608621,0.633889,0.678082,0.480203,0.517806,0.420041,0.366733,0.530255,0.190374,0.188135,0.473798,0.455597,0.467636,0.519332,0.513762,0.573429,0.479432,0.557384,0.306092,0.646258,0.151430,0.621580,-0.027643,0.557102,0.248477,0.682278,0.598474,0.692545,0.470850,0.697816,0.297114,0.686235,0.619208,0.699754,0.425691,0.648194,0.615751,0.678187,0.701238,0.596478,0.494822,0.573291,0.502473,0.589790,0.487974,0.582679,0.602682,0.550528,0.181094,0.600321,0.099680,0.486807,0.070330,0.497194,0.030042,0.592924,0.039412,0.427502,-0.043582,0.581061,0.249612,0.614179,0.165438,0.486885,0.487629,0.618188,0.526667,0.644121,0.662581,0.306973,0.087527,0.367499,0.111913,0.547822,0.450641,-0.042253,-0.042928,0.211750,0.430582,0.627207,0.641808,0.616192,0.603400,0.633246,0.425010
0.419069,0.695065,0.374398,0.702606,0.117291,0.332206,0.531947,0.692705,0.280389,0.419936,0.582361,0.000000,0.674374,0.680734,0.449870,0.520415,0.582915,0.475386,0.687904,0.391222,0.396895,0.268315,0.681417,0.489368,0.267260,0.285920,0.113389,0.119894,0.599249,0.562975,0.479550,0.510668,0.729711,0.585078,0.555500,0.555451,0.539020,0.577569,0.412608,0.417674,0.270512,0.401130,0.584173,0.669340,0.638606,0.701031,0.605521,0.625434,0.655277,0.615097,0.587339,0.506822,0.475294,0.290138,0.385233,0.521911,0.463688,0.731461,0.642297,0.701422,0.574396,0.638390,0.613928,0.742409,0.545631,0.678743,0.691523,0.689440,0.583178,0.633033,0.421406,0.585175,0.481748,0.372871,0.431037,0.329916,0.487377,0.574019,0.335109,0.514209,0.350633,0.421096,0.515752,0.412379,0.181133,0.361072,0.425874,0.346627,0.114515,0.280713,0.602922,0.559549,0.585254,0.507478,0.509997,0.571287,0.507089,0.635439,0.574550,0.648920,0.203377,0.408146,0.244183,0.425917,0.402435,0.635338,0.054427,0.239603,0.233981,0.412048,0.596802,0.647094,0.546826,0.432674,0.558295,0.476837
0.461127,0.630041,0.362431,0.633968,0.147297,0.289255,0.557980,0.616793,0.349896,0.309404,0.706060,0.674374,0.000000,0.614149,0.534125,0.369634,0.658865,0.405312,0.698395,0.393291,0.374756,0.199922,0.658273,0.438998,0.297705,0.305613,0.069229,0.101329,0.675741,0.410122,0.449193,0.456590,0.736824,0.557598,0.639693,0.573190,0.534795,0.596790,0.397717,0.452008,0.267792,0.382110,0.579297,0.615654,0.603501,0.666137,0.621578,0.641422,0.668698,0.570804,0.630445,0.463659,0.526172,0.317511,0.363397,0.546926,0.521719,0.701378,0.664983,0.635077,0.626854,0.542401,0.688083,0.626314,0.613383,0.601084,0.679102,0.607175,0.577089,0.661267,0.433707,0.593838,0.581026,0.346391,0.458055,0.316060,0.519330,0.608540,0.305522,0.454958,0.350354,0.393058,0.502925,0.357435,0.205823,0.355872,0.404321,0.340812,0.118078,0.296888,0.514982,0.508013,0.529915,0.460811,0.462823,0.512432,0.471276,0.647936,0.547019,0.626461,0.070828,0.373126,0.131684,0.342440,0.352239,0.637250,-0.082190,0.174400,0.175797,0.410846,0.613864,0.601724,0.495436,0.413735,0.639640,0.400698
0.577692,0.553686,0.556109,0.541722,0.302163,0.357300,0.639363,0.753446,0.438066,0.354041,0.618299,0.680734,0.614149,0.000000,0.567059,0.332713,0.390519,0.647650,0.596477,0.591166,0.358465,0.315692,0.622715,0.573361,0.383744,0.352063,0.209921,0.180305,0.406384,0.608136,0.483399,0.552893,0.607692,0.672719,0.531362,0.595763,0.438879,0.356635,0.509531,0.152217,0.190819,0.519314,0.542480,0.571188,0.607215,0.602780,0.612692,0.565178,0.619400,0.399901,0.673097,0.248609,0.634495,0.020743,0.586623,0.305620,0.623405,0.641828,0.690460,0.483568,0.656664,0.382200,0.563998,0.705597,0.612506,0.479685,0.680140,0.653847,0.681391,0.696418,0.550314,0.568180,0.516796,0.562570,0.554094,0.530229,0.631128,0.659079,0.474973,0.271219,0.543699,0.146848,0.481274,0.146472,0.432646,0.068373,0.586938,0.058766,0.386150,-0.018920,0.664192,0.304277,0.651155,0.215928,0.503158,0.495459,0.590543,0.493498,0.630390,0.675593,0.379610,0.107711,0.412481,0.113503,0.528921,0.421099,0.061752,0.013486,0.117849,0.435862,0.650086,0.614631,0.626078,0.573632,0.547865,0.324467
0.696758,0.301829,0.690344,0.445395,0.582604,0.443429,0.715144,0.631098,0.694666,0.253778,0.691641,0.449870,0.534125,0.567059,0.000000,-0.004610,0.246867,0.623454,0.571040,0.648513,0.370132,0.492276,0.656396,0.627130,0.622628,0.567040,0.440707,0.426351,0.265406,0.592245,0.657980,0.632626,0.498508,0.638019,0.352011,0.468478,0.363199,0.155121,0.608114,-0.010211,0.167414,0.530008,0.302935,0.287916,0.379276,0.342716,0.477408,0.337782,0.412042,0.100365,0.593396,-0.060454,0.599211,-0.246921,0.630386,0.050063,0.675425,0.429845,0.620545,0.278071,0.672629,0.093814,0.528424,0.519062,0.674619,0.233529,0.553252,0.544842,0.629942,0.625722,0.671077,0.414434,0.502613,0.567057,0.559215,0.552173,0.587137,0.543264,0.611955,-0.051365,0.651569,-0.118315,0.490899,-0.085057,0.604603,-0.193632,0.633801,-0.143662,0.571787,-0.255043,0.582726,0.052879,0.614589,-0.030424,0.511506,0.457221,0.645263,0.407284,0.609458,0.619869,0.437464,-0.076656,0.479019,-0.036140,0.566780,0.246105,0.101579,-0.128583,0.196822,0.419678,0.571183,0.579865,0.622978,0.627897,0.467315,0.361370
-0.167743,0.549631,-0.172129,0.446135,-0.364193,-0.145644,0.024858,0.232583,-0.257024,0.449142,0.104239,0.520415,0.369634,0.332713,-0.004610,0.000000,0.467850,-0.049338,0.320873,-0.164690,0.203027,0.014013,0.250998,-0.011070,-0.307864,-0.277716,-0.381661,-0.205745,0.497511,0.115591,-0.046064,0.013842,0.422775,0.053198,0.348933,0.207716,0.382276,0.611516,0.034893,0.578662,0.204132,0.010231,0.294711,0.445530,0.326768,0.453010,0.227445,0.398571,0.353123,0.609108,0.110549,0.649377,-0.059666,0.600632,-0.164304,0.631920,-0.108570,0.463317,0.156494,0.552924,0.022132,0.648078,0.178667,0.318197,0.003187,0.532551,0.259042,0.250890,0.064351,0.205432,-0.126450,0.320186,0.087204,-0.119774,-0.064241,-0.162717,-0.000421,0.163332,-0.198352,0.673449,-0.237827,0.671840,0.415383,0.687816,-0.393459,0.646520,0.006400,0.662546,-0.424905,0.620769,0.148462,0.614032,0.088102,0.655675,0.163370,0.353088,0.010121,0.461572,0.088189,0.194552,-0.241337,0.597914,-0.241840,0.511001,-0.114758,0.513684,0.044179,0.447765,0.127829,0.223085,0.181442,0.222255,0.042917,-0.133908,0.163116,0.288867
0.185662,0.600234,0.082935,0.565788,-0.101516,0.162489,0.270962,0.392572,0.050015,0.263655,0.489431,0.582915,0.658865,0.390519,0.246867,0.467850,0.000000,0.206321,0.553838,0.147006,0.342429,0.101694,0.489076,0.241766,0.067526,0.146392,-0.130801,-0.037442,0.769457,0.269813,0.264042,0.287509,0.620151,0.357690,0.504081,0.390485,0.533515,0.665614,0.240129,0.592940,0.337637,0.271815,0.535547,0.625116,0.572876,0.632876,0.488963,0.559507,0.579702,0.625403,0.425985,0.590066,0.296629,0.498941,0.119774,0.631138,0.269374,0.617957,0.425955,0.623038,0.353643,0.612566,0.600697,0.485143,0.378075,0.624214,0.518804,0.468565,0.366197,0.470282,0.147579,0.478991,0.460815,0.129906,0.283781,0.106438,0.312930,0.451468,0.142930,0.652483,0.116684,0.565559,0.472206,0.548869,-0.074855,0.529297,0.208823,0.508117,-0.166532,0.495267,0.342014,0.597437,0.336866,0.593509,0.315636,0.473671,0.265209,0.632531,0.378309,0.459060,-0.094943,0.526686,-0.048386,0.496041,0.171246,0.692025,-0.036648,0.353023,0.260407,0.284091,0.420855,0.458367,0.314489,0.207951,0.518607,0.422550
0.729182,0.322815,0.715853,0.372335,0.544724,0.510564,0.679940,0.678922,0.601581,0.147267,0.589648,0.475386,0.405312,0.647650,0.623454,-0.049338,0.206321,0.000000,0.491071,0.744922,0.303271,0.397904,0.575058,0.655850,0.612016,0.568084,0.481027,0.355894,0.179031,0.705811,0.617217,0.625208,0.433058,0.700872,0.331648,0.494169,0.283554,0.039380,0.591983,-0.163136,0.111307,0.594194,0.425196,0.392799,0.499571,0.397909,0.542895,0.372173,0.442467,0.074182,0.634867,-0.104512,0.689423,-0.348551,0.745680,-0.049729,0.746524,0.449544,0.628178,0.224494,0.672745,0.050610,0.533373,0.621527,0.656424,0.233925,0.591785,0.601143,0.715398,0.641333,0.685636,0.403958,0.501261,0.702052,0.648674,0.698742,0.689466,0.621549,0.688156,-0.036513,0.760932,-0.204641,0.365133,-0.204968,0.694690,-0.310555,0.671794,-0.301343,0.668960,-0.387431,0.679011,-0.001722,0.674678,-0.123712,0.511110,0.430858,0.689976,0.293697,0.683199,0.651643,0.626085,-0.198176,0.657121,-0.103623,0.687036,0.197465,0.200561,-0.152645,0.208509,0.377601,0.612549,0.590851,0.704878,0.734419,0.479699,0.327918
0.560841,0.640292,0.504176,0.716636,0.253421,0.409202,0.658109,0.671131,0.435461,0.371092,0.678077,0.687904,0.698395,0.596477,0.571040,0.320873,0.553838,0.491071,0.000000,0.495825,0.377641,0.348140,0.765804,0.572182,0.422184,0.416380,0.235764,0.262997,0.591013,0.553739,0.610136,0.569851,0.730108,0.606468,0.586534,0.538788,0.470339,0.489399,0.474346,0.336530,0.175848,0.403458,0.508913,0.554498,0.546310,0.599449,0.592827,0.546121,0.604025,0.478506,0.592477,0.343654,0.514436,0.152416,0.450854,0.401027,0.580228,0.688070,0.658275,0.624191,0.632534,0.503291,0.662566,0.660956,0.630568,0.578534,0.685299,0.667790,0.625277,0.671360,0.538411,0.566281,0.564851,0.447823,0.511806,0.413351,0.569718,0.598866,0.431407,0.367405,0.443626,0.283399,0.493565,0.264994,0.303460,0.222039,0.449523,0.238653,0.239497,0.151743,0.571821,0.411488,0.581510,0.366952,0.502827,0.539485,0.571601,0.606929,0.600510,0.638894,0.240786,0.311972,0.295436,0.350361,0.448767,0.575384,0.041171,0.176727,0.251725,0.441779,0.605785,0.675634,0.583869,0.520108,0.582964,0.436541
0.790558,0.311021,0.781440,0.396325,0.656894,0.601219,0.712004,0.667552,0.699211,0.207395,0.610093,0.391222,0.393291,0.591166,0.648513,-0.164690,0.147006,0.744922,0.495825,0.000000,0.302057,0.451006,0.570096,0.734352,0.707763,0.670108,0.590416,0.472420,0.149271,0.621067,0.652400,0.675491,0.374011,0.716321,0.321982,0.462473,0.219662,-0.042836,0.588226,-0.205093,0.062104,0.555174,0.310366,0.278092,0.392096,0.303221,0.475441,0.279868,0.357976,-0.026261,0.597937,-0.215408,0.667217,-0.430265,0.751508,-0.120408,0.762668,0.405113,0.614144,0.179404,0.670999,-0.002142,0.541478,0.573626,0.657615,0.179169,0.566941,0.582767,0.735846,0.658734,0.729437,0.462793,0.533021,0.708553,0.679046,0.699879,0.683254,0.617140,0.689298,-0.158266,0.764291,-0.264686,0.256243,-0.265498,0.738391,-0.365170,0.678447,-0.338899,0.702070,-0.443663,0.658723,-0.108355,0.664479,-0.187127,0.507505,0.363310,0.697013,0.276685,0.695643,0.634462,0.663279,-0.207663,0.694510,-0.091776,0.683765,0.131841,0.180457,-0.153254,0.178618,0.374472,0.568990,0.587700,0.712614,0.763292,0.435223,0.263112
0.296875,0.396246,0.281295,0.435079,0.172884,0.202407,0.325972,0.398546,0.250688,0.264016,0.361477,0.396895,0.374756,0.358465,0.370132,0.203027,0.342429,0.303271,0.377641,0.302057,0.000000,0.401878,0.381040,0.392002,0.253690,0.268950,0.160225,0.273445,0.352220,0.278636,0.324839,0.320040,0.353461,0.327410,0.330824,0.305668,0.530091,0.371458,0.418271,0.299684,0.415270,0.522652,0.293721,0.340287,0.339761,0.357599,0.319802,0.297779,0.282629,0.255416,0.299191,0.192524,0.267774,0.110803,0.310320,0.313738,0.287070,0.393722,0.348280,0.350472,0.307643,0.314837,0.354863,0.383632,0.338265,0.371072,0.406082,0.428517,0.393166,0.431025,0.311474,0.402836,0.315138,0.250781,0.306512,0.212008,0.355860,0.406696,0.191245,0.263583,0.271398,0.262551,0.417246,0.298090,0.165180,0.179540,0.368729,0.225843,0.122791,0.142884,0.368348,0.278287,0.408743,0.267384,0.451750,0.510713,0.433309,0.533049,0.402215,0.442126,0.216596,0.303442,0.224625,0.329612,0.258898,0.340614,0.177331,0.308856,0.231869,0.540675,0.413090,0.401264,0.365966,0.291212,0.264569,0.280493
0.448301,0.213593,0.519687,0.394225,0.462641,0.365607,0.479475,0.419941,0.520537,0.333273,0.354043,0.268315,0.199922,0.315692,0.492276,0.014013,0.101694,0.397904,0.348140,0.451006,0.401878,0.000000,0.426300,0.537603,0.445533,0.427358,0.445098,0.538978,0.093478,0.349653,0.478852,0.517274,0.263897,0.416201,0.063074,0.255949,0.399597,0.055575,0.542024,0.051958,0.358600,0.529220,0.077464,0.126300,0.212122,0.131827,0.232992,0.111133,0.133956,-0.021642,0.275605,-0.119396,0.282628,-0.244222,0.453900,0.014618,0.382536,0.233141,0.332298,0.165005,0.343387,0.073351,0.295693,0.354103,0.376364,0.154615,0.336421,0.414697,0.405403,0.377370,0.492515,0.346223,0.376762,0.439481,0.379692,0.424702,0.360131,0.358824,0.377738,-0.061937,0.434222,-0.020420,0.357272,0.059581,0.405262,-0.126989,0.487555,-0.032446,0.386289,-0.187343,0.442644,-0.019459,0.463825,-0.003011,0.429882,0.264026,0.427421,0.265143,0.426188,0.427174,0.456188,0.051424,0.444590,0.140132,0.342402,0.077998,0.328833,0.120423,0.188851,0.283903,0.283722,0.371343,0.448601,0.435019,0.101817,0.293745
0.625449,0.556207,0.605905,0.703985,0.390229,0.492709,0.707130,0.722622,0.544067,0.388269,0.705569,0.681417,0.658273,0.622715,0.656396,0.250998,0.489076,0.575058,0.765804,0.570096,0.381040,0.426300,0.000000,0.663788,0.536131,0.526307,0.363804,0.343278,0.525865,0.636236,0.691125,0.673258,0.710059,0.683549,0.532823,0.584208,0.480836,0.424029,0.549129,0.254032,0.210623,0.470891,0.499891,0.516327,0.540259,0.558049,0.603061,0.522389,0.572857,0.398018,0.618020,0.241757,0.571586,0.028488,0.550164,0.315496,0.626013,0.651275,0.682425,0.579367,0.672083,0.435616,0.656989,0.688727,0.693779,0.550666,0.703841,0.717032,0.666116,0.679127,0.609439,0.545953,0.548747,0.494571,0.548858,0.463858,0.585894,0.595200,0.533835,0.260135,0.543177,0.170683,0.499176,0.175593,0.425145,0.110264,0.549988,0.141955,0.364222,0.034113,0.655569,0.353625,0.667976,0.291784,0.550148,0.551385,0.634858,0.566983,0.658607,0.686618,0.354263,0.221762,0.410619,0.284948,0.560484,0.532639,0.099033,0.103036,0.250763,0.420909,0.628685,0.710736,0.656182,0.610387,0.600607,0.472638
0.723009,0.404049,0.751979,0.588722,0.628519,0.645391,0.714974,0.704587,0.686543,0.410201,0.588755,0.489368,0.438998,0.573361,0.627130,-0.011070,0.241766,0.655850,0.572182,0.734352,0.392002,0.537603,0.663788,0.000000,0.700014,0.685829,0.612294,0.547388,0.275464,0.591765,0.715880,0.755926,0.470540,0.710555,0.390998,0.523062,0.328789,0.091848,0.608941,-0.025382,0.144721,0.535064,0.334310,0.333422,0.412556,0.354938,0.488976,0.331389,0.360596,0.097486,0.556456,-0.080765,0.588436,-0.289479,0.687004,0.034072,0.668558,0.456684,0.590956,0.306282,0.634165,0.173115,0.577277,0.626618,0.651013,0.332415,0.622289,0.675125,0.695355,0.634812,0.711087,0.581125,0.581442,0.649634,0.648259,0.625198,0.662916,0.635126,0.598992,-0.016586,0.649375,-0.096311,0.278871,-0.074566,0.606636,-0.185417,0.637899,-0.133011,0.558154,-0.263313,0.691975,0.038629,0.687774,0.006000,0.573757,0.418667,0.673087,0.387347,0.706267,0.668058,0.621407,0.024802,0.657653,0.158886,0.632906,0.268642,0.248172,0.053281,0.225392,0.392370,0.561356,0.631834,0.719714,0.725381,0.410301,0.332029
0.729242,0.141358,0.732873,0.356253,0.732042,0.649077,0.631484,0.538980,0.740451,0.184501,0.545441,0.267260,0.297705,0.383744,0.622628,-0.307864,0.067526,0.612016,0.422184,0.707763,0.253690,0.445533,0.536131,0.700014,0.000000,0.789600,0.716633,0.575945,0.088849,0.539794,0.724393,0.702469,0.320491,0.630187,0.203196,0.402574,0.181612,-0.110143,0.556682,-0.226661,0.060740,0.474397,0.214389,0.149656,0.262652,0.173234,0.390154,0.184796,0.223036,-0.116282,0.478707,-0.298402,0.576311,-0.469445,0.674052,-0.199486,0.666718,0.262467,0.517045,0.114614,0.597604,-0.077213,0.480763,0.455155,0.615703,0.121379,0.482045,0.527196,0.612704,0.500934,0.696376,0.357468,0.463486,0.579032,0.572231,0.581990,0.573237,0.485637,0.668078,-0.272997,0.698878,-0.341659,0.170352,-0.317261,0.713461,-0.402996,0.569151,-0.367367,0.669948,-0.459972,0.572242,-0.149425,0.587223,-0.228950,0.476037,0.303986,0.645681,0.210282,0.624285,0.546945,0.617503,-0.221363,0.652839,-0.068226,0.631921,0.069499,0.148137,-0.168261,0.180813,0.280043,0.484040,0.545751,0.647196,0.701396,0.356152,0.260096
0.682968,0.166114,0.672497,0.379281,0.679050,0.682152,0.571910,0.517720,0.683796,0.174870,0.523434,0.285920,0.305613,0.352063,0.567040,-0.277716,0.146392,0.568084,0.416380,0.670108,0.268950,0.427358,0.526307,0.685829,0.789600,0.000000,0.683662,0.542666,0.166207,0.514804,0.712955,0.712394,0.339189,0.637377,0.214205,0.405855,0.208769,-0.054208,0.525625,-0.166172,0.105358,0.469276,0.251649,0.199792,0.300670,0.221829,0.401693,0.218031,0.261595,-0.051655,0.476810,-0.230890,0.562594,-0.391873,0.625915,-0.140142,0.629086,0.287695,0.509755,0.168436,0.575128,-0.001832,0.509856,0.469505,0.599824,0.188819,0.497773,0.547084,0.597520,0.486699,0.634018,0.387490,0.490299,0.536355,0.574836,0.553367,0.545484,0.477595,0.652758,-0.196418,0.648491,-0.270182,0.157741,-0.243200,0.649832,-0.325728,0.516306,-0.310274,0.596308,-0.382060,0.559403,-0.086113,0.564878,-0.159754,0.462367,0.319730,0.624508,0.254202,0.620192,0.543464,0.562926,-0.153468,0.604192,0.000489,0.605534,0.120542,0.120833,-0.133913,0.206940,0.288910,0.473968,0.557541,0.632567,0.675093,0.379220,0.278484
0.596404,0.003324,0.639939,0.237899,0.720676,0.610308,0.489552,0.387311,0.656143,0.180798,0.332987,0.113389,0.069229,0.209921,0.440707,-0.381661,-0.130801,0.481027,0.235764,0.590416,0.160225,0.445098,0.363804,0.612294,0.716633,0.683662,0.000000,0.618087,-0.084556,0.413400,0.600194,0.585457,0.127967,0.472219,0.014484,0.254426,0.035343,-0.266076,0.427104,-0.312297,0.006336,0.350120,0.051912,-0.022062,0.091376,-0.021522,0.206378,0.001463,0.010834,-0.269782,0.287598,-0.409255,0.402332,-0.547646,0.582439,-0.325936,0.501244,0.073623,0.328232,-0.042130,0.418369,-0.197678,0.320733,0.313631,0.441296,-0.027946,0.303023,0.385893,0.450509,0.317982,0.606606,0.253243,0.290443,0.484238,0.453323,0.477300,0.426984,0.322153,0.545108,-0.384301,0.595511,-0.411522,-0.043653,-0.388812,0.639178,-0.467635,0.472054,-0.404739,0.618366,-0.515248,0.459525,-0.279736,0.462832,-0.307869,0.404215,0.138593,0.509638,0.034771,0.483073,0.391488,0.642532,-0.247990,0.654843,-0.062456,0.534541,-0.090040,0.165139,-0.148503,0.143006,0.150986,0.293953,0.382052,0.518982,0.590056,0.151216,0.143368
0.484099,0.090795,0.521489,0.287388,0.604521,0.428548,0.432287,0.314260,0.560891,0.302203,0.299609,0.119894,0.101329,0.180305,0.426351,-0.205745,-0.037442,0.355894,0.262997,0.472420,0.273445,0.538978,0.343278,0.547388,0.575945,0.542666,0.618087,0.000000,-0.020432,0.291670,0.501404,0.499246,0.145117,0.371380,0.087012,0.223148,0.123889,-0.135614,0.407229,-0.131453,0.064979,0.362585,-0.016068,-0.028868,0.059636,-0.021516,0.131238,-0.011665,-0.003613,-0.183491,0.213483,-0.280732,0.265919,-0.370201,0.435318,-0.164247,0.378003,0.081873,0.244822,-0.015325,0.301189,-0.123372,0.270000,0.222670,0.332131,0.001429,0.260201,0.326934,0.351903,0.295722,0.531389,0.342837,0.312788,0.429652,0.366443,0.373337,0.369516,0.334709,0.378357,-0.228128,0.428889,-0.202326,0.055771,-0.185543,0.442125,-0.279901,0.391293,-0.184683,0.418927,-0.317018,0.358567,-0.212860,0.372426,-0.167049,0.312024,0.130216,0.385573,0.104894,0.379392,0.339075,0.492411,-0.042446,0.488658,0.075345,0.360497,-0.032824,0.233409,0.024523,0.127354,0.186522,0.232806,0.285115,0.401752,0.433755,0.067703,0.100898
0.188588,0.631798,0.099334,0.621641,-0.078401,0.192596,0.285330,0.424168,0.071805,0.329215,0.491988,0.599249,0.675741,0.406384,0.265406,0.497511,0.769457,0.179031,0.591013,0.149271,0.352220,0.093478,0.525865,0.275464,0.088849,0.166207,-0.084556,-0.020432,0.000000,0.277933,0.295258,0.323908,0.644815,0.372521,0.553430,0.422632,0.527971,0.694965,0.229914,0.611641,0.304062,0.221738,0.544445,0.611158,0.544445,0.630408,0.499929,0.575153,0.577940,0.642399,0.419786,0.603745,0.290130,0.518539,0.117651,0.648301,0.261614,0.649919,0.448585,0.671688,0.359677,0.662732,0.600424,0.506883,0.385171,0.661595,0.539532,0.495276,0.371054,0.478405,0.161255,0.524660,0.446370,0.104522,0.262911,0.083435,0.308393,0.447351,0.128814,0.647728,0.095970,0.585512,0.446240,0.568000,-0.088846,0.559058,0.197823,0.543861,-0.176662,0.519993,0.353998,0.620290,0.343491,0.625739,0.347203,0.492334,0.295651,0.652573,0.389458,0.464769,-0.106450,0.554668,-0.054670,0.534011,0.184472,0.719163,-0.063508,0.360877,0.275598,0.324892,0.438533,0.493202,0.331465,0.199500,0.536110,0.413463
0.621244,0.363031,0.621496,0.444962,0.431522,0.472322,0.614492,0.654925,0.482288,0.207380,0.568923,0.562975,0.410122,0.608136,0.592245,0.115591,0.269813,0.705811,0.553739,0.621067,0.278636,0.349653,0.636236,0.591765,0.539794,0.514804,0.413400,0.291670,0.277933,0.000000,0.634558,0.601820,0.496972,0.656293,0.290548,0.427484,0.274421,0.157033,0.563666,-0.039382,0.078801,0.470649,0.403961,0.421933,0.470908,0.418057,0.504248,0.377242,0.454505,0.172970,0.557620,0.019204,0.570955,-0.232088,0.618082,0.019979,0.624094,0.474613,0.576713,0.348904,0.595903,0.201211,0.506742,0.631165,0.598751,0.334235,0.552973,0.595756,0.620909,0.572281,0.587880,0.326144,0.381889,0.555778,0.531741,0.559308,0.546706,0.499685,0.692274,0.076821,0.654483,-0.099168,0.456458,-0.065039,0.556571,-0.186440,0.607011,-0.161776,0.535844,-0.258561,0.635127,0.126006,0.615637,0.011971,0.518669,0.549163,0.676388,0.399987,0.628082,0.602320,0.517410,-0.094942,0.546869,0.009980,0.648760,0.293352,0.174581,-0.091199,0.288269,0.410639,0.567802,0.635893,0.646021,0.637916,0.484240,0.461886
0.703260,0.323035,0.699619,0.542123,0.598738,0.631880,0.692296,0.630341,0.673742,0.312740,0.611902,0.479550,0.449193,0.483399,0.657980,-0.046064,0.264042,0.617217,0.610136,0.652400,0.324839,0.478852,0.691125,0.715880,0.724393,0.712955,0.600194,0.501404,0.295258,0.634558,0.000000,0.753157,0.528514,0.679037,0.327233,0.485597,0.318996,0.108671,0.568575,-0.038531,0.115192,0.480047,0.362635,0.327620,0.402947,0.351447,0.506465,0.348828,0.383016,0.117611,0.540534,-0.063419,0.584806,-0.270321,0.646586,0.010035,0.657018,0.429066,0.588422,0.336667,0.647294,0.156977,0.583979,0.587527,0.649285,0.311516,0.597425,0.646513,0.639616,0.561240,0.695796,0.443425,0.507277,0.557614,0.573682,0.549402,0.604442,0.548218,0.653418,-0.038823,0.643685,-0.137826,0.326156,-0.104558,0.594491,-0.197510,0.555065,-0.159243,0.549786,-0.259234,0.638568,0.077536,0.648083,0.001217,0.534666,0.462855,0.684172,0.380835,0.670036,0.619997,0.545777,-0.018615,0.590694,0.125110,0.630454,0.278107,0.156823,-0.038021,0.256207,0.356912,0.576864,0.658524,0.674952,0.688764,0.463805,0.389514
0.684536,0.371418,0.695453,0.567859,0.607092,0.639038,0.661063,0.669218,0.666832,0.385501,0.608621,0.510668,0.456590,0.552893,0.632626,0.013842,0.287509,0.625208,0.569851,0.675491,0.320040,0.517274,0.673258,0.755926,0.702469,0.712394,0.585457,0.499246,0.323908,0.601820,0.753157,0.000000,0.529625,0.736179,0.354022,0.534662,0.358348,0.145936,0.596572,0.019099,0.188724,0.507885,0.380436,0.362170,0.449001,0.389985,0.525087,0.381348,0.412181,0.153697,0.563311,-0.029759,0.602502,-0.224623,0.652243,0.079432,0.647046,0.480871,0.611469,0.363911,0.632875,0.216277,0.593119,0.636056,0.639434,0.371400,0.634645,0.683862,0.668312,0.602266,0.657545,0.535991,0.546120,0.570812,0.598111,0.565839,0.599080,0.583338,0.617623,0.013218,0.633710,-0.061129,0.334163,-0.034072,0.576124,-0.133467,0.602251,-0.104047,0.524224,-0.213030,0.675020,0.112626,0.668326,0.049390,0.553298,0.428767,0.656946,0.390821,0.693073,0.652115,0.537512,0.021145,0.581850,0.147278,0.626202,0.296406,0.162340,-0.032945,0.238604,0.334854,0.576016,0.655959,0.699352,0.689282,0.464229,0.386443
0.444973,0.637044,0.369523,0.686763,0.131197,0.334455,0.563269,0.649967,0.326852,0.318681,0.633889,0.729711,0.736824,0.607692,0.498508,0.422775,0.620151,0.433058,0.730108,0.374011,0.353461,0.263897,0.710059,0.470540,0.320491,0.339189,0.127967,0.145117,0.644815,0.496972,0.528514,0.529625,0.000000,0.610488,0.632737,0.642565,0.563601,0.600849,0.429503,0.445168,0.286218,0.409341,0.646451,0.670841,0.660450,0.709012,0.678783,0.695929,0.702271,0.625194,0.625832,0.497234,0.536141,0.324774,0.388322,0.550742,0.505099,0.721295,0.678529,0.691098,0.626057,0.606484,0.666711,0.688725,0.622904,0.676075,0.729886,0.692562,0.578809,0.612193,0.459877,0.591089,0.561050,0.368223,0.452120,0.332204,0.529157,0.602459,0.344719,0.482475,0.361369,0.393062,0.509995,0.380515,0.199599,0.362529,0.373718,0.336265,0.121770,0.295569,0.572185,0.573507,0.578130,0.495577,0.507360,0.549499,0.502797,0.638136,0.571255,0.638273,0.121676,0.379821,0.173618,0.384888,0.381178,0.639491,-0.043771,0.158971,0.180745,0.400947,0.642857,0.656929,0.531630,0.424771,0.616022,0.453936
0.711070,0.433529,0.683551,0.541276,0.509574,0.587331,0.695988,0.740857,0.610044,0.250976,0.678082,0.585078,0.557598,0.672719,0.638019,0.053198,0.357690,0.700872,0.606468,0.716321,0.327410,0.416201,0.683549,0.710555,0.630187,0.637377,0.472219,0.371380,0.372521,0.656293,0.679037,0.736179,0.610488,0.000000,0.470783,0.617392,0.380691,0.217186,0.573107,0.025719,0.174526,0.554840,0.523521,0.504393,0.584167,0.526621,0.629439,0.508332,0.573808,0.263429,0.693807,0.068818,0.714432,-0.157080,0.685072,0.140038,0.718277,0.572051,0.718755,0.428283,0.726116,0.278246,0.654877,0.707417,0.720308,0.440628,0.711601,0.721424,0.736625,0.672366,0.669249,0.558901,0.594084,0.628313,0.670235,0.627563,0.675173,0.665806,0.640538,0.093269,0.682462,-0.037065,0.371428,-0.030352,0.602453,-0.102841,0.615304,-0.121197,0.545985,-0.190254,0.709662,0.183446,0.717788,0.077994,0.537197,0.461317,0.677788,0.444364,0.721194,0.702396,0.499682,-0.017573,0.542216,0.070243,0.643253,0.341249,0.054192,-0.112230,0.174100,0.408394,0.658964,0.677235,0.719052,0.704686,0.570249,0.369069
0.350829,0.599227,0.265093,0.561962,0.049461,0.225887,0.447434,0.537906,0.210019,0.268586,0.480203,0.555500,0.639693,0.531362,0.352011,0.348933,0.504081,0.331648,0.586534,0.321982,0.330824,0.063074,0.532823,0.390998,0.203196,0.214205,0.014484,0.087012,0.553430,0.290548,0.327233,0.354022,0.632737,0.470783,0.000000,0.632095,0.411384,0.523593,0.266569,0.359579,0.106216,0.280194,0.569515,0.578113,0.531252,0.614737,0.569812,0.634159,0.607580,0.548990,0.543342,0.449245,0.461399,0.342525,0.292460,0.518759,0.420905,0.637410,0.548478,0.547424,0.495818,0.515434,0.543124,0.531073,0.500361,0.582366,0.639117,0.551568,0.497090,0.550489,0.361571,0.602674,0.521813,0.334598,0.392598,0.274925,0.533212,0.599586,0.167771,0.440064,0.225271,0.361408,0.295118,0.309377,0.108656,0.352631,0.257028,0.316079,0.037431,0.301976,0.443911,0.456453,0.454918,0.428792,0.410622,0.438016,0.382554,0.541062,0.455262,0.511485,0.039319,0.353387,0.084892,0.325583,0.248394,0.546722,-0.065381,0.201703,0.069247,0.407168,0.571701,0.492167,0.399779,0.322749,0.542174,0.188639
0.498328,0.455896,0.456353,0.557356,0.253472,0.393597,0.560867,0.655555,0.397137,0.241916,0.517806,0.555451,0.573190,0.595763,0.468478,0.207716,0.390485,0.494169,0.538788,0.462473,0.305668,0.255949,0.584208,0.523062,0.402574,0.405855,0.254426,0.223148,0.422632,0.427484,0.485597,0.534662,0.642565,0.617392,0.632095,0.000000,0.521816,0.409741,0.438122,0.232527,0.305967,0.498164,0.665613,0.585511,0.621151,0.615146,0.715921,0.691824,0.604359,0.466143,0.643104,0.306662,0.631802,0.143617,0.523257,0.414219,0.557089,0.596101,0.665699,0.514104,0.612717,0.417584,0.558860,0.633754,0.616866,0.570791,0.735016,0.706824,0.626762,0.558709,0.527937,0.580497,0.539008,0.448455,0.476143,0.421964,0.600368,0.624247,0.342633,0.256465,0.436132,0.161739,0.307529,0.170392,0.352372,0.167863,0.401224,0.112507,0.277716,0.095864,0.645766,0.428333,0.657754,0.309715,0.526042,0.420468,0.506205,0.472587,0.603187,0.649616,0.283007,0.204402,0.327379,0.226884,0.432152,0.461850,-0.030756,0.046352,0.014974,0.286540,0.685412,0.594991,0.562091,0.485775,0.558106,0.262667
0.259582,0.495020,0.232526,0.560909,0.047711,0.206326,0.365349,0.484912,0.199065,0.267263,0.420041,0.539020,0.534795,0.438879,0.363199,0.382276,0.533515,0.283554,0.470339,0.219662,0.530091,0.399597,0.480836,0.328789,0.181612,0.208769,0.035343,0.123889,0.527971,0.274421,0.318996,0.358348,0.563601,0.380691,0.411384,0.521816,0.000000,0.589184,0.464607,0.523098,0.667149,0.586791,0.535072,0.576223,0.592070,0.592941,0.536527,0.565648,0.514141,0.531784,0.458865,0.461179,0.363350,0.333705,0.299960,0.566848,0.321416,0.557028,0.502744,0.580679,0.404267,0.530746,0.466952,0.516766,0.426724,0.594008,0.569754,0.567664,0.440880,0.458685,0.308205,0.500540,0.428208,0.231116,0.274671,0.186605,0.365754,0.459508,0.150524,0.437481,0.235169,0.439569,0.528607,0.516120,0.103784,0.399347,0.320518,0.391461,0.019921,0.337929,0.497481,0.551554,0.521774,0.512298,0.500068,0.472047,0.390112,0.600303,0.460356,0.564866,0.129848,0.456094,0.144030,0.437227,0.221766,0.536443,0.112770,0.349497,0.160815,0.297118,0.483346,0.496057,0.417583,0.278474,0.421391,0.398157
