0.000000 0.135811 0.129862 -0.019905 -0.041099 -0.158141 0.136644 0.006058 0.235687 -0.098067 0.685980 0.442227 0.271160 0.073373 -0.009685 -0.090525 0.014504 0.599657 0.256514 0.563889 0.221606 0.087381 0.025037 -0.093809 0.195477 0.039556 -0.149889 -0.236476 0.010848 0.585070 0.238159 0.043677 0.623812 0.661360 0.467086 0.465125 0.528673 0.205125 0.572781 0.297203 0.494933 0.377129 0.441375 0.466440 0.483722 0.500214 0.471528 0.416664 0.497329 0.487783 0.516202 0.368164 0.523277 0.251134 0.516643 -0.107876 0.690184 0.552879 0.575777 0.508238 0.631521 0.444834 0.616277 0.411952 0.536917 0.515066 0.472763 0.502616 0.608473 0.502999 0.651421 -0.024267 0.341403 0.635479 0.497506 -0.044965 0.484756 0.080539 0.519392 0.108846 0.541715 0.094719 0.210069 -0.109162 0.511966 -0.103015 0.091564 -0.254408 0.454803 -0.294251 0.547535 -0.039415 0.527232 -0.054323 0.366807 0.320787 0.538322 -0.114811 0.229411 -0.131636 -0.008290 -0.327831 -0.146979 -0.309461 0.543675 -0.068542 0.027271 -0.345387 0.015228 0.500320 0.379207 0.261458 -0.054667 0.354276 0.349134 0.052528
0.135811 0.000000 0.506670 0.671546 0.613749 0.541385 0.547037 0.650672 0.558690 0.558609 0.404183 0.472809 0.653918 0.651656 0.617844 0.658010 0.685601 0.096469 0.710298 0.504404 0.518925 0.588899 0.604814 0.619054 0.467532 0.570620 0.469286 0.498658 0.742314 0.150059 0.597770 0.655507 0.578036 0.442528 0.293706 0.211321 0.212343 0.549536 -0.282374 0.543628 0.007023 0.256114 -0.201634 -0.006903 -0.176534 -0.201021 -0.080765 -0.003788 -0.260468 -0.194840 -0.334517 -0.258119 -0.354004 -0.228186 -0.419107 0.507089 0.464647 0.562536 0.204881 0.456167 -0.093777 0.400168 0.308976 0.590431 0.254084 0.258336 0.517731 0.512280 0.396463 0.554105 0.015271 0.740770 0.547531 0.091892 0.023019 0.642291 0.396972 0.694092 -0.413707 0.550125 -0.278198 0.710701 0.569114 0.690381 -0.434601 0.604138 0.418282 0.588087 -0.529264 0.602066 -0.056156 0.453414 -0.055919 0.530195 0.429277 0.334012 0.059190 0.679173 0.361138 0.604577 0.180040 0.629032 0.398384 0.542534 -0.163501 0.636704 0.389551 0.583618 0.370978 -0.001631 0.170116 0.200967 0.263182 -0.302442 -0.359355 0.427412
0.129862 0.506670 0.000000 0.760544 0.774224 0.781407 0.858042 0.633513 0.547529 0.761730 0.305647 0.286700 0.623228 0.661270 0.776332 0.748503 0.482208 0.109312 0.596329 0.611873 0.586065 0.738633 0.768235 0.777970 0.667413 0.670718 0.755949 0.725141 0.534321 0.098746 0.666574 0.724777 0.320144 0.265034 -0.038049 0.097074 0.150567 0.399851 -0.379653 0.213154 -0.243234 0.087872 -0.551002 -0.343593 -0.390675 -0.480195 -0.409452 -0.384449 -0.465814 -0.486301 -0.484150 -0.591600 -0.544101 -0.676139 -0.419377 0.313077 0.207201 0.111336 -0.137966 0.013112 -0.360097 -0.101926 0.138756 0.177349 0.019687 -0.042629 0.199177 0.240142 0.023177 0.295400 0.064348 0.611025 0.248928 -0.001279 0.286136 0.643481 0.349652 0.620808 -0.506593 0.218489 -0.511655 0.432032 0.616872 0.671529 -0.561120 0.131196 0.785664 0.698905 -0.524287 0.236976 0.054675 0.036300 0.167798 0.216838 0.328370 0.255700 -0.013014 0.605127 0.472654 0.607028 0.674402 0.448543 0.772699 0.692072 0.142166 0.423027 0.776448 0.640887 0.300737 -0.264332 -0.175452 -0.038710 0.314806 -0.352820 -0.582124 0.565660
-0.019905 0.671546 0.760544 0.000000 0.815708 0.778714 0.784613 0.813042 0.662944 0.798642 0.273570 0.384559 0.685536 0.784910 0.801009 0.834366 0.648041 -0.000549 0.700287 0.440265 0.538754 0.751045 0.848976 0.854871 0.693846 0.766684 0.705753 0.706515 0.714083 0.045337 0.744182 0.812595 0.366479 0.204940 0.031842 0.072610 0.042683 0.416111 -0.511389 0.323348 -0.252310 0.073998 -0.492632 -0.311279 -0.404974 -0.456695 -0.375648 -0.326253 -0.474680 -0.436398 -0.548638 -0.508239 -0.585170 -0.498157 -0.605428 0.509868 0.236956 0.237939 -0.048989 0.163498 -0.387856 0.062069 0.107623 0.259826 0.040875 0.029520 0.304467 0.304595 0.076613 0.370804 -0.060456 0.754541 0.341272 -0.110571 0.057656 0.674274 0.256443 0.670499 -0.607542 0.439590 -0.528226 0.591624 0.605088 0.786370 -0.636460 0.450672 0.648166 0.781028 -0.682256 0.558182 -0.109531 0.378017 -0.078105 0.507919 0.314911 0.251110 -0.160580 0.705127 0.319198 0.671206 0.404109 0.684718 0.628323 0.748517 -0.156462 0.622406 0.612482 0.739689 0.318941 -0.277137 -0.146044 -0.008897 0.224174 -0.486467 -0.611329 0.501584
-0.041099 0.613749 0.774224 0.815708 0.000000 0.837031 0.774476 0.665724 0.694577 0.823934 0.258169 0.273861 0.665547 0.709891 0.850546 0.827997 0.633008 -0.031166 0.613492 0.420555 0.631780 0.780300 0.791591 0.828818 0.706965 0.793275 0.783205 0.806001 0.696742 -0.005460 0.739990 0.802759 0.311159 0.187650 0.008234 0.006077 0.072818 0.457668 -0.488364 0.341782 -0.254676 0.094237 -0.554521 -0.339959 -0.439772 -0.497063 -0.426605 -0.375552 -0.533494 -0.502447 -0.599283 -0.598226 -0.623945 -0.601055 -0.562862 0.457732 0.217198 0.154283 -0.054892 0.126872 -0.381253 0.008644 0.104744 0.233567 0.063843 0.021284 0.291365 0.307575 -0.000093 0.310069 -0.004795 0.769427 0.332684 -0.078318 0.118901 0.716197 0.314963 0.709796 -0.630579 0.336826 -0.545067 0.572583 0.640881 0.786742 -0.656256 0.400612 0.743670 0.793020 -0.665584 0.496211 -0.123794 0.260221 -0.054520 0.414460 0.315813 0.243205 -0.103980 0.707372 0.392533 0.663634 0.500640 0.640292 0.698089 0.759937 -0.096894 0.548101 0.667832 0.747761 0.309307 -0.285508 -0.153062 -0.028952 0.282222 -0.502042 -0.642531 0.507203
-0.158141 0.541385 0.781407 0.778714 0.837031 0.000000 0.751426 0.626148 0.523604 0.845231 0.113160 0.198125 0.548433 0.659639 0.806768 0.829999 0.589288 -0.101462 0.551853 0.395768 0.537941 0.721797 0.739945 0.807084 0.645460 0.726739 0.826899 0.854618 0.602908 -0.106293 0.605505 0.723725 0.193940 0.087818 -0.083617 -0.031195 -0.003295 0.384694 -0.560296 0.240657 -0.395775 -0.035922 -0.628617 -0.411870 -0.485338 -0.567689 -0.491736 -0.447704 -0.572694 -0.565750 -0.635176 -0.657243 -0.681168 -0.683774 -0.595315 0.462160 0.088050 0.037938 -0.189216 -0.003025 -0.511409 -0.116581 0.023259 0.137385 -0.039296 -0.078683 0.197508 0.219666 -0.103496 0.244518 -0.146665 0.691833 0.198777 -0.210542 0.069733 0.695169 0.239877 0.664721 -0.691733 0.267373 -0.642879 0.503362 0.566147 0.763632 -0.716055 0.326210 0.740060 0.812087 -0.703094 0.471106 -0.188881 0.177011 -0.072607 0.325125 0.242494 0.151218 -0.189518 0.691114 0.398416 0.681907 0.579151 0.635730 0.758225 0.802716 -0.094403 0.528594 0.704229 0.774363 0.325177 -0.391912 -0.252470 -0.071038 0.322883 -0.511925 -0.689277 0.518259
0.136644 0.547037 0.858042 0.784613 0.774476 0.751426 0.000000 0.682271 0.570707 0.746229 0.346700 0.278712 0.703318 0.675696 0.792911 0.747218 0.509967 0.088800 0.662195 0.587863 0.569254 0.723726 0.815460 0.790484 0.653049 0.659276 0.728130 0.689939 0.592929 0.085544 0.703094 0.750367 0.350010 0.264430 0.006913 0.140346 0.102092 0.372141 -0.404820 0.227238 -0.236158 0.077566 -0.522441 -0.332354 -0.408222 -0.472801 -0.387626 -0.341032 -0.470395 -0.479780 -0.500544 -0.572968 -0.555604 -0.622128 -0.439653 0.380636 0.246487 0.136682 -0.102546 0.058753 -0.335381 -0.078411 0.172216 0.213357 0.027017 -0.056854 0.221704 0.255147 0.075842 0.320713 0.053384 0.626053 0.316269 -0.005283 0.259912 0.649435 0.351469 0.631918 -0.509032 0.250483 -0.491452 0.443772 0.621641 0.683004 -0.564185 0.174888 0.761748 0.710230 -0.545306 0.311221 0.029051 0.109044 0.122331 0.266859 0.303427 0.266853 -0.044807 0.620310 0.427783 0.614421 0.620960 0.486505 0.738850 0.697918 0.084092 0.460785 0.734750 0.656340 0.319582 -0.286564 -0.180360 -0.052680 0.277563 -0.373183 -0.580712 0.555258
0.006058 0.650672 0.633513 0.813042 0.665724 0.626148 0.682271 0.000000 0.611904 0.667760 0.272069 0.494571 0.680371 0.808637 0.666452 0.744143 0.592154 0.052841 0.620306 0.393311 0.413456 0.636052 0.761343 0.769370 0.608948 0.668774 0.524490 0.517460 0.669990 0.142324 0.664589 0.744540 0.353749 0.198549 0.079094 0.112056 0.032253 0.310077 -0.447023 0.265255 -0.199066 0.056139 -0.353890 -0.224678 -0.315672 -0.358723 -0.274498 -0.222506 -0.356607 -0.322409 -0.430774 -0.391124 -0.445306 -0.346877 -0.531872 0.426143 0.233368 0.297400 0.032633 0.240974 -0.295901 0.171846 0.107524 0.294592 0.069398 0.048220 0.337213 0.314105 0.165596 0.394232 -0.063249 0.680315 0.353622 -0.092297 -0.021752 0.534565 0.159799 0.527950 -0.500810 0.463474 -0.403710 0.530211 0.508118 0.682334 -0.502403 0.441451 0.462397 0.664064 -0.585355 0.529519 -0.087665 0.433610 -0.109547 0.491108 0.294696 0.208878 -0.163468 0.593400 0.251186 0.570632 0.257163 0.594437 0.470885 0.609434 -0.196909 0.561237 0.462995 0.623306 0.302575 -0.204819 -0.075302 0.056099 0.173197 -0.425928 -0.515131 0.404272
0.235687 0.558690 0.547529 0.662944 0.694577 0.523604 0.570707 0.611904 0.000000 0.563425 0.445933 0.464873 0.688050 0.688356 0.665286 0.627403 0.531256 0.143068 0.510853 0.392433 0.522246 0.695710 0.635252 0.655210 0.711503 0.766296 0.481234 0.471262 0.646921 0.267640 0.775486 0.738298 0.457552 0.321088 0.211012 0.103212 0.196106 0.424058 -0.195201 0.414784 0.065012 0.247757 -0.204526 -0.056266 -0.166820 -0.170169 -0.126825 -0.113263 -0.224251 -0.168941 -0.295345 -0.290955 -0.259387 -0.259637 -0.311678 0.309655 0.409219 0.351034 0.270611 0.374553 -0.023876 0.294950 0.226041 0.334024 0.273662 0.264402 0.454996 0.455188 0.271975 0.449690 0.233683 0.697847 0.394302 0.152674 0.236758 0.467036 0.288656 0.518288 -0.298914 0.464755 -0.181090 0.543134 0.556184 0.594443 -0.308898 0.437648 0.499076 0.527198 -0.377990 0.400200 0.034082 0.346460 -0.002078 0.449685 0.378358 0.337818 0.077920 0.521879 0.309148 0.433706 0.187114 0.439830 0.359821 0.443003 -0.033717 0.465378 0.412748 0.457047 0.214718 0.039437 0.089064 0.115759 0.121477 -0.332642 -0.369110 0.325956
-0.098067 0.558609 0.761730 0.798642 0.823934 0.845231 0.746229 0.667760 0.563425 0.000000 0.171729 0.271224 0.569366 0.688264 0.793834 0.822859 0.586697 -0.102624 0.587839 0.385599 0.536140 0.720102 0.762033 0.798260 0.713842 0.768699 0.798441 0.807005 0.614863 -0.059739 0.629395 0.704118 0.254140 0.141898 -0.012650 0.006384 0.034432 0.410567 -0.509836 0.282274 -0.312548 0.003855 -0.527846 -0.312654 -0.390428 -0.464657 -0.400396 -0.346723 -0.467663 -0.462961 -0.542055 -0.534025 -0.609116 -0.582646 -0.559034 0.488026 0.138858 0.110937 -0.108586 0.068184 -0.440895 -0.042812 0.088668 0.177214 0.016490 -0.011897 0.249998 0.265641 -0.058832 0.260994 -0.096843 0.700130 0.238020 -0.166888 0.092300 0.694432 0.270865 0.665470 -0.624832 0.333633 -0.580466 0.517990 0.547099 0.756182 -0.663864 0.388096 0.687986 0.774931 -0.673033 0.504841 -0.138367 0.240775 -0.050067 0.383879 0.273817 0.203672 -0.128963 0.691203 0.402478 0.685545 0.497640 0.650499 0.679977 0.756266 -0.101104 0.563275 0.634746 0.728757 0.323298 -0.299599 -0.158586 0.006064 0.339036 -0.434136 -0.607136 0.496324
0.685980 0.404183 0.305647 0.273570 0.258169 0.113160 0.346700 0.272069 0.445933 0.171729 0.000000 0.596796 0.609595 0.348117 0.305994 0.192183 0.330120 0.470539 0.485106 0.608205 0.464800 0.303161 0.297778 0.192119 0.364373 0.310562 0.097047 0.071752 0.378960 0.502443 0.489939 0.349156 0.668276 0.651326 0.432246 0.391268 0.469731 0.372368 0.345879 0.474595 0.447812 0.414833 0.204709 0.286933 0.219130 0.243024 0.279077 0.270238 0.212937 0.240837 0.187404 0.129204 0.197769 0.088928 0.213169 0.158835 0.686373 0.574088 0.490573 0.523570 0.401220 0.440717 0.550292 0.495722 0.471809 0.456510 0.505604 0.519405 0.552471 0.553003 0.564368 0.330351 0.573019 0.551754 0.407221 0.278138 0.539289 0.357256 0.245799 0.350007 0.326078 0.385182 0.466386 0.202796 0.198950 0.197926 0.266590 0.038178 0.131858 0.034246 0.324478 0.116097 0.344025 0.134321 0.446288 0.465128 0.435023 0.184802 0.258840 0.119087 0.071559 -0.018103 0.056362 0.002498 0.328349 0.181142 0.184755 -0.018172 0.147594 0.357700 0.316593 0.187298 0.047912 0.104552 0.111875 0.141915
0.442227 0.472809 0.286700 0.384559 0.273861 0.198125 0.278712 0.494571 0.464873 0.271224 0.596796 0.000000 0.503466 0.600666 0.282386 0.336711 0.406192 0.497280 0.412770 0.510139 0.386790 0.355613 0.322776 0.292320 0.435136 0.399440 0.120413 0.087866 0.437462 0.607598 0.464131 0.389938 0.627484 0.618063 0.442162 0.293262 0.441145 0.415410 0.214878 0.509585 0.356293 0.400324 0.238832 0.326179 0.262632 0.256166 0.276098 0.266291 0.243388 0.280650 0.188935 0.155039 0.179745 0.121466 0.096453 0.220012 0.512036 0.622988 0.451004 0.536200 0.303951 0.544221 0.441465 0.551309 0.477190 0.494551 0.544501 0.546438 0.448368 0.483568 0.373468 0.397877 0.528673 0.470498 0.237069 0.308158 0.429033 0.368439 0.168265 0.546231 0.236351 0.486291 0.434420 0.302062 0.117629 0.377323 0.148453 0.110385 0.008777 0.193171 0.235610 0.259290 0.223747 0.226967 0.477105 0.407594 0.359533 0.268203 0.281899 0.199794 -0.007690 0.107260 0.022925 0.054300 0.140039 0.261696 0.089933 0.049585 0.128323 0.338556 0.374828 0.310602 0.082412 0.062086 0.058113 0.151588
0.271160 0.653918 0.623228 0.685536 0.665547 0.548433 0.703318 0.680371 0.688050 0.569366 0.609595 0.503466 0.000000 0.686796 0.724322 0.619723 0.581365 0.156651 0.658469 0.552097 0.575284 0.633292 0.682052 0.646356 0.598036 0.639673 0.514376 0.513236 0.706063 0.241356 0.738449 0.722283 0.499250 0.381674 0.211453 0.181501 0.159827 0.384689 -0.203046 0.404648 0.045656 0.220364 -0.272770 -0.126763 -0.258894 -0.265559 -0.172564 -0.124908 -0.301324 -0.260994 -0.363396 -0.372146 -0.347785 -0.330376 -0.297363 0.398032 0.445929 0.346527 0.208265 0.348117 -0.062689 0.218124 0.292721 0.397890 0.238725 0.142681 0.421601 0.420277 0.357765 0.489928 0.235429 0.677973 0.528189 0.168721 0.234558 0.581956 0.370442 0.574085 -0.302863 0.430884 -0.176643 0.528397 0.609531 0.601124 -0.346331 0.359999 0.542500 0.540839 -0.392397 0.391315 -0.033089 0.227955 0.000555 0.313876 0.344076 0.382528 0.080430 0.547979 0.329686 0.480997 0.315686 0.417903 0.457989 0.510340 0.011044 0.467698 0.472529 0.500793 0.287336 -0.062021 0.042487 0.060086 0.213476 -0.304428 -0.380420 0.347423
0.073373 0.651656 0.661270 0.784910 0.709891 0.659639 0.675696 0.808637 0.688356 0.688264 0.348117 0.600666 0.686796 0.000000 0.700211 0.778109 0.646951 0.180403 0.585234 0.478888 0.510666 0.713291 0.747834 0.782661 0.678273 0.729319 0.576797 0.555037 0.712894 0.254972 0.697289 0.784799 0.436648 0.334564 0.173780 0.147196 0.163342 0.436524 -0.368424 0.390853 -0.129172 0.166425 -0.291136 -0.132348 -0.229271 -0.284276 -0.206968 -0.157255 -0.284495 -0.257196 -0.362806 -0.368164 -0.393685 -0.355222 -0.455005 0.418036 0.311360 0.370839 0.122591 0.300574 -0.206991 0.240937 0.218950 0.388253 0.197032 0.173448 0.431990 0.427399 0.196657 0.430777 -0.007305 0.731264 0.423368 0.036083 0.098807 0.581716 0.296636 0.614734 -0.441334 0.548126 -0.365012 0.615960 0.603583 0.718053 -0.466543 0.480403 0.526509 0.657865 -0.550047 0.499234 0.017190 0.412598 0.012188 0.474418 0.368803 0.276244 -0.031171 0.632449 0.363777 0.581943 0.317032 0.554492 0.504501 0.594752 -0.097049 0.547854 0.512448 0.601814 0.302780 -0.128644 0.012117 0.105349 0.183747 -0.387667 -0.494744 0.433979
-0.009685 0.617844 0.776332 0.801009 0.850546 0.806768 0.792911 0.666452 0.665286 0.793834 0.305994 0.282386 0.724322 0.700211 0.000000 0.817025 0.650093 -0.009817 0.646929 0.462537 0.627798 0.801535 0.787732 0.815310 0.683918 0.758956 0.795128 0.791698 0.733544 0.015931 0.726500 0.794244 0.318389 0.187931 0.007944 0.026470 0.085460 0.450450 -0.474915 0.334925 -0.235724 0.112132 -0.567241 -0.350418 -0.444532 -0.504146 -0.426114 -0.382155 -0.529374 -0.506481 -0.594748 -0.608765 -0.628184 -0.617864 -0.556729 0.470222 0.240527 0.142694 -0.052230 0.132935 -0.381219 -0.007946 0.142141 0.241734 0.076015 0.001528 0.295858 0.311538 0.065450 0.347982 -0.025785 0.750385 0.349583 -0.083221 0.188981 0.720880 0.306696 0.696184 -0.605966 0.361337 -0.521692 0.572170 0.680747 0.791941 -0.648585 0.371111 0.759984 0.800604 -0.660492 0.475846 -0.133381 0.198198 -0.045964 0.379048 0.318526 0.310554 -0.081862 0.719817 0.402680 0.671186 0.538522 0.623509 0.721533 0.772048 -0.075143 0.553394 0.687370 0.751323 0.337835 -0.275011 -0.149303 -0.026624 0.301665 -0.488698 -0.643240 0.467571
-0.090525 0.658010 0.748503 0.834366 0.827997 0.829999 0.747218 0.744143 0.627403 0.822859 0.192183 0.336711 0.619723 0.778109 0.817025 0.000000 0.702879 -0.003398 0.631050 0.414113 0.559630 0.781397 0.798467 0.853892 0.664366 0.756994 0.752214 0.760922 0.733871 0.024754 0.674568 0.797929 0.316585 0.179605 0.028761 0.041685 0.074234 0.460018 -0.545334 0.335978 -0.312176 0.067624 -0.516560 -0.303091 -0.400124 -0.476634 -0.381412 -0.328976 -0.481773 -0.463524 -0.563151 -0.549028 -0.615506 -0.557760 -0.634770 0.500331 0.207227 0.211280 -0.073466 0.149533 -0.440832 0.050726 0.116072 0.273571 0.047036 0.036464 0.328662 0.336336 0.036415 0.366602 -0.152359 0.769644 0.311379 -0.163988 0.028595 0.678911 0.268686 0.709515 -0.664967 0.431539 -0.586087 0.620875 0.651585 0.839892 -0.686164 0.473857 0.681330 0.833449 -0.735159 0.576602 -0.110306 0.370729 -0.067996 0.514659 0.333645 0.251865 -0.159498 0.745386 0.387720 0.714289 0.451440 0.712813 0.680067 0.782979 -0.158673 0.625205 0.651187 0.784010 0.396056 -0.293256 -0.153878 0.008058 0.255618 -0.526839 -0.664042 0.518952
0.014504 0.685601 0.482208 0.648041 0.633008 0.589288 0.509967 0.592154 0.531256 0.586697 0.330120 0.406192 0.581365 0.646951 0.650093 0.702879 0.000000 0.191466 0.627143 0.351230 0.504417 0.595776 0.631275 0.648851 0.486040 0.602988 0.500561 0.531280 0.796304 0.087696 0.589512 0.674479 0.461205 0.341019 0.169675 0.115529 0.194516 0.509480 -0.391941 0.458402 -0.105874 0.191561 -0.240997 -0.048358 -0.127373 -0.201377 -0.142292 -0.080843 -0.232283 -0.190987 -0.353756 -0.269408 -0.405644 -0.283713 -0.529275 0.497263 0.437480 0.461007 0.200030 0.429949 -0.188620 0.339120 0.328498 0.499535 0.250396 0.290234 0.551451 0.527723 0.257493 0.522672 -0.116622 0.686144 0.483965 -0.055788 -0.084815 0.560345 0.355656 0.699468 -0.486648 0.499828 -0.342059 0.676904 0.613212 0.732955 -0.499403 0.586011 0.439195 0.645257 -0.627228 0.612052 -0.048037 0.543591 -0.091415 0.606977 0.423825 0.318603 -0.016121 0.701428 0.341832 0.629944 0.186504 0.665042 0.430369 0.601535 -0.226335 0.601968 0.438213 0.643934 0.299195 -0.094257 0.075723 0.143028 0.216266 -0.427353 -0.463424 0.363849
0.599657 0.096469 0.109312 -0.000549 -0.031166 -0.101462 0.088800 0.052841 0.143068 -0.102624 0.470539 0.497280 0.156651 0.180403 -0.009817 -0.003398 0.191466 0.000000 0.213310 0.441048 0.252019 0.105753 0.061617 -0.014715 0.098733 -0.025198 -0.130675 -0.218299 0.110846 0.720102 0.189200 0.080638 0.520677 0.603837 0.382506 0.403420 0.557137 0.319259 0.436523 0.367451 0.402022 0.457964 0.404982 0.461191 0.486055 0.446945 0.438808 0.401378 0.438623 0.438148 0.426503 0.297781 0.411662 0.155722 0.383939 -0.055695 0.553171 0.526639 0.462128 0.424771 0.503885 0.411892 0.606932 0.535008 0.527231 0.540279 0.456468 0.496103 0.423228 0.387801 0.422782 -0.032275 0.346142 0.616337 0.322630 -0.018759 0.527157 0.196566 0.393586 0.199580 0.426568 0.252256 0.296154 0.001122 0.383609 -0.078444 0.056183 -0.159166 0.299932 -0.249293 0.524709 0.044680 0.516349 0.030302 0.406778 0.306338 0.550123 0.031032 0.315066 0.013088 0.084311 -0.233484 -0.042755 -0.197983 0.454940 -0.075750 0.064401 -0.221755 -0.006343 0.440663 0.405379 0.317207 0.015477 0.306374 0.267270 0.101228
0.256514 0.710298 0.596329 0.700287 0.613492 0.551853 0.662195 0.620306 0.510853 0.587839 0.485106 0.412770 0.658469 0.585234 0.646929 0.631050 0.627143 0.213310 0.000000 0.577038 0.484683 0.568622 0.726420 0.630967 0.555580 0.554311 0.531933 0.489982 0.657723 0.194977 0.648750 0.624554 0.611876 0.417185 0.232284 0.302073 0.139837 0.419779 -0.270531 0.445009 -0.090043 0.137558 -0.234605 -0.056044 -0.151382 -0.186958 -0.116675 -0.058848 -0.228094 -0.171321 -0.310642 -0.247502 -0.363022 -0.278207 -0.367125 0.562806 0.502332 0.467941 0.133570 0.359075 -0.103690 0.215559 0.354654 0.465570 0.202695 0.205576 0.453994 0.448132 0.366795 0.560465 0.067994 0.577811 0.432712 0.098500 0.159300 0.567882 0.414317 0.645155 -0.365693 0.441338 -0.261171 0.592125 0.569513 0.628865 -0.392941 0.392047 0.486275 0.573772 -0.465347 0.492356 -0.027775 0.362134 0.008635 0.462578 0.362806 0.330912 0.012924 0.601782 0.284482 0.558582 0.250432 0.546378 0.421287 0.545311 -0.061568 0.562780 0.448864 0.538980 0.327633 -0.090561 0.008578 0.069959 0.166743 -0.282542 -0.363058 0.424989
0.563889 0.504404 0.611873 0.440265 0.420555 0.395768 0.587863 0.393311 0.392433 0.385599 0.608205 0.510139 0.552097 0.478888 0.462537 0.414113 0.351230 0.441048 0.577038 0.000000 0.453107 0.470804 0.444412 0.400971 0.436257 0.381249 0.393744 0.332009 0.377755 0.381025 0.480497 0.478320 0.619276 0.651750 0.325398 0.416021 0.407660 0.394152 0.120327 0.380438 0.111946 0.265803 -0.094141 0.052247 0.023565 -0.034133 0.033348 0.035094 -0.030479 -0.046217 -0.027661 -0.196738 -0.066941 -0.265205 0.065856 0.257940 0.538416 0.461007 0.242977 0.345665 0.108161 0.241242 0.480390 0.443940 0.319143 0.257594 0.439829 0.473401 0.426908 0.586951 0.323631 0.400759 0.411682 0.389937 0.518089 0.447901 0.552499 0.493410 -0.003654 0.287989 -0.022497 0.386253 0.536068 0.362400 -0.079358 0.068169 0.534639 0.285023 -0.072058 0.032665 0.312500 0.001636 0.447479 0.019214 0.494800 0.390305 0.324165 0.367254 0.478143 0.346897 0.491441 0.096768 0.451154 0.290715 0.441284 0.296067 0.542800 0.230907 0.258432 0.116019 0.106819 0.168231 0.242967 0.042122 -0.152813 0.414246
0.221606 0.518925 0.586065 0.538754 0.631780 0.537941 0.569254 0.413456 0.522246 0.536140 0.464800 0.386790 0.575284 0.510666 0.627798 0.559630 0.504417 0.252019 0.484683 0.453107 0.000000 0.626275 0.529929 0.514336 0.480309 0.529920 0.454177 0.508443 0.583558 0.307034 0.633339 0.582711 0.407563 0.443862 0.130060 0.013033 0.491086 0.625393 -0.011045 0.480775 0.210305 0.487164 -0.240530 -0.017750 -0.129062 -0.179928 -0.098216 -0.072803 -0.221166 -0.205415 -0.238531 -0.284398 -0.272542 -0.362581 -0.215094 0.193883 0.348697 0.334953 0.118312 0.256556 -0.048960 0.200395 0.258218 0.395209 0.249034 0.238668 0.322181 0.369089 0.110588 0.241403 0.324658 0.599175 0.556791 0.327377 0.112518 0.593519 0.530155 0.632576 -0.255721 0.292588 -0.147613 0.559855 0.719745 0.588123 -0.295179 0.319873 0.589852 0.456829 -0.309770 0.197607 0.195849 0.089153 0.224575 0.285780 0.505088 0.457957 0.296064 0.505637 0.438738 0.443230 0.398184 0.319402 0.476641 0.408441 0.145037 0.261304 0.476048 0.398934 0.317215 0.089096 0.154147 0.113411 0.238360 -0.209402 -0.281595 0.444457
0.087381 0.588899 0.738633 0.751045 0.780300 0.721797 0.723726 0.636052 0.695710 0.720102 0.303161 0.355613 0.633292 0.713291 0.801535 0.781397 0.595776 0.105753 0.568622 0.470804 0.626275 0.000000 0.724939 0.778783 0.694815 0.750097 0.719416 0.676451 0.678566 0.144686 0.701975 0.777090 0.362513 0.261579 0.078680 0.084182 0.239865 0.562861 -0.372158 0.384409 -0.094143 0.287194 -0.432556 -0.217694 -0.315344 -0.380468 -0.284835 -0.282338 -0.390935 -0.389103 -0.444194 -0.495649 -0.491555 -0.552217 -0.487264 0.362975 0.278596 0.217211 -0.001378 0.157033 -0.299223 0.056233 0.167251 0.264968 0.132567 0.096466 0.321606 0.354644 0.126454 0.348802 0.021321 0.728115 0.343800 0.031239 0.249378 0.645725 0.356939 0.682402 -0.504734 0.427535 -0.455441 0.615983 0.693221 0.781894 -0.549546 0.373555 0.715881 0.737901 -0.581159 0.382210 0.062689 0.199255 0.103423 0.450910 0.398467 0.367250 0.031839 0.694313 0.465419 0.646859 0.504235 0.568853 0.670168 0.682599 0.026353 0.544902 0.683432 0.661416 0.309662 -0.114984 -0.011417 0.054649 0.251309 -0.398825 -0.545771 0.468674
0.025037 0.604814 0.768235 0.848976 0.791591 0.739945 0.815460 0.761343 0.635252 0.762033 0.297778 0.322776 0.682052 0.747834 0.787732 0.798467 0.631275 0.061617 0.726420 0.444412 0.529929 0.724939 0.000000 0.847686 0.685698 0.716279 0.692664 0.660145 0.685390 0.064534 0.759367 0.800728 0.366361 0.207353 0.009129 0.102209 0.023993 0.371250 -0.509843 0.273101 -0.283149 0.042847 -0.481924 -0.307400 -0.381178 -0.442246 -0.381465 -0.309954 -0.451677 -0.431776 -0.523324 -0.491953 -0.580195 -0.508015 -0.578047 0.461594 0.256028 0.210833 -0.076327 0.124065 -0.357418 0.002204 0.143063 0.247047 0.035258 0.000617 0.272966 0.275751 0.068126 0.336568 -0.042924 0.678035 0.321999 -0.084358 0.081213 0.622563 0.277950 0.649247 -0.588833 0.359673 -0.522625 0.527625 0.609654 0.746898 -0.611588 0.351066 0.653634 0.756158 -0.651556 0.497984 -0.047706 0.345959 -0.028481 0.484421 0.278345 0.226416 -0.161638 0.655060 0.295122 0.625697 0.421514 0.628093 0.624960 0.711678 -0.133887 0.552252 0.620214 0.707694 0.298077 -0.307209 -0.182076 -0.070219 0.165420 -0.482466 -0.603015 0.503404
-0.093809 0.619054 0.777970 0.854871 0.828818 0.807084 0.790484 0.769370 0.655210 0.798260 0.192119 0.292320 0.646356 0.782661 0.815310 0.853892 0.648851 -0.014715 0.630967 0.400971 0.514336 0.778783 0.847686 0.000000 0.688781 0.763537 0.753641 0.741378 0.704610 0.007045 0.709686 0.824752 0.275409 0.125901 -0.032565 0.035163 0.006728 0.403014 -0.589429 0.269832 -0.343880 0.029838 -0.556111 -0.362762 -0.453604 -0.526872 -0.439730 -0.379819 -0.532306 -0.515928 -0.604670 -0.591321 -0.646646 -0.592464 -0.651278 0.458027 0.170549 0.148797 -0.118320 0.081851 -0.451340 -0.022719 0.060948 0.215004 -0.002250 -0.033006 0.260375 0.264975 0.015877 0.311596 -0.155371 0.742741 0.273515 -0.171632 0.055734 0.655691 0.223326 0.664891 -0.682413 0.384300 -0.621137 0.569950 0.605370 0.803657 -0.699398 0.396679 0.679464 0.829420 -0.735527 0.534259 -0.108916 0.337155 -0.077074 0.492215 0.265869 0.189905 -0.194374 0.722689 0.360852 0.694327 0.477195 0.689566 0.699527 0.786706 -0.167206 0.592496 0.671252 0.786094 0.326978 -0.343305 -0.183494 -0.033871 0.246716 -0.529131 -0.679366 0.519676
0.195477 0.467532 0.667413 0.693846 0.706965 0.645460 0.653049 0.608948 0.711503 0.713842 0.364373 0.435136 0.598036 0.678273 0.683918 0.664366 0.486040 0.098733 0.555580 0.436257 0.480309 0.694815 0.685698 0.688781 0.000000 0.822670 0.662716 0.591082 0.537617 0.189104 0.682081 0.666127 0.383384 0.260148 0.178390 0.184401 0.140322 0.374275 -0.297125 0.317146 -0.114127 0.058976 -0.287147 -0.095736 -0.147577 -0.211933 -0.194861 -0.160312 -0.222694 -0.219592 -0.307109 -0.332056 -0.333544 -0.401320 -0.331560 0.363700 0.319049 0.241142 0.129041 0.236830 -0.163037 0.118493 0.160241 0.212858 0.194204 0.209606 0.403313 0.418712 0.199132 0.376865 0.113659 0.582676 0.234552 0.038905 0.265966 0.510171 0.302200 0.532090 -0.358578 0.354771 -0.309636 0.488653 0.478758 0.587133 -0.387866 0.311283 0.554421 0.587139 -0.431054 0.365314 -0.020199 0.203141 0.001185 0.334247 0.307296 0.250728 0.028266 0.546508 0.395811 0.529752 0.341047 0.460937 0.471115 0.523220 0.003033 0.449977 0.487116 0.498827 0.216998 -0.083129 0.023288 0.128600 0.291945 -0.277311 -0.412164 0.396405
0.039556 0.570620 0.670718 0.766684 0.793275 0.726739 0.659276 0.668774 0.766296 0.768699 0.310562 0.399440 0.639673 0.729319 0.758956 0.756994 0.602988 -0.025198 0.554311 0.381249 0.529920 0.750097 0.716279 0.763537 0.822670 0.000000 0.693786 0.689898 0.671151 0.073821 0.721786 0.767609 0.347900 0.216559 0.103432 0.062739 0.109170 0.432641 -0.410695 0.355545 -0.146328 0.094592 -0.395115 -0.196658 -0.292697 -0.345646 -0.284329 -0.260521 -0.371415 -0.337380 -0.456564 -0.437361 -0.468713 -0.456324 -0.493281 0.431883 0.269622 0.232121 0.075325 0.238715 -0.285403 0.132748 0.091835 0.216639 0.111482 0.142920 0.389150 0.390672 0.124011 0.378156 0.017908 0.739857 0.311376 -0.042595 0.158736 0.602013 0.254258 0.607606 -0.496168 0.435033 -0.428454 0.567883 0.550417 0.710089 -0.535218 0.454001 0.580513 0.690672 -0.581922 0.502367 -0.107312 0.305308 -0.100241 0.444864 0.332789 0.269395 -0.056494 0.650967 0.380231 0.607376 0.327622 0.596974 0.531504 0.641230 -0.125292 0.537798 0.535416 0.634615 0.249478 -0.152040 -0.017931 0.092850 0.291914 -0.412081 -0.529595 0.414642
-0.149889 0.469286 0.755949 0.705753 0.783205 0.826899 0.728130 0.524490 0.481234 0.798441 0.097047 0.120413 0.514376 0.576797 0.795128 0.752214 0.500561 -0.130675 0.531933 0.393744 0.454177 0.719416 0.692664 0.753641 0.662716 0.693786 0.000000 0.846206 0.534655 -0.131540 0.530647 0.645253 0.152396 0.033076 -0.048904 0.019750 -0.059570 0.344650 -0.548760 0.225458 -0.405319 -0.069485 -0.621815 -0.411487 -0.474609 -0.553549 -0.496103 -0.443391 -0.558758 -0.575044 -0.616941 -0.656281 -0.678982 -0.696674 -0.531992 0.481806 0.052541 -0.046074 -0.225886 -0.075889 -0.496964 -0.215648 0.010649 0.075338 -0.045670 -0.124790 0.145715 0.174291 -0.076737 0.209528 -0.195516 0.604071 0.104759 -0.209156 0.237449 0.693294 0.239852 0.635172 -0.649320 0.261921 -0.633475 0.458260 0.508032 0.703593 -0.692356 0.250816 0.745353 0.783804 -0.655036 0.427513 -0.207846 0.058515 -0.060792 0.227859 0.185339 0.169138 -0.161317 0.678758 0.412906 0.670677 0.628443 0.592119 0.770309 0.789183 -0.055350 0.510738 0.710659 0.743913 0.290811 -0.399415 -0.247096 -0.070674 0.387030 -0.427241 -0.645684 0.472853
-0.236476 0.498658 0.725141 0.706515 0.806001 0.854618 0.689939 0.517460 0.471262 0.807005 0.071752 0.087866 0.513236 0.555037 0.791698 0.760922 0.531280 -0.218299 0.489982 0.332009 0.508443 0.676451 0.660145 0.741378 0.591082 0.689898 0.846206 0.000000 0.559412 -0.203591 0.537425 0.652617 0.112686 0.010534 -0.117659 -0.096286 -0.070691 0.355046 -0.562798 0.229095 -0.390928 -0.065211 -0.671463 -0.458244 -0.541010 -0.612310 -0.541260 -0.494201 -0.630439 -0.621787 -0.687282 -0.699217 -0.723306 -0.708821 -0.584747 0.458077 0.004937 -0.062663 -0.240992 -0.077759 -0.535136 -0.179810 -0.047356 0.076373 -0.078252 -0.135131 0.124016 0.147946 -0.156448 0.164125 -0.172469 0.664778 0.141903 -0.251240 0.089686 0.713812 0.202160 0.635924 -0.701964 0.237625 -0.650623 0.467943 0.507073 0.715907 -0.732588 0.313543 0.718641 0.785294 -0.691946 0.460044 -0.283968 0.081020 -0.142353 0.242150 0.174197 0.141572 -0.192028 0.678933 0.377712 0.657674 0.584493 0.615139 0.758159 0.802438 -0.115308 0.498712 0.679478 0.766097 0.302649 -0.413727 -0.262406 -0.091620 0.379346 -0.491939 -0.670581 0.467481
0.010848 0.742314 0.534321 0.714083 0.696742 0.602908 0.592929 0.669990 0.646921 0.614863 0.378960 0.437462 0.706063 0.712894 0.733544 0.733871 0.796304 0.110846 0.657723 0.377755 0.583558 0.678566 0.685390 0.704610 0.537617 0.671151 0.534655 0.559412 0.000000 0.166897 0.679370 0.752031 0.455318 0.327091 0.167388 0.096450 0.209821 0.559021 -0.386875 0.502232 -0.024109 0.264300 -0.297792 -0.099240 -0.252775 -0.285161 -0.165868 -0.106271 -0.339249 -0.274279 -0.432144 -0.347675 -0.457750 -0.323119 -0.542762 0.512288 0.399523 0.420925 0.158869 0.393421 -0.212582 0.291837 0.270661 0.473419 0.183400 0.191116 0.475049 0.462251 0.255429 0.466163 -0.063685 0.790788 0.594097 0.016013 0.002259 0.629137 0.346588 0.709211 -0.473906 0.579644 -0.355951 0.720777 0.686437 0.770814 -0.540166 0.610114 0.481132 0.674096 -0.639909 0.631236 -0.082444 0.472999 -0.099981 0.593770 0.427376 0.421710 0.020950 0.747023 0.365127 0.658011 0.234210 0.689123 0.472726 0.635951 -0.231593 0.620733 0.441891 0.668542 0.359776 -0.059083 0.107200 0.153974 0.239017 -0.407831 -0.478489 0.393165
0.585070 0.150059 0.098746 0.045337 -0.005460 -0.106293 0.085544 0.142324 0.267640 -0.059739 0.502443 0.607598 0.241356 0.254972 0.015931 0.024754 0.087696 0.720102 0.194977 0.381025 0.307034 0.144686 0.064534 0.007045 0.189104 0.073821 -0.131540 -0.203591 0.166897 0.000000 0.269307 0.099094 0.503166 0.556542 0.400092 0.286609 0.528515 0.316164 0.496962 0.442221 0.509423 0.492969 0.428138 0.474883 0.430106 0.441825 0.449213 0.412866 0.419358 0.438501 0.414552 0.318406 0.434937 0.222429 0.409555 -0.073180 0.494985 0.517766 0.463696 0.417334 0.538088 0.442221 0.491225 0.483694 0.507243 0.496630 0.398986 0.429635 0.422003 0.308689 0.521187 0.065699 0.395440 0.659495 0.340679 0.010310 0.432402 0.122169 0.445032 0.364705 0.492467 0.286232 0.324024 0.006174 0.413905 0.049528 0.001911 -0.184492 0.338338 -0.161474 0.434138 0.014922 0.406252 0.023238 0.410005 0.452509 0.586969 0.014910 0.272958 -0.038572 -0.024288 -0.221921 -0.134194 -0.244739 0.393664 -0.058964 -0.055367 -0.264281 0.070432 0.533666 0.479456 0.360153 0.020118 0.332225 0.334327 0.096405
0.238159 0.597770 0.666574 0.744182 0.739990 0.605505 0.703094 0.664589 0.775486 0.629395 0.489939 0.464131 0.738449 0.697289 0.726500 0.674568 0.589512 0.189200 0.648750 0.480497 0.633339 0.701975 0.759367 0.709686 0.682081 0.721786 0.530647 0.537425 0.679370 0.269307 0.000000 0.801135 0.509809 0.383743 0.095523 0.067692 0.203582 0.436925 -0.227688 0.391102 0.036264 0.243706 -0.319338 -0.164277 -0.257570 -0.268997 -0.234722 -0.211511 -0.323529 -0.263127 -0.379128 -0.374858 -0.367759 -0.371459 -0.360082 0.300029 0.420974 0.338282 0.158218 0.295261 -0.077680 0.209613 0.263233 0.344476 0.229046 0.176332 0.378843 0.389609 0.181199 0.407891 0.309619 0.703281 0.451366 0.182298 0.184365 0.553928 0.337571 0.582200 -0.342042 0.407047 -0.233445 0.533453 0.646313 0.639024 -0.372111 0.355945 0.584487 0.566757 -0.413899 0.370499 0.031383 0.268431 0.031398 0.408438 0.418955 0.368523 0.057380 0.532490 0.285930 0.449232 0.292746 0.437578 0.460840 0.512827 -0.022576 0.430128 0.508318 0.511098 0.185396 -0.049807 -0.005860 -0.004203 0.088445 -0.408311 -0.444855 0.401259
0.043677 0.655507 0.724777 0.812595 0.802759 0.723725 0.750367 0.744540 0.738298 0.704118 0.349156 0.389938 0.722283 0.784799 0.794244 0.797929 0.674479 0.080638 0.624554 0.478320 0.582711 0.777090 0.800728 0.824752 0.666127 0.767609 0.645253 0.652617 0.752031 0.099094 0.801135 0.000000 0.399883 0.283745 0.039617 0.063719 0.130158 0.454070 -0.443243 0.343253 -0.168049 0.161156 -0.476053 -0.299811 -0.405532 -0.451893 -0.358592 -0.321883 -0.478973 -0.437902 -0.537650 -0.540235 -0.545562 -0.511215 -0.558818 0.391549 0.308237 0.262492 0.013011 0.214632 -0.314538 0.116673 0.144092 0.290091 0.082913 0.054779 0.342621 0.345773 0.121255 0.412655 0.016593 0.791763 0.418590 -0.003968 0.111441 0.627556 0.282131 0.662879 -0.550296 0.432118 -0.477280 0.596526 0.675844 0.769837 -0.585748 0.411667 0.649026 0.740060 -0.624932 0.483849 -0.028162 0.339596 -0.015379 0.479245 0.378390 0.294349 -0.095193 0.671097 0.342209 0.605475 0.412823 0.595226 0.626066 0.693754 -0.118826 0.542935 0.645591 0.701833 0.295306 -0.225730 -0.110038 -0.030421 0.161003 -0.520822 -0.626624 0.461123
0.623812 0.578036 0.320144 0.366479 0.311159 0.193940 0.350010 0.353749 0.457552 0.254140 0.668276 0.627484 0.499250 0.436648 0.318389 0.316585 0.461205 0.520677 0.611876 0.619276 0.407563 0.362513 0.366361 0.275409 0.383384 0.347900 0.152396 0.112686 0.455318 0.503166 0.509809 0.399883 0.000000 0.785458 0.560117 0.454777 0.489171 0.507448 0.221172 0.618216 0.346260 0.428140 0.243539 0.367850 0.276088 0.289475 0.307546 0.296340 0.234413 0.309881 0.185200 0.166272 0.164628 0.086288 0.097342 0.283174 0.768088 0.749094 0.523520 0.637450 0.425890 0.600835 0.665992 0.675594 0.567711 0.582429 0.675865 0.695357 0.573397 0.665028 0.440206 0.414264 0.577305 0.511037 0.351192 0.349094 0.614947 0.515220 0.134913 0.481587 0.228762 0.536112 0.468793 0.338212 0.112359 0.350961 0.236252 0.150228 -0.002260 0.214142 0.330753 0.311079 0.314131 0.333410 0.496912 0.379745 0.393607 0.335314 0.312162 0.248061 0.005171 0.158702 0.064827 0.097710 0.178768 0.331093 0.200378 0.101340 0.204938 0.336617 0.367218 0.284054 0.012825 0.022526 0.019544 0.229210
0.661360 0.442528 0.265034 0.204940 0.187650 0.087818 0.264430 0.198549 0.321088 0.141898 0.651326 0.618063 0.381674 0.334564 0.187931 0.179605 0.341019 0.603837 0.417185 0.651750 0.443862 0.261579 0.207353 0.125901 0.260148 0.216559 0.033076 0.010534 0.327091 0.556542 0.383743 0.283745 0.785458 0.000000 0.553107 0.439115 0.664513 0.549853 0.400787 0.589388 0.487357 0.545975 0.349354 0.485290 0.420273 0.401789 0.428962 0.423450 0.364322 0.386013 0.343448 0.251645 0.299532 0.128241 0.282196 0.133706 0.692243 0.714728 0.552358 0.615621 0.496616 0.611914 0.687659 0.680054 0.598869 0.613215 0.627275 0.666721 0.509498 0.539283 0.506559 0.300032 0.623527 0.644568 0.366883 0.297026 0.709856 0.464901 0.292076 0.370250 0.334004 0.449965 0.450589 0.202095 0.233108 0.240424 0.198403 -0.018531 0.154676 0.008679 0.526841 0.159430 0.532134 0.152407 0.592493 0.439660 0.591560 0.239435 0.437838 0.177764 0.113162 -0.022003 0.060924 -0.045055 0.381360 0.176655 0.169553 -0.057969 0.141487 0.458337 0.490574 0.388440 0.124785 0.252212 0.190640 0.247500
0.467086 0.293706 -0.038049 0.031842 0.008234 -0.083617 0.006913 0.079094 0.211012 -0.012650 0.432246 0.442162 0.211453 0.173780 0.007944 0.028761 0.169675 0.382506 0.232284 0.325398 0.130060 0.078680 0.009129 -0.032565 0.178390 0.103432 -0.048904 -0.117659 0.167388 0.400092 0.095523 0.039617 0.560117 0.553107 0.000000 0.679568 0.395881 0.340650 0.370873 0.557365 0.387702 0.333611 0.508405 0.566838 0.465283 0.501420 0.538660 0.579765 0.440874 0.468935 0.382834 0.371474 0.389738 0.359917 0.351503 0.329809 0.540772 0.570549 0.607100 0.593690 0.510427 0.575520 0.536238 0.546550 0.626480 0.628948 0.643411 0.666915 0.591191 0.488463 0.272004 0.132122 0.402352 0.458559 0.277655 0.142768 0.543874 0.309404 0.324830 0.370678 0.395656 0.368573 0.138645 0.044192 0.312291 0.340829 -0.014548 -0.093367 0.192338 0.180906 0.284910 0.281805 0.273636 0.153236 0.387778 0.329522 0.484197 0.188695 0.330114 0.166089 -0.110598 0.022436 -0.152491 -0.126643 0.233485 0.239356 -0.102647 -0.127009 0.221398 0.434326 0.497153 0.510731 0.179513 0.360437 0.322507 0.063849
0.465125 0.211321 0.097074 0.072610 0.006077 -0.031195 0.140346 0.112056 0.103212 0.006384 0.391268 0.293262 0.181501 0.147196 0.026470 0.041685 0.115529 0.403420 0.302073 0.416021 0.013033 0.084182 0.102209 0.035163 0.184401 0.062739 0.019750 -0.096286 0.096450 0.286609 0.067692 0.063719 0.454777 0.439115 0.679568 0.000000 0.282281 0.193623 0.202425 0.291373 0.155133 0.129680 0.328081 0.381564 0.316052 0.317578 0.432280 0.446054 0.296523 0.295429 0.271159 0.212416 0.265999 0.174180 0.266727 0.339014 0.474214 0.418959 0.402927 0.386201 0.303626 0.292572 0.455536 0.380146 0.369075 0.393451 0.490930 0.522136 0.551594 0.498607 0.135346 0.021756 0.256995 0.329854 0.324066 0.076061 0.449385 0.252826 0.239789 0.195880 0.211662 0.223382 0.076464 0.015766 0.196945 0.067047 0.077984 -0.023016 0.120604 0.039788 0.267546 0.179606 0.305124 0.092704 0.270876 0.214227 0.318575 0.166332 0.336800 0.225627 0.080503 0.014870 0.011733 -0.022254 0.279041 0.187789 0.056878 -0.064367 0.105211 0.214986 0.292134 0.353492 0.185036 0.308009 0.157758 0.110871
0.528673 0.212343 0.150567 0.042683 0.072818 -0.003295 0.102092 0.032253 0.196106 0.034432 0.469731 0.441145 0.159827 0.163342 0.085460 0.074234 0.194516 0.557137 0.139837 0.407660 0.491086 0.239865 0.023993 0.006728 0.140322 0.109170 -0.059570 -0.070691 0.209821 0.528515 0.203582 0.130158 0.489171 0.664513 0.395881 0.282281 0.000000 0.670215 0.484244 0.524587 0.602511 0.723322 0.358775 0.553577 0.471173 0.418712 0.518651 0.464779 0.404186 0.382192 0.419269 0.285304 0.376785 0.085180 0.294229 -0.078717 0.467642 0.523391 0.436307 0.453554 0.399651 0.492242 0.498545 0.514444 0.476848 0.555606 0.454938 0.524693 0.336729 0.296211 0.417437 0.178323 0.537083 0.602364 0.253559 0.174516 0.642138 0.357279 0.298993 0.182483 0.321167 0.390636 0.450069 0.152148 0.263914 0.154007 0.162355 -0.077119 0.183318 -0.179253 0.660594 0.021011 0.634775 0.150102 0.628644 0.457679 0.719644 0.198807 0.552906 0.175253 0.175232 -0.091878 0.068496 -0.124094 0.459214 0.016517 0.130107 -0.120967 0.194314 0.589904 0.627192 0.495113 0.224953 0.342679 0.249308 0.220564
