0.000000,0.773475,0.826576,0.813409,0.794741,0.774352,0.866199,0.797990,0.769750,0.714083,0.149094,0.709888,0.767066,0.621998,0.778489,0.409623,0.190202,0.769772,0.826163,0.830487,0.492855,0.598690,0.596790,0.809943,0.747930,0.768781,0.351757,0.175133,0.517917,0.824341,0.832742,0.802632,0.759386,0.748495,0.716862,0.739127,0.664839,0.724014,0.778704,0.618156,0.774585,0.692134,-0.362926,-0.082740,0.419551,0.391982,0.417354,0.425553,-0.078415,0.580024,-0.165277,-0.447661,0.070932,-0.639525,0.761159,0.589577,0.697070,0.536885,0.774146,0.715463,0.816449,0.580213,0.617310,0.696513,0.606653,0.556114,0.753143,0.775774,0.820634,0.812284,0.809636,0.473147,0.496210,0.743239,0.685483,0.700932,0.791172,0.784605,0.315289,-0.352961,0.608286,-0.145809,0.764801,0.141132,0.746279,-0.068291,0.737510,0.766052,0.758671,-0.540288,0.753383,0.641331,0.761316,0.192492,0.678136,0.621650,0.586826,0.616280,0.750235,-0.019116,0.747334,-0.241920,0.747776,0.760953,0.742502,0.434694,0.699743,0.652827,0.578860,0.578444,0.753700,-0.498666,-0.598539,0.285785,-0.433825,0.603541
0.773475,0.000000,0.691250,0.810338,0.603259,0.601924,0.780047,0.819641,0.614430,0.628179,0.246421,0.740925,0.707262,0.740607,0.620457,0.470465,0.398524,0.663806,0.808966,0.799130,0.379735,0.502480,0.640452,0.714480,0.595117,0.666390,0.194012,0.105126,0.574891,0.763473,0.744497,0.774861,0.822990,0.813474,0.639207,0.634458,0.561499,0.630057,0.685824,0.589428,0.678134,0.550139,-0.179048,0.125943,0.551630,0.566537,0.518154,0.550623,0.154412,0.647739,-0.025040,-0.204303,0.120847,-0.424380,0.691873,0.681541,0.821694,0.736652,0.823245,0.833726,0.777286,0.728353,0.742285,0.762075,0.601123,0.624176,0.775909,0.750769,0.745002,0.722764,0.696577,0.613487,0.595353,0.694007,0.596586,0.538815,0.694085,0.734940,0.281888,-0.150066,0.659854,0.052468,0.631025,0.252074,0.668196,0.161715,0.574532,0.633477,0.613504,-0.320841,0.534631,0.648277,0.583426,0.361308,0.615995,0.613893,0.687633,0.661304,0.666469,0.196070,0.598788,0.004097,0.609065,0.665934,0.665139,0.545951,0.566286,0.518798,0.501595,0.592249,0.723738,-0.326067,-0.447753,0.416898,-0.231778,0.521279
0.826576,0.691250,0.000000,0.752866,0.822308,0.770497,0.860636,0.733483,0.842530,0.678270,-0.148894,0.568700,0.626040,0.493988,0.874215,0.362460,-0.066908,0.758858,0.742746,0.847242,0.573397,0.705193,0.492290,0.877837,0.824293,0.775464,0.338260,0.082726,0.242148,0.796626,0.847763,0.808290,0.705931,0.703485,0.799681,0.832631,0.727006,0.782027,0.842434,0.651712,0.819907,0.736125,-0.580674,-0.295793,0.303646,0.261492,0.271521,0.284419,-0.296979,0.543210,-0.378032,-0.639727,-0.131279,-0.801922,0.835068,0.492219,0.555628,0.343312,0.712417,0.592934,0.766118,0.469803,0.481679,0.683843,0.542940,0.496283,0.747328,0.794490,0.863332,0.866958,0.874727,0.371254,0.316473,0.828104,0.826345,0.605988,0.854682,0.815399,0.251544,-0.567173,0.542501,-0.362789,0.843041,0.000028,0.811387,-0.251213,0.869506,0.869686,0.842724,-0.732199,0.758450,0.734154,0.795369,0.186755,0.734184,0.667697,0.522451,0.575949,0.688827,-0.267567,0.868762,-0.402434,0.873612,0.832678,0.841431,0.347889,0.831653,0.772588,0.637581,0.553428,0.747037,-0.716346,-0.786823,0.106466,-0.640366,0.702653
0.813409,0.810338,0.752866,0.000000,0.686207,0.639142,0.822560,0.836307,0.720068,0.741924,0.113381,0.650658,0.657777,0.651009,0.711958,0.583260,0.292210,0.675041,0.811715,0.812982,0.486156,0.586982,0.617288,0.798679,0.680409,0.729423,0.284702,0.173272,0.516306,0.750262,0.806546,0.814237,0.805436,0.794748,0.704802,0.709462,0.641604,0.719904,0.733392,0.645434,0.749344,0.639305,-0.286204,-0.000628,0.501741,0.490131,0.430766,0.510535,0.013065,0.601718,-0.170696,-0.332236,-0.012058,-0.534918,0.690808,0.679975,0.715111,0.658063,0.760758,0.769901,0.753491,0.683935,0.705184,0.744594,0.593791,0.639053,0.782626,0.790293,0.789159,0.764640,0.742092,0.613491,0.502211,0.675547,0.632004,0.627779,0.743690,0.768650,0.273569,-0.222677,0.579198,0.051872,0.728652,0.337913,0.695671,0.135419,0.659766,0.729007,0.628119,-0.378022,0.605186,0.628144,0.679201,0.387749,0.675359,0.620879,0.601936,0.645620,0.637491,0.056933,0.663326,-0.024068,0.669396,0.763382,0.701621,0.517494,0.628335,0.646228,0.556756,0.583163,0.745453,-0.436148,-0.526598,0.282713,-0.374213,0.567967
0.794741,0.603259,0.822308,0.686207,0.000000,0.841689,0.801535,0.661405,0.830259,0.722290,-0.058658,0.584175,0.631216,0.452716,0.807308,0.324951,-0.097582,0.718989,0.657982,0.743320,0.583298,0.651731,0.451566,0.784593,0.809434,0.741325,0.554886,0.314644,0.279409,0.758609,0.804110,0.724320,0.587229,0.587972,0.658610,0.719705,0.671512,0.695204,0.768457,0.566578,0.738396,0.726031,-0.473913,-0.262717,0.265768,0.192497,0.274347,0.217883,-0.259031,0.445855,-0.256747,-0.593465,0.015057,-0.729983,0.749257,0.407011,0.497125,0.281052,0.643358,0.539839,0.697051,0.372494,0.373402,0.563135,0.484110,0.430972,0.620911,0.689411,0.746648,0.744479,0.818128,0.300949,0.254655,0.707169,0.686898,0.670415,0.748932,0.704295,0.295133,-0.520347,0.537919,-0.339417,0.775049,0.003408,0.718195,-0.263623,0.785835,0.776978,0.791683,-0.688758,0.790964,0.576205,0.757106,-0.036183,0.600369,0.531057,0.437657,0.505242,0.735770,-0.233153,0.770850,-0.467938,0.770358,0.711730,0.730603,0.293246,0.729861,0.664460,0.505795,0.509941,0.676201,-0.591208,-0.661129,0.115414,-0.537470,0.622989
0.774352,0.601924,0.770497,0.639142,0.841689,0.000000,0.761372,0.665288,0.726345,0.631696,0.054311,0.665773,0.666768,0.496897,0.716714,0.172327,-0.007671,0.717544,0.628849,0.695971,0.477679,0.565578,0.455906,0.705279,0.725525,0.734867,0.469792,0.266435,0.347698,0.784570,0.758914,0.684600,0.578312,0.577214,0.568979,0.645670,0.592732,0.603694,0.694971,0.475376,0.663049,0.662773,-0.406185,-0.211656,0.243787,0.184959,0.296770,0.238807,-0.169695,0.409356,-0.139375,-0.526781,0.156673,-0.649575,0.721563,0.353873,0.553426,0.269416,0.675310,0.545264,0.694754,0.394768,0.399958,0.567019,0.446087,0.428268,0.590141,0.649273,0.712108,0.707087,0.778474,0.232380,0.352877,0.699089,0.629648,0.591781,0.684324,0.645722,0.343130,-0.492154,0.594463,-0.370323,0.690650,-0.107295,0.679172,-0.269071,0.701016,0.681314,0.777168,-0.673078,0.739107,0.547074,0.663056,-0.162744,0.535670,0.520578,0.465788,0.454824,0.738674,-0.150368,0.705857,-0.519201,0.708268,0.620232,0.679680,0.249930,0.653990,0.535485,0.478949,0.446801,0.651102,-0.503883,-0.613862,0.221013,-0.436204,0.543035
0.866199,0.780047,0.860636,0.822560,0.801535,0.761372,0.000000,0.834873,0.811942,0.708204,0.042053,0.676461,0.737767,0.632194,0.821744,0.424092,0.097994,0.751190,0.820275,0.860961,0.528953,0.656882,0.613481,0.856598,0.788067,0.786471,0.366220,0.161350,0.404362,0.829511,0.859252,0.841875,0.796060,0.790747,0.773022,0.795863,0.699031,0.764215,0.835001,0.664757,0.802234,0.704010,-0.399112,-0.090082,0.446328,0.427328,0.433058,0.452287,-0.088438,0.651602,-0.188878,-0.455755,0.038328,-0.671340,0.828781,0.631008,0.701221,0.509174,0.803947,0.719286,0.833635,0.614968,0.601922,0.732567,0.617675,0.614622,0.808433,0.832332,0.855038,0.847868,0.855341,0.484852,0.447653,0.808421,0.765440,0.628181,0.837123,0.830335,0.304807,-0.448798,0.637947,-0.212960,0.810827,0.101220,0.804916,-0.072816,0.789042,0.815709,0.807991,-0.583935,0.739116,0.737424,0.765967,0.250088,0.712464,0.677199,0.628599,0.658270,0.759035,-0.054701,0.796020,-0.259415,0.799440,0.789676,0.805378,0.448897,0.758111,0.691390,0.610290,0.616893,0.797642,-0.554450,-0.662687,0.291814,-0.470448,0.667875
0.797990,0.819641,0.733483,0.836307,0.661405,0.665288,0.834873,0.000000,0.688468,0.694951,0.164054,0.735937,0.720859,0.747379,0.689932,0.454408,0.299790,0.684479,0.792053,0.817680,0.412896,0.539498,0.624480,0.766287,0.638659,0.723262,0.210936,0.096399,0.508510,0.801365,0.782522,0.813324,0.837228,0.845037,0.682652,0.708696,0.596022,0.677966,0.752551,0.626023,0.712937,0.597636,-0.217024,0.104243,0.564235,0.575186,0.551249,0.567184,0.142941,0.701272,-0.012687,-0.237260,0.162699,-0.479350,0.765952,0.705672,0.784118,0.655351,0.845459,0.795638,0.829367,0.789353,0.718017,0.793285,0.606002,0.720492,0.811841,0.815771,0.785944,0.769908,0.750489,0.547172,0.551360,0.744705,0.669585,0.527820,0.757601,0.792684,0.331605,-0.278493,0.705605,-0.022153,0.702648,0.201145,0.747461,0.145411,0.644742,0.686385,0.697857,-0.384179,0.618405,0.718991,0.650802,0.337837,0.643709,0.655973,0.701412,0.690644,0.734258,0.157103,0.668361,-0.074289,0.672913,0.707278,0.735679,0.530441,0.627312,0.554144,0.545141,0.621908,0.774945,-0.377985,-0.508940,0.422762,-0.282211,0.579167
0.769750,0.614430,0.842530,0.720068,0.830259,0.726345,0.811942,0.688468,0.000000,0.766052,-0.188870,0.488349,0.561052,0.444480,0.861687,0.466489,-0.122805,0.692504,0.680094,0.789296,0.573708,0.681607,0.436537,0.845132,0.805333,0.725737,0.434042,0.189075,0.188249,0.708665,0.792264,0.749858,0.634383,0.646701,0.765463,0.795090,0.668943,0.740121,0.813017,0.630022,0.765339,0.688089,-0.565502,-0.302119,0.301786,0.243160,0.228477,0.242216,-0.297108,0.530959,-0.371215,-0.611142,-0.163747,-0.763173,0.778539,0.489829,0.466157,0.312150,0.629528,0.539593,0.699111,0.437915,0.402246,0.621227,0.502138,0.478653,0.685759,0.748024,0.792188,0.801297,0.818688,0.366283,0.197441,0.732448,0.778265,0.614902,0.801506,0.769700,0.190702,-0.548232,0.477781,-0.306366,0.817924,0.082772,0.756802,-0.227371,0.847288,0.849327,0.774556,-0.662350,0.740455,0.679052,0.788211,0.206361,0.680732,0.611145,0.469773,0.556097,0.652955,-0.282077,0.816563,-0.359317,0.821497,0.799861,0.794357,0.333983,0.791107,0.764055,0.581041,0.515625,0.680678,-0.675225,-0.730277,0.044101,-0.622510,0.680146
0.714083,0.628179,0.678270,0.741924,0.722290,0.631696,0.708204,0.694951,0.766052,0.000000,0.038695,0.541359,0.592256,0.542294,0.697020,0.607958,0.142915,0.590201,0.668408,0.699318,0.489334,0.532886,0.482054,0.719875,0.689277,0.634354,0.398614,0.268927,0.398687,0.626507,0.706451,0.690724,0.612440,0.620189,0.627444,0.647361,0.565381,0.635593,0.677589,0.559765,0.664726,0.575766,-0.316769,-0.089680,0.418506,0.352073,0.310611,0.351192,-0.041531,0.504918,-0.166695,-0.366963,-0.034137,-0.522714,0.602860,0.557195,0.514128,0.475207,0.594908,0.591603,0.634358,0.532644,0.499608,0.581992,0.513611,0.512833,0.634945,0.664053,0.664949,0.657340,0.660717,0.521065,0.296063,0.548975,0.564250,0.580353,0.659947,0.678901,0.203108,-0.242489,0.458756,0.004867,0.670665,0.363384,0.612943,0.019638,0.644720,0.689087,0.579677,-0.370229,0.607582,0.527281,0.669598,0.296529,0.575089,0.518874,0.468982,0.552619,0.585175,-0.033485,0.605035,-0.085606,0.608431,0.688777,0.625850,0.420305,0.563529,0.604091,0.414072,0.532699,0.621589,-0.422588,-0.472274,0.163192,-0.383825,0.527143
0.149094,0.246421,-0.148894,0.113381,-0.058658,0.054311,0.042053,0.164054,-0.188870,0.038695,0.000000,0.395602,0.480683,0.427120,-0.251699,0.036669,0.623305,0.022060,0.269111,-0.044201,-0.258149,-0.316680,0.444158,-0.143477,-0.115310,0.026858,0.063653,0.242767,0.657962,0.098910,-0.014544,0.027978,0.187820,0.119905,-0.161101,-0.227841,-0.198143,-0.189121,-0.127918,-0.161334,-0.142859,-0.157690,0.572345,0.637946,0.333587,0.367422,0.391659,0.394280,0.602612,0.166388,0.624630,0.534079,0.622928,0.430719,-0.114476,0.266555,0.463864,0.429834,0.204548,0.305956,0.160077,0.286640,0.301138,0.001369,0.332102,0.219526,0.077755,-0.023599,-0.084035,-0.117683,-0.113646,0.313872,0.550434,-0.142731,-0.306261,0.126918,-0.173092,-0.101155,0.164690,0.489082,0.248496,0.423711,-0.239831,0.184639,-0.114522,0.405886,-0.326226,-0.262914,-0.161352,0.437928,-0.090328,-0.145352,-0.162403,-0.009688,-0.188284,-0.028368,0.302108,0.219591,0.181833,0.688138,-0.320497,0.336303,-0.318507,-0.246507,-0.194980,0.331549,-0.303050,-0.402229,-0.133429,0.141165,0.051914,0.568674,0.457165,0.626483,0.632133,-0.150267
0.709888,0.740925,0.568700,0.650658,0.584175,0.665773,0.676461,0.735937,0.488349,0.541359,0.395602,0.000000,0.735489,0.733797,0.460150,0.241902,0.433714,0.644954,0.648764,0.611409,0.209000,0.299972,0.511710,0.538411,0.457556,0.562183,0.231821,0.118335,0.664618,0.748954,0.614425,0.602257,0.653689,0.647371,0.395883,0.445103,0.372520,0.403101,0.522497,0.341128,0.489217,0.443238,-0.101393,0.160009,0.457235,0.436444,0.466517,0.391382,0.202361,0.468275,0.113802,-0.143106,0.314315,-0.322866,0.570963,0.477313,0.736710,0.548001,0.734551,0.707062,0.714982,0.630812,0.647532,0.647546,0.478220,0.503544,0.578740,0.578236,0.580699,0.556157,0.585244,0.409052,0.586833,0.572860,0.417111,0.528611,0.521710,0.556086,0.307818,-0.096585,0.663702,-0.012713,0.449985,0.064302,0.517585,0.070658,0.421129,0.450251,0.552416,-0.302907,0.497601,0.462606,0.437392,0.032869,0.377806,0.439902,0.564165,0.539056,0.655763,0.221025,0.460646,-0.148627,0.464174,0.468727,0.526936,0.441699,0.433093,0.317836,0.348382,0.486386,0.557558,-0.193398,-0.332945,0.447031,-0.090866,0.396144
0.767066,0.707262,0.626040,0.657777,0.631216,0.666768,0.737767,0.720859,0.561052,0.592256,0.480683,0.735489,0.000000,0.730309,0.552948,0.301181,0.320021,0.622817,0.777907,0.653986,0.307275,0.366421,0.713830,0.611471,0.608331,0.649722,0.326827,0.229891,0.602469,0.723288,0.687079,0.683361,0.705763,0.658884,0.536346,0.524140,0.467527,0.513241,0.618014,0.441363,0.574236,0.484026,-0.037441,0.234351,0.509947,0.487665,0.540451,0.526295,0.224125,0.592510,0.194650,-0.116587,0.390653,-0.337122,0.626592,0.606423,0.768867,0.557377,0.737036,0.665166,0.767151,0.589209,0.582476,0.548249,0.662276,0.567294,0.665624,0.631027,0.637959,0.617249,0.650043,0.511905,0.624771,0.597920,0.480644,0.518640,0.589816,0.611337,0.372196,-0.159164,0.644871,-0.029951,0.528095,0.113854,0.622736,0.090424,0.488583,0.521695,0.612535,-0.296312,0.566848,0.530025,0.537116,0.154415,0.458357,0.520000,0.640794,0.616178,0.728920,0.288300,0.493978,-0.106499,0.495532,0.491032,0.558712,0.511992,0.453023,0.328920,0.386209,0.562077,0.665524,-0.171735,-0.306851,0.556595,-0.064341,0.456171
0.621998,0.740607,0.493988,0.651009,0.452716,0.496897,0.632194,0.747379,0.444480,0.542294,0.427120,0.733797,0.730309,0.000000,0.446420,0.445455,0.483280,0.572619,0.682863,0.610544,0.217223,0.288938,0.641157,0.541598,0.442398,0.546104,0.170314,0.147004,0.621929,0.659994,0.578776,0.646957,0.723557,0.710062,0.486306,0.474804,0.373772,0.448913,0.564085,0.425467,0.514437,0.398987,0.049464,0.354794,0.634574,0.640320,0.591332,0.576129,0.381321,0.644163,0.239704,0.047176,0.352301,-0.194013,0.569552,0.676815,0.787976,0.686046,0.735775,0.712708,0.690032,0.744404,0.704439,0.667898,0.628013,0.647857,0.675219,0.629151,0.552123,0.541860,0.527726,0.555285,0.619751,0.542533,0.417370,0.394608,0.531340,0.604475,0.334269,0.015057,0.689021,0.207100,0.432305,0.225998,0.556010,0.340270,0.383704,0.425341,0.472031,-0.116549,0.417500,0.545960,0.436771,0.331321,0.397231,0.493505,0.668979,0.653113,0.626521,0.398527,0.395749,0.105212,0.399288,0.454737,0.531438,0.616989,0.366281,0.276848,0.299357,0.588867,0.624261,-0.088883,-0.210684,0.549387,0.031301,0.426723
0.778489,0.620457,0.874215,0.711958,0.807308,0.716714,0.821744,0.689932,0.861687,0.697020,-0.251699,0.460150,0.552948,0.446420,0.000000,0.430944,-0.160389,0.725177,0.690019,0.824669,0.650771,0.760666,0.441111,0.870020,0.826107,0.760931,0.364702,0.117093,0.136453,0.741848,0.818000,0.788080,0.652165,0.666869,0.818787,0.853832,0.766050,0.822984,0.861498,0.714616,0.841503,0.767986,-0.577618,-0.327571,0.313548,0.262947,0.270312,0.287982,-0.311621,0.562055,-0.392224,-0.642205,-0.173620,-0.807049,0.826346,0.511503,0.470793,0.306843,0.656681,0.537360,0.704526,0.422997,0.421111,0.651392,0.518963,0.483833,0.731766,0.790780,0.835109,0.854214,0.853639,0.346014,0.206212,0.799364,0.835205,0.578325,0.862360,0.826743,0.261171,-0.588563,0.507250,-0.336822,0.872901,0.056649,0.820217,-0.208390,0.888596,0.886740,0.835359,-0.716676,0.780835,0.744039,0.831020,0.229291,0.755469,0.659625,0.470947,0.528515,0.675673,-0.302336,0.875619,-0.385356,0.875138,0.839783,0.833117,0.317842,0.828069,0.800994,0.598176,0.529892,0.749580,-0.730998,-0.779083,0.026551,-0.683642,0.702928
0.409623,0.470465,0.362460,0.583260,0.324951,0.172327,0.424092,0.454408,0.466489,0.607958,0.036669,0.241902,0.301181,0.445455,0.430944,0.000000,0.296603,0.364343,0.505831,0.452615,0.379539,0.383892,0.331458,0.473684,0.354741,0.332250,0.299183,0.277794,0.357936,0.314981,0.405374,0.477980,0.453122,0.465624,0.448134,0.413017,0.395678,0.479445,0.444558,0.452113,0.487694,0.397609,-0.095108,0.083351,0.490732,0.427661,0.271402,0.384601,0.037059,0.409575,-0.181363,-0.088417,-0.228459,-0.231294,0.290282,0.587343,0.334190,0.554418,0.321835,0.482164,0.298689,0.417007,0.525030,0.468255,0.447938,0.357672,0.465071,0.459899,0.395227,0.402751,0.326524,0.642970,0.179419,0.230495,0.303394,0.458043,0.404218,0.497535,0.129405,0.132247,0.247360,0.456951,0.435530,0.679249,0.350275,0.423537,0.354277,0.464720,0.184126,0.043819,0.289554,0.338368,0.440589,0.600196,0.395280,0.321863,0.283955,0.475112,0.252961,0.119031,0.312334,0.388917,0.310523,0.538758,0.357654,0.465401,0.315927,0.522213,0.226148,0.442533,0.441844,-0.210729,-0.211896,-0.005395,-0.225561,0.372877
0.190202,0.398524,-0.066908,0.292210,-0.097582,-0.007671,0.097994,0.299790,-0.122805,0.142915,0.623305,0.433714,0.320021,0.483280,-0.160389,0.296603,0.000000,0.220839,0.286599,0.103291,-0.209169,-0.199579,0.284434,-0.027489,-0.158666,0.052869,-0.171793,-0.006565,0.753572,0.215770,0.043054,0.126996,0.318768,0.305735,-0.064813,-0.093753,-0.108679,-0.067806,-0.044327,-0.050523,0.002526,-0.051440,0.406687,0.565603,0.460625,0.493277,0.384035,0.411427,0.507702,0.208172,0.352637,0.427907,0.296811,0.304042,-0.051746,0.357569,0.487776,0.637447,0.272378,0.456295,0.184919,0.427953,0.616242,0.328894,0.250468,0.242045,0.190648,0.109528,0.046905,0.020440,-0.064671,0.437007,0.564399,-0.036658,-0.174643,0.191606,-0.046054,0.082478,0.188356,0.592671,0.325485,0.620790,-0.127058,0.411185,-0.022543,0.568834,-0.220494,-0.136074,-0.173452,0.438685,-0.095368,-0.023117,-0.081170,0.272294,-0.062040,0.016903,0.285904,0.315694,0.114054,0.577110,-0.181729,0.490166,-0.181069,0.009361,-0.055391,0.437267,-0.184637,-0.136941,-0.022754,0.257759,0.119524,0.359664,0.265189,0.404936,0.403663,-0.054998
0.769772,0.663806,0.758858,0.675041,0.718989,0.717544,0.751190,0.684479,0.692504,0.590201,0.022060,0.644954,0.622817,0.572619,0.725177,0.364343,0.220839,0.000000,0.657859,0.725490,0.459574,0.551517,0.391699,0.722883,0.643845,0.712139,0.271683,0.069120,0.437828,0.836403,0.710897,0.695093,0.645221,0.659547,0.621676,0.690425,0.612964,0.650815,0.733311,0.484700,0.730076,0.718846,-0.376998,-0.076560,0.473213,0.395560,0.384743,0.299141,-0.148502,0.524927,-0.221371,-0.460460,0.004337,-0.652817,0.730490,0.468417,0.579914,0.438158,0.666504,0.612198,0.696537,0.450712,0.583417,0.723602,0.515318,0.453581,0.659755,0.713485,0.732856,0.749172,0.750879,0.312962,0.359241,0.722930,0.657856,0.622999,0.725245,0.743874,0.472980,-0.267663,0.676405,-0.103732,0.684575,0.021561,0.744561,-0.023249,0.714976,0.695942,0.717481,-0.566159,0.715080,0.621562,0.700009,0.112960,0.507722,0.484622,0.448766,0.590419,0.707580,-0.120674,0.731595,-0.313491,0.728367,0.724911,0.749968,0.490799,0.687102,0.635900,0.463201,0.637050,0.690094,-0.554795,-0.640595,0.116163,-0.476769,0.666664
0.826163,0.808966,0.742746,0.811715,0.657982,0.628849,0.820275,0.792053,0.680094,0.668408,0.269111,0.648764,0.777907,0.682863,0.690019,0.505831,0.286599,0.657859,0.000000,0.807353,0.436239,0.540769,0.720122,0.762422,0.687753,0.716820,0.292156,0.195242,0.537349,0.737883,0.781339,0.799187,0.804946,0.777282,0.723782,0.684629,0.615815,0.694299,0.727325,0.615865,0.728058,0.599384,-0.212108,0.087846,0.516639,0.520211,0.487557,0.574686,0.077998,0.668326,-0.053916,-0.257854,0.108920,-0.484041,0.701812,0.719981,0.771058,0.651174,0.770559,0.756808,0.777495,0.650218,0.669940,0.668511,0.691035,0.620955,0.797488,0.765986,0.778196,0.769126,0.732805,0.625923,0.592142,0.691215,0.630202,0.593696,0.735568,0.757001,0.276244,-0.222382,0.594434,0.010174,0.689319,0.261126,0.703683,0.107047,0.633838,0.698169,0.649820,-0.354349,0.599275,0.654448,0.662501,0.392086,0.658566,0.653558,0.669368,0.673762,0.674641,0.164570,0.633793,-0.012474,0.640593,0.701644,0.679088,0.534518,0.602497,0.563985,0.529286,0.616204,0.765955,-0.363658,-0.477611,0.405439,-0.277679,0.566054
0.830487,0.799130,0.847242,0.812982,0.743320,0.695971,0.860961,0.817680,0.789296,0.699318,-0.044201,0.611409,0.653986,0.610544,0.824669,0.452615,0.103291,0.725490,0.807353,0.000000,0.566994,0.696345,0.559504,0.853894,0.762948,0.753493,0.247176,0.063293,0.354830,0.802961,0.849946,0.854680,0.810754,0.812681,0.795974,0.818617,0.731906,0.801938,0.834600,0.728297,0.828255,0.707231,-0.423119,-0.121468,0.433178,0.438044,0.413622,0.453950,-0.097398,0.655588,-0.234540,-0.470446,-0.038359,-0.676174,0.830721,0.636047,0.681535,0.552876,0.800118,0.727571,0.800206,0.629383,0.626460,0.769193,0.565227,0.586953,0.815536,0.834156,0.869239,0.863638,0.840621,0.514789,0.447270,0.825180,0.793019,0.575368,0.858744,0.855203,0.282484,-0.443025,0.621951,-0.185169,0.826632,0.167074,0.814911,-0.048314,0.796229,0.824592,0.790646,-0.575248,0.711990,0.769603,0.768205,0.330961,0.775135,0.704428,0.627342,0.631345,0.717695,-0.066830,0.811589,-0.210864,0.814955,0.820351,0.810215,0.427985,0.756402,0.717286,0.625395,0.594492,0.799931,-0.586333,-0.680015,0.241325,-0.518174,0.646711
0.492855,0.379735,0.573397,0.486156,0.583298,0.477679,0.528953,0.412896,0.573708,0.489334,-0.258149,0.209000,0.307275,0.217223,0.650771,0.379539,-0.209169,0.459574,0.436239,0.566994,0.000000,0.835274,0.248051,0.563903,0.633518,0.555499,0.384772,0.263840,-0.030473,0.505249,0.632705,0.587464,0.382491,0.365550,0.511268,0.593922,0.829283,0.758261,0.628429,0.755129,0.702021,0.773510,-0.235809,-0.246906,0.274557,0.207381,0.330057,0.303249,-0.168256,0.349451,-0.220626,-0.418544,-0.093987,-0.543218,0.554307,0.399169,0.259473,0.209972,0.405131,0.382117,0.337843,0.127752,0.257424,0.379662,0.235540,0.225687,0.462172,0.530233,0.567506,0.564160,0.600929,0.305411,0.072145,0.514326,0.517123,0.369415,0.602498,0.585245,0.426585,-0.368707,0.429567,-0.129453,0.725058,0.284382,0.595989,0.006931,0.597607,0.617712,0.574544,-0.473447,0.562754,0.492295,0.553614,0.079478,0.648062,0.342803,0.135532,0.143603,0.496567,-0.203887,0.589249,-0.280449,0.577458,0.580439,0.474274,0.088729,0.488723,0.580647,0.228602,0.317647,0.614944,-0.489493,-0.509820,-0.122615,-0.551892,0.376530
0.598690,0.502480,0.705193,0.586982,0.651731,0.565578,0.656882,0.539498,0.681607,0.532886,-0.316680,0.299972,0.366421,0.288938,0.760666,0.383892,-0.199579,0.551517,0.540769,0.696345,0.835274,0.000000,0.302546,0.689323,0.699565,0.634550,0.342575,0.187256,-0.000501,0.620919,0.719650,0.681860,0.510614,0.509752,0.642100,0.718511,0.852974,0.825324,0.731339,0.797588,0.774921,0.790934,-0.391810,-0.312496,0.264201,0.223400,0.316681,0.320495,-0.245124,0.436770,-0.332397,-0.528038,-0.170757,-0.657972,0.679898,0.429609,0.361868,0.256111,0.529948,0.457939,0.477941,0.255558,0.352452,0.521895,0.276661,0.310537,0.576378,0.642310,0.700022,0.704903,0.720513,0.318144,0.120536,0.665000,0.676594,0.421672,0.727570,0.703132,0.361891,-0.485365,0.491252,-0.240062,0.827212,0.202768,0.695743,-0.098802,0.718963,0.745140,0.698164,-0.599388,0.621292,0.660191,0.635568,0.174902,0.759054,0.502673,0.289297,0.265495,0.547881,-0.258348,0.729378,-0.324996,0.725032,0.705191,0.621582,0.122537,0.648351,0.707705,0.441881,0.392997,0.701641,-0.617500,-0.665761,-0.088396,-0.642045,0.488428
0.596790,0.640452,0.492290,0.617288,0.451566,0.455906,0.613481,0.624480,0.436537,0.482054,0.444158,0.511710,0.713830,0.641157,0.441111,0.331458,0.284434,0.391699,0.720122,0.559504,0.248051,0.302546,0.000000,0.560819,0.576964,0.622579,0.251293,0.272669,0.467542,0.500674,0.589446,0.626280,0.680103,0.609337,0.569464,0.463443,0.396222,0.466208,0.541052,0.452737,0.494042,0.349874,0.094203,0.322979,0.491103,0.533389,0.543854,0.678111,0.318163,0.635663,0.281848,0.052347,0.394743,-0.167703,0.503914,0.689689,0.726706,0.562852,0.620548,0.597257,0.618471,0.555221,0.462860,0.386731,0.721108,0.665872,0.664639,0.588372,0.560447,0.538408,0.528911,0.588936,0.602026,0.490071,0.388615,0.361730,0.501876,0.528681,0.204389,-0.111772,0.490900,0.044118,0.430531,0.148442,0.494234,0.189832,0.365045,0.435908,0.454005,-0.108705,0.412410,0.470599,0.462933,0.324381,0.440531,0.570905,0.672840,0.573571,0.565802,0.366784,0.340732,0.039240,0.352057,0.376436,0.442787,0.508639,0.317926,0.200885,0.344660,0.479396,0.638187,-0.013920,-0.146833,0.644564,0.087506,0.365563
0.809943,0.714480,0.877837,0.798679,0.784593,0.705279,0.856598,0.766287,0.845132,0.719875,-0.143477,0.538411,0.611471,0.541598,0.870020,0.473684,-0.027489,0.722883,0.762422,0.853894,0.563903,0.689323,0.560819,0.000000,0.826841,0.789363,0.329894,0.105529,0.245340,0.757800,0.844889,0.832124,0.744687,0.746591,0.841417,0.845287,0.715171,0.794772,0.857304,0.687791,0.830900,0.712780,-0.530513,-0.226769,0.373397,0.342686,0.308839,0.357765,-0.231360,0.609738,-0.342298,-0.566095,-0.139881,-0.755069,0.824696,0.587200,0.581629,0.419269,0.712782,0.616929,0.764855,0.542851,0.508505,0.696307,0.605252,0.597498,0.794666,0.831486,0.861265,0.864291,0.857393,0.456743,0.328386,0.810880,0.822020,0.594809,0.862832,0.840938,0.218656,-0.508846,0.533705,-0.255916,0.839013,0.084908,0.810690,-0.140877,0.855641,0.872670,0.800870,-0.642318,0.735443,0.744302,0.814420,0.317363,0.738918,0.695239,0.559136,0.624790,0.672672,-0.207815,0.843204,-0.289488,0.848560,0.843628,0.847037,0.429360,0.811149,0.772613,0.622268,0.576192,0.767289,-0.673936,-0.734793,0.138286,-0.594315,0.718825
0.747930,0.595117,0.824293,0.680409,0.809434,0.725525,0.788067,0.638659,0.805333,0.689277,-0.115310,0.457556,0.608331,0.442398,0.826107,0.354741,-0.158666,0.643845,0.687753,0.762948,0.633518,0.699565,0.576964,0.826841,0.000000,0.781886,0.459491,0.249705,0.157311,0.692532,0.830111,0.772277,0.637656,0.601511,0.767394,0.775793,0.725199,0.756893,0.811407,0.655127,0.783741,0.705822,-0.432257,-0.205820,0.313898,0.267441,0.311500,0.322317,-0.223386,0.540575,-0.239289,-0.541350,-0.018264,-0.706835,0.768039,0.507645,0.506273,0.283541,0.621821,0.497356,0.675624,0.356150,0.330953,0.510282,0.559658,0.505867,0.698134,0.733207,0.783246,0.775961,0.834080,0.414048,0.266077,0.742137,0.741165,0.546608,0.788813,0.743580,0.288866,-0.518409,0.512178,-0.329986,0.794208,0.030894,0.761747,-0.223712,0.799055,0.799286,0.786575,-0.658111,0.728898,0.656315,0.760486,0.156757,0.680265,0.624326,0.488210,0.528278,0.684664,-0.194221,0.773091,-0.389694,0.774908,0.723656,0.750828,0.339307,0.720693,0.663705,0.505797,0.536231,0.730143,-0.596895,-0.652303,0.142181,-0.525342,0.655734
0.768781,0.666390,0.775464,0.729423,0.741325,0.734867,0.786471,0.723262,0.725737,0.634354,0.026858,0.562183,0.649722,0.546104,0.760931,0.332250,0.052869,0.712139,0.716820,0.753493,0.555499,0.634550,0.622579,0.789363,0.781886,0.000000,0.340163,0.232650,0.306131,0.762617,0.789934,0.787051,0.705625,0.698292,0.735772,0.761680,0.698842,0.732307,0.782573,0.632628,0.764507,0.727402,-0.319792,-0.070515,0.429055,0.386413,0.437458,0.456370,-0.081259,0.592662,-0.119932,-0.402172,0.102709,-0.615658,0.768636,0.577075,0.629982,0.407287,0.701423,0.608534,0.717761,0.490905,0.466779,0.598713,0.581979,0.640404,0.746130,0.787796,0.798625,0.791526,0.799528,0.406067,0.415162,0.758961,0.690128,0.501879,0.768249,0.761863,0.398877,-0.409705,0.625360,-0.204519,0.739069,0.014453,0.768506,-0.037035,0.726541,0.730488,0.757571,-0.555836,0.709329,0.671388,0.720564,0.150321,0.620991,0.591634,0.520150,0.562494,0.713362,-0.082262,0.724585,-0.339349,0.727015,0.693775,0.739472,0.412369,0.674641,0.587472,0.500813,0.551244,0.766120,-0.507405,-0.594977,0.265274,-0.421368,0.621868
0.351757,0.194012,0.338260,0.284702,0.554886,0.469792,0.366220,0.210936,0.434042,0.398614,0.063653,0.231821,0.326827,0.170314,0.364702,0.299183,-0.171793,0.271683,0.292156,0.247176,0.384772,0.342575,0.251293,0.329894,0.459491,0.340163,0.000000,0.749783,0.128909,0.283664,0.371151,0.307504,0.136028,0.131683,0.231336,0.254264,0.343907,0.307655,0.338368,0.238620,0.338627,0.399670,-0.128607,-0.111414,0.103478,-0.011184,0.104432,0.067332,-0.150828,0.145776,-0.058112,-0.258346,0.057191,-0.320349,0.257696,0.167660,0.170539,0.035672,0.186732,0.186781,0.195592,-0.010981,0.022574,0.059712,0.231100,0.129500,0.171959,0.231218,0.247923,0.242811,0.352817,0.172725,-0.026384,0.178248,0.188758,0.476701,0.263338,0.240844,0.199801,-0.199765,0.217281,-0.088748,0.364151,0.124093,0.214640,-0.125684,0.318247,0.354509,0.308990,-0.283699,0.430298,0.102046,0.356324,-0.195639,0.162044,0.103834,0.073932,0.190887,0.375455,-0.107091,0.273308,-0.232787,0.265176,0.243663,0.214545,0.062287,0.268750,0.298488,0.075951,0.243473,0.309356,-0.179221,-0.210082,0.027071,-0.176780,0.269311
0.175133,0.105126,0.082726,0.173272,0.314644,0.266435,0.161350,0.096399,0.189075,0.268927,0.242767,0.118335,0.229891,0.147004,0.117093,0.277794,-0.006565,0.069120,0.195242,0.063293,0.263840,0.187256,0.272669,0.105529,0.249705,0.232650,0.749783,0.000000,0.179508,0.103301,0.170852,0.154888,0.038397,0.023782,0.050961,0.036831,0.181445,0.149476,0.144563,0.153441,0.145352,0.220951,0.176729,0.124898,0.124670,0.065722,0.171933,0.161221,0.089605,0.098348,0.197093,0.054290,0.234496,-0.005911,0.038201,0.171027,0.177625,0.117051,0.085828,0.137782,0.047224,-0.015613,-0.020788,-0.091389,0.164204,0.146241,0.056989,0.078064,0.053383,0.039132,0.115919,0.207330,0.039957,-0.029677,-0.050483,0.284857,0.048811,0.055161,0.191425,0.054366,0.154111,0.142627,0.151580,0.249147,0.025487,0.103745,0.040380,0.100418,0.071323,0.028729,0.211994,-0.043750,0.139881,-0.150745,0.010997,-0.021528,0.037420,0.095727,0.241215,0.162278,-0.005998,-0.006476,-0.013165,0.014350,-0.017235,0.070172,-0.008952,0.046054,-0.082301,0.158942,0.198216,0.126214,0.102965,0.154176,0.125920,0.055546
0.517917,0.574891,0.242148,0.516306,0.279409,0.347698,0.404362,0.508510,0.188249,0.398687,0.657962,0.664618,0.602469,0.621929,0.136453,0.357936,0.753572,0.437828,0.537349,0.354830,-0.030473,-0.000501,0.467542,0.245340,0.157311,0.306131,0.128909,0.179508,0.000000,0.474251,0.346758,0.380319,0.501990,0.483342,0.160971,0.151185,0.103196,0.158633,0.221562,0.120014,0.236524,0.176699,0.206226,0.409547,0.454372,0.466515,0.420705,0.427314,0.374735,0.304631,0.266586,0.160431,0.353433,0.022113,0.197102,0.436972,0.634426,0.674960,0.486672,0.608412,0.461221,0.529752,0.673549,0.458797,0.432012,0.348795,0.379583,0.324146,0.295809,0.266838,0.232954,0.509040,0.647111,0.182535,0.042571,0.512004,0.220381,0.307662,0.219417,0.344517,0.441171,0.415610,0.147605,0.361346,0.191139,0.361792,0.063834,0.140731,0.133585,0.146390,0.262644,0.119045,0.233182,0.153886,0.158100,0.226600,0.457105,0.490070,0.411698,0.479805,0.092476,0.263268,0.089194,0.234015,0.179629,0.477832,0.090265,0.080760,0.209500,0.396095,0.333945,0.173724,0.064349,0.494169,0.223980,0.149372
0.824341,0.763473,0.796626,0.750262,0.758609,0.784570,0.829511,0.801365,0.708665,0.626507,0.098910,0.748954,0.723288,0.659994,0.741848,0.314981,0.215770,0.836403,0.737883,0.802961,0.505249,0.620919,0.500674,0.757800,0.692532,0.762617,0.283664,0.103301,0.474251,0.000000,0.806443,0.789531,0.752688,0.751754,0.643689,0.721902,0.673928,0.704016,0.771902,0.587206,0.754357,0.728056,-0.318906,-0.024828,0.474868,0.439818,0.483760,0.404549,-0.036174,0.588247,-0.116771,-0.408714,0.138261,-0.618718,0.803654,0.535337,0.708882,0.508251,0.800231,0.712225,0.796370,0.587131,0.644792,0.769112,0.518259,0.548897,0.730373,0.769247,0.796751,0.790690,0.815634,0.391380,0.477401,0.795348,0.697667,0.590199,0.774937,0.788050,0.466361,-0.332996,0.761300,-0.167150,0.741952,0.046080,0.791064,-0.022221,0.714753,0.716213,0.789934,-0.578164,0.718428,0.707640,0.679393,0.105727,0.612380,0.582248,0.581309,0.612944,0.788478,-0.007635,0.750635,-0.309971,0.750046,0.722499,0.769662,0.464356,0.700814,0.601851,0.530904,0.634773,0.767259,-0.507543,-0.626079,0.280810,-0.414249,0.635549
0.832742,0.744497,0.847763,0.806546,0.804110,0.758914,0.859252,0.782522,0.792264,0.706451,-0.014544,0.614425,0.687079,0.578776,0.818000,0.405374,0.043054,0.710897,0.781339,0.849946,0.632705,0.719650,0.589446,0.844889,0.830111,0.789934,0.371151,0.170852,0.346758,0.806443,0.000000,0.867324,0.770529,0.743695,0.748672,0.780620,0.754095,0.789757,0.824843,0.713397,0.816828,0.738779,-0.384616,-0.134952,0.397157,0.379405,0.416986,0.422239,-0.111010,0.585115,-0.202539,-0.487042,0.025815,-0.675840,0.806191,0.588144,0.655452,0.482655,0.766100,0.678132,0.777931,0.543086,0.569050,0.700430,0.544001,0.546635,0.767771,0.795511,0.837964,0.823738,0.858232,0.500816,0.430898,0.789715,0.746308,0.606845,0.826276,0.808821,0.329815,-0.448255,0.621889,-0.220272,0.826479,0.146720,0.797720,-0.093876,0.779424,0.802342,0.794859,-0.606111,0.727129,0.696612,0.745327,0.201225,0.745068,0.652745,0.578093,0.582623,0.741041,-0.075881,0.784707,-0.287578,0.787635,0.781095,0.772168,0.385762,0.726557,0.678834,0.561403,0.569068,0.789316,-0.559917,-0.648635,0.235465,-0.497931,0.625653
0.802632,0.774861,0.808290,0.814237,0.724320,0.684600,0.841875,0.813324,0.749858,0.690724,0.027978,0.602257,0.683361,0.646957,0.788080,0.477980,0.126996,0.695093,0.799187,0.854680,0.587464,0.681860,0.626280,0.832124,0.772277,0.787051,0.307504,0.154888,0.380319,0.789531,0.867324,0.000000,0.815106,0.797194,0.766741,0.782282,0.734163,0.790693,0.822834,0.730190,0.811004,0.710797,-0.314415,-0.021482,0.478712,0.488130,0.477335,0.512066,-0.014923,0.673085,-0.130992,-0.381441,0.052806,-0.607764,0.802885,0.675465,0.708700,0.579190,0.793836,0.727429,0.784430,0.637911,0.638176,0.749668,0.586185,0.624745,0.811517,0.822859,0.828627,0.822704,0.816738,0.575202,0.485771,0.784516,0.741999,0.544401,0.818691,0.832668,0.340451,-0.374502,0.647792,-0.110815,0.796232,0.218119,0.802546,0.047797,0.742020,0.779321,0.756527,-0.508238,0.690148,0.739549,0.733161,0.326782,0.735182,0.670563,0.631813,0.640433,0.728136,0.020007,0.749482,-0.164126,0.752801,0.777175,0.772920,0.473063,0.697029,0.651227,0.555803,0.616633,0.813605,-0.504323,-0.593782,0.300830,-0.425646,0.632809
0.759386,0.822990,0.705931,0.805436,0.587229,0.578312,0.796060,0.837228,0.634383,0.612440,0.187820,0.653689,0.705763,0.723557,0.652165,0.453122,0.318768,0.645221,0.804946,0.810754,0.382491,0.510614,0.680103,0.744687,0.637656,0.705625,0.136028,0.038397,0.501990,0.752688,0.770529,0.815106,0.000000,0.874882,0.710692,0.701815,0.584648,0.669059,0.730080,0.631179,0.703032,0.558726,-0.169200,0.175482,0.587151,0.619488,0.570794,0.604631,0.165002,0.715761,0.000776,-0.182374,0.156760,-0.432706,0.745877,0.732907,0.800138,0.698810,0.821385,0.787292,0.813093,0.757237,0.730183,0.771784,0.632374,0.696508,0.824848,0.802309,0.779862,0.759173,0.731985,0.628259,0.600017,0.731465,0.649573,0.487872,0.743567,0.779910,0.303530,-0.219856,0.668492,0.019114,0.664613,0.231715,0.739674,0.178308,0.606598,0.654665,0.649717,-0.334311,0.560059,0.708937,0.617728,0.435654,0.655647,0.670738,0.730782,0.734652,0.684702,0.204558,0.632843,0.007933,0.640844,0.690579,0.709397,0.567964,0.592605,0.524652,0.558340,0.628899,0.775707,-0.337974,-0.459599,0.452786,-0.242989,0.546193
0.748495,0.813474,0.703485,0.794748,0.587972,0.577214,0.790747,0.845037,0.646701,0.620189,0.119905,0.647371,0.658884,0.710062,0.666869,0.465624,0.305735,0.659547,0.777282,0.812681,0.365550,0.509752,0.609337,0.746591,0.601511,0.698292,0.131683,0.023782,0.483342,0.751754,0.743695,0.797194,0.874882,0.000000,0.725565,0.729691,0.570216,0.667397,0.732197,0.627044,0.699480,0.557070,-0.229289,0.111496,0.569797,0.596964,0.529924,0.567930,0.132654,0.703388,-0.051814,-0.225597,0.101402,-0.459718,0.754749,0.713359,0.770590,0.686087,0.819566,0.777450,0.803333,0.777459,0.729785,0.806957,0.601717,0.695365,0.826345,0.816774,0.778478,0.770240,0.717283,0.571618,0.534164,0.733174,0.671063,0.492686,0.756647,0.796089,0.263361,-0.246702,0.654633,0.016182,0.675422,0.216581,0.737801,0.172593,0.630586,0.670513,0.661103,-0.349148,0.578153,0.713531,0.644857,0.432030,0.655980,0.694212,0.728098,0.728264,0.680352,0.158535,0.660240,0.001120,0.666672,0.713124,0.729070,0.538005,0.619645,0.558707,0.562294,0.607555,0.765185,-0.376327,-0.490400,0.400703,-0.290237,0.566146
0.716862,0.639207,0.799681,0.704802,0.658610,0.568979,0.773022,0.682652,0.765463,0.627444,-0.161101,0.395883,0.536346,0.486306,0.818787,0.448134,-0.064813,0.621676,0.723782,0.795974,0.511268,0.642100,0.569464,0.841417,0.767394,0.735772,0.231336,0.050961,0.160971,0.643689,0.748672,0.766741,0.710692,0.725565,0.000000,0.861210,0.678094,0.779412,0.824281,0.700327,0.789334,0.641533,-0.491439,-0.203022,0.375101,0.376482,0.301057,0.406955,-0.180150,0.643421,-0.314523,-0.494679,-0.157502,-0.685377,0.779879,0.620979,0.531261,0.387647,0.649196,0.546088,0.696385,0.506424,0.448968,0.621156,0.636093,0.609069,0.809802,0.822568,0.813145,0.833351,0.772601,0.433503,0.294972,0.760865,0.791530,0.497410,0.832868,0.807621,0.135735,-0.488819,0.447928,-0.230332,0.786769,0.076931,0.769366,-0.096951,0.808427,0.827289,0.736859,-0.560353,0.669784,0.739245,0.786600,0.424897,0.747179,0.728994,0.576356,0.596637,0.593123,-0.173403,0.788359,-0.211389,0.794078,0.791318,0.797205,0.409376,0.750198,0.714107,0.611820,0.527577,0.742763,-0.622058,-0.668790,0.145831,-0.548298,0.673628
0.739127,0.634458,0.832631,0.709462,0.719705,0.645670,0.795863,0.708696,0.795090,0.647361,-0.227841,0.445103,0.524140,0.474804,0.853832,0.413017,-0.093753,0.690425,0.684629,0.818617,0.593922,0.718511,0.463443,0.845287,0.775793,0.761680,0.254264,0.036831,0.151185,0.721902,0.780620,0.782282,0.701815,0.729691,0.861210,0.000000,0.750034,0.819418,0.848466,0.730721,0.820763,0.732142,-0.526065,-0.250902,0.377368,0.350775,0.327883,0.364027,-0.227670,0.609019,-0.357149,-0.559970,-0.161620,-0.743032,0.827192,0.560950,0.506161,0.350864,0.669423,0.559239,0.699341,0.491364,0.453093,0.669506,0.552907,0.567845,0.782961,0.837132,0.834058,0.849824,0.819569,0.371344,0.249264,0.800924,0.822563,0.517887,0.860218,0.837438,0.236724,-0.533025,0.520655,-0.276655,0.836710,0.060479,0.809408,-0.123480,0.847005,0.849305,0.797027,-0.644595,0.731333,0.768625,0.799117,0.309791,0.764290,0.683385,0.515517,0.563170,0.644749,-0.249880,0.845468,-0.311216,0.847372,0.825828,0.824333,0.355116,0.790787,0.762583,0.611862,0.527276,0.764077,-0.692073,-0.742680,0.081851,-0.632775,0.675509
0.664839,0.561499,0.727006,0.641604,0.671512,0.592732,0.699031,0.596022,0.668943,0.565381,-0.198143,0.372520,0.467527,0.373772,0.766050,0.395678,-0.108679,0.612964,0.615815,0.731906,0.829283,0.852974,0.396222,0.715171,0.725199,0.698842,0.343907,0.181445,0.103196,0.673928,0.754095,0.734163,0.584648,0.570216,0.678094,0.750034,0.000000,0.868998,0.760325,0.815620,0.828025,0.845474,-0.319757,-0.206388,0.361846,0.320884,0.406310,0.422393,-0.161965,0.516985,-0.244777,-0.467924,-0.071522,-0.644238,0.709601,0.519594,0.447488,0.339088,0.587864,0.529095,0.545404,0.320726,0.421483,0.549339,0.386190,0.406237,0.642895,0.701344,0.741963,0.740264,0.744649,0.373816,0.230094,0.690774,0.663605,0.459917,0.761024,0.747467,0.455484,-0.423167,0.547816,-0.165890,0.826752,0.238112,0.737706,-0.005757,0.721496,0.751557,0.718183,-0.565659,0.685141,0.665187,0.689730,0.196285,0.759314,0.505464,0.334514,0.337258,0.626279,-0.169687,0.735294,-0.278454,0.727978,0.728870,0.646185,0.227022,0.632552,0.680001,0.414674,0.486370,0.771880,-0.573641,-0.623949,0.022513,-0.588513,0.508236
