0.000000,0.386457,0.340512,0.300566,0.115247,0.125119,0.315570,0.394652,0.233855,0.217714,0.332324,0.377981,0.255438,0.334857,0.210922,0.308928,0.173754,0.286097,0.389125,0.382959,0.186040,0.065446,0.379941,0.322996,0.226691,0.172715,0.086663,0.059195,0.186659,0.333274,0.219139,0.295613,0.365227,0.374069,0.229772,0.275689,0.129020,0.291810,0.121403,0.137021,0.039591,0.195923,0.304278,0.326993,0.358390,0.328543,0.333035,0.341791,0.307765,0.345382,0.338611,0.338653,0.327185,0.311109,0.314179,0.294248,0.390319,0.385874,0.377746,0.386434,0.379555,0.325954,0.351331,0.336759,0.275817,0.274302,0.368617,0.363454,0.381854,0.391532,0.316846,0.220049,0.093953,0.325680,0.225423,0.247159,0.305936,0.277622,0.207682,0.255625,0.333892,0.336805,0.304422,0.252623,0.346857,0.342925,0.244534,0.143732,0.312768,0.135708,0.335413,0.363724,0.367950,0.298640,0.194362,0.223552,0.351374,0.303018,0.343520,0.373642,0.342739,0.178304,0.276311,0.210140,0.321416,0.269901,0.276002,0.183613,0.157798,0.325817,0.377595,0.384677,0.353790,0.326697,0.308698,0.182896
0.386457,0.000000,0.282897,0.248807,0.045262,0.040041,0.247572,0.387871,0.185756,0.159928,0.279973,0.385867,0.181244,0.368346,0.143899,0.306607,0.111686,0.319910,0.377347,0.394203,0.126428,0.030096,0.362110,0.275135,0.217665,0.113989,0.017186,-0.015346,0.115075,0.355301,0.167176,0.246749,0.354417,0.382911,0.224174,0.270995,0.080351,0.308072,0.094269,0.089507,0.010451,0.185373,0.334328,0.340430,0.368765,0.348101,0.323243,0.341511,0.349787,0.359069,0.371176,0.371604,0.350800,0.342843,0.273503,0.259700,0.383746,0.399080,0.391449,0.383882,0.378311,0.341965,0.321485,0.364100,0.288530,0.287506,0.353737,0.351615,0.362597,0.394534,0.262946,0.157795,0.025074,0.333986,0.180268,0.200303,0.254158,0.227611,0.184421,0.224976,0.300273,0.354253,0.267454,0.212141,0.353282,0.342755,0.185000,0.073200,0.324122,0.079980,0.282198,0.355224,0.347890,0.267936,0.173754,0.201372,0.313956,0.254603,0.295932,0.356767,0.299651,0.113800,0.220058,0.143342,0.335743,0.260855,0.272409,0.130497,0.145926,0.311783,0.366384,0.378778,0.350221,0.302012,0.309781,0.166968
0.340512,0.282897,0.000000,0.384893,0.265319,0.293945,0.396850,0.334615,0.289108,0.310837,0.371873,0.291677,0.359654,0.197717,0.325391,0.272975,0.269765,0.141275,0.340942,0.271248,0.307630,0.160442,0.360789,0.389820,0.255155,0.304303,0.250481,0.243137,0.309654,0.218447,0.302566,0.368934,0.331052,0.293529,0.238985,0.263892,0.232294,0.227123,0.181342,0.251784,0.116971,0.205859,0.188055,0.240670,0.277257,0.208051,0.289023,0.276817,0.151266,0.242581,0.207940,0.219106,0.209427,0.187179,0.355084,0.354059,0.308017,0.295616,0.263494,0.331757,0.267371,0.188183,0.347190,0.232953,0.187762,0.179345,0.338026,0.334739,0.341223,0.309655,0.373895,0.332894,0.238207,0.271692,0.264815,0.280909,0.355629,0.349335,0.184409,0.285736,0.309453,0.241804,0.335701,0.324799,0.249210,0.318538,0.334024,0.306225,0.206408,0.275951,0.375345,0.324141,0.325085,0.330441,0.217176,0.246314,0.353417,0.359609,0.377365,0.344273,0.373663,0.307318,0.354907,0.330438,0.237553,0.257335,0.222619,0.297700,0.163042,0.301119,0.323118,0.327056,0.297335,0.320096,0.242594,0.179291
0.300566,0.248807,0.384893,0.000000,0.266162,0.305937,0.385009,0.300120,0.239562,0.294511,0.371487,0.243633,0.375095,0.140062,0.314811,0.234074,0.302993,0.082430,0.323062,0.219466,0.312171,0.161367,0.345807,0.387435,0.250133,0.325437,0.279525,0.278982,0.340738,0.167090,0.320867,0.378349,0.315078,0.260691,0.241979,0.240387,0.244599,0.187067,0.167796,0.248150,0.129756,0.175998,0.150421,0.216434,0.247527,0.190180,0.244098,0.238196,0.096505,0.227286,0.158806,0.190406,0.143621,0.176598,0.311486,0.358647,0.274668,0.269062,0.218675,0.298233,0.224697,0.153807,0.319985,0.187324,0.167236,0.162323,0.310045,0.310630,0.298086,0.271034,0.364196,0.357920,0.273616,0.239049,0.234058,0.253308,0.329392,0.344604,0.183508,0.325692,0.277338,0.201885,0.317466,0.329983,0.182170,0.306823,0.298204,0.324269,0.119981,0.335981,0.356885,0.311264,0.287823,0.356275,0.234368,0.251795,0.339412,0.358738,0.353279,0.303207,0.343254,0.350576,0.332330,0.352421,0.217767,0.279474,0.169419,0.321317,0.173927,0.304375,0.301877,0.298179,0.257457,0.305730,0.223567,0.158483
0.115247,0.045262,0.265319,0.266162,0.000000,0.364751,0.288878,0.115736,0.299481,0.334664,0.237478,0.083766,0.294900,-0.022780,0.313363,0.123867,0.256703,-0.029193,0.127762,0.035245,0.212359,0.154167,0.158098,0.257423,0.139880,0.274656,0.330598,0.321828,0.271021,0.014191,0.272534,0.251950,0.143945,0.076308,0.111615,0.085849,0.155164,-0.003721,0.063444,0.214892,0.047062,0.091750,-0.042822,0.001990,0.050282,-0.018032,0.066017,0.039729,-0.072317,0.024945,-0.027359,-0.016829,0.003698,-0.039349,0.200366,0.219840,0.081967,0.074993,0.021244,0.136958,0.039733,-0.009145,0.197400,0.043065,-0.004807,-0.009865,0.132080,0.121249,0.146285,0.085525,0.240421,0.277367,0.259413,0.084020,0.208148,0.191746,0.232648,0.261351,0.115722,0.163577,0.161580,0.033367,0.195790,0.223789,0.016109,0.114668,0.295547,0.330044,0.002809,0.267957,0.214090,0.114206,0.109847,0.195992,0.046607,0.074281,0.149606,0.194315,0.225697,0.144504,0.247779,0.296928,0.293225,0.315177,0.023102,0.111939,0.058279,0.276440,0.024006,0.097426,0.096847,0.102959,0.089701,0.132137,0.017167,0.065082
0.125119,0.040041,0.293945,0.305937,0.364751,0.000000,0.321419,0.122605,0.276730,0.339374,0.262018,0.073436,0.332930,-0.045216,0.327639,0.119425,0.282397,-0.068331,0.142642,0.026377,0.273221,0.182454,0.173752,0.287338,0.142227,0.308235,0.344264,0.350028,0.328333,-0.002736,0.295974,0.286448,0.154609,0.074793,0.113778,0.092096,0.206826,0.004767,0.103435,0.241085,0.092857,0.096223,-0.055297,0.009270,0.047506,-0.018182,0.081249,0.048978,-0.099701,0.026946,-0.041735,-0.022420,-0.020533,-0.036658,0.219217,0.248804,0.088835,0.074929,0.020080,0.129599,0.041483,-0.010373,0.201403,0.028061,-0.010161,-0.008010,0.139102,0.134002,0.154832,0.082082,0.292067,0.327620,0.313875,0.097986,0.217878,0.226028,0.259358,0.295134,0.102974,0.205976,0.160890,0.019678,0.213437,0.252265,0.009927,0.133749,0.287785,0.357927,-0.024266,0.317663,0.245887,0.119186,0.121992,0.220237,0.114353,0.127362,0.183020,0.242912,0.243041,0.147276,0.250254,0.331957,0.296097,0.339857,0.028212,0.126346,0.040573,0.293407,0.064972,0.133630,0.103506,0.107831,0.089628,0.154293,0.036510,0.070318
0.315570,0.247572,0.396850,0.385009,0.288878,0.321419,0.000000,0.309768,0.293382,0.321618,0.369548,0.258440,0.371589,0.151791,0.318350,0.225949,0.279518,0.094949,0.322453,0.234441,0.294450,0.131419,0.337557,0.381730,0.219118,0.296168,0.272682,0.265494,0.324631,0.170501,0.313371,0.367040,0.317629,0.265732,0.223171,0.230940,0.212210,0.171451,0.162886,0.233693,0.099182,0.164706,0.138743,0.201152,0.239240,0.172159,0.251141,0.232965,0.101180,0.209976,0.159422,0.174915,0.168037,0.150340,0.333093,0.341689,0.280292,0.266700,0.226320,0.304787,0.241674,0.165868,0.337190,0.201594,0.144214,0.135858,0.308545,0.301668,0.313413,0.272697,0.369051,0.350075,0.268821,0.246994,0.259162,0.282051,0.341985,0.340764,0.163147,0.283383,0.281182,0.192965,0.310496,0.310491,0.199569,0.279263,0.321832,0.316201,0.156759,0.292495,0.364555,0.302901,0.296135,0.328417,0.223559,0.236653,0.346916,0.352718,0.370341,0.320106,0.364329,0.337449,0.364043,0.356596,0.215585,0.251338,0.185109,0.315276,0.165978,0.291341,0.295121,0.297049,0.270276,0.309014,0.217939,0.176438
0.394652,0.387871,0.334615,0.300120,0.115736,0.122605,0.309768,0.000000,0.240637,0.231724,0.316912,0.382331,0.241619,0.339191,0.197215,0.309100,0.147426,0.277510,0.381079,0.378153,0.175833,0.051541,0.378017,0.326097,0.229263,0.166371,0.083899,0.058581,0.163362,0.329836,0.208150,0.293726,0.361528,0.373670,0.238468,0.282084,0.116562,0.294252,0.127971,0.135325,0.025837,0.188970,0.296193,0.316937,0.355943,0.317016,0.321326,0.334757,0.306822,0.336922,0.338463,0.341326,0.324487,0.310404,0.309951,0.298927,0.370350,0.384679,0.372885,0.389366,0.371333,0.336090,0.337506,0.344829,0.274569,0.280308,0.364794,0.361498,0.366250,0.384814,0.303684,0.216421,0.070192,0.322178,0.217618,0.229597,0.291028,0.265666,0.187323,0.247010,0.308398,0.333416,0.294131,0.249836,0.338101,0.350137,0.241730,0.143850,0.311910,0.137832,0.324897,0.369782,0.363628,0.302570,0.201851,0.224459,0.344469,0.296307,0.334638,0.375148,0.340660,0.179392,0.276574,0.208212,0.325195,0.268597,0.275425,0.193440,0.160930,0.324622,0.372292,0.383180,0.359769,0.325929,0.308581,0.190723
0.233855,0.185756,0.289108,0.239562,0.299481,0.276730,0.293382,0.240637,0.000000,0.358277,0.249478,0.235180,0.238484,0.161847,0.285511,0.227824,0.155064,0.141107,0.222982,0.187873,0.151494,0.109034,0.232056,0.263372,0.167986,0.191332,0.208800,0.183964,0.191755,0.164915,0.234070,0.238595,0.232273,0.205090,0.132392,0.155867,0.096725,0.110647,0.058855,0.174862,-0.022729,0.119040,0.094245,0.113514,0.164554,0.089965,0.170919,0.146238,0.098648,0.129843,0.134891,0.124939,0.167219,0.068077,0.262761,0.229755,0.200184,0.204575,0.182063,0.252307,0.193925,0.150039,0.273869,0.218988,0.087487,0.084244,0.224045,0.210608,0.255063,0.213258,0.281082,0.231797,0.156628,0.205904,0.233922,0.238778,0.253688,0.257521,0.133677,0.134828,0.219479,0.166460,0.221510,0.209238,0.178336,0.193437,0.295612,0.237847,0.173324,0.150971,0.243775,0.201261,0.220943,0.203367,0.058415,0.083305,0.207683,0.203120,0.271478,0.259320,0.290637,0.202102,0.300252,0.252506,0.150701,0.148916,0.136129,0.218793,0.025601,0.152210,0.182472,0.207609,0.199915,0.194627,0.108031,0.105647
0.217714,0.159928,0.310837,0.294511,0.334664,0.339374,0.321618,0.231724,0.358277,0.000000,0.271588,0.202341,0.300650,0.104861,0.313156,0.227022,0.224062,0.082573,0.212213,0.144952,0.217531,0.151436,0.239425,0.300504,0.194650,0.263597,0.273970,0.270271,0.251658,0.132114,0.281388,0.283025,0.217086,0.172123,0.137238,0.157557,0.154071,0.095749,0.068624,0.208588,0.014574,0.134639,0.054477,0.091822,0.145512,0.073620,0.156197,0.132832,0.043522,0.120047,0.091428,0.100349,0.111814,0.058120,0.250173,0.264362,0.171776,0.186273,0.143389,0.236509,0.163738,0.139466,0.255181,0.166875,0.094129,0.107851,0.213390,0.208438,0.226324,0.186024,0.304126,0.286799,0.214077,0.188831,0.241207,0.236021,0.267615,0.294374,0.151076,0.204961,0.223070,0.140999,0.234053,0.241510,0.131630,0.207607,0.301510,0.301082,0.106295,0.243384,0.272381,0.210702,0.213343,0.248226,0.085070,0.109408,0.215360,0.236515,0.281527,0.245586,0.297913,0.279126,0.319893,0.309150,0.120551,0.165047,0.130145,0.266542,0.036283,0.170494,0.182493,0.203937,0.194537,0.209936,0.110092,0.112479
0.332324,0.279973,0.371873,0.371487,0.237478,0.262018,0.369548,0.316912,0.249478,0.271588,0.000000,0.290196,0.376062,0.205206,0.309455,0.252343,0.309056,0.153527,0.344245,0.261001,0.258064,0.141566,0.353661,0.364495,0.215957,0.285838,0.225943,0.207999,0.334022,0.215869,0.321925,0.363553,0.338618,0.297378,0.229739,0.230676,0.219775,0.203386,0.135236,0.221459,0.102318,0.188404,0.199509,0.257269,0.281572,0.252930,0.265795,0.265807,0.157735,0.274478,0.201281,0.230769,0.192672,0.223238,0.308040,0.332661,0.325341,0.306278,0.266632,0.318820,0.285401,0.204896,0.359492,0.244748,0.191173,0.181573,0.327083,0.319645,0.328079,0.308735,0.351590,0.337399,0.254216,0.256634,0.259536,0.265003,0.324262,0.336916,0.232690,0.324044,0.320457,0.245173,0.329051,0.318121,0.230766,0.319059,0.289928,0.275615,0.166841,0.295416,0.367202,0.327259,0.318412,0.352864,0.191498,0.225281,0.348611,0.339946,0.368470,0.320143,0.347682,0.313972,0.316719,0.323755,0.250867,0.300432,0.184782,0.279223,0.144348,0.309763,0.336288,0.326422,0.278582,0.311552,0.247407,0.175277
0.377981,0.385867,0.291677,0.243633,0.083766,0.073436,0.258440,0.382331,0.235180,0.202341,0.290196,0.000000,0.200749,0.379207,0.171828,0.319338,0.122797,0.335400,0.357475,0.380284,0.116537,0.046935,0.358058,0.284922,0.212218,0.133014,0.031915,-0.007763,0.126419,0.362086,0.207117,0.262707,0.346352,0.372674,0.195619,0.255258,0.069731,0.279843,0.060835,0.095690,-0.012008,0.199744,0.311011,0.312282,0.349557,0.325759,0.315677,0.319510,0.336521,0.337677,0.354232,0.353240,0.349129,0.309221,0.276120,0.246212,0.368651,0.387258,0.381258,0.384107,0.377187,0.340920,0.341010,0.381310,0.280910,0.286284,0.341862,0.340938,0.354519,0.383407,0.271926,0.158122,0.031111,0.326897,0.202450,0.220469,0.248031,0.229012,0.211399,0.212681,0.316891,0.352407,0.263811,0.198600,0.358108,0.338078,0.215794,0.095113,0.328554,0.077265,0.285801,0.336873,0.341430,0.249512,0.115179,0.146051,0.296289,0.236100,0.304806,0.359572,0.315341,0.123514,0.251187,0.168835,0.315455,0.245637,0.290704,0.120843,0.083911,0.272771,0.354045,0.373539,0.355742,0.300180,0.302927,0.195107
0.255438,0.181244,0.359654,0.375095,0.294900,0.332930,0.371589,0.241619,0.238484,0.300650,0.376062,0.200749,0.000000,0.092364,0.333379,0.200102,0.342747,0.052486,0.269930,0.159641,0.297047,0.178476,0.296054,0.356795,0.201826,0.332450,0.294999,0.289372,0.371098,0.121634,0.347591,0.366832,0.275211,0.207731,0.195553,0.188613,0.251147,0.128101,0.131412,0.244500,0.129132,0.163723,0.100627,0.170004,0.195423,0.156382,0.203759,0.187982,0.042243,0.187924,0.094110,0.128296,0.097320,0.130788,0.276812,0.320799,0.236400,0.214838,0.163064,0.242742,0.193164,0.122981,0.303372,0.141442,0.134157,0.127959,0.265071,0.260850,0.258983,0.218436,0.343730,0.362978,0.312403,0.192022,0.243729,0.252011,0.311813,0.338311,0.205163,0.316447,0.273958,0.155644,0.294055,0.308620,0.138940,0.256947,0.296067,0.331977,0.073310,0.349495,0.349041,0.264668,0.258581,0.336243,0.172810,0.202636,0.303527,0.327058,0.338625,0.257490,0.322666,0.364740,0.325464,0.364457,0.166994,0.262130,0.131076,0.306326,0.113275,0.258269,0.260667,0.251051,0.208881,0.266345,0.181800,0.147177
0.334857,0.368346,0.197717,0.140062,-0.022780,-0.045216,0.151791,0.339191,0.161847,0.104861,0.205206,0.379207,0.092364,0.000000,0.081680,0.309037,0.028608,0.362524,0.303649,0.369724,0.036539,0.008600,0.305397,0.194347,0.185456,0.043411,-0.069603,-0.114815,0.017909,0.368613,0.109648,0.166347,0.297553,0.351590,0.177695,0.237125,0.012026,0.286542,0.030387,0.030205,-0.038171,0.177427,0.336638,0.311440,0.340088,0.332156,0.290739,0.309518,0.373621,0.329448,0.373900,0.360347,0.362847,0.323001,0.211339,0.162992,0.339669,0.359385,0.374582,0.336765,0.361776,0.340277,0.272720,0.371870,0.305524,0.301812,0.304649,0.304935,0.310268,0.359793,0.180552,0.047658,-0.079586,0.287898,0.134324,0.147140,0.172026,0.144940,0.188793,0.136978,0.273719,0.353890,0.205818,0.125165,0.369493,0.304878,0.134960,-0.013454,0.351257,-0.025585,0.211419,0.296203,0.311295,0.176713,0.069307,0.103559,0.233407,0.152482,0.222956,0.308669,0.238257,0.005150,0.150902,0.049824,0.305581,0.203086,0.275293,0.019933,0.059146,0.228443,0.320849,0.336776,0.323907,0.248211,0.287581,0.161600
0.210922,0.143899,0.325391,0.314811,0.313363,0.327639,0.318350,0.197215,0.285511,0.313156,0.309455,0.171828,0.333379,0.081680,0.000000,0.266843,0.309361,0.086290,0.220881,0.131821,0.308983,0.296168,0.238494,0.297658,0.208649,0.313447,0.257643,0.292078,0.329658,0.151850,0.248537,0.278035,0.188165,0.140125,0.123385,0.151013,0.302463,0.177274,0.194233,0.335859,0.197822,0.257161,0.103825,0.151476,0.176117,0.126863,0.196716,0.187352,0.058921,0.149708,0.097406,0.116545,0.088616,0.081871,0.292708,0.304060,0.188490,0.163393,0.135793,0.222211,0.135574,0.068323,0.266741,0.139612,0.088140,0.092527,0.220935,0.222023,0.247598,0.198675,0.303006,0.295321,0.253738,0.167323,0.225506,0.228469,0.310396,0.313934,0.212965,0.247480,0.293063,0.189542,0.336330,0.353929,0.164451,0.253157,0.351308,0.355394,0.107681,0.288040,0.285109,0.201766,0.206350,0.246262,0.116618,0.195300,0.231278,0.303453,0.285669,0.232304,0.283986,0.262956,0.273071,0.275348,0.065544,0.134621,0.133027,0.274258,0.096032,0.174246,0.195739,0.197979,0.160103,0.170810,0.085161,0.076535
0.308928,0.306607,0.272975,0.234074,0.123867,0.119425,0.225949,0.309100,0.227824,0.227022,0.252343,0.319338,0.200102,0.309037,0.266843,0.000000,0.153973,0.288284,0.286659,0.297131,0.201611,0.221843,0.310686,0.264817,0.266810,0.198022,0.059035,0.073159,0.146222,0.336018,0.156938,0.219861,0.253775,0.278473,0.170875,0.241427,0.200882,0.319219,0.143457,0.220016,0.123798,0.292700,0.287351,0.281452,0.311494,0.276764,0.297546,0.310866,0.286622,0.287435,0.307057,0.304813,0.281906,0.254914,0.280655,0.260466,0.293440,0.303017,0.305089,0.323095,0.284069,0.262091,0.268897,0.298374,0.286005,0.295530,0.304540,0.314861,0.314474,0.328531,0.257370,0.148076,0.035349,0.261967,0.174154,0.185005,0.262217,0.249911,0.238076,0.206523,0.331640,0.356256,0.315690,0.274477,0.346640,0.348684,0.273018,0.179176,0.300655,0.121112,0.264268,0.287997,0.305772,0.226097,0.088354,0.174835,0.237389,0.242369,0.255371,0.309284,0.275778,0.095542,0.204440,0.127757,0.198916,0.160142,0.246157,0.131797,0.081241,0.216393,0.286209,0.305907,0.287718,0.227558,0.206031,0.112402
0.173754,0.111686,0.269765,0.302993,0.256703,0.282397,0.279518,0.147426,0.155064,0.224062,0.309056,0.122797,0.342747,0.028608,0.309361,0.153973,0.000000,0.063955,0.204696,0.094818,0.259679,0.215532,0.209983,0.260477,0.176615,0.322077,0.240534,0.257049,0.361026,0.107907,0.291342,0.282894,0.186671,0.127533,0.106248,0.109379,0.259502,0.085469,0.089683,0.234772,0.160969,0.167838,0.065857,0.134394,0.141136,0.138910,0.143282,0.142808,0.013100,0.152920,0.045102,0.079997,0.029660,0.096393,0.185209,0.250207,0.183932,0.148905,0.093308,0.162123,0.121353,0.059347,0.247703,0.076936,0.095901,0.092646,0.189935,0.185754,0.197736,0.160158,0.264347,0.294530,0.308279,0.153433,0.185888,0.210928,0.257245,0.281087,0.233442,0.324228,0.268877,0.133956,0.259022,0.279673,0.079463,0.199842,0.223547,0.286436,-0.005359,0.310220,0.269289,0.186288,0.167215,0.262104,0.111040,0.164082,0.216814,0.270762,0.255357,0.171621,0.226573,0.304953,0.227793,0.290530,0.071739,0.190496,0.082107,0.224595,0.064008,0.181025,0.185184,0.175885,0.123838,0.174676,0.121058,0.110831
0.286097,0.319910,0.141275,0.082430,-0.029193,-0.068331,0.094949,0.277510,0.141107,0.082573,0.153527,0.335400,0.052486,0.362524,0.086290,0.288284,0.063955,0.000000,0.254275,0.326355,0.004990,0.050909,0.239897,0.118314,0.182032,0.039030,-0.106401,-0.138440,0.006563,0.377927,0.076893,0.101498,0.229268,0.286206,0.080445,0.169999,0.016688,0.263730,-0.015722,0.026030,-0.026360,0.200320,0.320453,0.289489,0.306711,0.319823,0.258601,0.277626,0.363978,0.302507,0.347962,0.328594,0.326586,0.287054,0.148452,0.109301,0.304640,0.313231,0.331629,0.290970,0.322355,0.306804,0.239784,0.340346,0.280151,0.279241,0.256245,0.254616,0.271438,0.321636,0.136601,-0.004171,-0.086520,0.275213,0.105566,0.131295,0.133618,0.099047,0.228400,0.134572,0.293185,0.353753,0.177274,0.100041,0.343869,0.254150,0.101198,-0.042349,0.309271,-0.074698,0.153111,0.240697,0.248286,0.116269,-0.008911,0.050198,0.160239,0.106929,0.168621,0.264911,0.178781,-0.042563,0.095292,0.004291,0.225806,0.140317,0.257893,-0.038298,-0.007884,0.154586,0.257657,0.284524,0.272082,0.174758,0.233808,0.137570
0.389125,0.377347,0.340942,0.323062,0.127762,0.142642,0.322453,0.381079,0.222982,0.212213,0.344245,0.357475,0.269930,0.303649,0.220881,0.286659,0.204696,0.254275,0.000000,0.368347,0.196053,0.061731,0.381303,0.328838,0.207847,0.176988,0.101049,0.080256,0.219769,0.305780,0.228617,0.305568,0.370275,0.367130,0.228336,0.255206,0.138882,0.269586,0.133021,0.145387,0.054533,0.182138,0.279248,0.317040,0.341578,0.316269,0.315186,0.324092,0.278235,0.333315,0.309921,0.322644,0.297339,0.303337,0.306960,0.314752,0.382092,0.382506,0.356790,0.379923,0.353312,0.295126,0.359803,0.328394,0.236479,0.225954,0.356072,0.345295,0.380827,0.381065,0.323430,0.249543,0.137380,0.326797,0.212407,0.252474,0.305249,0.286861,0.188088,0.282691,0.316996,0.316950,0.310315,0.276329,0.308236,0.340003,0.236567,0.167477,0.261883,0.172657,0.328909,0.360038,0.342433,0.311977,0.225736,0.249841,0.356046,0.320955,0.341531,0.361693,0.332911,0.208260,0.274250,0.231264,0.310913,0.275065,0.237343,0.210792,0.189285,0.340056,0.362853,0.371824,0.328472,0.320827,0.290905,0.170175
0.382959,0.394203,0.271248,0.219466,0.035245,0.026377,0.234441,0.378153,0.187873,0.144952,0.261001,0.380284,0.159641,0.369724,0.131821,0.297131,0.094818,0.326355,0.368347,0.000000,0.110585,0.010993,0.346176,0.256418,0.188515,0.083896,-0.009248,-0.044369,0.090593,0.356913,0.142630,0.224849,0.337672,0.374850,0.199589,0.252066,0.055424,0.293101,0.088051,0.070676,-0.006091,0.174888,0.315341,0.318810,0.351342,0.333533,0.313945,0.330643,0.351660,0.340367,0.362629,0.352391,0.358964,0.326449,0.268423,0.235320,0.375155,0.382800,0.383843,0.371016,0.373890,0.340864,0.314551,0.355753,0.276632,0.266295,0.337214,0.327535,0.363477,0.388815,0.243918,0.128970,0.005591,0.325140,0.169743,0.204214,0.249887,0.211329,0.168254,0.192046,0.295138,0.344330,0.255254,0.187893,0.355987,0.316557,0.187025,0.054322,0.341394,0.035996,0.266542,0.330914,0.333934,0.225952,0.165230,0.189190,0.301439,0.235716,0.279931,0.344221,0.287328,0.078191,0.209404,0.117537,0.317248,0.221475,0.280295,0.098307,0.140161,0.291353,0.347562,0.365193,0.341174,0.287896,0.301926,0.170231
0.186040,0.126428,0.307630,0.312171,0.212359,0.273221,0.294450,0.175833,0.151494,0.217531,0.258064,0.116537,0.297047,0.036539,0.308983,0.201611,0.259679,0.004990,0.196053,0.110585,0.000000,0.260073,0.224777,0.288094,0.241775,0.315865,0.244108,0.293450,0.298057,0.097111,0.191198,0.265347,0.169060,0.124984,0.182700,0.214391,0.326496,0.199584,0.261467,0.316384,0.252667,0.247232,0.100312,0.159760,0.173160,0.100405,0.218457,0.212295,0.035085,0.125925,0.092118,0.103800,0.075678,0.088728,0.297017,0.320137,0.153767,0.126956,0.105481,0.171047,0.089962,0.017551,0.200369,0.055450,0.109042,0.097196,0.219564,0.230446,0.207644,0.165332,0.284752,0.279093,0.255387,0.162409,0.190656,0.192013,0.304881,0.293225,0.108132,0.245726,0.220259,0.141522,0.295692,0.316241,0.139734,0.236252,0.284412,0.316637,0.090959,0.291096,0.287442,0.200715,0.202916,0.229138,0.221619,0.275951,0.254798,0.331540,0.263925,0.213598,0.250614,0.254932,0.238492,0.245185,0.069693,0.121704,0.136268,0.267364,0.181742,0.209745,0.191749,0.185309,0.154157,0.186348,0.120381,0.075581
0.065446,0.030096,0.160442,0.161367,0.154167,0.182454,0.131419,0.051541,0.109034,0.151436,0.141566,0.046935,0.178476,0.008600,0.296168,0.221843,0.215532,0.050909,0.061731,0.010993,0.260073,0.000000,0.087006,0.130003,0.194395,0.258167,0.123764,0.189786,0.214542,0.101736,0.099137,0.122746,0.017243,0.001372,0.004484,0.067868,0.337483,0.186678,0.171026,0.322830,0.276540,0.285156,0.103523,0.122670,0.101373,0.087267,0.141098,0.148119,0.035488,0.072289,0.059456,0.068484,0.018871,0.041180,0.164672,0.186836,0.059386,0.036875,0.044905,0.081808,0.021192,-0.017687,0.103200,0.033523,0.072874,0.096664,0.106094,0.131485,0.105720,0.078251,0.159593,0.145255,0.152162,0.075465,0.112592,0.120228,0.189557,0.196442,0.167186,0.156862,0.205838,0.158777,0.228360,0.265839,0.119356,0.190675,0.212023,0.244216,0.036127,0.194432,0.139851,0.083599,0.091778,0.123300,-0.002020,0.107981,0.060459,0.188190,0.122521,0.109205,0.113420,0.115924,0.084000,0.099233,-0.069730,0.004833,0.061988,0.135125,0.000168,0.024433,0.070219,0.072117,0.048892,0.025909,-0.018273,-0.024189
0.379941,0.362110,0.360789,0.345807,0.158098,0.173752,0.337557,0.378017,0.232056,0.239425,0.353661,0.358058,0.296054,0.305397,0.238494,0.310686,0.209983,0.239897,0.381303,0.346176,0.224777,0.087006,0.000000,0.366562,0.273489,0.234585,0.151482,0.119693,0.227696,0.300067,0.271290,0.340571,0.378720,0.367302,0.275256,0.296892,0.149057,0.265880,0.122092,0.164509,0.050964,0.193700,0.273170,0.302789,0.341301,0.295361,0.310825,0.317861,0.259681,0.321664,0.300274,0.311975,0.289430,0.287462,0.315701,0.321298,0.365922,0.371113,0.341295,0.372354,0.340948,0.278167,0.355908,0.313913,0.284001,0.262726,0.372361,0.368264,0.364545,0.370079,0.336972,0.256931,0.137261,0.310193,0.215303,0.251518,0.306142,0.300080,0.208785,0.286970,0.322537,0.312665,0.316409,0.273895,0.315541,0.353121,0.264733,0.204992,0.268082,0.201929,0.348607,0.365151,0.353815,0.328706,0.206695,0.224678,0.355824,0.314259,0.348343,0.360538,0.352408,0.235587,0.301851,0.261556,0.315701,0.299083,0.264131,0.218286,0.159283,0.332066,0.370331,0.378775,0.344478,0.351481,0.314989,0.197991
0.322996,0.275135,0.389820,0.387435,0.257423,0.287338,0.381730,0.326097,0.263372,0.300504,0.364495,0.284922,0.356795,0.194347,0.297658,0.264817,0.260477,0.118314,0.328838,0.256418,0.288094,0.130003,0.366562,0.000000,0.256142,0.307702,0.263255,0.243595,0.298149,0.198053,0.318416,0.383673,0.333491,0.294972,0.264344,0.266946,0.199437,0.195161,0.153518,0.224082,0.086380,0.177365,0.160632,0.209362,0.256587,0.190887,0.251562,0.245057,0.127999,0.232879,0.185376,0.204351,0.188875,0.184191,0.326263,0.341434,0.290901,0.291586,0.243186,0.317554,0.250479,0.189515,0.326851,0.222608,0.203285,0.195556,0.324562,0.323404,0.318995,0.294581,0.360429,0.330676,0.232603,0.254805,0.240752,0.264906,0.328410,0.340410,0.175595,0.287758,0.278479,0.221264,0.314703,0.302930,0.222763,0.314364,0.316854,0.305766,0.185434,0.293462,0.359561,0.313924,0.312496,0.333993,0.215709,0.231168,0.340613,0.333730,0.353796,0.315480,0.361443,0.316403,0.347583,0.335805,0.249840,0.276795,0.215838,0.291856,0.152860,0.300058,0.315260,0.315917,0.287276,0.327068,0.252380,0.176680
0.226691,0.217665,0.255155,0.250133,0.139880,0.142227,0.219118,0.229263,0.167986,0.194650,0.215957,0.212218,0.201826,0.185456,0.208649,0.266810,0.176615,0.182032,0.207847,0.188515,0.241775,0.194395,0.273489,0.256142,0.000000,0.305508,0.172514,0.156861,0.161933,0.226975,0.199781,0.242318,0.240942,0.234979,0.246780,0.301413,0.191484,0.239113,0.087210,0.195605,0.084629,0.208861,0.243744,0.249253,0.249377,0.184042,0.242132,0.262827,0.168682,0.201602,0.223917,0.210693,0.192527,0.180244,0.219850,0.243573,0.212306,0.214353,0.199764,0.223172,0.183669,0.125479,0.210553,0.158803,0.299007,0.267146,0.305827,0.316064,0.221985,0.234668,0.248960,0.184547,0.103217,0.224705,0.138517,0.170935,0.229598,0.241963,0.192330,0.231602,0.257364,0.253280,0.227287,0.203994,0.244887,0.273540,0.198006,0.180380,0.180106,0.167211,0.248961,0.256345,0.252038,0.244905,0.074269,0.119785,0.205539,0.207861,0.228297,0.255970,0.229023,0.167573,0.195244,0.177001,0.186434,0.217048,0.193794,0.153417,0.035748,0.184999,0.234863,0.250076,0.234712,0.239917,0.218090,0.105708
0.172715,0.113989,0.304303,0.325437,0.274656,0.308235,0.296168,0.166371,0.191332,0.263597,0.285838,0.133014,0.332450,0.043411,0.313447,0.198022,0.322077,0.039030,0.176988,0.083896,0.315865,0.258167,0.234585,0.307702,0.305508,0.000000,0.299349,0.304774,0.324811,0.108038,0.311467,0.323212,0.201456,0.149610,0.174900,0.197813,0.276075,0.128221,0.105629,0.266387,0.155865,0.188416,0.098382,0.146553,0.154468,0.102429,0.174307,0.170986,0.010063,0.128157,0.071036,0.090415,0.055676,0.078164,0.220936,0.273715,0.153839,0.137933,0.094892,0.170992,0.102215,0.036773,0.222947,0.066902,0.162026,0.154895,0.235791,0.247294,0.180410,0.152931,0.297021,0.315627,0.280875,0.159408,0.193958,0.205553,0.267116,0.305163,0.199679,0.295202,0.249739,0.146701,0.248519,0.272377,0.116165,0.235542,0.257889,0.316433,0.036167,0.321357,0.284069,0.197996,0.192694,0.267040,0.084318,0.135642,0.206545,0.261648,0.259704,0.200963,0.247985,0.307115,0.256254,0.301949,0.086569,0.199271,0.121495,0.245473,0.031609,0.165273,0.186277,0.182823,0.155283,0.203080,0.137946,0.106463
0.086663,0.017186,0.250481,0.279525,0.330598,0.344264,0.272682,0.083899,0.208800,0.273970,0.225943,0.031915,0.294999,-0.069603,0.257643,0.059035,0.240534,-0.106401,0.101049,-0.009248,0.244108,0.123764,0.151482,0.263255,0.172514,0.299349,0.000000,0.349952,0.278039,-0.055760,0.278863,0.268444,0.150198,0.071504,0.193318,0.142130,0.155897,-0.028072,0.061861,0.192912,0.040551,0.035230,-0.050800,-0.004462,0.033029,-0.041053,0.042762,0.023402,-0.123837,0.009490,-0.056955,-0.047781,-0.039091,-0.046586,0.179745,0.219243,0.059414,0.046460,-0.010449,0.089174,0.006793,-0.054439,0.147529,-0.026216,0.020677,0.003358,0.138731,0.134565,0.113784,0.050628,0.238008,0.290115,0.286483,0.051848,0.179728,0.174459,0.216747,0.264843,0.079722,0.171498,0.097862,-0.027497,0.158882,0.197719,-0.030922,0.098070,0.233193,0.307850,-0.046975,0.316599,0.210721,0.098885,0.102632,0.222134,0.089619,0.089917,0.151163,0.182962,0.205508,0.097348,0.209293,0.317486,0.254960,0.311871,0.065649,0.175411,0.005458,0.288626,0.045052,0.125741,0.091733,0.079679,0.052951,0.149757,0.033936,0.029707
0.059195,-0.015346,0.243137,0.278982,0.321828,0.350028,0.265494,0.058581,0.183964,0.270271,0.207999,-0.007763,0.289372,-0.114815,0.292078,0.073159,0.257049,-0.138440,0.080256,-0.044369,0.293450,0.189786,0.119693,0.243595,0.156861,0.304774,0.349952,0.000000,0.294115,-0.064810,0.226590,0.236779,0.086500,0.008685,0.135938,0.102301,0.237689,0.009420,0.151710,0.261611,0.147449,0.092736,-0.076817,-0.015950,0.009968,-0.064500,0.043612,0.023921,-0.150970,-0.024002,-0.087326,-0.066047,-0.088699,-0.080253,0.186767,0.233046,0.022733,0.004917,-0.045894,0.063997,-0.038687,-0.091996,0.115833,-0.061560,-0.024580,-0.022926,0.099542,0.105057,0.085551,0.022934,0.225173,0.286472,0.290483,0.025837,0.171077,0.153421,0.220291,0.250053,0.070692,0.184502,0.108203,-0.025276,0.192609,0.243533,-0.042592,0.096766,0.253814,0.350059,-0.068999,0.323623,0.205690,0.087669,0.078842,0.200260,0.129618,0.148658,0.148251,0.223167,0.194116,0.093410,0.198024,0.309321,0.241034,0.297256,-0.013324,0.096414,0.000167,0.300476,0.090631,0.110795,0.066369,0.054763,0.040233,0.119618,-0.003239,0.028184
0.186659,0.115075,0.309654,0.340738,0.271021,0.328333,0.324631,0.163362,0.191755,0.251658,0.334022,0.126419,0.371098,0.017909,0.329658,0.146222,0.361026,0.006563,0.219769,0.090593,0.298057,0.214542,0.227696,0.298149,0.161933,0.324811,0.278039,0.294115,0.000000,0.079621,0.317712,0.320719,0.212324,0.138563,0.123148,0.114955,0.277062,0.091296,0.131861,0.247724,0.178110,0.146586,0.051442,0.132956,0.139594,0.118355,0.161741,0.138579,-0.017960,0.140567,0.034076,0.078386,0.020461,0.083072,0.227821,0.280401,0.190402,0.154216,0.104747,0.176168,0.127325,0.047057,0.262289,0.086944,0.056033,0.055243,0.199942,0.196479,0.211536,0.157936,0.320477,0.358560,0.349548,0.154461,0.211580,0.231741,0.284517,0.314616,0.208078,0.320510,0.244287,0.111209,0.264733,0.308040,0.071699,0.213300,0.237635,0.315533,-0.014540,0.347592,0.294630,0.192374,0.179735,0.284080,0.169749,0.206619,0.251980,0.311981,0.284825,0.190703,0.250845,0.340719,0.255517,0.326037,0.093461,0.206702,0.061016,0.272052,0.117340,0.222257,0.195782,0.179871,0.132623,0.190929,0.118914,0.089652
0.333274,0.355301,0.218447,0.167090,0.014191,-0.002736,0.170501,0.329836,0.164915,0.132114,0.215869,0.362086,0.121634,0.368613,0.151850,0.336018,0.107907,0.377927,0.305780,0.356913,0.097111,0.101736,0.300067,0.198053,0.226975,0.108038,-0.055760,-0.064810,0.079621,0.000000,0.119700,0.170950,0.273656,0.319294,0.126040,0.215702,0.087741,0.311390,0.055657,0.091620,0.031099,0.238008,0.334651,0.320382,0.342284,0.338506,0.302412,0.322992,0.364714,0.328969,0.361071,0.353663,0.334023,0.310276,0.216044,0.185371,0.337621,0.345367,0.358496,0.335210,0.345029,0.320995,0.280410,0.350793,0.304858,0.307978,0.305801,0.307432,0.315396,0.359340,0.206901,0.078005,-0.040111,0.303928,0.137047,0.162722,0.206608,0.169664,0.247269,0.200451,0.335859,0.384005,0.252567,0.184408,0.370457,0.317058,0.165867,0.033270,0.326730,0.000875,0.222622,0.293138,0.295089,0.175470,0.075302,0.139026,0.233996,0.192699,0.228603,0.312749,0.236005,0.020156,0.149989,0.061221,0.248685,0.167371,0.285603,0.030409,0.068285,0.230021,0.311198,0.330317,0.317430,0.228110,0.265845,0.155226
0.219139,0.167176,0.302566,0.320867,0.272534,0.295974,0.313371,0.208150,0.234070,0.281388,0.321925,0.207117,0.347591,0.109648,0.248537,0.156938,0.291342,0.076893,0.228617,0.142630,0.191198,0.099137,0.271290,0.318416,0.199781,0.311467,0.278863,0.226590,0.317712,0.119700,0.000000,0.362858,0.282662,0.219528,0.163618,0.152766,0.121011,0.039355,-0.031755,0.119655,-0.006091,0.072871,0.071580,0.118926,0.152615,0.124160,0.149906,0.114732,0.027247,0.157448,0.076847,0.106945,0.094436,0.103864,0.184912,0.226034,0.214586,0.211838,0.149474,0.219050,0.187264,0.127613,0.285074,0.152755,0.142312,0.129402,0.232387,0.226774,0.213098,0.189772,0.313768,0.319229,0.269008,0.184316,0.210290,0.238730,0.237556,0.293112,0.205291,0.283150,0.228729,0.120622,0.186732,0.190569,0.102873,0.202622,0.214898,0.255640,0.036753,0.283124,0.282177,0.210795,0.205583,0.283990,0.056932,0.060994,0.227986,0.215968,0.280847,0.215831,0.273589,0.329713,0.304409,0.350574,0.174535,0.275602,0.116695,0.216418,-0.014766,0.201378,0.217977,0.222341,0.190474,0.246611,0.187143,0.156799
0.295613,0.246749,0.368934,0.378349,0.251950,0.286448,0.367040,0.293726,0.238595,0.283025,0.363553,0.262707,0.366832,0.166347,0.278035,0.219861,0.282894,0.101498,0.305568,0.224849,0.265347,0.122746,0.340571,0.383673,0.242318,0.323212,0.268444,0.236779,0.320719,0.170950,0.362858,0.000000,0.328152,0.280510,0.226906,0.229856,0.188809,0.151670,0.103232,0.194200,0.066497,0.141239,0.142741,0.197786,0.230622,0.185581,0.231544,0.216737,0.098356,0.218846,0.156096,0.182420,0.162079,0.175412,0.282682,0.316847,0.274145,0.272475,0.221224,0.290299,0.238535,0.172158,0.318560,0.197407,0.185116,0.175291,0.305467,0.303433,0.287280,0.266135,0.352201,0.343769,0.263770,0.240664,0.238247,0.256278,0.309064,0.336143,0.182657,0.303285,0.264260,0.190949,0.273425,0.269475,0.184088,0.289151,0.275247,0.288130,0.127163,0.304739,0.347642,0.293488,0.284354,0.333289,0.178032,0.183891,0.317185,0.310724,0.341860,0.291914,0.335208,0.335426,0.333490,0.348828,0.235627,0.293190,0.181177,0.272846,0.102370,0.277597,0.293994,0.294527,0.266099,0.310986,0.250582,0.183141
0.365227,0.354417,0.331052,0.315078,0.143945,0.154609,0.317629,0.361528,0.232273,0.217086,0.338618,0.346352,0.275211,0.297553,0.188165,0.253775,0.186671,0.229268,0.370275,0.337672,0.169060,0.017243,0.378720,0.333491,0.240942,0.201456,0.150198,0.086500,0.212324,0.273656,0.282662,0.328152,0.000000,0.388976,0.286929,0.291906,0.079261,0.214546,0.059630,0.095091,-0.022232,0.115716,0.269104,0.298230,0.327593,0.288584,0.293462,0.294477,0.246017,0.313168,0.289786,0.294694,0.291186,0.285584,0.282886,0.287960,0.367202,0.369063,0.335498,0.351702,0.344229,0.277796,0.354687,0.311628,0.269044,0.237451,0.371906,0.357923,0.355053,0.355394,0.322715,0.264253,0.144978,0.309506,0.216250,0.244649,0.287730,0.288778,0.181772,0.278301,0.285031,0.280490,0.263147,0.222800,0.284607,0.318337,0.208916,0.148458,0.241510,0.185129,0.328595,0.349236,0.341537,0.323568,0.182485,0.187194,0.342121,0.274483,0.336744,0.342648,0.330046,0.233258,0.289334,0.259284,0.344320,0.330439,0.202881,0.203571,0.130687,0.329419,0.354116,0.357499,0.318954,0.339218,0.307947,0.170925
0.374069,0.382911,0.293529,0.260691,0.076308,0.074793,0.265732,0.373670,0.205090,0.172123,0.297378,0.372674,0.207731,0.351590,0.140125,0.278473,0.127533,0.286206,0.367130,0.374850,0.124984,0.001372,0.367302,0.294972,0.234979,0.149610,0.071504,0.008685,0.138563,0.319294,0.219528,0.280510,0.388976,0.000000,0.271410,0.297641,0.051992,0.255177,0.055024,0.068807,-0.036049,0.131995,0.312063,0.322083,0.347621,0.317492,0.310630,0.322213,0.308651,0.332673,0.341375,0.335149,0.340528,0.320362,0.270662,0.256577,0.376055,0.386167,0.369324,0.363240,0.366103,0.315798,0.335219,0.344054,0.297059,0.275046,0.370791,0.361182,0.357723,0.375843,0.281211,0.196927,0.068488,0.323628,0.194953,0.220180,0.258983,0.249552,0.175522,0.236579,0.284978,0.320254,0.246082,0.189718,0.328415,0.328148,0.179903,0.082754,0.298261,0.110083,0.297958,0.348339,0.346971,0.280824,0.153931,0.173473,0.318516,0.240821,0.308133,0.347470,0.304899,0.150941,0.243773,0.182507,0.352282,0.297519,0.234598,0.143155,0.115796,0.309175,0.357463,0.366579,0.337756,0.322087,0.319370,0.165746
0.229772,0.224174,0.238985,0.241979,0.111615,0.113778,0.223171,0.238468,0.132392,0.137238,0.229739,0.195619,0.195553,0.177695,0.123385,0.170875,0.106248,0.080445,0.228336,0.199589,0.182700,0.004484,0.275256,0.264344,0.246780,0.174900,0.193318,0.135938,0.123148,0.126040,0.163618,0.226906,0.286929,0.271410,0.000000,0.346744,0.086873,0.177247,0.114619,0.124290,0.007582,0.081483,0.193714,0.199278,0.238484,0.155973,0.188414,0.214750,0.138250,0.188277,0.193235,0.175027,0.190350,0.191480,0.242302,0.243429,0.221820,0.223173,0.194639,0.208371,0.188529,0.131505,0.198788,0.148361,0.241091,0.191895,0.300481,0.292131,0.232863,0.230126,0.214851,0.188943,0.100258,0.168539,0.167184,0.142036,0.221480,0.228825,0.082610,0.169490,0.148089,0.158631,0.205603,0.173851,0.186818,0.236735,0.180465,0.142573,0.193084,0.190090,0.249549,0.253222,0.270295,0.264417,0.176339,0.187277,0.257416,0.197454,0.238876,0.219354,0.246362,0.184115,0.206588,0.184002,0.274518,0.267492,0.116211,0.210096,0.147558,0.257139,0.262261,0.239317,0.214418,0.256821,0.213005,0.063203
0.275689,0.270995,0.263892,0.240387,0.085849,0.092096,0.230940,0.282084,0.155867,0.157557,0.230676,0.255258,0.188613,0.237125,0.151013,0.241427,0.109379,0.169999,0.255206,0.252066,0.214391,0.067868,0.296892,0.266946,0.301413,0.197813,0.142130,0.102301,0.114955,0.215702,0.152766,0.229856,0.291906,0.297641,0.346744,0.000000,0.128540,0.259590,0.135855,0.148341,0.039122,0.165905,0.268290,0.271290,0.290917,0.205912,0.283752,0.301900,0.215294,0.232578,0.265763,0.241616,0.267963,0.241965,0.286964,0.276254,0.256951,0.259611,0.253132,0.258302,0.237287,0.184657,0.235353,0.204491,0.294153,0.258669,0.342130,0.343145,0.267312,0.278964,0.238829,0.176202,0.070464,0.231341,0.173190,0.159195,0.247237,0.231745,0.113882,0.178434,0.214537,0.248008,0.235571,0.189134,0.274061,0.290386,0.204670,0.137409,0.265350,0.158750,0.285620,0.302933,0.324252,0.263031,0.159572,0.188209,0.280210,0.232028,0.279311,0.295547,0.276297,0.158471,0.232324,0.176957,0.283913,0.257230,0.203539,0.196005,0.122310,0.242942,0.294404,0.295490,0.270502,0.277849,0.265768,0.114477
0.129020,0.080351,0.232294,0.244599,0.155164,0.206826,0.212210,0.116562,0.096725,0.154071,0.219775,0.069731,0.251147,0.012026,0.302463,0.200882,0.259502,0.016688,0.138882,0.055424,0.326496,0.337483,0.149057,0.199437,0.191484,0.276075,0.155897,0.237689,0.277062,0.087741,0.121011,0.188809,0.079261,0.051992,0.086873,0.128540,0.000000,0.239504,0.287767,0.357955,0.343846,0.283790,0.122878,0.173212,0.148889,0.119688,0.195658,0.207596,0.040314,0.124180,0.082097,0.107099,0.030028,0.093312,0.236791,0.269192,0.115063,0.082617,0.083032,0.128005,0.065020,0.007307,0.140202,0.030042,0.076951,0.102382,0.161088,0.182804,0.157185,0.123610,0.215188,0.221592,0.205953,0.099809,0.147822,0.142104,0.244878,0.241399,0.153173,0.227372,0.220485,0.156272,0.276385,0.321815,0.124994,0.228007,0.231311,0.276900,0.053921,0.268222,0.235542,0.167910,0.165134,0.210367,0.144264,0.246081,0.184033,0.294611,0.208290,0.169672,0.173193,0.194991,0.137664,0.163537,0.015114,0.087339,0.085923,0.220250,0.128889,0.135507,0.154583,0.141634,0.112365,0.116310,0.062121,0.029903
0.291810,0.308072,0.227123,0.187067,-0.003721,0.004767,0.171451,0.294252,0.110647,0.095749,0.203386,0.279843,0.128101,0.286542,0.177274,0.319219,0.085469,0.263730,0.269586,0.293101,0.199584,0.186678,0.265880,0.195161,0.239113,0.128221,-0.028072,0.009420,0.091296,0.311390,0.039355,0.151670,0.214546,0.255177,0.177247,0.259590,0.239504,0.000000,0.247275,0.230504,0.197986,0.306052,0.335030,0.332852,0.331508,0.299698,0.320966,0.355585,0.315073,0.297186,0.338535,0.333324,0.282567,0.295621,0.281877,0.256756,0.281801,0.280915,0.310649,0.292178,0.273176,0.236518,0.213581,0.259238,0.257184,0.276262,0.294847,0.311649,0.285354,0.312595,0.199299,0.098766,-0.010332,0.254191,0.147331,0.131792,0.238993,0.190309,0.170962,0.172092,0.278024,0.343521,0.288358,0.256997,0.343455,0.332862,0.197353,0.096356,0.314697,0.074851,0.242917,0.296910,0.302694,0.206098,0.162028,0.246501,0.251648,0.258941,0.236893,0.306034,0.228955,0.039839,0.124624,0.046803,0.217494,0.149554,0.244430,0.115468,0.161541,0.228249,0.297191,0.303213,0.286584,0.212629,0.230343,0.101058
