0.000000,0.653447,0.796355,0.100224,-0.417734,-0.642355,0.850972,0.736939,-0.504110,0.432696,0.396769,0.270059,0.309162,0.650582,0.583014,-0.150149,-0.501599,0.802572,-0.027051,0.800359,0.041674,0.156216,-0.089819,0.169181,-0.465553,-0.584177,-0.344558,-0.428623,-0.529867,0.587185,-0.372421,0.196191,0.350855,0.611841,0.243071,0.262306,0.002842,-0.547778,0.573711,-0.596702,-0.162598,-0.173832,0.360755,0.385462,0.628284,0.525708,0.696600,-0.085312,0.771853,0.666855,0.823283,0.080285,0.812092,-0.483729,0.804606,-0.528909,0.799352,0.105501,0.813811,-0.095278,0.846420,-0.382936,-0.353479,0.444363,0.124990,0.399331,0.284541,0.431930,0.289500,0.836237,0.566066,-0.418356,-0.368840,0.571889,0.746207,-0.152913,0.488801,-0.145315,0.656602,-0.628375,0.809279,-0.038497,0.572214,-0.628862,0.809237,-0.614089,0.727790,-0.655170,0.764747,-0.706960,0.773990,-0.627132,0.730375,-0.591927,-0.410475,-0.130041,0.681432,-0.541547,0.690048,-0.474285,0.745646,-0.654610,0.754496,-0.696335,0.494338,-0.657253,0.478637,-0.713526,-0.372825,0.051812,0.162739,-0.006534,0.052403,0.205324,-0.178003,-0.370937
0.653447,0.000000,0.632706,0.566523,-0.004131,-0.147370,0.570544,0.696726,-0.071964,0.473259,0.486416,0.580886,0.514966,0.644777,0.463328,0.300917,0.000707,0.464222,0.350196,0.673108,0.284049,0.378737,0.434371,0.523946,0.052098,-0.060888,-0.192639,-0.186033,0.010395,0.440841,0.098457,0.481502,0.737280,0.692477,0.467593,0.432771,0.199975,-0.097323,0.201566,-0.174538,0.051518,0.120966,0.431845,0.498608,0.511375,0.571610,0.400781,0.349670,0.469281,0.575849,0.456480,0.418574,0.378599,0.051591,0.400542,-0.019641,0.774284,0.651835,0.636798,0.431896,0.503595,0.225001,0.110512,0.613465,0.284646,0.589877,0.631469,0.603451,0.685396,0.740226,0.328195,0.104802,0.154395,0.548830,0.348252,0.170112,0.421717,0.319066,0.221629,-0.096460,0.386859,0.384376,0.219294,-0.155344,0.346583,-0.026670,0.250563,-0.141538,0.278244,-0.171563,0.366572,-0.087267,0.493559,-0.043799,-0.023599,0.022540,0.393031,-0.008527,0.409947,0.004362,0.365824,-0.117257,0.326166,-0.173929,0.258711,-0.147297,0.189569,-0.210277,-0.086684,0.191618,0.252487,0.138835,0.144800,0.269841,0.152954,0.076609
0.796355,0.632706,0.000000,0.325624,-0.191988,-0.480309,0.862708,0.828826,-0.317003,0.538977,0.458202,0.456833,0.285111,0.807599,0.501195,0.068295,-0.482686,0.681538,0.083559,0.876854,0.096702,0.216252,0.076131,0.504529,-0.382654,-0.357730,-0.144273,-0.200186,-0.436090,0.574535,-0.124141,0.468748,0.396097,0.763913,0.355389,0.317619,0.076304,-0.402039,0.677783,-0.439636,0.002531,-0.111456,0.420487,0.420877,0.568523,0.384934,0.691411,-0.044702,0.690696,0.520673,0.741253,0.000969,0.688579,-0.488280,0.767685,-0.416250,0.661333,0.117332,0.786749,0.031934,0.810010,-0.248941,-0.216271,0.632644,0.202179,0.482196,0.365219,0.539565,0.271797,0.809798,0.659594,-0.167225,-0.263084,0.625328,0.740622,-0.038618,0.657968,0.021932,0.648698,-0.452169,0.742570,0.029480,0.666966,-0.469718,0.749089,-0.494218,0.742417,-0.540588,0.729784,-0.600965,0.776270,-0.528654,0.769554,-0.505907,-0.233243,0.044517,0.716814,-0.416608,0.779834,-0.297353,0.762205,-0.571626,0.773066,-0.601437,0.544979,-0.558875,0.594766,-0.610549,-0.303187,0.112448,0.312886,0.202661,0.260002,0.340988,-0.079418,-0.307696
0.100224,0.566523,0.325624,0.000000,0.493145,0.408033,0.208226,0.459153,0.536512,0.442065,0.539548,0.710049,0.546755,0.452645,0.238667,0.709563,0.397200,-0.067363,0.719217,0.293607,0.320754,0.493001,0.799731,0.743956,0.358682,0.485326,0.318630,0.403339,0.470010,0.193625,0.640888,0.695473,0.709623,0.552776,0.531908,0.392262,0.445082,0.472957,0.017434,0.403652,0.414961,0.395906,0.439456,0.437956,0.239718,0.222823,0.077024,0.556917,0.057593,0.113421,-0.044609,0.491233,-0.130184,0.390916,-0.059269,0.475679,0.304944,0.703396,0.262992,0.752475,0.110656,0.666860,0.580896,0.627486,0.485089,0.593757,0.681332,0.579448,0.592448,0.244411,0.315446,0.633702,0.526571,0.375963,-0.068400,0.548089,0.435940,0.653094,-0.064344,0.465957,-0.053287,0.551726,0.020277,0.373758,-0.113255,0.479675,-0.142698,0.396443,-0.163413,0.384903,-0.039850,0.444332,0.174496,0.471807,0.481724,0.395078,0.156712,0.499731,0.175949,0.554630,-0.051359,0.400303,-0.069981,0.361175,0.022006,0.360653,-0.020928,0.306990,0.258159,0.349855,0.510613,0.546076,0.450685,0.367117,0.455031,0.368666
-0.417734,-0.004131,-0.191988,0.493145,0.000000,0.749192,-0.292279,-0.085667,0.747311,0.134804,0.254603,0.330327,0.253542,-0.072146,-0.035290,0.627297,0.522023,-0.507996,0.497938,-0.236449,0.321830,0.450765,0.611018,0.422678,0.577255,0.770646,0.448528,0.677327,0.589706,-0.303773,0.694510,0.388620,0.322485,0.073584,0.285289,0.256757,0.381573,0.646894,-0.226949,0.615865,0.570160,0.439112,0.097242,0.142675,-0.056110,-0.081561,-0.329789,0.516206,-0.347964,-0.221144,-0.441634,0.351413,-0.507991,0.561463,-0.425000,0.681877,-0.196294,0.401321,-0.203072,0.593281,-0.343294,0.639523,0.629823,0.123691,0.397806,0.207172,0.398958,0.176505,0.264602,-0.266031,-0.018552,0.723592,0.587544,0.036382,-0.374780,0.539914,0.133683,0.653260,-0.480096,0.654957,-0.451063,0.407216,-0.317526,0.547865,-0.488252,0.677022,-0.405376,0.710524,-0.507221,0.655555,-0.406143,0.693784,-0.220351,0.656536,0.593111,0.348488,-0.178856,0.730397,-0.200054,0.695863,-0.435351,0.643392,-0.445792,0.625805,-0.332793,0.561595,-0.282542,0.620156,0.432663,0.308820,0.337905,0.454281,0.297287,0.084930,0.318144,0.426288
-0.642355,-0.147370,-0.480309,0.408033,0.749192,0.000000,-0.587855,-0.362988,0.814255,-0.045565,0.065449,0.228249,0.182336,-0.334220,-0.297821,0.564962,0.713040,-0.705434,0.480549,-0.508569,0.179735,0.230113,0.574388,0.267986,0.695719,0.850304,0.440659,0.626913,0.779841,-0.421394,0.686469,0.211683,0.177509,-0.193114,0.102808,0.060561,0.315171,0.786120,-0.503002,0.781613,0.451967,0.445054,0.031525,0.004362,-0.256343,-0.228124,-0.510359,0.537861,-0.556026,-0.377981,-0.668530,0.383556,-0.731992,0.720177,-0.693950,0.827714,-0.380339,0.416303,-0.437896,0.654324,-0.613649,0.758476,0.741480,-0.050058,0.293502,0.049406,0.278152,-0.022686,0.238144,-0.470389,-0.324272,0.745446,0.719592,-0.197898,-0.693482,0.501775,-0.133778,0.596445,-0.649502,0.838755,-0.718764,0.472812,-0.514656,0.762649,-0.754408,0.846579,-0.709439,0.857303,-0.769475,0.865742,-0.689608,0.857110,-0.500059,0.844901,0.669496,0.290994,-0.461007,0.828479,-0.452338,0.824767,-0.683400,0.860229,-0.708672,0.843677,-0.419790,0.810974,-0.435529,0.811366,0.438812,0.247755,0.222138,0.371722,0.257120,0.075279,0.408424,0.540506
0.850972,0.570544,0.862708,0.208226,-0.292279,-0.587855,0.000000,0.822079,-0.383042,0.497570,0.459476,0.309362,0.327655,0.737065,0.636892,-0.042053,-0.545128,0.744840,0.033778,0.825580,0.095602,0.219338,-0.017486,0.308153,-0.483961,-0.487189,-0.259015,-0.280238,-0.530919,0.577320,-0.246370,0.322645,0.329070,0.663128,0.341199,0.323931,0.070922,-0.476965,0.673632,-0.536994,-0.056937,-0.163529,0.353280,0.418054,0.594838,0.446718,0.687289,-0.089152,0.739211,0.570542,0.797072,0.026521,0.780291,-0.497218,0.816863,-0.506730,0.689194,0.049459,0.801028,-0.101837,0.876653,-0.339168,-0.339601,0.519987,0.207557,0.465411,0.281304,0.490156,0.172795,0.764246,0.705566,-0.291807,-0.374179,0.610191,0.816455,-0.043703,0.612359,-0.049348,0.670375,-0.576483,0.820332,-0.059288,0.626512,-0.588613,0.817340,-0.579772,0.790251,-0.608217,0.788565,-0.673454,0.822867,-0.584231,0.761540,-0.573390,-0.349516,-0.049918,0.736588,-0.484823,0.757176,-0.421148,0.762153,-0.650304,0.795805,-0.677350,0.503058,-0.663383,0.507997,-0.660141,-0.298316,0.083228,0.255021,0.124729,0.124724,0.231088,-0.135973,-0.362608
0.736939,0.696726,0.828826,0.459153,-0.085667,-0.362988,0.822079,0.000000,-0.202852,0.615570,0.458646,0.562634,0.347940,0.834436,0.552894,0.223443,-0.364636,0.647950,0.160723,0.839226,0.274283,0.323013,0.230326,0.562491,-0.229923,-0.217668,-0.213298,-0.202071,-0.301197,0.593412,-0.012947,0.548755,0.530178,0.787645,0.495457,0.449893,0.172036,-0.283378,0.584131,-0.345697,0.049292,0.015901,0.454773,0.572806,0.536373,0.464187,0.614088,0.154995,0.580017,0.502629,0.673502,0.114102,0.623373,-0.294727,0.695777,-0.285289,0.640002,0.246817,0.818734,0.150678,0.774631,-0.038973,-0.158151,0.675664,0.278078,0.641739,0.485340,0.673776,0.291193,0.759842,0.633024,0.001443,-0.066160,0.704235,0.685371,0.172153,0.679485,0.239634,0.531273,-0.319830,0.663232,0.197975,0.517351,-0.376785,0.635948,-0.320941,0.615293,-0.411825,0.623233,-0.453985,0.717313,-0.349763,0.743571,-0.343146,-0.170877,0.035701,0.683946,-0.234985,0.736900,-0.167424,0.678732,-0.437061,0.668076,-0.473102,0.462101,-0.457096,0.446271,-0.459240,-0.154545,0.133739,0.341677,0.268492,0.272306,0.387320,0.049423,-0.157832
-0.504110,-0.071964,-0.317003,0.536512,0.747311,0.814255,-0.383042,-0.202852,0.000000,0.173409,0.228559,0.341676,0.336778,-0.188273,-0.080333,0.627904,0.666250,-0.575990,0.646146,-0.374147,0.191345,0.410970,0.628218,0.330375,0.536041,0.751282,0.606385,0.747959,0.714678,-0.273931,0.735924,0.386906,0.241621,-0.041186,0.223227,0.115509,0.490059,0.813105,-0.333381,0.765855,0.559059,0.525523,0.190456,0.109571,-0.092310,-0.189271,-0.312580,0.545703,-0.393219,-0.310907,-0.531954,0.395340,-0.585295,0.605539,-0.551186,0.793190,-0.247109,0.440437,-0.307531,0.685573,-0.410003,0.718826,0.792314,0.132957,0.490899,0.181304,0.374257,0.089071,0.310622,-0.385315,-0.033284,0.772076,0.677577,-0.048985,-0.525009,0.621524,0.105171,0.609164,-0.444264,0.773729,-0.544896,0.513040,-0.313398,0.703799,-0.576613,0.760407,-0.560171,0.801277,-0.600384,0.772226,-0.543189,0.789625,-0.338381,0.778745,0.726730,0.439312,-0.275574,0.775877,-0.268707,0.824801,-0.558262,0.765707,-0.549683,0.764197,-0.304138,0.727628,-0.321967,0.696676,0.413350,0.366440,0.414597,0.545954,0.415947,0.152216,0.413707,0.450604
0.432696,0.473259,0.538977,0.442065,0.134804,-0.045565,0.497570,0.615570,0.173409,0.000000,0.431750,0.611802,0.503999,0.665990,0.467108,0.434834,-0.001860,0.458199,0.243395,0.481248,0.187585,0.503054,0.315348,0.477508,-0.081546,0.007589,0.127547,0.037359,0.018557,0.558983,0.199637,0.566963,0.424354,0.629283,0.481127,0.367868,0.550710,0.139219,0.406838,0.026976,0.324127,0.375841,0.619826,0.528481,0.562028,0.311289,0.581722,0.386974,0.480745,0.402273,0.471958,0.239617,0.378842,-0.108512,0.448353,0.096329,0.438315,0.240087,0.580554,0.377717,0.538399,0.145106,0.227640,0.686599,0.582523,0.676645,0.582130,0.585794,0.332392,0.475528,0.601805,0.238776,0.219386,0.708248,0.345537,0.324767,0.700821,0.372368,0.411858,-0.045801,0.402789,0.491421,0.452132,-0.063502,0.401874,-0.040239,0.323699,-0.077160,0.352855,-0.157486,0.424636,-0.062336,0.581641,-0.053971,0.136821,0.170910,0.537448,0.044590,0.604338,0.184486,0.423041,-0.126985,0.420732,-0.141498,0.406235,-0.095455,0.356815,-0.248199,-0.105411,0.436898,0.662559,0.542314,0.536981,0.485562,0.133293,-0.007519
0.396769,0.486416,0.458202,0.539548,0.254603,0.065449,0.459476,0.458646,0.228559,0.431750,0.000000,0.521873,0.713169,0.477105,0.564444,0.455088,0.223690,0.279743,0.445423,0.354400,0.357811,0.555709,0.502542,0.440347,0.163484,0.168125,0.116734,0.167475,0.215929,0.391713,0.382478,0.475227,0.504379,0.469212,0.323541,0.318898,0.399534,0.162845,0.217701,0.054244,0.317001,0.193352,0.359743,0.366406,0.470434,0.335240,0.262785,0.337158,0.420889,0.381949,0.278409,0.451745,0.191937,0.106779,0.230357,0.146735,0.519834,0.451086,0.361284,0.396094,0.361834,0.225135,0.323220,0.483123,0.415694,0.458229,0.458919,0.405645,0.429328,0.349420,0.463771,0.191344,0.113362,0.433537,0.194559,0.249456,0.388893,0.333141,0.202226,0.036138,0.310260,0.283834,0.224758,-0.009213,0.225167,0.074200,0.194155,0.083553,0.134961,-0.004135,0.221324,0.078685,0.314121,0.095325,0.234916,0.383755,0.434519,0.195149,0.322204,0.176978,0.164748,0.044780,0.172869,-0.002322,0.042135,-0.047221,0.075859,-0.044883,0.037871,0.372729,0.448000,0.356637,0.237209,0.231483,0.172808,0.064991
0.270059,0.580886,0.456833,0.710049,0.330327,0.228249,0.309362,0.562634,0.341676,0.611802,0.521873,0.000000,0.421242,0.622421,0.251605,0.651627,0.230384,0.242760,0.484603,0.453700,0.386991,0.454086,0.594844,0.727329,0.250691,0.308218,0.221812,0.210560,0.319201,0.476093,0.534729,0.772409,0.634436,0.655003,0.431230,0.325411,0.433687,0.295570,0.246706,0.220067,0.324346,0.353102,0.483824,0.510722,0.338827,0.270334,0.312547,0.474801,0.207156,0.241555,0.179887,0.316284,0.082118,0.114961,0.194591,0.278132,0.406730,0.571716,0.464565,0.644518,0.316532,0.465464,0.447161,0.764289,0.390132,0.587200,0.645497,0.568138,0.514642,0.419766,0.408426,0.468735,0.437597,0.532686,0.108440,0.390258,0.525658,0.500935,0.182854,0.291525,0.169361,0.594358,0.256832,0.212976,0.112319,0.239744,0.089630,0.173804,0.092140,0.126481,0.188785,0.190629,0.372580,0.210296,0.378296,0.420246,0.402762,0.300949,0.394424,0.396619,0.201180,0.156077,0.165071,0.107974,0.154724,0.116463,0.194839,0.051785,0.147994,0.368391,0.550092,0.546290,0.494228,0.428747,0.301615,0.182402
0.309162,0.514966,0.285111,0.546755,0.253542,0.182336,0.327655,0.347940,0.336778,0.503999,0.713169,0.421242,0.000000,0.370096,0.603822,0.478446,0.397890,0.170217,0.473516,0.182799,0.270887,0.539064,0.566185,0.311509,0.234647,0.204788,0.088210,0.125233,0.336311,0.283717,0.337463,0.341676,0.552447,0.383825,0.381674,0.346706,0.534279,0.327408,-0.030928,0.167787,0.301584,0.321256,0.436469,0.375184,0.456309,0.359797,0.192644,0.503788,0.337298,0.389796,0.173341,0.617914,0.075024,0.308132,0.070303,0.304662,0.464729,0.527251,0.264023,0.508216,0.226817,0.365569,0.442291,0.407586,0.581899,0.547696,0.570248,0.426729,0.507464,0.243776,0.343092,0.290719,0.317368,0.418053,0.013653,0.358414,0.332712,0.468330,0.030525,0.141469,0.143530,0.473980,0.033768,0.108863,0.086884,0.262429,-0.033633,0.240897,-0.056896,0.164914,0.033913,0.265698,0.198657,0.271138,0.247699,0.159758,0.189897,0.314471,0.162973,0.299122,-0.020311,0.216115,0.002315,0.191637,-0.002694,0.159754,-0.055431,0.109044,0.029233,0.432833,0.475619,0.331371,0.222874,0.181145,0.171177,0.180573
0.650582,0.644777,0.807599,0.452645,-0.072146,-0.334220,0.737065,0.834436,-0.188273,0.665990,0.477105,0.622421,0.370096,0.000000,0.530354,0.340129,-0.275965,0.653856,0.082852,0.777375,0.259294,0.305681,0.230711,0.606071,-0.189731,-0.164601,-0.173808,-0.217248,-0.216878,0.673994,0.054090,0.581886,0.536439,0.810776,0.491616,0.425618,0.245939,-0.200269,0.578234,-0.297708,0.101902,0.059736,0.472198,0.553024,0.513169,0.465581,0.623417,0.190579,0.586960,0.513592,0.637677,0.113732,0.569001,-0.288834,0.662168,-0.226290,0.588571,0.217778,0.728089,0.154593,0.705709,-0.024815,-0.061013,0.789487,0.252024,0.617439,0.476156,0.644512,0.265003,0.703491,0.629140,0.049666,-0.021315,0.726346,0.619639,0.100944,0.677062,0.247172,0.524652,-0.275736,0.629571,0.281293,0.551831,-0.313319,0.604551,-0.271951,0.576425,-0.362362,0.573085,-0.423207,0.678331,-0.329784,0.739669,-0.323392,-0.134992,0.069444,0.675937,-0.196829,0.726722,-0.122540,0.658911,-0.403575,0.647535,-0.430535,0.441932,-0.402925,0.453059,-0.448037,-0.178670,0.211973,0.421519,0.315709,0.309577,0.416476,0.038643,-0.129273
0.583014,0.463328,0.501195,0.238667,-0.035290,-0.297821,0.636892,0.552894,-0.080333,0.467108,0.564444,0.251605,0.603822,0.530354,0.000000,0.226634,-0.084615,0.572862,0.147012,0.454188,0.383053,0.401803,0.186004,0.169781,-0.136827,-0.220456,-0.186519,-0.147088,-0.136945,0.527509,-0.050273,0.207526,0.398966,0.452127,0.332121,0.283976,0.400362,-0.120689,0.419347,-0.255794,0.171584,0.098227,0.371752,0.483155,0.601638,0.598958,0.498914,0.260411,0.605383,0.598494,0.554934,0.369321,0.521429,-0.094195,0.535314,-0.154472,0.603062,0.212597,0.518782,0.036592,0.582812,-0.118120,-0.047650,0.363370,0.375439,0.451736,0.335448,0.395549,0.200819,0.449748,0.576671,-0.101674,-0.119096,0.548542,0.505907,0.146871,0.430079,0.165144,0.386262,-0.285187,0.610292,0.207097,0.363185,-0.294649,0.551976,-0.222279,0.461853,-0.216427,0.440507,-0.329680,0.507043,-0.201293,0.515127,-0.232223,-0.061365,0.085223,0.572444,-0.104007,0.477684,-0.168737,0.394596,-0.305404,0.428406,-0.319801,0.193564,-0.382726,0.182597,-0.300536,-0.063173,0.239500,0.319928,0.182288,0.035920,0.047654,-0.063225,-0.097891
-0.150149,0.300917,0.068295,0.709563,0.627297,0.564962,-0.042053,0.223443,0.627904,0.434834,0.455088,0.651627,0.478446,0.340129,0.226634,0.000000,0.587934,-0.157658,0.517673,0.041514,0.442564,0.488950,0.680911,0.616202,0.504835,0.650604,0.311557,0.442922,0.651557,0.206881,0.688519,0.601013,0.561844,0.387332,0.451548,0.322407,0.557877,0.630263,-0.043153,0.513360,0.547518,0.558806,0.389495,0.456644,0.145756,0.183154,-0.047194,0.674716,-0.100787,0.005683,-0.191038,0.463595,-0.281299,0.510214,-0.195706,0.614707,0.096716,0.557882,0.070022,0.680561,-0.089241,0.701328,0.661570,0.539764,0.457143,0.504100,0.603021,0.464120,0.377307,0.006882,0.144869,0.717252,0.633468,0.316501,-0.210822,0.613473,0.341272,0.732547,-0.208473,0.606728,-0.184154,0.687084,-0.056222,0.507902,-0.266572,0.625816,-0.271085,0.585594,-0.329337,0.529061,-0.180481,0.591412,0.044978,0.576200,0.567346,0.435002,0.107062,0.675386,0.063872,0.670431,-0.203399,0.520196,-0.223254,0.498344,-0.101034,0.482043,-0.136725,0.458000,0.398339,0.459492,0.519346,0.595341,0.443274,0.341936,0.462189,0.461862
-0.501599,0.000707,-0.482686,0.397200,0.522023,0.713040,-0.545128,-0.364636,0.666250,-0.001860,0.223690,0.230384,0.397890,-0.275965,-0.084615,0.587934,0.000000,-0.477968,0.450390,-0.493907,0.280102,0.289741,0.576753,0.145116,0.724340,0.699394,0.357818,0.421191,0.848786,-0.177386,0.627637,0.154359,0.289477,-0.149061,0.048832,-0.011264,0.443055,0.758067,-0.542365,0.685376,0.406837,0.526738,0.137625,0.099656,-0.115768,-0.005008,-0.431148,0.598010,-0.382331,-0.157912,-0.570252,0.523872,-0.645754,0.748901,-0.658006,0.768866,-0.152673,0.522308,-0.451813,0.605718,-0.593210,0.710425,0.756517,0.024586,0.292559,0.138181,0.340855,0.045553,0.337688,-0.423202,-0.353415,0.591509,0.669860,-0.139834,-0.698443,0.430786,-0.211568,0.511073,-0.544678,0.748735,-0.599605,0.575280,-0.481119,0.703067,-0.678622,0.805783,-0.732309,0.803062,-0.755598,0.793607,-0.685938,0.794096,-0.474906,0.790415,0.622040,0.323406,-0.417950,0.781717,-0.493661,0.706120,-0.675404,0.805861,-0.706791,0.802481,-0.444188,0.763704,-0.480819,0.737361,0.445841,0.272101,0.177420,0.233052,0.158912,0.000877,0.377037,0.558401
0.802572,0.464222,0.681538,-0.067363,-0.507996,-0.705434,0.744840,0.647950,-0.575990,0.458199,0.279743,0.242760,0.170217,0.653856,0.572862,-0.157658,-0.477968,0.000000,-0.249852,0.692406,0.115525,0.071965,-0.221251,0.077169,-0.463753,-0.630440,-0.383636,-0.551360,-0.532953,0.759022,-0.410639,0.134778,0.187816,0.508118,0.111622,0.119761,0.084024,-0.542114,0.636585,-0.597698,-0.168017,-0.110391,0.337906,0.399366,0.600606,0.543130,0.744385,-0.111267,0.768180,0.680419,0.827687,-0.032109,0.811085,-0.574289,0.829710,-0.578086,0.671547,-0.068398,0.724890,-0.262442,0.792438,-0.502884,-0.425348,0.436456,0.058826,0.341335,0.156414,0.365749,0.057330,0.702829,0.545068,-0.489738,-0.417786,0.575631,0.737718,-0.240261,0.414201,-0.250918,0.732346,-0.652797,0.844029,0.028549,0.645069,-0.603204,0.821778,-0.668138,0.744972,-0.692542,0.792395,-0.765256,0.789113,-0.688782,0.728130,-0.682141,-0.424586,-0.111515,0.715551,-0.585061,0.687687,-0.539415,0.786533,-0.717819,0.770276,-0.742224,0.480277,-0.716000,0.534948,-0.736676,-0.335064,-0.024723,0.115227,-0.052774,0.025989,0.155198,-0.228817,-0.352832
-0.027051,0.350196,0.083559,0.719217,0.497938,0.480549,0.033778,0.160723,0.646146,0.243395,0.445423,0.484603,0.473516,0.082852,0.147012,0.517673,0.450390,-0.249852,0.000000,0.094648,0.158590,0.498534,0.686614,0.431867,0.285693,0.417158,0.484955,0.601641,0.459908,-0.083226,0.598738,0.528430,0.472501,0.248616,0.330126,0.192499,0.368977,0.494793,-0.123357,0.451460,0.407470,0.373990,0.272417,0.237193,0.144791,0.033152,-0.091854,0.425570,-0.062285,-0.035111,-0.205334,0.458392,-0.243410,0.419618,-0.224851,0.500499,0.228582,0.658385,0.082023,0.711934,-0.027717,0.604627,0.638277,0.317452,0.437473,0.316683,0.493499,0.277849,0.599045,0.038068,0.207814,0.556910,0.456891,0.134738,-0.212634,0.547412,0.248374,0.473537,-0.165013,0.493110,-0.187836,0.392034,-0.118462,0.391463,-0.242244,0.480395,-0.254674,0.494444,-0.266306,0.468382,-0.227729,0.508236,-0.073935,0.532399,0.530305,0.399674,-0.008477,0.501137,-0.028558,0.567165,-0.266690,0.487806,-0.256720,0.457149,-0.149286,0.408554,-0.136561,0.394524,0.318692,0.277209,0.377006,0.453637,0.334870,0.115598,0.311075,0.269427
0.800359,0.673108,0.876854,0.293607,-0.236449,-0.508569,0.825580,0.839226,-0.374147,0.481248,0.354400,0.453700,0.182799,0.777375,0.454188,0.041514,-0.493907,0.692406,0.094648,0.000000,0.126004,0.175942,0.033925,0.480684,-0.378956,-0.391034,-0.228582,-0.269540,-0.454416,0.541824,-0.167584,0.472103,0.420827,0.763566,0.350062,0.308834,0.003391,-0.464240,0.633435,-0.503307,-0.060418,-0.106255,0.378997,0.469107,0.518835,0.430157,0.645353,-0.036167,0.626733,0.509747,0.724119,-0.018844,0.694711,-0.449370,0.762056,-0.456067,0.687509,0.152380,0.818048,0.015048,0.795305,-0.215106,-0.275278,0.612761,0.118709,0.468639,0.358195,0.556853,0.267729,0.827982,0.569539,-0.165926,-0.225739,0.611370,0.746155,-0.020172,0.607257,0.020168,0.607012,-0.453972,0.726475,0.040603,0.582591,-0.504976,0.719068,-0.487992,0.706440,-0.561829,0.724299,-0.598352,0.773220,-0.519846,0.760604,-0.502389,-0.291786,-0.013501,0.691744,-0.421796,0.748982,-0.329004,0.757912,-0.576259,0.752571,-0.608043,0.503503,-0.584801,0.521169,-0.591017,-0.226372,0.042347,0.208735,0.134267,0.195213,0.306810,-0.094611,-0.308766
0.041674,0.284049,0.096702,0.320754,0.321830,0.179735,0.095602,0.274283,0.191345,0.187585,0.357811,0.386991,0.270887,0.259294,0.383053,0.442564,0.280102,0.115525,0.158590,0.126004,0.000000,0.404278,0.388970,0.395185,0.536794,0.383645,-0.019048,0.031285,0.368528,0.268267,0.350647,0.370012,0.411487,0.248851,0.335458,0.215841,0.406901,0.242753,0.104389,0.209130,0.251134,0.234790,0.148243,0.443057,0.142655,0.372688,0.028173,0.467241,0.000629,0.215603,0.003479,0.332844,-0.064040,0.331958,0.045895,0.231651,0.222552,0.389289,0.126999,0.234068,0.020333,0.316039,0.195140,0.233898,0.180732,0.361244,0.368137,0.390349,0.144687,0.087981,0.027668,0.319989,0.307819,0.313177,0.006361,0.270975,0.115308,0.455833,-0.108891,0.273759,0.065754,0.404161,-0.000462,0.290922,-0.047859,0.296206,-0.052659,0.252870,-0.089114,0.191699,0.049718,0.280680,0.128159,0.220229,0.365669,0.349828,0.233819,0.394228,0.067699,0.195608,-0.018556,0.179945,-0.065067,0.185171,-0.149235,0.057856,-0.143410,0.292593,0.473976,0.066968,0.126186,0.160486,0.004306,0.012177,0.229250,0.297170
0.156216,0.378737,0.216252,0.493001,0.450765,0.230113,0.219338,0.323013,0.410970,0.503054,0.555709,0.454086,0.539064,0.305681,0.401803,0.488950,0.289741,0.071965,0.498534,0.175942,0.404278,0.000000,0.483393,0.369049,0.208656,0.311152,0.173234,0.315400,0.328969,0.147270,0.396741,0.462283,0.464726,0.336368,0.546529,0.518205,0.531686,0.341398,0.021358,0.203557,0.366507,0.355748,0.242124,0.256160,0.301084,0.193000,0.082119,0.462686,0.164012,0.237921,0.071534,0.427554,-0.005606,0.304445,0.065760,0.361425,0.359930,0.504474,0.222437,0.460055,0.168947,0.386989,0.409769,0.387937,0.464829,0.490844,0.539090,0.430944,0.424326,0.152727,0.330039,0.427474,0.348807,0.415371,0.056984,0.439698,0.367411,0.510896,-0.064979,0.194300,0.051700,0.378556,0.011848,0.125309,0.004284,0.278730,-0.002852,0.318875,-0.044808,0.199641,0.045160,0.297741,0.199565,0.289277,0.309686,0.224419,0.229695,0.406431,0.186082,0.343476,0.013495,0.243462,-0.006968,0.226440,-0.062246,0.149663,-0.084639,0.153343,0.198018,0.424123,0.491613,0.444933,0.248007,0.158094,0.240974,0.207495
-0.089819,0.434371,0.076131,0.799731,0.611018,0.574388,-0.017486,0.230326,0.628218,0.315348,0.502542,0.594844,0.566185,0.230711,0.186004,0.680911,0.576753,-0.221251,0.686614,0.033925,0.388970,0.483393,0.000000,0.621414,0.609148,0.630072,0.325729,0.441504,0.594210,0.002515,0.758954,0.591646,0.665160,0.337692,0.384463,0.303744,0.421428,0.570913,-0.208192,0.512876,0.401278,0.391702,0.267810,0.294694,0.103424,0.150183,-0.145562,0.578910,-0.104247,0.043177,-0.250640,0.520342,-0.318705,0.532938,-0.280120,0.607695,0.172759,0.705172,0.034844,0.745145,-0.124193,0.721336,0.643364,0.407324,0.474382,0.456176,0.608809,0.397948,0.580073,0.053213,0.111837,0.617276,0.591993,0.226090,-0.291121,0.517508,0.181078,0.638613,-0.293722,0.551417,-0.264997,0.542295,-0.227576,0.465680,-0.328145,0.613974,-0.342912,0.574510,-0.391813,0.544491,-0.284861,0.598348,-0.089876,0.598372,0.538091,0.344732,-0.067383,0.625680,-0.098289,0.612240,-0.312397,0.565373,-0.332934,0.520390,-0.241494,0.467723,-0.205663,0.482505,0.312430,0.294334,0.366973,0.401722,0.275670,0.130392,0.318923,0.418216
0.169181,0.523946,0.504529,0.743956,0.422678,0.267986,0.308153,0.562491,0.330375,0.477508,0.440347,0.727329,0.311509,0.606071,0.169781,0.616202,0.145116,0.077169,0.431867,0.480684,0.395185,0.369049,0.621414,0.000000,0.315116,0.429348,0.225294,0.273844,0.277373,0.253445,0.540349,0.789565,0.607578,0.673193,0.505471,0.399083,0.312825,0.250664,0.255476,0.228001,0.373661,0.268685,0.410879,0.470803,0.226780,0.191464,0.210934,0.413701,0.114949,0.125939,0.109516,0.246381,0.004208,0.144837,0.150318,0.272070,0.282039,0.485259,0.363152,0.561103,0.221139,0.467430,0.372817,0.686540,0.381068,0.598954,0.634346,0.627508,0.400375,0.382560,0.286584,0.532540,0.401164,0.455631,0.138436,0.374806,0.529245,0.577413,0.064562,0.328139,0.083955,0.451028,0.207785,0.226497,0.051156,0.282358,0.093655,0.192365,0.048866,0.165367,0.188578,0.225912,0.355437,0.230918,0.365462,0.361547,0.318740,0.326183,0.374254,0.394407,0.177602,0.162163,0.156049,0.131058,0.129408,0.128650,0.182790,0.133095,0.194311,0.249421,0.415104,0.492801,0.472699,0.427031,0.318649,0.172257
-0.465553,0.052098,-0.382654,0.358682,0.577255,0.695719,-0.483961,-0.229923,0.536041,-0.081546,0.163484,0.250691,0.234647,-0.189731,-0.136827,0.504835,0.724340,-0.463753,0.285693,-0.378956,0.536794,0.208656,0.609148,0.315116,0.000000,0.796234,0.219457,0.286381,0.744334,-0.234944,0.631126,0.219279,0.326151,-0.094412,0.084793,0.060634,0.286534,0.617990,-0.464997,0.627776,0.298919,0.361722,0.028577,0.134522,-0.203062,0.012146,-0.446932,0.557479,-0.452942,-0.169531,-0.539174,0.404435,-0.609931,0.697353,-0.571730,0.679453,-0.183012,0.475743,-0.372243,0.516613,-0.567180,0.655671,0.574412,-0.025715,0.158448,0.127649,0.323715,0.105485,0.286351,-0.298947,-0.441324,0.561420,0.643859,-0.088502,-0.606995,0.331080,-0.243532,0.556174,-0.598420,0.696036,-0.579100,0.494971,-0.488499,0.675321,-0.648301,0.755327,-0.639268,0.715898,-0.693921,0.718444,-0.579926,0.731450,-0.412629,0.703363,0.580608,0.280868,-0.382498,0.739167,-0.449849,0.611832,-0.582405,0.719285,-0.637512,0.707123,-0.473983,0.624406,-0.429703,0.728295,0.461588,0.089586,0.023016,0.115685,0.048868,-0.028364,0.270309,0.521922
-0.584177,-0.060888,-0.357730,0.485326,0.770646,0.850304,-0.487189,-0.217668,0.751282,0.007589,0.168125,0.308218,0.204788,-0.164601,-0.220456,0.650604,0.699394,-0.630440,0.417158,-0.391034,0.383645,0.311152,0.630072,0.429348,0.796234,0.000000,0.388280,0.562901,0.792277,-0.329027,0.742210,0.328591,0.288172,-0.051541,0.230036,0.181121,0.348658,0.759193,-0.415550,0.750623,0.462574,0.429971,0.065668,0.102480,-0.243733,-0.171391,-0.471283,0.569299,-0.521221,-0.340217,-0.610342,0.362085,-0.699271,0.712318,-0.617794,0.796373,-0.330405,0.437777,-0.384679,0.625920,-0.564211,0.772033,0.699973,0.066343,0.261425,0.159894,0.353321,0.132554,0.225500,-0.396980,-0.304967,0.781776,0.723668,-0.088551,-0.601461,0.503236,-0.061603,0.686003,-0.612306,0.825352,-0.652948,0.489131,-0.445828,0.753741,-0.701952,0.841119,-0.636332,0.823142,-0.719212,0.824794,-0.593564,0.829004,-0.403261,0.804223,0.675268,0.357955,-0.369816,0.845023,-0.368245,0.790241,-0.596856,0.807413,-0.622748,0.802021,-0.392103,0.745145,-0.406437,0.792563,0.481450,0.255057,0.238030,0.389925,0.271738,0.140545,0.429664,0.541182
-0.344558,-0.192639,-0.144273,0.318630,0.448528,0.440659,-0.259015,-0.213298,0.606385,0.127547,0.116734,0.221812,0.088210,-0.173808,-0.186519,0.311557,0.357818,-0.383636,0.484955,-0.228582,-0.019048,0.173234,0.325729,0.225294,0.219457,0.388280,0.000000,0.764052,0.324514,-0.167611,0.566135,0.352169,-0.058295,-0.003194,-0.072155,-0.173394,0.301370,0.526210,0.008618,0.583179,0.479608,0.407261,0.255914,-0.063756,-0.016396,-0.358527,-0.031209,0.123111,-0.186254,-0.388685,-0.320699,0.039998,-0.353417,0.102818,-0.320608,0.435671,-0.269102,0.093450,-0.254001,0.425919,-0.229517,0.304198,0.565541,0.092465,0.361422,0.031931,0.151806,-0.019747,0.173611,-0.261979,0.119669,0.401933,0.246697,-0.160685,-0.330718,0.332673,0.193235,0.171030,0.013047,0.491234,-0.310897,0.197028,0.076822,0.476481,-0.273464,0.344765,-0.236100,0.431471,-0.259886,0.409243,-0.312359,0.366515,-0.204600,0.381741,0.674285,0.672659,-0.055028,0.358920,-0.080915,0.540535,-0.322937,0.393272,-0.241764,0.413623,-0.089325,0.421472,0.053270,0.300848,0.175106,0.294202,0.388689,0.464713,0.519691,0.127735,0.109911,0.079448
-0.428623,-0.186033,-0.200186,0.403339,0.677327,0.626913,-0.280238,-0.202071,0.747959,0.037359,0.167475,0.210560,0.125233,-0.217248,-0.147088,0.442922,0.421191,-0.551360,0.601641,-0.269540,0.031285,0.315400,0.441504,0.273844,0.286381,0.562901,0.764052,0.000000,0.420020,-0.368095,0.659898,0.343233,0.048813,-0.027690,0.069931,0.029125,0.261289,0.588850,-0.112666,0.601216,0.558382,0.375507,0.088904,-0.070871,-0.096340,-0.355318,-0.258782,0.229610,-0.323304,-0.423698,-0.443797,0.133949,-0.470273,0.318410,-0.425506,0.564439,-0.292161,0.225759,-0.281717,0.497811,-0.299929,0.473764,0.615170,0.057055,0.359531,0.045438,0.191754,-0.012662,0.178951,-0.346713,0.082982,0.569349,0.351784,-0.176540,-0.345560,0.498738,0.165604,0.372278,-0.249652,0.590376,-0.430296,0.170069,-0.158312,0.483905,-0.416709,0.498173,-0.310805,0.605267,-0.395612,0.562447,-0.390863,0.550608,-0.290601,0.545609,0.638018,0.530653,-0.154051,0.549561,-0.167349,0.644757,-0.435856,0.545701,-0.365761,0.548784,-0.214641,0.522114,-0.134229,0.471780,0.304334,0.314674,0.351584,0.495189,0.414935,0.078999,0.210631,0.200629
-0.529867,0.010395,-0.436090,0.470010,0.589706,0.779841,-0.530919,-0.301197,0.714678,0.018557,0.215929,0.319201,0.336311,-0.216878,-0.136945,0.651557,0.848786,-0.532953,0.459908,-0.454416,0.368528,0.328969,0.594210,0.277373,0.744334,0.792277,0.324514,0.420020,0.000000,-0.147907,0.641850,0.227981,0.311688,-0.121801,0.207127,0.085683,0.441268,0.787598,-0.530333,0.732448,0.368296,0.475459,0.103169,0.102960,-0.187656,-0.065495,-0.450902,0.615953,-0.457730,-0.221631,-0.609776,0.489301,-0.703908,0.770412,-0.653377,0.804099,-0.193730,0.558458,-0.400746,0.661495,-0.583246,0.780595,0.758845,0.069938,0.258733,0.147232,0.366978,0.101213,0.313320,-0.406130,-0.359735,0.704952,0.742329,-0.102184,-0.693361,0.449045,-0.188903,0.597216,-0.592822,0.819520,-0.615260,0.588624,-0.447228,0.795458,-0.711293,0.851927,-0.741704,0.820371,-0.766232,0.830083,-0.671313,0.834758,-0.447305,0.830894,0.680516,0.353642,-0.392180,0.834035,-0.452985,0.759285,-0.639120,0.840422,-0.689484,0.836260,-0.394905,0.802371,-0.471716,0.792306,0.488501,0.267371,0.224138,0.328121,0.211504,0.125541,0.541491,0.637428
0.587185,0.440841,0.574535,0.193625,-0.303773,-0.421394,0.577320,0.593412,-0.273931,0.558983,0.391713,0.476093,0.283717,0.673994,0.527509,0.206881,-0.177386,0.759022,-0.083226,0.541824,0.268267,0.147270,0.002515,0.253445,-0.234944,-0.329027,-0.167611,-0.368095,-0.147907,0.000000,-0.125642,0.274209,0.277411,0.520571,0.187972,0.060601,0.308820,-0.191349,0.578698,-0.245300,0.007231,0.120007,0.462885,0.481394,0.543270,0.476465,0.675186,0.099903,0.614289,0.532679,0.617505,0.078703,0.562016,-0.368859,0.626416,-0.270254,0.532702,0.102496,0.613185,0.017066,0.626569,-0.208206,-0.115074,0.584673,0.158155,0.405362,0.275526,0.420117,0.107465,0.563400,0.536682,-0.195204,-0.149849,0.571262,0.497795,-0.023461,0.434535,-0.029591,0.658627,-0.279476,0.692513,0.313816,0.673302,-0.202218,0.610580,-0.364948,0.523042,-0.414841,0.558998,-0.473038,0.597040,-0.402300,0.618697,-0.387301,-0.072199,0.185564,0.698375,-0.273359,0.622890,-0.207574,0.619367,-0.424920,0.593465,-0.446694,0.500294,-0.381805,0.506511,-0.471018,-0.152947,0.141708,0.334365,0.219515,0.255107,0.335365,0.117484,-0.052956
-0.372421,0.098457,-0.124141,0.640888,0.694510,0.686469,-0.246370,-0.012947,0.735924,0.199637,0.382478,0.534729,0.337463,0.054090,-0.050273,0.688519,0.627637,-0.410639,0.598738,-0.167584,0.350647,0.396741,0.758954,0.540349,0.631126,0.742210,0.566135,0.659898,0.641850,-0.125642,0.000000,0.606374,0.403096,0.202868,0.205039,0.152335,0.402579,0.686827,-0.200518,0.628726,0.509169,0.433703,0.161564,0.148462,-0.094276,-0.122594,-0.266250,0.501043,-0.324271,-0.265208,-0.440619,0.298606,-0.493233,0.507055,-0.439615,0.648675,-0.132411,0.496390,-0.183266,0.678908,-0.299505,0.707435,0.704601,0.321655,0.369952,0.275240,0.414328,0.214268,0.332048,-0.235734,0.051179,0.705289,0.572698,0.001741,-0.434543,0.505752,0.142824,0.562314,-0.317760,0.676086,-0.427801,0.450482,-0.258049,0.570051,-0.480666,0.661170,-0.422129,0.672168,-0.489579,0.647737,-0.406789,0.660157,-0.250415,0.650312,0.668568,0.545278,-0.120337,0.699091,-0.196340,0.697823,-0.451341,0.640541,-0.430065,0.622747,-0.294219,0.568671,-0.234880,0.559201,0.413682,0.361741,0.393794,0.480699,0.343980,0.116496,0.295888,0.402935
0.196191,0.481502,0.468748,0.695473,0.388620,0.211683,0.322645,0.548755,0.386906,0.566963,0.475227,0.772409,0.341676,0.581886,0.207526,0.601013,0.154359,0.134778,0.528430,0.472103,0.370012,0.462283,0.591646,0.789565,0.219279,0.328591,0.352169,0.343233,0.227981,0.274209,0.606374,0.000000,0.574667,0.678327,0.479155,0.336290,0.379781,0.259344,0.254526,0.184553,0.376327,0.325611,0.417132,0.476483,0.236862,0.148120,0.251750,0.393405,0.128343,0.102362,0.128671,0.192458,0.063618,0.088394,0.163540,0.223604,0.318951,0.452251,0.386803,0.536751,0.284107,0.436656,0.402887,0.706002,0.425293,0.564287,0.604769,0.579399,0.408718,0.331476,0.403421,0.523169,0.388403,0.478012,0.147489,0.437139,0.576385,0.492976,0.144041,0.259614,0.118717,0.446101,0.206888,0.145690,0.087247,0.222067,0.102732,0.171064,0.106687,0.127761,0.187106,0.185139,0.341241,0.193575,0.355521,0.422971,0.360295,0.271284,0.373941,0.362032,0.177369,0.118928,0.161165,0.099084,0.084651,0.064550,0.147094,0.065084,0.228190,0.302233,0.462090,0.521170,0.472599,0.368828,0.206005,0.097021
0.350855,0.737280,0.396097,0.709623,0.322485,0.177509,0.329070,0.530178,0.241621,0.424354,0.504379,0.634436,0.552447,0.536439,0.398966,0.561844,0.289477,0.187816,0.472501,0.420827,0.411487,0.464726,0.665160,0.607578,0.326151,0.288172,-0.058295,0.048813,0.311688,0.277411,0.403096,0.574667,0.000000,0.689108,0.597447,0.527133,0.341500,0.217902,0.000127,0.096824,0.224788,0.269671,0.424423,0.547639,0.342256,0.521738,0.177519,0.592783,0.214717,0.416886,0.162728,0.549820,0.108121,0.351789,0.122394,0.295339,0.558230,0.689264,0.430861,0.588872,0.255035,0.516458,0.375986,0.613701,0.378413,0.626597,0.751003,0.645734,0.643639,0.451495,0.250476,0.410486,0.469833,0.527413,0.105480,0.403376,0.394446,0.593098,-0.047151,0.218284,0.113936,0.541902,-0.033173,0.097594,0.059855,0.305594,-0.031710,0.189453,-0.021698,0.169126,0.121222,0.265556,0.316550,0.282388,0.201211,0.121029,0.219273,0.332606,0.226471,0.313383,0.093593,0.210824,0.051456,0.149076,0.007474,0.132904,-0.092817,0.110960,0.203377,0.320012,0.356535,0.321511,0.225495,0.258759,0.241206,0.269342
0.611841,0.692477,0.763913,0.552776,0.073584,-0.193114,0.663128,0.787645,-0.041186,0.629283,0.469212,0.655003,0.383825,0.810776,0.452127,0.387332,-0.149061,0.508118,0.248616,0.763566,0.248851,0.336368,0.337692,0.673193,-0.094412,-0.051541,-0.003194,-0.027690,-0.121801,0.520571,0.202868,0.678327,0.689108,0.000000,0.523434,0.457893,0.264044,-0.098008,0.488679,-0.197123,0.205248,0.165632,0.562888,0.585953,0.516211,0.435636,0.569992,0.293668,0.501742,0.436615,0.540958,0.193444,0.479675,-0.175704,0.536940,-0.098382,0.591359,0.314010,0.709856,0.326957,0.632322,0.119375,0.097008,0.781164,0.356733,0.676303,0.635469,0.715206,0.404068,0.687070,0.564268,0.170348,0.110045,0.672993,0.509356,0.247131,0.721563,0.340393,0.445581,-0.125528,0.499445,0.330153,0.446077,-0.234724,0.490238,-0.146236,0.450680,-0.240059,0.460601,-0.278571,0.562025,-0.187869,0.664931,-0.171637,0.014193,0.183013,0.603307,-0.072627,0.660612,0.043407,0.523122,-0.255718,0.541602,-0.291338,0.408074,-0.254671,0.376327,-0.351227,-0.077138,0.318760,0.452572,0.390617,0.425458,0.440588,0.053189,-0.107610
0.243071,0.467593,0.355389,0.531908,0.285289,0.102808,0.341199,0.495457,0.223227,0.481127,0.323541,0.431230,0.381674,0.491616,0.332121,0.451548,0.048832,0.111622,0.330126,0.350062,0.335458,0.546529,0.384463,0.505471,0.084793,0.230036,-0.072155,0.069931,0.207127,0.187972,0.205039,0.479155,0.597447,0.523434,0.000000,0.757695,0.439457,0.227156,0.120781,0.086213,0.268464,0.234413,0.326705,0.465282,0.289585,0.318574,0.186197,0.493302,0.171079,0.281160,0.199263,0.387081,0.121543,0.259818,0.196251,0.242680,0.340600,0.418104,0.396188,0.400478,0.286349,0.386624,0.241842,0.514017,0.442499,0.618323,0.649635,0.676107,0.347001,0.315795,0.293820,0.436703,0.367008,0.537196,0.210116,0.376050,0.506154,0.606619,-0.055591,0.105222,0.126323,0.363014,0.064680,0.046357,0.109562,0.234343,0.069414,0.147794,0.069468,0.111934,0.212690,0.201794,0.385755,0.205490,0.134671,0.036970,0.263660,0.282127,0.320962,0.251732,0.187192,0.113045,0.160283,0.107153,0.137838,0.084760,-0.070439,0.070887,0.185248,0.302344,0.422281,0.432925,0.297652,0.394860,0.339942,0.199349
0.262306,0.432771,0.317619,0.392262,0.256757,0.060561,0.323931,0.449893,0.115509,0.367868,0.318898,0.325411,0.346706,0.425618,0.283976,0.322407,-0.011264,0.119761,0.192499,0.308834,0.215841,0.518205,0.303744,0.399083,0.060634,0.181121,-0.173394,0.029125,0.085683,0.060601,0.152335,0.336290,0.527133,0.457893,0.757695,0.000000,0.253366,0.102492,0.042494,-0.055928,0.166296,0.099767,0.194742,0.301765,0.238338,0.254545,0.103134,0.389355,0.166554,0.260392,0.210163,0.309450,0.136550,0.211074,0.170475,0.141252,0.310169,0.332279,0.359834,0.298881,0.273426,0.294602,0.117688,0.388968,0.358993,0.570203,0.547315,0.561270,0.312053,0.303994,0.218654,0.295437,0.220672,0.379632,0.231325,0.250048,0.423595,0.513978,-0.085132,-0.018957,0.078494,0.186584,-0.048480,-0.136597,0.099742,0.140242,0.098653,0.082214,0.070635,0.044620,0.209332,0.124566,0.321168,0.128079,-0.025461,-0.074173,0.202402,0.220339,0.251267,0.149721,0.147461,0.059157,0.155833,0.043693,0.073454,0.013690,-0.070936,-0.026710,0.022076,0.306180,0.311162,0.275947,0.168082,0.282832,0.177382,0.107017
0.002842,0.199975,0.076304,0.445082,0.381573,0.315171,0.070922,0.172036,0.490059,0.550710,0.399534,0.433687,0.534279,0.245939,0.400362,0.557877,0.443055,0.084024,0.368977,0.003391,0.406901,0.531686,0.421428,0.312825,0.286534,0.348658,0.301370,0.261289,0.441268,0.308820,0.402579,0.379781,0.341500,0.264044,0.439457,0.253366,0.000000,0.629511,0.164505,0.497603,0.654253,0.638213,0.548516,0.508205,0.475558,0.327297,0.301903,0.668660,0.225513,0.291808,0.101275,0.552244,-0.006160,0.322194,0.059638,0.512287,0.214759,0.381744,0.153617,0.485399,0.085390,0.355883,0.564497,0.409100,0.661647,0.493642,0.557126,0.449888,0.302945,0.028688,0.325853,0.453278,0.436840,0.451499,-0.079568,0.436735,0.416994,0.519557,0.031025,0.327395,0.055371,0.670540,0.188257,0.396561,0.006576,0.386595,-0.078284,0.418505,-0.091204,0.300332,-0.004859,0.378833,0.227029,0.371988,0.511876,0.371162,0.256738,0.474358,0.230081,0.497800,-0.021311,0.322100,-0.021529,0.328130,0.049133,0.288881,-0.011033,0.249866,0.231946,0.424108,0.644167,0.623336,0.486749,0.310460,0.349922,0.227739
