0.000000 0.686162 0.579812 0.125677 0.112731 0.294578 0.360278 0.048552 -0.010424 0.249347 0.381258 0.169865 0.346536 0.228817 0.158943 0.455517 0.580236 0.572094 0.655517 0.623508 0.123693 0.072619 0.501778 0.514410 0.160380 0.047910 0.054401 0.052743 0.518679 0.323266 0.289447 0.338506 0.521311 0.518940 0.437854 0.405493 0.438269 0.457349 0.378235 0.461318 0.417221 0.403004 0.576669 0.564714 0.435181 0.444891 0.560093 0.525092 0.450912 0.408103 0.582668 0.481976 0.595910 0.517437 0.567816 0.573399 0.659362 0.596774 0.593473 0.376452 0.646309 0.476620 0.612909 0.411721 0.523361 0.370639 0.402689 0.447643 0.473482 0.393495 0.442241 0.491084 0.515888 0.392974 0.436466 0.361159 0.599430 0.625031 0.484920 0.452672 0.445081 0.589502 0.413225 0.426446 0.511524 0.495253 0.343936 0.249573 0.461466 0.448548 0.524992 0.533272 0.478599 0.357660 0.484760 0.293503 0.618285 0.630050 0.622626 0.591641 0.519832 0.404881 0.416459 0.440230 0.499682 0.545389 0.392931 0.200386 0.112728 0.505853 0.606953 0.580712 0.575808 0.570512 0.530060 0.243303
0.686162 0.000000 0.629580 0.288512 0.280877 0.321441 0.458008 0.221742 0.169061 0.344414 0.437340 0.315872 0.439808 0.378613 0.299348 0.350968 0.499084 0.545603 0.671021 0.680851 0.267712 0.229465 0.546704 0.534744 0.281264 0.195138 0.202504 0.212833 0.540366 0.411649 0.410031 0.451735 0.578069 0.574247 0.411629 0.420158 0.301090 0.344603 0.309280 0.462747 0.298651 0.370229 0.519958 0.505310 0.459164 0.484672 0.496436 0.467133 0.480317 0.440612 0.544188 0.489471 0.592443 0.502475 0.558108 0.554057 0.655901 0.662561 0.602435 0.472037 0.614034 0.541264 0.547067 0.518528 0.486930 0.420756 0.484073 0.493940 0.532099 0.500579 0.514527 0.585606 0.563094 0.492142 0.358093 0.405858 0.513918 0.569829 0.481468 0.388733 0.441536 0.530430 0.326422 0.331391 0.540253 0.522496 0.273189 0.342896 0.524533 0.464136 0.470979 0.529998 0.482594 0.425306 0.406373 0.251309 0.553377 0.616555 0.571334 0.582658 0.485823 0.416026 0.437053 0.443054 0.451762 0.516987 0.381984 0.239227 0.097304 0.418956 0.564096 0.559813 0.532503 0.570318 0.470069 0.193746
0.579812 0.629580 0.000000 0.459775 0.450024 0.327962 0.589952 0.357467 0.314475 0.400435 0.496444 0.423509 0.505119 0.438056 0.475597 0.240859 0.388920 0.390445 0.663740 0.687474 0.412860 0.360877 0.681464 0.626278 0.472085 0.395338 0.324296 0.331326 0.527056 0.481838 0.545467 0.576042 0.562672 0.547219 0.404303 0.402671 0.193473 0.280251 0.274586 0.431400 0.250537 0.383295 0.442524 0.450839 0.533278 0.484310 0.391603 0.369818 0.483284 0.444531 0.456167 0.459073 0.523189 0.422853 0.479668 0.452662 0.548025 0.585660 0.575886 0.459621 0.530045 0.503501 0.464555 0.562537 0.513072 0.502281 0.566462 0.515461 0.478101 0.465944 0.598412 0.597128 0.543721 0.525474 0.232762 0.405951 0.342252 0.399100 0.487622 0.337362 0.486356 0.451569 0.310247 0.289410 0.634071 0.578036 0.214081 0.472302 0.556141 0.445289 0.397549 0.525899 0.488575 0.509116 0.404242 0.330340 0.464185 0.564993 0.464372 0.533704 0.373695 0.345715 0.359884 0.370839 0.450280 0.541471 0.330680 0.265453 0.080931 0.385060 0.496833 0.520567 0.479075 0.546365 0.424087 0.218589
0.125677 0.288512 0.459775 0.000000 0.652957 0.170655 0.617710 0.741392 0.693143 0.405463 0.525630 0.705329 0.620747 0.690206 0.630958 -0.280310 -0.008892 0.029528 0.329469 0.399051 0.540474 0.559012 0.432477 0.244410 0.556947 0.672727 0.510627 0.555227 0.391851 0.539226 0.626319 0.544291 0.375250 0.357823 -0.016822 0.148069 -0.282548 -0.195970 -0.090737 0.181268 -0.189433 0.100468 0.106822 0.145960 0.403936 0.444942 0.002336 0.003966 0.397393 0.455696 0.226970 0.390733 0.288023 0.263888 0.130403 0.163450 0.117155 0.244035 0.329691 0.484344 0.277918 0.450404 0.060617 0.541064 0.008100 0.345447 0.399959 0.428028 0.273860 0.441740 0.493223 0.514751 0.266012 0.425809 -0.272973 0.235339 -0.203326 -0.061859 0.239888 0.106717 0.257632 -0.023713 -0.126782 -0.184280 0.351125 0.410397 -0.307650 0.298171 0.379254 0.417245 -0.032168 0.229083 0.347562 0.540442 0.030729 0.128184 -0.082291 0.152526 -0.042108 0.081936 -0.057549 0.251978 -0.067547 0.094324 0.139297 0.281211 -0.077417 0.064778 -0.029489 -0.022082 0.092629 0.109985 0.085579 0.300147 0.078760 0.067996
0.112731 0.280877 0.450024 0.652957 0.000000 0.277718 0.585704 0.646065 0.642000 0.428093 0.515346 0.632344 0.577602 0.612729 0.666221 -0.173679 -0.033072 0.031041 0.290292 0.370208 0.560063 0.587943 0.420128 0.288654 0.562505 0.641759 0.569708 0.614188 0.310313 0.505110 0.590338 0.536399 0.371481 0.340893 0.024698 0.120826 -0.222449 -0.126289 0.020063 0.199826 -0.163482 0.111676 0.099161 0.151681 0.353215 0.391375 0.033194 0.061720 0.384311 0.392103 0.188814 0.333174 0.257191 0.178222 0.187233 0.158273 0.155828 0.286450 0.329511 0.448058 0.218050 0.359696 0.026522 0.498118 0.088582 0.281397 0.404937 0.323139 0.230317 0.376571 0.501937 0.471983 0.250799 0.431640 -0.231641 0.166300 -0.174455 -0.077386 0.232681 0.078171 0.237608 0.020782 -0.088171 -0.111091 0.423291 0.351709 -0.155917 0.417475 0.425605 0.266771 0.023681 0.240956 0.262551 0.458626 0.041787 0.131352 -0.029186 0.163553 -0.007064 0.165422 -0.010897 0.199867 0.068131 0.100123 0.123427 0.221176 0.060573 0.133056 -0.055517 0.007166 0.065949 0.130648 0.105931 0.218425 0.091567 0.044220
0.294578 0.321441 0.327962 0.170655 0.277718 0.000000 0.312524 0.139367 0.221067 0.568093 0.317465 0.167914 0.244570 0.197985 0.252328 0.326179 0.165928 0.190998 0.338456 0.361297 0.153484 0.142741 0.366692 0.353804 0.351680 0.247616 0.380266 0.301831 0.179963 0.269286 0.350843 0.316050 0.362745 0.347329 0.214195 0.236193 0.123803 0.188535 0.160114 0.148546 0.151554 0.270612 0.226412 0.250075 0.178671 0.234113 0.208517 0.257579 0.247629 0.207955 0.248324 0.278196 0.304240 0.212609 0.266965 0.170308 0.357430 0.332260 0.324382 0.243183 0.275469 0.284964 0.185128 0.391280 0.214941 0.238285 0.246658 0.207278 0.138274 0.260768 0.422295 0.256014 0.216490 0.285891 0.128822 0.268051 0.131985 0.150592 0.236694 0.190363 0.282474 0.340346 0.168793 0.221152 0.367928 0.360417 0.153496 0.321069 0.353698 0.092818 0.319141 0.328650 0.330754 0.309416 0.136068 0.141268 0.218460 0.214429 0.212362 0.297891 0.206084 0.072520 0.184293 0.114780 0.261396 0.295908 0.124621 0.057950 -0.008710 0.182249 0.266445 0.327972 0.175513 0.200765 0.282802 0.066708
0.360278 0.458008 0.589952 0.617710 0.585704 0.312524 0.000000 0.584482 0.529601 0.482786 0.593933 0.570058 0.612401 0.606170 0.538972 -0.008544 0.127073 0.125437 0.531019 0.575255 0.435538 0.466635 0.527513 0.388856 0.478687 0.521414 0.445550 0.468025 0.418868 0.543470 0.599265 0.550889 0.515135 0.494184 0.143260 0.213239 -0.108361 0.000378 0.030107 0.238332 -0.017141 0.221682 0.240960 0.297427 0.424086 0.496868 0.173808 0.175118 0.440603 0.471319 0.344832 0.484381 0.391172 0.331586 0.269498 0.282968 0.352089 0.402464 0.533944 0.569882 0.463419 0.558237 0.177430 0.596020 0.218463 0.479376 0.565363 0.503269 0.387749 0.523914 0.586172 0.515523 0.383026 0.537410 -0.069014 0.298595 0.013211 0.147780 0.319441 0.166832 0.286894 0.171007 -0.006591 0.038244 0.444536 0.525910 -0.125036 0.366173 0.417889 0.412932 0.197161 0.428948 0.409765 0.600303 0.186242 0.236515 0.156191 0.335986 0.200675 0.347362 0.134965 0.363596 0.150138 0.249212 0.276602 0.419723 0.130485 0.221929 0.025112 0.123264 0.273477 0.328130 0.264732 0.376783 0.215624 0.126911
0.048552 0.221742 0.357467 0.741392 0.646065 0.139367 0.584482 0.000000 0.710372 0.386054 0.494507 0.706416 0.604979 0.700948 0.599304 -0.348851 -0.081133 -0.027498 0.243827 0.309922 0.515276 0.545144 0.327176 0.126545 0.512729 0.654937 0.509111 0.548386 0.336914 0.506071 0.580788 0.481185 0.319727 0.303531 -0.093187 0.087730 -0.346826 -0.271934 -0.146841 0.125671 -0.265759 0.030925 0.060074 0.092108 0.334718 0.419801 -0.037642 -0.034692 0.365257 0.437819 0.192371 0.368782 0.248152 0.236946 0.083758 0.122561 0.042837 0.171430 0.277429 0.465172 0.235002 0.426097 -0.018190 0.489411 -0.083895 0.276189 0.351473 0.376873 0.236478 0.425104 0.440629 0.473814 0.200521 0.385553 -0.341640 0.165973 -0.261074 -0.120782 0.182810 0.062389 0.179953 -0.108116 -0.219720 -0.268886 0.269069 0.343804 -0.388129 0.217518 0.330913 0.389075 -0.093079 0.172356 0.297899 0.509770 -0.040858 0.092229 -0.165935 0.078360 -0.117495 0.011491 -0.131053 0.217657 -0.142525 0.029083 0.063630 0.204966 -0.132995 0.020260 -0.037653 -0.094792 0.021855 0.032867 0.009903 0.232552 0.018407 0.015810
-0.010424 0.169061 0.314475 0.693143 0.642000 0.221067 0.529601 0.710372 0.000000 0.470571 0.481226 0.663782 0.572152 0.647257 0.636397 -0.297524 -0.137032 -0.066949 0.193546 0.256198 0.538327 0.574660 0.314348 0.110578 0.579686 0.684855 0.616957 0.628836 0.275937 0.457136 0.549406 0.434196 0.283177 0.245742 -0.075153 0.098430 -0.347463 -0.293050 -0.148779 0.128660 -0.256948 0.025178 0.022763 0.066888 0.314238 0.388110 -0.064109 -0.041682 0.350580 0.417106 0.177713 0.348962 0.224055 0.211739 0.074505 0.112232 0.015268 0.142887 0.252025 0.412287 0.185296 0.334089 -0.071682 0.436735 -0.086599 0.212494 0.314108 0.320531 0.178889 0.363748 0.402082 0.435032 0.152804 0.339712 -0.340614 0.167605 -0.282814 -0.155498 0.108576 0.029293 0.153883 -0.130702 -0.178749 -0.278593 0.252303 0.293991 -0.338594 0.267227 0.329771 0.333407 -0.118211 0.146347 0.253618 0.483875 -0.094117 0.018067 -0.211533 0.011553 -0.159095 -0.013886 -0.165247 0.177245 -0.162095 0.010099 0.032144 0.174512 -0.156155 0.002303 -0.072986 -0.145329 -0.024732 0.012528 -0.014210 0.179763 0.009964 0.002891
0.249347 0.344414 0.400435 0.405463 0.428093 0.568093 0.482786 0.386054 0.470571 0.000000 0.469499 0.401808 0.414904 0.431415 0.458628 0.221754 0.074210 0.124811 0.396466 0.407118 0.330821 0.394157 0.376418 0.280855 0.434691 0.406869 0.516388 0.497362 0.262386 0.369482 0.429892 0.348973 0.403679 0.387820 0.139199 0.257290 -0.056536 0.000647 0.044947 0.210400 0.035628 0.205047 0.178478 0.239566 0.252642 0.346633 0.130486 0.161472 0.314164 0.337711 0.299680 0.376483 0.329612 0.297308 0.207968 0.243851 0.305296 0.339186 0.424587 0.418912 0.381040 0.447641 0.144402 0.479209 0.161063 0.330581 0.347709 0.362063 0.273962 0.416761 0.420122 0.357377 0.245429 0.348312 -0.020939 0.285924 0.033485 0.134375 0.175099 0.164117 0.256320 0.174085 0.095303 0.068123 0.335581 0.426906 0.012628 0.338586 0.347549 0.335034 0.207298 0.348734 0.362916 0.468195 0.058959 0.049194 0.080682 0.179109 0.144293 0.256248 0.108497 0.261251 0.056611 0.218531 0.202161 0.325071 0.006000 0.088212 -0.043450 0.080385 0.208407 0.289529 0.203871 0.257620 0.194616 0.058493
0.381258 0.437340 0.496444 0.525630 0.515346 0.317465 0.593933 0.494507 0.481226 0.469499 0.000000 0.602372 0.686030 0.602297 0.565024 0.086670 0.251286 0.298813 0.527062 0.520624 0.355716 0.436464 0.525759 0.402542 0.441288 0.463527 0.418016 0.438678 0.512666 0.578564 0.598438 0.543748 0.570283 0.539708 0.129266 0.201493 -0.017815 0.012493 0.013461 0.256146 -0.010867 0.183909 0.258282 0.338121 0.474421 0.508662 0.162406 0.185898 0.469620 0.480564 0.374056 0.473908 0.397568 0.340870 0.243132 0.307289 0.358325 0.376478 0.486663 0.463958 0.545642 0.540677 0.320257 0.603034 0.223244 0.342555 0.341406 0.400692 0.232348 0.374962 0.530523 0.526633 0.379277 0.474478 0.013543 0.352709 0.041507 0.158898 0.315765 0.292557 0.349760 0.241584 0.076478 0.031804 0.449477 0.459640 -0.065248 0.304333 0.404157 0.413554 0.227895 0.381760 0.411449 0.508102 0.108017 0.027558 0.141796 0.307419 0.213279 0.301794 0.206134 0.461547 0.137492 0.353298 0.317420 0.435114 0.052482 0.041111 -0.075040 0.149763 0.285332 0.323616 0.298111 0.406994 0.301104 0.195049
0.169865 0.315872 0.423509 0.705329 0.632344 0.167914 0.570058 0.706416 0.663782 0.401808 0.602372 0.000000 0.681182 0.723470 0.636252 -0.207472 0.076559 0.140298 0.344175 0.387280 0.504513 0.542004 0.407410 0.220457 0.496899 0.604819 0.476785 0.536109 0.472966 0.574909 0.609022 0.516944 0.412468 0.392489 -0.043018 0.124637 -0.203114 -0.147002 -0.043825 0.234501 -0.162755 0.113982 0.163054 0.209267 0.424488 0.488732 0.058299 0.064497 0.455751 0.497689 0.295928 0.435089 0.340616 0.306400 0.183094 0.234658 0.124192 0.228828 0.340138 0.457760 0.354975 0.474491 0.132278 0.557002 0.013600 0.259209 0.326413 0.406943 0.221931 0.396213 0.481794 0.548445 0.290032 0.431973 -0.227318 0.257701 -0.134744 -0.006122 0.259190 0.193008 0.283931 0.033436 -0.081338 -0.152320 0.367486 0.403089 -0.266213 0.257891 0.382022 0.452082 0.000558 0.232864 0.351912 0.499829 0.048465 0.091195 -0.045474 0.196393 0.008512 0.103018 0.003385 0.303475 -0.043967 0.146873 0.163703 0.306182 -0.047449 0.035087 -0.039310 0.027184 0.116060 0.134886 0.146332 0.349867 0.161380 0.080968
0.346536 0.439808 0.505119 0.620747 0.577602 0.244570 0.612401 0.604979 0.572152 0.414904 0.686030 0.681182 0.000000 0.699341 0.611626 -0.041331 0.210587 0.277087 0.489793 0.509182 0.430272 0.464312 0.500347 0.336116 0.475378 0.532747 0.425500 0.469288 0.559096 0.592333 0.616001 0.553265 0.532530 0.497647 0.083272 0.199965 -0.076911 -0.038247 0.008620 0.265893 -0.067729 0.157969 0.259710 0.296474 0.469602 0.519306 0.157131 0.153684 0.474230 0.517247 0.382588 0.476012 0.420582 0.378595 0.255793 0.315340 0.291526 0.361867 0.451768 0.464858 0.498909 0.506226 0.299016 0.583796 0.159034 0.276205 0.389452 0.428087 0.307359 0.433579 0.534646 0.600759 0.399188 0.493434 -0.074385 0.306421 0.027031 0.149241 0.344770 0.295483 0.331352 0.169929 0.003107 -0.052465 0.447243 0.461811 -0.175404 0.268995 0.423716 0.480853 0.119624 0.349863 0.420090 0.543814 0.130386 0.120347 0.109970 0.324692 0.152621 0.242778 0.116463 0.414857 0.049169 0.259312 0.260718 0.395563 0.034437 0.052224 -0.029939 0.127512 0.256995 0.266544 0.267055 0.425083 0.255864 0.161351
0.228817 0.378613 0.438056 0.690206 0.612729 0.197985 0.606170 0.700948 0.647257 0.431415 0.602297 0.723470 0.699341 0.000000 0.605497 -0.163353 0.104658 0.167816 0.388627 0.439089 0.473905 0.513676 0.402257 0.238127 0.468610 0.578144 0.458531 0.505717 0.502501 0.583044 0.606420 0.520167 0.451165 0.431947 -0.037009 0.128661 -0.187225 -0.128841 -0.045432 0.226198 -0.152497 0.122512 0.184233 0.216320 0.388253 0.495444 0.091024 0.087485 0.445704 0.505148 0.332569 0.457736 0.378902 0.346828 0.202299 0.260529 0.198756 0.303574 0.409927 0.517145 0.422525 0.533048 0.172807 0.571923 0.029100 0.269278 0.372581 0.435490 0.310588 0.474242 0.485637 0.559075 0.310867 0.445395 -0.212560 0.244676 -0.083547 0.054172 0.281543 0.207572 0.285116 0.052658 -0.099268 -0.144532 0.369230 0.447368 -0.285848 0.222341 0.389766 0.493479 0.039857 0.286428 0.392455 0.547920 0.086487 0.127347 0.006069 0.247791 0.053453 0.151029 0.030652 0.351461 -0.023114 0.171852 0.174758 0.316087 -0.027911 0.055617 -0.015977 0.043561 0.174595 0.182719 0.182095 0.374841 0.161892 0.090857
0.158943 0.299348 0.475597 0.630958 0.666221 0.252328 0.538972 0.599304 0.636397 0.458628 0.565024 0.636252 0.611626 0.605497 0.000000 -0.035909 0.044085 0.086356 0.344635 0.387244 0.599021 0.631191 0.460621 0.325060 0.616856 0.646766 0.602212 0.650296 0.389812 0.520746 0.576276 0.508537 0.348183 0.310132 0.070345 0.190700 -0.129967 -0.085193 0.074849 0.254456 -0.054545 0.108985 0.142603 0.197427 0.398806 0.415043 0.047119 0.095991 0.393553 0.431490 0.257229 0.366987 0.303654 0.246373 0.196561 0.236977 0.156414 0.269350 0.347211 0.421170 0.282644 0.332684 0.121945 0.465707 0.135652 0.246447 0.368540 0.357240 0.276008 0.355873 0.457144 0.498950 0.299784 0.400219 -0.169864 0.277250 -0.108871 0.003861 0.245112 0.196634 0.332368 0.065433 0.109262 -0.043505 0.486824 0.391206 -0.056579 0.474300 0.450349 0.364624 0.039364 0.232773 0.288876 0.450340 0.108186 0.059927 0.010477 0.193089 0.035914 0.176746 0.012331 0.262585 0.034236 0.185776 0.119214 0.245092 -0.017345 0.065182 -0.176543 0.047094 0.126014 0.177400 0.185361 0.299286 0.121945 0.141052
0.455517 0.350968 0.240859 -0.280310 -0.173679 0.326179 -0.008544 -0.348851 -0.297524 0.221754 0.086670 -0.207472 -0.041331 -0.163353 -0.035909 0.000000 0.433966 0.388479 0.360074 0.316222 -0.054206 -0.059036 0.199187 0.354013 -0.068122 -0.261670 -0.032885 -0.056904 0.187783 0.047960 -0.061405 0.008349 0.228763 0.242132 0.354305 0.303145 0.541611 0.512957 0.450562 0.316184 0.506277 0.314785 0.356985 0.344970 0.074333 0.117011 0.390982 0.422749 0.130268 0.062768 0.317628 0.161397 0.300859 0.278384 0.355452 0.392366 0.437520 0.327334 0.328443 0.092067 0.347701 0.159900 0.413223 0.120619 0.438761 0.125543 0.130614 0.170802 0.244375 0.123572 0.094957 0.107013 0.234423 0.085809 0.476520 0.250766 0.529816 0.507224 0.190290 0.371958 0.328934 0.526738 0.582400 0.573309 0.306362 0.309501 0.578672 0.278697 0.196226 0.183335 0.510678 0.355049 0.247042 0.065495 0.400553 0.123108 0.527742 0.390972 0.525949 0.468215 0.476353 0.232696 0.403610 0.383154 0.292110 0.289153 0.293654 0.155013 -0.041936 0.439412 0.425101 0.477043 0.477663 0.292847 0.357863 0.222137
0.580236 0.499084 0.388920 -0.008892 -0.033072 0.165928 0.127073 -0.081133 -0.137032 0.074210 0.251286 0.076559 0.210587 0.104658 0.044085 0.433966 0.000000 0.686912 0.508805 0.452338 0.039280 -0.003906 0.339118 0.433097 0.007793 -0.067527 -0.115070 -0.094171 0.549523 0.387305 0.187119 0.246917 0.394771 0.428639 0.301596 0.263761 0.563246 0.557891 0.440016 0.343795 0.479094 0.372294 0.500383 0.511039 0.335180 0.345496 0.449272 0.478873 0.358862 0.272971 0.466083 0.349375 0.435727 0.387087 0.411737 0.455206 0.531721 0.444663 0.346470 0.192339 0.475360 0.347450 0.649302 0.349952 0.410695 0.252323 0.146467 0.315963 0.276116 0.209471 0.290162 0.381293 0.432283 0.295007 0.425197 0.381418 0.504136 0.473015 0.535710 0.602842 0.538686 0.614871 0.500823 0.524985 0.408985 0.430257 0.346695 0.165329 0.273657 0.350188 0.453257 0.349020 0.349426 0.174631 0.469458 0.210624 0.562929 0.537919 0.550357 0.439859 0.506851 0.315622 0.377054 0.396347 0.391312 0.414657 0.302319 0.080991 -0.036752 0.532537 0.548887 0.517954 0.549998 0.502407 0.485678 0.312578
0.572094 0.545603 0.390445 0.029528 0.031041 0.190998 0.125437 -0.027498 -0.066949 0.124811 0.298813 0.140298 0.277087 0.167816 0.086356 0.388479 0.686912 0.000000 0.506880 0.451542 0.047705 0.015022 0.353420 0.413454 0.050819 -0.035386 -0.049457 -0.040473 0.539127 0.371036 0.229395 0.268352 0.480753 0.491933 0.336206 0.305437 0.492715 0.475258 0.375459 0.339799 0.371548 0.306516 0.483904 0.471278 0.358142 0.347903 0.419342 0.438474 0.366999 0.269086 0.464590 0.333881 0.460103 0.383237 0.419928 0.451106 0.538744 0.505990 0.335452 0.191769 0.512119 0.359959 0.669083 0.390444 0.424700 0.231218 0.179375 0.307286 0.282623 0.253811 0.307170 0.430352 0.475132 0.330140 0.382300 0.364142 0.516126 0.472583 0.502841 0.583895 0.516567 0.625261 0.417932 0.428179 0.417158 0.405077 0.333132 0.150563 0.343167 0.334085 0.435602 0.365130 0.370970 0.188895 0.373464 0.124772 0.534393 0.522755 0.549009 0.441991 0.502213 0.352781 0.381841 0.416759 0.407411 0.426387 0.275423 0.010127 -0.049404 0.482726 0.541174 0.513547 0.514871 0.481709 0.479598 0.246226
0.655517 0.671021 0.663740 0.329469 0.290292 0.338456 0.531019 0.243827 0.193546 0.396466 0.527062 0.344175 0.489793 0.388627 0.344635 0.360074 0.508805 0.506880 0.000000 0.715871 0.263214 0.271541 0.596593 0.555247 0.295089 0.228391 0.201442 0.218333 0.565770 0.486982 0.471011 0.508318 0.631166 0.627318 0.391783 0.411351 0.249212 0.302908 0.242737 0.392215 0.291291 0.347141 0.466016 0.495364 0.500753 0.477136 0.397811 0.386823 0.444667 0.407593 0.480817 0.465018 0.521200 0.460993 0.433861 0.486448 0.636620 0.618045 0.589287 0.453954 0.627975 0.572197 0.565791 0.582515 0.475690 0.464324 0.487424 0.531822 0.464215 0.490482 0.535461 0.563067 0.558690 0.526430 0.342899 0.453980 0.427129 0.497166 0.486040 0.401110 0.443335 0.516924 0.332711 0.343387 0.529771 0.568310 0.226068 0.359423 0.446047 0.475804 0.412167 0.501235 0.463761 0.461239 0.352449 0.208887 0.468520 0.549862 0.501032 0.528524 0.414866 0.440202 0.346798 0.455271 0.430972 0.541760 0.262037 0.204567 0.039197 0.370935 0.524117 0.532704 0.503031 0.546491 0.421011 0.214721
0.623508 0.680851 0.687474 0.399051 0.370208 0.361297 0.575255 0.309922 0.256198 0.407118 0.520624 0.387280 0.509182 0.439089 0.387244 0.316222 0.452338 0.451542 0.715871 0.000000 0.316965 0.320200 0.614166 0.576734 0.337657 0.282619 0.249732 0.265514 0.569497 0.511718 0.506190 0.539053 0.614794 0.617981 0.347889 0.379386 0.202755 0.282916 0.253234 0.429007 0.277451 0.405835 0.415029 0.432683 0.453822 0.465382 0.371222 0.345414 0.434429 0.405077 0.438928 0.439658 0.504288 0.427698 0.451114 0.454785 0.618441 0.628918 0.601076 0.493888 0.581065 0.573357 0.511149 0.624263 0.436626 0.447159 0.517697 0.521335 0.484401 0.510474 0.576242 0.576734 0.541607 0.542484 0.305030 0.435916 0.377880 0.460356 0.488829 0.346247 0.458910 0.481905 0.304058 0.338605 0.547586 0.573319 0.212408 0.424069 0.486242 0.451021 0.412858 0.519153 0.481077 0.495437 0.384008 0.273918 0.462454 0.557630 0.483303 0.528099 0.429277 0.418413 0.398965 0.420864 0.440215 0.524580 0.313458 0.287988 0.119672 0.365651 0.479636 0.512103 0.477192 0.528441 0.385038 0.195858
0.123693 0.267712 0.412860 0.540474 0.560063 0.153484 0.435538 0.515276 0.538327 0.330821 0.355716 0.504513 0.430272 0.473905 0.599021 -0.054206 0.039280 0.047705 0.263214 0.316965 0.000000 0.670247 0.374792 0.261687 0.570756 0.588414 0.572457 0.574885 0.282633 0.445153 0.457361 0.433757 0.204966 0.176309 0.113317 0.222666 -0.045382 0.014560 0.199150 0.339849 0.075310 0.173803 0.181155 0.204290 0.339853 0.374342 0.089585 0.152326 0.367001 0.378944 0.242387 0.339059 0.291197 0.253887 0.242100 0.282686 0.122386 0.209665 0.268913 0.371868 0.152938 0.250465 0.029793 0.349427 0.113843 0.264597 0.372196 0.351309 0.297825 0.330054 0.420702 0.462053 0.292520 0.368985 -0.094959 0.257860 -0.045520 0.055215 0.218977 0.176485 0.359220 0.071398 0.130486 0.012696 0.412268 0.374844 0.004668 0.479239 0.435777 0.331887 0.023558 0.177522 0.195534 0.349367 0.165631 0.212635 0.021440 0.193153 0.018205 0.141344 -0.040198 0.117252 0.038174 0.051174 -0.003673 0.176460 -0.001097 0.135355 -0.143955 0.064656 0.087994 0.131205 0.153073 0.255643 0.075644 0.028001
0.072619 0.229465 0.360877 0.559012 0.587943 0.142741 0.466635 0.545144 0.574660 0.394157 0.436464 0.542004 0.464312 0.513676 0.631191 -0.059036 -0.003906 0.015022 0.271541 0.320200 0.670247 0.000000 0.312964 0.187937 0.496111 0.559888 0.564049 0.627492 0.260532 0.471838 0.458052 0.412231 0.236911 0.211269 0.004494 0.134513 -0.159664 -0.099676 0.107788 0.280970 -0.026356 0.114633 0.070456 0.134432 0.289918 0.357337 -0.009029 0.058208 0.322243 0.353030 0.172261 0.303643 0.212438 0.204374 0.124022 0.223017 0.114709 0.204506 0.289425 0.423989 0.185189 0.302270 0.010177 0.404670 0.028706 0.213666 0.329988 0.328036 0.239558 0.346178 0.347467 0.401778 0.233813 0.379684 -0.157253 0.243129 -0.154764 -0.035794 0.152944 0.118162 0.274823 0.007393 0.070998 -0.014342 0.333378 0.335889 -0.038723 0.472240 0.346355 0.327608 -0.021325 0.164524 0.161173 0.369223 0.068652 0.063681 -0.078645 0.107170 -0.040122 0.100403 -0.064385 0.213065 0.035735 0.134116 -0.030009 0.126834 -0.059248 0.146644 -0.182716 -0.021374 -0.005206 0.073483 0.125488 0.189635 -0.010332 0.031831
0.501778 0.546704 0.681464 0.432477 0.420128 0.366692 0.527513 0.327176 0.314348 0.376418 0.525759 0.407410 0.500347 0.402257 0.460621 0.199187 0.339118 0.353420 0.596593 0.614166 0.374792 0.312964 0.000000 0.677987 0.546354 0.435255 0.350949 0.315894 0.479030 0.473695 0.608559 0.629415 0.560866 0.531818 0.427140 0.380700 0.159615 0.249368 0.175719 0.355872 0.182734 0.360717 0.403662 0.414175 0.545990 0.437221 0.314267 0.298923 0.456709 0.401188 0.385075 0.414082 0.446307 0.333834 0.403839 0.338946 0.479574 0.480450 0.477627 0.372907 0.458481 0.444433 0.394990 0.540179 0.488916 0.489615 0.451988 0.411705 0.325394 0.338672 0.613005 0.548542 0.483063 0.496439 0.219879 0.435615 0.263379 0.317982 0.457007 0.294199 0.466849 0.435536 0.260378 0.211886 0.602045 0.513915 0.161855 0.436742 0.536595 0.331825 0.369281 0.443276 0.460553 0.454162 0.299088 0.252566 0.378254 0.460240 0.368640 0.426514 0.319115 0.267142 0.289980 0.284544 0.464966 0.527866 0.314913 0.201343 0.067289 0.307131 0.429443 0.457829 0.403139 0.495820 0.458263 0.223303
0.514410 0.534744 0.626278 0.244410 0.288654 0.353804 0.388856 0.126545 0.110578 0.280855 0.402542 0.220457 0.336116 0.238127 0.325060 0.354013 0.433097 0.413454 0.555247 0.576734 0.261687 0.187937 0.677987 0.000000 0.405066 0.266977 0.209502 0.181001 0.438206 0.403468 0.487351 0.563166 0.530674 0.518625 0.480901 0.381847 0.305540 0.390000 0.270032 0.317270 0.285042 0.370470 0.412132 0.413909 0.484677 0.352513 0.353408 0.350695 0.388836 0.290304 0.355563 0.331445 0.402660 0.278238 0.410853 0.323561 0.528796 0.507898 0.446797 0.306030 0.420514 0.395773 0.449105 0.471429 0.575787 0.494535 0.400963 0.367221 0.305879 0.276167 0.532246 0.458380 0.478023 0.441445 0.299445 0.413449 0.356790 0.377052 0.472246 0.329359 0.501199 0.544507 0.362950 0.339496 0.604709 0.517344 0.300035 0.427985 0.469154 0.248075 0.457598 0.428554 0.414398 0.339288 0.375402 0.258753 0.498802 0.501585 0.464302 0.476613 0.418096 0.228670 0.421377 0.327284 0.488251 0.487023 0.405743 0.194030 0.034859 0.423559 0.492178 0.525128 0.476019 0.473904 0.478987 0.285070
0.160380 0.281264 0.472085 0.556947 0.562505 0.351680 0.478687 0.512729 0.579686 0.434691 0.441288 0.496899 0.475378 0.468610 0.616856 -0.068122 0.007793 0.050819 0.295089 0.337657 0.570756 0.496111 0.546354 0.405066 0.000000 0.688744 0.650469 0.579986 0.264959 0.409659 0.582443 0.520901 0.324402 0.269575 0.225984 0.274432 -0.080345 -0.013851 0.061161 0.200956 -0.004103 0.159451 0.190685 0.205271 0.415114 0.382566 0.095865 0.136797 0.388379 0.411172 0.264867 0.376622 0.312014 0.224646 0.230878 0.185917 0.167685 0.239928 0.294888 0.345278 0.197058 0.246460 0.054809 0.385661 0.201283 0.352028 0.392595 0.315663 0.248228 0.305164 0.518741 0.466770 0.282000 0.378219 -0.123985 0.279512 -0.054504 0.025982 0.246507 0.153074 0.337308 0.111901 0.071772 -0.068533 0.483652 0.388542 -0.047274 0.453893 0.501563 0.260067 0.109351 0.254021 0.324070 0.445310 0.111054 0.148662 0.051147 0.183435 0.042918 0.174858 -0.021281 0.107112 0.012234 0.046035 0.186205 0.289269 0.028808 0.052366 -0.098445 0.050292 0.180501 0.210659 0.143142 0.275872 0.217739 0.096738
0.047910 0.195138 0.395338 0.672727 0.641759 0.247616 0.521414 0.654937 0.684855 0.406869 0.463527 0.604819 0.532747 0.578144 0.646766 -0.261670 -0.067527 -0.035386 0.228391 0.282619 0.588414 0.559888 0.435255 0.266977 0.688744 0.000000 0.629372 0.613820 0.287317 0.480237 0.610212 0.528376 0.281153 0.247788 0.041804 0.151137 -0.250391 -0.179776 -0.061769 0.134798 -0.147038 0.076783 0.073145 0.122451 0.393778 0.382466 -0.028165 0.011367 0.366744 0.413141 0.186053 0.359515 0.230517 0.188682 0.107197 0.109736 0.080871 0.184049 0.240881 0.384008 0.154663 0.280860 -0.024077 0.420256 0.014295 0.314065 0.342976 0.325394 0.202822 0.331136 0.479786 0.447479 0.215760 0.374587 -0.267899 0.218252 -0.241313 -0.123513 0.224038 0.087987 0.255721 -0.035871 -0.093261 -0.205198 0.357638 0.345427 -0.253389 0.358079 0.393609 0.283937 -0.073736 0.135600 0.243897 0.446510 0.003985 0.105931 -0.123338 0.076459 -0.124361 0.025888 -0.148410 0.118688 -0.118456 -0.009287 0.064831 0.194973 -0.094261 0.026739 -0.111210 -0.062521 0.045829 0.062247 0.028377 0.201954 0.064137 0.044626
0.054401 0.202504 0.324296 0.510627 0.569708 0.380266 0.445550 0.509111 0.616957 0.516388 0.418016 0.476785 0.425500 0.458531 0.602212 -0.032885 -0.115070 -0.049457 0.201442 0.249732 0.572457 0.564049 0.350949 0.209502 0.650469 0.629372 0.000000 0.675410 0.147669 0.358722 0.470279 0.380794 0.260315 0.213750 0.100958 0.222443 -0.160466 -0.122175 0.029174 0.193804 -0.072792 0.104964 0.093759 0.131440 0.285074 0.357880 0.028398 0.102481 0.344273 0.374506 0.214464 0.353268 0.270993 0.216385 0.180179 0.185965 0.104717 0.185915 0.291536 0.382038 0.163190 0.232152 -0.081242 0.359376 0.057624 0.247684 0.346895 0.289642 0.195856 0.331927 0.403887 0.365492 0.142411 0.288756 -0.203881 0.182917 -0.137105 -0.048899 0.082817 0.070657 0.217170 0.020016 0.031724 -0.098455 0.348524 0.335803 -0.057908 0.459417 0.441265 0.252535 0.049113 0.211785 0.250367 0.427255 -0.004253 0.036007 -0.078609 0.058621 -0.037817 0.124681 -0.070640 0.128097 -0.027152 0.048318 0.055870 0.185312 -0.058036 0.043514 -0.149818 -0.066006 0.060818 0.126437 0.058748 0.169162 0.081743 0.016239
0.052743 0.212833 0.331326 0.555227 0.614188 0.301831 0.468025 0.548386 0.628836 0.497362 0.438678 0.536109 0.469288 0.505717 0.650296 -0.056904 -0.094171 -0.040473 0.218333 0.265514 0.574885 0.627492 0.315894 0.181001 0.579986 0.613820 0.675410 0.000000 0.184008 0.373851 0.460877 0.376121 0.268485 0.221530 0.050636 0.185141 -0.199727 -0.151701 0.023897 0.197575 -0.120536 0.063984 0.081788 0.135925 0.310271 0.380666 0.010388 0.076233 0.346370 0.385750 0.208503 0.336198 0.243921 0.216768 0.147861 0.194900 0.094568 0.206047 0.296878 0.408010 0.181720 0.253783 -0.045186 0.374646 0.029723 0.219977 0.358331 0.322561 0.221017 0.380161 0.366542 0.398748 0.187196 0.325178 -0.249987 0.163024 -0.155204 -0.050544 0.072994 0.074296 0.177485 -0.008940 0.022987 -0.088671 0.336936 0.317420 -0.091419 0.453425 0.367461 0.296580 -0.018022 0.203671 0.231236 0.428678 -0.007425 -0.012198 -0.101097 0.048322 -0.058086 0.112482 -0.080603 0.192349 -0.021341 0.103084 0.017355 0.144487 -0.086515 0.029950 -0.191477 -0.071755 0.027484 0.096594 0.087113 0.175368 0.050802 0.049706
0.518679 0.540366 0.527056 0.391851 0.310313 0.179963 0.418868 0.336914 0.275937 0.262386 0.512666 0.472966 0.559096 0.502501 0.389812 0.187783 0.549523 0.539127 0.565770 0.569497 0.282633 0.260532 0.479030 0.438206 0.264959 0.287317 0.147669 0.184008 0.000000 0.599491 0.481279 0.484772 0.505442 0.527240 0.144808 0.224102 0.253404 0.254972 0.246097 0.392157 0.229596 0.317604 0.423672 0.447287 0.464118 0.484674 0.336815 0.316548 0.471054 0.450864 0.471446 0.449191 0.471209 0.423947 0.381017 0.438201 0.423626 0.450313 0.455301 0.380394 0.559969 0.510005 0.570993 0.549530 0.273881 0.256052 0.288369 0.462283 0.335270 0.352407 0.463670 0.582928 0.491306 0.440780 0.192487 0.431908 0.300193 0.359995 0.550014 0.500573 0.518639 0.393964 0.302777 0.229165 0.454895 0.486590 0.044983 0.190357 0.360436 0.511423 0.250493 0.340349 0.411899 0.377413 0.357700 0.228809 0.364707 0.511436 0.376649 0.324508 0.329036 0.384104 0.188206 0.330484 0.357855 0.434372 0.184222 0.108028 0.055434 0.367230 0.434993 0.406492 0.460655 0.546174 0.389511 0.256396
0.323266 0.411649 0.481838 0.539226 0.505110 0.269286 0.543470 0.506071 0.457136 0.369482 0.578564 0.574909 0.592333 0.583044 0.520746 0.047960 0.387305 0.371036 0.486982 0.511718 0.445153 0.471838 0.473695 0.403468 0.409659 0.480237 0.358722 0.373851 0.599491 0.000000 0.616848 0.583703 0.481591 0.495095 0.039546 0.112804 0.043808 0.120412 0.146626 0.220144 0.099865 0.252809 0.252699 0.330084 0.427635 0.471869 0.134022 0.201015 0.454357 0.429469 0.324409 0.451339 0.354143 0.306229 0.221363 0.282142 0.332365 0.342857 0.369044 0.440963 0.405007 0.511409 0.333066 0.650899 0.122359 0.332184 0.299829 0.416502 0.241919 0.373738 0.548569 0.523623 0.427989 0.544021 0.003585 0.452132 -0.003132 0.091096 0.531310 0.421918 0.522323 0.321372 0.156590 0.171387 0.446314 0.536916 -0.079401 0.334409 0.374106 0.385070 0.160246 0.246222 0.337163 0.423882 0.218718 0.180659 0.155345 0.326469 0.168764 0.223434 0.153402 0.304719 0.119676 0.226387 0.198474 0.327064 0.082671 0.106134 -0.141207 0.224913 0.271060 0.308034 0.301077 0.381331 0.224544 0.197131
0.289447 0.410031 0.545467 0.626319 0.590338 0.350843 0.599265 0.580788 0.549406 0.429892 0.598438 0.609022 0.616001 0.606420 0.576276 -0.061405 0.187119 0.229395 0.471011 0.506190 0.457361 0.458052 0.608559 0.487351 0.582443 0.610212 0.470279 0.460877 0.481279 0.616848 0.000000 0.709124 0.564598 0.539444 0.143539 0.203603 -0.112240 -0.011636 -0.024926 0.198023 -0.060198 0.219837 0.223807 0.269493 0.503333 0.459360 0.116376 0.126672 0.455270 0.437193 0.286518 0.428049 0.349237 0.262281 0.225207 0.197779 0.307516 0.370129 0.381180 0.459104 0.387529 0.514175 0.245017 0.635829 0.192496 0.420164 0.388815 0.408503 0.243965 0.400469 0.618164 0.546629 0.379320 0.520484 -0.085448 0.359878 -0.025906 0.080865 0.393916 0.216422 0.384134 0.240730 0.005509 -0.018411 0.477286 0.485416 -0.145319 0.344033 0.449324 0.328240 0.141779 0.280338 0.383470 0.478147 0.100709 0.143661 0.106473 0.276952 0.117192 0.211640 0.101421 0.240683 0.086531 0.163757 0.276971 0.380670 0.088462 0.038874 -0.046217 0.125603 0.244290 0.262963 0.204304 0.352511 0.256064 0.157232
0.338506 0.451735 0.576042 0.544291 0.536399 0.316050 0.550889 0.481185 0.434196 0.348973 0.543748 0.516944 0.553265 0.520167 0.508537 0.008349 0.246917 0.268352 0.508318 0.539053 0.433757 0.412231 0.629415 0.563166 0.520901 0.528376 0.380794 0.376121 0.484772 0.583703 0.709124 0.000000 0.555506 0.547064 0.222514 0.243506 -0.043019 0.059154 0.015955 0.219841 0.004312 0.239946 0.261725 0.297397 0.508696 0.426978 0.164274 0.161876 0.428407 0.385001 0.258536 0.373593 0.329053 0.247465 0.254705 0.221748 0.374039 0.419209 0.390313 0.418985 0.372639 0.491626 0.296338 0.600570 0.279194 0.443592 0.403822 0.396224 0.269161 0.376518 0.601830 0.544513 0.432082 0.537681 0.046405 0.380369 0.062880 0.151511 0.428269 0.215430 0.385486 0.290412 0.062573 0.045687 0.482213 0.464037 -0.052287 0.366872 0.425380 0.301777 0.185499 0.289970 0.339547 0.418411 0.140053 0.167329 0.187445 0.321781 0.185907 0.268643 0.158685 0.242245 0.185303 0.220522 0.285228 0.380255 0.180387 0.125858 -0.012622 0.177469 0.283450 0.296824 0.249307 0.368154 0.270460 0.172457
0.521311 0.578069 0.562672 0.375250 0.371481 0.362745 0.515135 0.319727 0.283177 0.403679 0.570283 0.412468 0.532530 0.451165 0.348183 0.228763 0.394771 0.480753 0.631166 0.614794 0.204966 0.236911 0.560866 0.530674 0.324402 0.281153 0.260315 0.268485 0.505442 0.481591 0.564598 0.555506 0.000000 0.736218 0.381553 0.412785 0.126274 0.188117 0.074780 0.276574 0.104243 0.277721 0.396060 0.419214 0.524892 0.498727 0.317576 0.297886 0.473024 0.410633 0.432308 0.450285 0.473960 0.385662 0.366238 0.367260 0.545356 0.573559 0.537937 0.473099 0.600056 0.599431 0.492029 0.640271 0.412708 0.473609 0.491649 0.520500 0.345606 0.509073 0.545456 0.542701 0.460863 0.513384 0.133402 0.335750 0.318305 0.390797 0.384822 0.318104 0.359438 0.475233 0.150367 0.177888 0.475703 0.539125 0.087128 0.278333 0.426992 0.397163 0.378703 0.474702 0.485008 0.478753 0.182102 0.076526 0.363145 0.437401 0.421149 0.453469 0.387638 0.441653 0.322693 0.418605 0.469226 0.540799 0.229784 0.032548 0.023324 0.289250 0.470109 0.488239 0.404963 0.480826 0.425430 0.209843
0.518940 0.574247 0.547219 0.357823 0.340893 0.347329 0.494184 0.303531 0.245742 0.387820 0.539708 0.392489 0.497647 0.431947 0.310132 0.242132 0.428639 0.491933 0.627318 0.617981 0.176309 0.211269 0.531818 0.518625 0.269575 0.247788 0.213750 0.221530 0.527240 0.495095 0.539444 0.547064 0.736218 0.000000 0.362136 0.411004 0.150204 0.209428 0.096810 0.289057 0.129789 0.298340 0.399717 0.427639 0.506296 0.500258 0.328839 0.305187 0.463405 0.397572 0.422828 0.435986 0.460615 0.387403 0.364155 0.368672 0.558544 0.577151 0.530427 0.472415 0.596209 0.622862 0.514565 0.650986 0.386818 0.482375 0.468979 0.542557 0.347744 0.525020 0.532141 0.524350 0.437156 0.492294 0.150712 0.339992 0.321424 0.398535 0.419076 0.332532 0.375162 0.474416 0.170654 0.218471 0.448083 0.537531 0.091245 0.255510 0.395140 0.407761 0.393584 0.462419 0.486283 0.458452 0.210379 0.106648 0.374176 0.443409 0.425175 0.438001 0.417767 0.433613 0.332051 0.420353 0.473203 0.533850 0.232047 0.053382 0.049654 0.310524 0.471456 0.488552 0.415680 0.489775 0.422879 0.210748
0.437854 0.411629 0.404303 -0.016822 0.024698 0.214195 0.143260 -0.093187 -0.075153 0.139199 0.129266 -0.043018 0.083272 -0.037009 0.070345 0.354305 0.301596 0.336206 0.391783 0.347889 0.113317 0.004494 0.427140 0.480901 0.225984 0.041804 0.100958 0.050636 0.144808 0.039546 0.143539 0.222514 0.381553 0.362136 0.000000 0.646760 0.335098 0.357945 0.229991 0.272446 0.301585 0.231285 0.460297 0.400629 0.418018 0.306282 0.408730 0.393137 0.287563 0.218059 0.344643 0.247352 0.371532 0.310049 0.403580 0.369440 0.446897 0.403434 0.352789 0.166643 0.318129 0.184092 0.367930 0.159162 0.576750 0.428332 0.454947 0.361219 0.328838 0.269785 0.263866 0.306527 0.356117 0.253623 0.330642 0.225303 0.494222 0.499180 0.233908 0.241108 0.254152 0.453615 0.330359 0.258281 0.391497 0.327983 0.371643 0.276859 0.356258 0.185722 0.423793 0.374583 0.301006 0.202463 0.253404 0.100526 0.457199 0.369805 0.440366 0.443115 0.355494 0.191895 0.356545 0.308896 0.380618 0.404583 0.285744 0.063186 0.014272 0.284246 0.458229 0.449027 0.371979 0.376091 0.424037 0.134342
0.405493 0.420158 0.402671 0.148069 0.120826 0.236193 0.213239 0.087730 0.098430 0.257290 0.201493 0.124637 0.199965 0.128661 0.190700 0.303145 0.263761 0.305437 0.411351 0.379386 0.222666 0.134513 0.380700 0.381847 0.274432 0.151137 0.222443 0.185141 0.224102 0.112804 0.203603 0.243506 0.412785 0.411004 0.646760 0.000000 0.266136 0.271657 0.207307 0.348926 0.255905 0.210915 0.459631 0.415341 0.421916 0.405724 0.384889 0.376898 0.339335 0.327802 0.408331 0.329652 0.430193 0.424466 0.400361 0.441378 0.392387 0.398704 0.400907 0.288753 0.374135 0.296581 0.340033 0.250623 0.471487 0.445515 0.489377 0.515937 0.393175 0.411042 0.281838 0.398995 0.296838 0.227837 0.218350 0.212366 0.443207 0.500204 0.176750 0.283609 0.270035 0.368492 0.311043 0.181017 0.369849 0.401298 0.270003 0.298381 0.373814 0.374571 0.374989 0.396450 0.385268 0.318561 0.214146 0.058432 0.351171 0.331446 0.387301 0.395440 0.335317 0.299519 0.273077 0.346453 0.342077 0.446143 0.132577 0.017313 0.003859 0.220326 0.426852 0.416463 0.354381 0.421929 0.376606 0.099614
0.438269 0.301090 0.193473 -0.282548 -0.222449 0.123803 -0.108361 -0.346826 -0.347463 -0.056536 -0.017815 -0.203114 -0.076911 -0.187225 -0.129967 0.541611 0.563246 0.492715 0.249212 0.202755 -0.045382 -0.159664 0.159615 0.305540 -0.080345 -0.250391 -0.160466 -0.199727 0.253404 0.043808 -0.112240 -0.043019 0.126274 0.150204 0.335098 0.266136 0.000000 0.716309 0.614789 0.359007 0.616166 0.397333 0.479836 0.452408 0.135209 0.196706 0.490073 0.532846 0.231582 0.150754 0.424444 0.222372 0.364447 0.300945 0.446643 0.425031 0.343434 0.247553 0.224629 0.024148 0.289861 0.070949 0.435730 0.009773 0.439626 0.137069 0.063943 0.159451 0.197128 0.027597 0.074202 0.149735 0.181582 -0.000745 0.410448 0.192675 0.551194 0.473025 0.258966 0.493586 0.424773 0.527059 0.590418 0.586270 0.339304 0.279300 0.532864 0.154797 0.244255 0.201365 0.530342 0.324052 0.263719 0.013251 0.563878 0.286878 0.597066 0.477547 0.569521 0.442988 0.520985 0.183232 0.414736 0.316615 0.338680 0.331740 0.310084 0.096013 -0.020200 0.548286 0.512616 0.489860 0.529688 0.404105 0.494844 0.251547
