0.000000 0.779770 0.726686 0.647116 0.481133 0.648583 0.732386 0.780236 0.304182 0.513851 0.783910 0.763067 0.773634 0.743618 0.283405 0.686841 0.644129 0.724276 0.773469 0.801239 0.459445 0.447553 0.640730 0.746217 0.659887 0.686652 0.426758 0.352129 0.728792 0.718600 0.720319 0.760025 0.844587 0.834966 0.771501 0.780623 0.636364 0.502573 0.587947 0.458174 0.449587 0.471529 0.730298 0.628065 0.747335 0.623157 0.708981 0.633447 0.749898 0.626045 0.732385 0.426686 0.649100 0.138943 0.681358 0.604709 0.830731 0.799022 0.794356 0.734109 0.767315 0.545792 0.652825 0.665835 0.535063 0.413994 0.821720 0.793904 0.816968 0.786423 0.593911 0.670696 0.561951 0.603933 0.351653 0.260624 0.565628 0.498596 0.659752 0.578965 0.709277 0.594575 0.646919 0.594386 0.619040 0.317709 0.555785 0.484270 0.638351 0.469914 0.621608 0.107625 0.590288 -0.013987 0.533753 0.673306 0.648913 0.695709 0.609235 0.479698 0.602197 0.047166 0.554796 0.301464 0.616011 0.530184 0.071762 0.205351 0.218892 0.563287 0.674619 0.634284 0.609988 0.635772 0.528659 0.359365
0.779770 0.000000 0.637996 0.681263 0.428170 0.560564 0.633611 0.770045 0.229647 0.591741 0.646994 0.700910 0.659475 0.751135 0.341979 0.695734 0.748372 0.733501 0.769826 0.877538 0.409076 0.389361 0.615273 0.697996 0.563245 0.562399 0.289578 0.207890 0.729421 0.656841 0.690061 0.698125 0.806769 0.813150 0.680587 0.690149 0.516805 0.343132 0.471255 0.524352 0.479890 0.474118 0.769994 0.733501 0.752306 0.720071 0.709276 0.736695 0.733861 0.675899 0.703753 0.519234 0.576456 0.332862 0.562767 0.646555 0.864702 0.887175 0.729739 0.731462 0.655021 0.615834 0.678994 0.725291 0.488283 0.445068 0.766487 0.807555 0.821549 0.806434 0.446275 0.620403 0.527881 0.559963 0.213123 0.251917 0.422925 0.422609 0.586647 0.732673 0.676885 0.649525 0.601900 0.650097 0.470330 0.542108 0.440050 0.572128 0.435546 0.620202 0.470832 0.166743 0.391649 0.015627 0.365346 0.592098 0.503896 0.578495 0.487427 0.324220 0.394096 0.009412 0.343649 0.129589 0.489891 0.468886 -0.047253 0.017591 0.170750 0.470959 0.571726 0.550677 0.534887 0.523749 0.494635 0.283971
0.726686 0.637996 0.000000 0.742987 0.550067 0.707043 0.896120 0.805934 0.660670 0.665763 0.657867 0.730415 0.801748 0.748310 0.313335 0.711093 0.355830 0.562521 0.616359 0.703993 0.558456 0.411748 0.676987 0.864565 0.731541 0.733490 0.634440 0.567467 0.595067 0.580966 0.768618 0.807068 0.661292 0.663126 0.578912 0.613848 0.456779 0.381172 0.571583 0.283528 0.428414 0.302059 0.504038 0.417811 0.523286 0.337744 0.488738 0.364818 0.578999 0.395416 0.528059 0.117573 0.504677 -0.195726 0.607787 0.387563 0.588564 0.595065 0.549851 0.526461 0.596020 0.437089 0.543058 0.587005 0.511812 0.415670 0.660062 0.608811 0.584432 0.541266 0.673578 0.788989 0.517129 0.653025 0.405391 0.253386 0.635130 0.526900 0.570156 0.458780 0.611192 0.542340 0.633487 0.483726 0.651356 0.272000 0.581371 0.608247 0.620929 0.247428 0.630598 0.102173 0.580076 -0.135142 0.449430 0.625048 0.593900 0.605818 0.652106 0.507615 0.644431 -0.020102 0.652496 0.342285 0.554671 0.341621 -0.027821 0.223598 0.275412 0.460714 0.516762 0.544792 0.569628 0.546099 0.347527 0.368725
0.647116 0.681263 0.742987 0.000000 0.219328 0.642273 0.715427 0.835978 0.437952 0.424913 0.611513 0.655280 0.615165 0.684231 0.621428 0.665948 0.520031 0.510536 0.780943 0.670186 0.578157 0.501988 0.829472 0.646235 0.577848 0.579776 0.524398 0.497789 0.670409 0.485914 0.750523 0.692061 0.632197 0.571191 0.553449 0.509905 0.361261 0.353637 0.283424 0.360881 0.264850 0.243269 0.431222 0.399740 0.483252 0.337558 0.337267 0.357970 0.471927 0.307862 0.478852 0.139582 0.278968 0.011938 0.342996 0.399329 0.599270 0.573930 0.545473 0.455611 0.638190 0.443085 0.694877 0.602632 0.620498 0.320574 0.592617 0.604965 0.586201 0.500122 0.617157 0.673471 0.465274 0.417372 0.199447 0.185004 0.572448 0.587124 0.432297 0.499066 0.559242 0.532684 0.478095 0.534749 0.566642 0.440446 0.207109 0.664915 0.265208 0.383079 0.442905 0.407533 0.398921 0.282993 0.488924 0.422277 0.375433 0.521946 0.527614 0.508735 0.482337 0.362176 0.505956 0.495482 0.347812 0.484294 0.191918 0.363068 0.187526 0.267553 0.373368 0.431473 0.390237 0.262666 0.155238 0.262915
0.481133 0.428170 0.550067 0.219328 0.000000 0.518010 0.515782 0.455358 0.446991 0.682783 0.395125 0.528740 0.590195 0.580034 -0.174208 0.546201 0.185080 0.394315 0.240389 0.438117 0.170078 0.185023 0.153936 0.673838 0.703710 0.633232 0.394470 0.315478 0.291361 0.448987 0.435889 0.578277 0.501739 0.543277 0.458461 0.503103 0.397019 0.188030 0.583715 0.145335 0.352336 0.212562 0.507777 0.367051 0.502210 0.371666 0.567066 0.400548 0.601204 0.495429 0.543229 0.283399 0.648534 -0.074682 0.612342 0.320247 0.419679 0.500438 0.524669 0.533993 0.435786 0.361581 0.179402 0.343329 0.278778 0.381515 0.587317 0.499976 0.441151 0.464459 0.341140 0.499375 0.156370 0.465774 0.309349 0.198332 0.290069 0.127065 0.444643 0.266556 0.376317 0.312988 0.502048 0.286532 0.407999 0.173802 0.725316 0.292356 0.722476 0.300912 0.519317 -0.254320 0.476744 -0.476702 0.139055 0.549332 0.580548 0.432615 0.466320 0.194710 0.390315 -0.474242 0.369611 -0.122554 0.602530 0.215655 -0.314215 -0.167132 0.041340 0.544048 0.574192 0.518707 0.562914 0.705035 0.612110 0.310114
0.648583 0.560564 0.707043 0.642273 0.518010 0.000000 0.703674 0.746313 0.555933 0.634146 0.577795 0.691835 0.663478 0.717848 0.311236 0.683204 0.371877 0.474936 0.567500 0.553164 0.503885 0.457491 0.593603 0.743455 0.729729 0.791845 0.613440 0.582485 0.581573 0.536584 0.775559 0.769799 0.624642 0.591970 0.597217 0.586742 0.408229 0.319798 0.447114 0.239115 0.283302 0.187432 0.473081 0.360001 0.510491 0.301305 0.455077 0.320120 0.560071 0.326832 0.544055 0.061750 0.463955 -0.181091 0.522727 0.328176 0.552991 0.522337 0.578055 0.485775 0.615027 0.297414 0.541147 0.499429 0.461591 0.251694 0.652767 0.572600 0.551386 0.496277 0.617999 0.670998 0.435331 0.553148 0.345102 0.116196 0.576540 0.511536 0.491250 0.413591 0.529730 0.403847 0.475729 0.405466 0.559614 0.174170 0.497502 0.536695 0.539108 0.243274 0.532628 0.029022 0.485962 -0.122372 0.408790 0.486982 0.516461 0.519894 0.569092 0.451514 0.539306 0.005442 0.595891 0.357414 0.522545 0.397267 0.032783 0.276543 0.134000 0.416222 0.507857 0.503528 0.513484 0.512030 0.345426 0.319660
0.732386 0.633611 0.896120 0.715427 0.515782 0.703674 0.000000 0.799082 0.623556 0.571989 0.690389 0.729499 0.821042 0.707246 0.358473 0.656180 0.382286 0.592158 0.626942 0.658811 0.604798 0.490443 0.730357 0.784065 0.700439 0.702754 0.649238 0.589319 0.637414 0.614426 0.789606 0.791568 0.686264 0.671404 0.586322 0.608386 0.497240 0.463593 0.569827 0.331057 0.408952 0.292427 0.492137 0.404215 0.513717 0.322351 0.473654 0.350284 0.534305 0.380946 0.493860 0.114556 0.457287 -0.179028 0.605775 0.390174 0.594703 0.593417 0.535712 0.535603 0.607520 0.474104 0.520740 0.623419 0.465922 0.448419 0.655363 0.629136 0.572542 0.524348 0.729945 0.782338 0.488359 0.646085 0.480774 0.182843 0.699450 0.602025 0.604417 0.474752 0.616012 0.562942 0.637258 0.507088 0.640079 0.233083 0.545719 0.608464 0.606419 0.248196 0.657486 0.198511 0.619411 -0.057333 0.514961 0.620890 0.597491 0.625028 0.665859 0.577764 0.690668 0.079140 0.703876 0.451576 0.568850 0.412859 0.111979 0.344996 0.269483 0.456996 0.517254 0.548078 0.562232 0.508667 0.292484 0.388054
0.780236 0.770045 0.805934 0.835978 0.455358 0.746313 0.799082 0.000000 0.447918 0.613384 0.715800 0.821048 0.774512 0.822378 0.370900 0.742873 0.552376 0.630371 0.763297 0.753851 0.522438 0.489625 0.781638 0.799647 0.701490 0.734137 0.510535 0.430447 0.724182 0.678785 0.849005 0.861299 0.805867 0.779956 0.698759 0.660030 0.536213 0.438850 0.496463 0.380698 0.317775 0.294361 0.607508 0.479827 0.650790 0.463317 0.562998 0.492970 0.676800 0.487558 0.670964 0.237793 0.531212 0.009373 0.563201 0.469390 0.709769 0.736861 0.752932 0.695931 0.763630 0.580290 0.635809 0.659068 0.564396 0.393072 0.787809 0.747713 0.719302 0.677520 0.667829 0.757641 0.514655 0.598366 0.318191 0.224291 0.618871 0.574570 0.577147 0.540383 0.592752 0.527990 0.546302 0.553313 0.585965 0.336671 0.439493 0.613345 0.526013 0.427005 0.602866 0.206565 0.568939 0.027288 0.545444 0.632808 0.621501 0.679128 0.660357 0.523539 0.594959 0.116293 0.612493 0.402500 0.581920 0.557593 0.097037 0.284053 0.201618 0.541200 0.630606 0.640199 0.585830 0.547679 0.442635 0.365080
0.304182 0.229647 0.660670 0.437952 0.446991 0.555933 0.623556 0.447918 0.000000 0.626490 0.357641 0.357030 0.490624 0.407857 0.251142 0.442094 -0.024751 0.133225 0.213766 0.289956 0.351353 0.119423 0.344152 0.592238 0.619599 0.586893 0.607278 0.557725 0.258660 0.200939 0.473857 0.485668 0.244094 0.219283 0.203016 0.253801 0.028743 0.005428 0.212200 -0.159760 0.113528 -0.006520 0.171530 0.134931 0.191411 -0.005454 0.168432 0.042346 0.273315 0.080705 0.179110 -0.210163 0.174692 -0.491678 0.249256 0.017729 0.207693 0.189672 0.191571 0.148024 0.257402 0.084395 0.174458 0.207939 0.186416 0.132320 0.298380 0.204136 0.199060 0.170659 0.416410 0.492498 0.205815 0.351931 0.171143 0.062847 0.348599 0.203329 0.211601 0.092309 0.223652 0.157655 0.264856 0.053340 0.291024 -0.041850 0.372415 0.357916 0.383571 -0.143954 0.291440 -0.142179 0.248772 -0.319399 0.040810 0.230090 0.238387 0.168604 0.317759 0.176274 0.361808 -0.199593 0.434967 0.147679 0.276721 -0.008199 -0.197566 0.027025 0.166971 0.162368 0.198002 0.179162 0.257802 0.307140 0.054101 0.219082
0.513851 0.591741 0.665763 0.424913 0.682783 0.634146 0.571989 0.613384 0.626490 0.000000 0.464245 0.561237 0.590555 0.676357 0.005506 0.662282 0.280200 0.351122 0.346339 0.617192 0.208502 0.068746 0.275807 0.796605 0.670855 0.671924 0.408648 0.270798 0.412963 0.417277 0.532784 0.632283 0.533471 0.578721 0.454100 0.489718 0.236090 -0.015352 0.422459 0.078756 0.320350 0.171113 0.545841 0.455954 0.531922 0.409416 0.558168 0.445304 0.647765 0.474950 0.536590 0.201927 0.538783 -0.104147 0.479065 0.320183 0.525257 0.600539 0.543386 0.549524 0.426841 0.366096 0.314607 0.380230 0.222072 0.235009 0.598018 0.511045 0.539237 0.565761 0.308985 0.547731 0.314774 0.512235 0.163011 0.153064 0.238934 0.112584 0.367434 0.380809 0.361206 0.240946 0.395731 0.244282 0.276018 0.226404 0.591162 0.405527 0.542404 0.255840 0.356838 -0.323269 0.273432 -0.522983 0.010777 0.468630 0.435649 0.348122 0.371554 0.043873 0.281035 -0.487291 0.292851 -0.176111 0.468088 0.102711 -0.434564 -0.255338 0.078905 0.417399 0.484166 0.426248 0.476278 0.623639 0.501806 0.254607
0.783910 0.646994 0.657867 0.611513 0.395125 0.577795 0.690389 0.715800 0.357641 0.464245 0.000000 0.788527 0.800354 0.741277 0.415318 0.727212 0.621572 0.656553 0.737481 0.616034 0.432034 0.469772 0.711017 0.643649 0.574323 0.597241 0.420432 0.376619 0.764347 0.699570 0.689446 0.690780 0.779921 0.739382 0.756136 0.724599 0.644502 0.525392 0.505845 0.424232 0.306231 0.432061 0.590182 0.463682 0.638517 0.492362 0.564336 0.506855 0.628731 0.527491 0.632361 0.361409 0.541605 0.103753 0.571881 0.461595 0.667913 0.670721 0.712024 0.674648 0.775562 0.587359 0.627311 0.646844 0.612930 0.516634 0.776601 0.761496 0.661476 0.645355 0.667005 0.664150 0.516579 0.503895 0.341916 0.208410 0.602742 0.543329 0.685656 0.495967 0.676755 0.577432 0.624956 0.585335 0.598770 0.322017 0.484885 0.496530 0.574427 0.415370 0.607817 0.256741 0.590660 0.094080 0.551240 0.582156 0.592545 0.642419 0.584712 0.489659 0.619927 0.179623 0.575966 0.392993 0.590771 0.609107 0.178597 0.309729 0.183354 0.520649 0.651568 0.632725 0.606466 0.582717 0.487810 0.370243
0.763067 0.700910 0.730415 0.655280 0.528740 0.691835 0.729499 0.821048 0.357030 0.561237 0.788527 0.000000 0.794731 0.890953 0.219451 0.815484 0.528562 0.709499 0.680572 0.655489 0.497920 0.533518 0.691963 0.766816 0.650800 0.705623 0.457896 0.409796 0.669150 0.800318 0.788503 0.820681 0.800205 0.791677 0.733713 0.751900 0.681150 0.560940 0.642717 0.426411 0.359604 0.419958 0.635774 0.461373 0.659608 0.472767 0.620509 0.487473 0.691134 0.531929 0.702963 0.321216 0.672515 0.020992 0.728021 0.484172 0.646110 0.726214 0.757384 0.749449 0.807893 0.630347 0.654692 0.740814 0.589155 0.550184 0.815795 0.785583 0.640652 0.615185 0.722491 0.742632 0.565324 0.644607 0.427178 0.322928 0.689615 0.631117 0.700066 0.503491 0.688844 0.640684 0.662176 0.651334 0.712581 0.329498 0.625442 0.558848 0.723310 0.443727 0.764268 0.180261 0.729741 -0.022153 0.635971 0.732018 0.753045 0.769073 0.763878 0.619694 0.722087 0.084500 0.711841 0.417709 0.727907 0.632315 0.166125 0.337600 0.222823 0.651665 0.741082 0.757846 0.723246 0.685625 0.587091 0.427976
0.773634 0.659475 0.801748 0.615165 0.590195 0.663478 0.821042 0.774512 0.490624 0.590555 0.800354 0.794731 0.000000 0.780263 0.294656 0.690399 0.475510 0.656055 0.638211 0.665399 0.470373 0.418478 0.640244 0.787988 0.722644 0.703730 0.518690 0.484593 0.677109 0.664463 0.739830 0.793520 0.779200 0.769734 0.723891 0.708200 0.624671 0.483842 0.633810 0.398938 0.435044 0.360252 0.600625 0.470527 0.633223 0.453514 0.608689 0.502865 0.654008 0.537845 0.631663 0.326871 0.599927 0.004568 0.672530 0.495579 0.659125 0.680240 0.698492 0.700282 0.736021 0.597231 0.527378 0.604427 0.560472 0.553641 0.780586 0.740022 0.657715 0.644897 0.694429 0.794106 0.467950 0.601892 0.415193 0.220654 0.618642 0.504406 0.675907 0.530702 0.633251 0.554175 0.674265 0.507646 0.637520 0.320469 0.622104 0.516820 0.686782 0.399715 0.682976 0.146356 0.647361 -0.062128 0.557391 0.688909 0.693341 0.692392 0.668893 0.513969 0.656558 0.035126 0.633483 0.339940 0.667271 0.506480 0.036690 0.233814 0.271744 0.618868 0.670411 0.662719 0.615910 0.627544 0.511291 0.447717
0.743618 0.751135 0.748310 0.684231 0.580034 0.717848 0.707246 0.822378 0.407857 0.676357 0.741277 0.890953 0.780263 0.000000 0.263996 0.858557 0.539323 0.670798 0.678530 0.713367 0.462943 0.446060 0.644527 0.827916 0.709965 0.742141 0.461900 0.389200 0.658213 0.726459 0.774533 0.816884 0.796546 0.784387 0.724183 0.732706 0.584696 0.426985 0.588524 0.394339 0.400487 0.416471 0.665020 0.515956 0.687408 0.516107 0.644608 0.536916 0.729679 0.547626 0.729972 0.356633 0.691140 0.066040 0.691904 0.498881 0.698575 0.755771 0.763780 0.721780 0.770419 0.548726 0.668801 0.712958 0.600575 0.494890 0.815524 0.781030 0.673163 0.651654 0.640711 0.752217 0.541884 0.618626 0.330383 0.288350 0.597593 0.531970 0.643631 0.541030 0.671671 0.619704 0.657882 0.623845 0.683335 0.433279 0.596991 0.573870 0.675293 0.491974 0.697749 0.113564 0.625994 -0.098807 0.506943 0.692538 0.686740 0.698968 0.696613 0.502578 0.625398 -0.021042 0.606940 0.282721 0.666484 0.530551 0.008134 0.190676 0.203652 0.607272 0.702321 0.718281 0.693071 0.674272 0.600106 0.386821
0.283405 0.341979 0.313335 0.621428 -0.174208 0.311236 0.358473 0.370900 0.251142 0.005506 0.415318 0.219451 0.294656 0.263996 0.000000 0.368597 0.464981 0.294442 0.577634 0.275211 0.475954 0.405485 0.655366 0.159107 0.198749 0.166409 0.349503 0.399264 0.555183 0.196864 0.419031 0.245987 0.289714 0.186246 0.308856 0.245655 0.049066 0.139472 -0.110856 0.234049 0.051197 0.074892 0.144048 0.219436 0.200071 0.165235 0.025572 0.162028 0.094977 0.079340 0.144885 0.083169 -0.097979 0.140366 -0.031197 0.218938 0.350207 0.210642 0.157390 0.068252 0.328056 0.167339 0.571065 0.376152 0.522758 0.260393 0.202848 0.307369 0.251741 0.150740 0.389646 0.352175 0.240375 0.048244 0.027687 -0.017245 0.361760 0.451225 0.261292 0.424604 0.423164 0.403609 0.270717 0.378090 0.338795 0.423089 -0.201918 0.410267 -0.152077 0.250215 0.081725 0.560940 0.038654 0.536625 0.299874 0.022105 -0.067231 0.126866 0.141406 0.286820 0.160360 0.580163 0.172918 0.449077 -0.063979 0.305061 0.292373 0.361554 0.094162 -0.101042 -0.011798 0.047092 -0.024978 -0.187281 -0.243495 0.028265
0.686841 0.695734 0.711093 0.665948 0.546201 0.683204 0.656180 0.742873 0.442094 0.662282 0.727212 0.815484 0.690399 0.858557 0.368597 0.000000 0.586893 0.666493 0.672674 0.666627 0.487201 0.505375 0.645791 0.763900 0.638017 0.670063 0.451404 0.412148 0.695174 0.728141 0.703731 0.724542 0.715526 0.702281 0.677439 0.696119 0.537499 0.386922 0.523040 0.350130 0.360156 0.405142 0.627337 0.491820 0.638354 0.505649 0.590038 0.504964 0.693265 0.531494 0.697628 0.327718 0.649971 0.064081 0.629819 0.433953 0.640384 0.700652 0.687581 0.650200 0.719523 0.525608 0.725204 0.722510 0.682687 0.532965 0.763578 0.742206 0.620194 0.593193 0.636285 0.715635 0.552141 0.590514 0.327367 0.269549 0.580352 0.530926 0.652361 0.520605 0.704090 0.626738 0.658369 0.662425 0.665276 0.453627 0.572894 0.591441 0.602355 0.451157 0.625173 0.120439 0.555618 -0.088558 0.443773 0.633662 0.610290 0.623260 0.645891 0.454006 0.568278 -0.018624 0.540909 0.233222 0.607453 0.512536 -0.003932 0.156353 0.179656 0.528338 0.638292 0.655317 0.649952 0.617454 0.544128 0.364981
0.644129 0.748372 0.355830 0.520031 0.185080 0.371877 0.382286 0.552376 -0.024751 0.280200 0.621572 0.528562 0.475510 0.539323 0.464981 0.586893 0.000000 0.777764 0.762409 0.708724 0.359679 0.444325 0.557221 0.413392 0.327339 0.380594 0.156058 0.105963 0.819906 0.650983 0.538841 0.480224 0.730539 0.709370 0.708859 0.674888 0.523701 0.380454 0.347895 0.567090 0.366286 0.486685 0.712223 0.681039 0.708629 0.731192 0.638133 0.720923 0.622577 0.633474 0.643288 0.594184 0.465439 0.531892 0.435352 0.619361 0.779630 0.722305 0.619992 0.600087 0.605295 0.534671 0.732132 0.692518 0.554628 0.451278 0.686083 0.772983 0.762577 0.725888 0.406661 0.508235 0.525205 0.435443 0.195727 0.156471 0.414345 0.469512 0.664583 0.758169 0.694183 0.637496 0.549430 0.681484 0.395446 0.526916 0.230878 0.416549 0.254768 0.623695 0.377113 0.317219 0.315937 0.239636 0.435967 0.496207 0.387947 0.528144 0.355671 0.297316 0.313464 0.207924 0.242902 0.200315 0.362687 0.540891 0.113202 0.107286 0.179932 0.399946 0.508975 0.470092 0.412559 0.390012 0.427919 0.209554
0.724276 0.733501 0.562521 0.510536 0.394315 0.474936 0.592158 0.630371 0.133225 0.351122 0.656553 0.709499 0.656055 0.670798 0.294442 0.666493 0.777764 0.000000 0.702599 0.715943 0.504672 0.553402 0.598944 0.584876 0.474503 0.543132 0.308241 0.257372 0.771927 0.846232 0.671885 0.659296 0.788541 0.803458 0.739613 0.769687 0.685757 0.585018 0.645362 0.582477 0.499431 0.582303 0.701748 0.586197 0.679691 0.612494 0.677448 0.624142 0.654514 0.602820 0.675448 0.452429 0.633260 0.267798 0.702513 0.579458 0.760322 0.746754 0.641405 0.652161 0.674961 0.570851 0.712615 0.813465 0.586461 0.574606 0.750975 0.791748 0.708850 0.679130 0.619067 0.681045 0.646021 0.682005 0.474829 0.344185 0.660623 0.638698 0.807688 0.718760 0.791223 0.769485 0.716116 0.772989 0.634062 0.365880 0.513482 0.457529 0.567298 0.465354 0.674279 0.229438 0.617713 0.066592 0.622121 0.722378 0.672714 0.713370 0.648907 0.546046 0.618472 0.119023 0.555223 0.330422 0.613759 0.588215 0.204033 0.253114 0.327576 0.606747 0.642841 0.652684 0.578797 0.578200 0.526497 0.383494
0.773469 0.769826 0.616359 0.780943 0.240389 0.567500 0.626942 0.763297 0.213766 0.346339 0.737481 0.680572 0.638211 0.678530 0.577634 0.672674 0.762409 0.702599 0.000000 0.768411 0.509584 0.519916 0.793637 0.577067 0.556776 0.570741 0.389777 0.336263 0.812255 0.658389 0.727340 0.659804 0.793048 0.720501 0.698365 0.653015 0.523429 0.441181 0.376558 0.507137 0.355142 0.408715 0.614140 0.554696 0.652674 0.559207 0.529601 0.567510 0.594493 0.490079 0.604386 0.365882 0.393482 0.226648 0.436659 0.524873 0.780538 0.714219 0.675351 0.601081 0.734446 0.502403 0.755940 0.685110 0.628438 0.378142 0.726414 0.750157 0.777992 0.705194 0.597195 0.608496 0.518476 0.455178 0.204574 0.152398 0.544283 0.563355 0.614148 0.633963 0.696158 0.613407 0.558068 0.628700 0.557823 0.431066 0.295391 0.549727 0.340222 0.490387 0.451845 0.361811 0.413646 0.250138 0.551341 0.516747 0.471918 0.609720 0.500270 0.464816 0.471429 0.312474 0.430232 0.388041 0.445446 0.591346 0.201275 0.296786 0.208060 0.419835 0.541293 0.546281 0.462180 0.402533 0.365296 0.302538
0.801239 0.877538 0.703993 0.670186 0.438117 0.553164 0.658811 0.753851 0.289956 0.617192 0.616034 0.655489 0.665399 0.713367 0.275211 0.666627 0.708724 0.715943 0.768411 0.000000 0.415384 0.323388 0.557257 0.746655 0.603650 0.619992 0.341943 0.227312 0.723880 0.635162 0.672559 0.694730 0.789308 0.803396 0.664238 0.680890 0.486957 0.300645 0.505016 0.470983 0.536203 0.467992 0.755946 0.724214 0.739645 0.695424 0.708672 0.711154 0.727573 0.632961 0.669878 0.454124 0.560038 0.248387 0.570026 0.626505 0.837775 0.818815 0.683500 0.668065 0.607072 0.522028 0.644255 0.661417 0.446088 0.339230 0.752068 0.760837 0.860786 0.838343 0.453793 0.652832 0.583961 0.626918 0.227972 0.212075 0.424473 0.392384 0.584075 0.692224 0.652478 0.574437 0.585998 0.556698 0.448189 0.438473 0.466695 0.523738 0.449868 0.503845 0.461746 0.062352 0.384510 -0.090182 0.349139 0.621284 0.521028 0.595587 0.478708 0.297194 0.404406 -0.080415 0.353998 0.092277 0.494805 0.379636 -0.120527 -0.012679 0.247117 0.490796 0.565791 0.534385 0.525094 0.558096 0.501255 0.314670
0.459445 0.409076 0.558456 0.578157 0.170078 0.503885 0.604798 0.522438 0.351353 0.208502 0.432034 0.497920 0.470373 0.462943 0.475954 0.487201 0.359679 0.504672 0.509584 0.415384 0.000000 0.788865 0.618523 0.415297 0.358239 0.437215 0.601747 0.639373 0.526143 0.454012 0.609751 0.488019 0.454624 0.403747 0.396702 0.433197 0.343419 0.458136 0.460905 0.500386 0.542230 0.438326 0.319912 0.298817 0.326218 0.251306 0.268971 0.201945 0.286152 0.248447 0.326634 0.129506 0.245251 -0.027945 0.500321 0.407641 0.412928 0.351771 0.271699 0.254327 0.433902 0.288518 0.542354 0.541768 0.426212 0.312160 0.378529 0.438417 0.360054 0.259381 0.647764 0.597944 0.423455 0.502179 0.443348 0.125139 0.659551 0.668816 0.518121 0.468699 0.582464 0.547616 0.603558 0.580368 0.579382 0.296248 0.316277 0.662639 0.355423 0.244394 0.492835 0.385040 0.454290 0.229992 0.585692 0.426028 0.363074 0.497092 0.530162 0.599855 0.572739 0.370049 0.599941 0.595066 0.321561 0.334367 0.373104 0.579415 0.274769 0.229984 0.255228 0.345920 0.312360 0.174516 0.006092 0.250195
0.447553 0.389361 0.411748 0.501988 0.185023 0.457491 0.490443 0.489625 0.119423 0.068746 0.469772 0.533518 0.418478 0.446060 0.405485 0.505375 0.444325 0.553402 0.519916 0.323388 0.788865 0.000000 0.624075 0.299535 0.252344 0.322848 0.430919 0.535899 0.552674 0.566381 0.571055 0.467318 0.496914 0.441461 0.469764 0.471071 0.524220 0.627044 0.517122 0.606658 0.427372 0.447274 0.347679 0.266371 0.362904 0.316652 0.307069 0.241612 0.322023 0.345026 0.426546 0.251844 0.339317 0.119753 0.544558 0.417603 0.386452 0.386072 0.375490 0.376438 0.529061 0.406260 0.574645 0.612645 0.549952 0.462907 0.457330 0.523015 0.338295 0.262599 0.698982 0.558600 0.425994 0.474211 0.472157 0.168596 0.679770 0.698622 0.573632 0.410836 0.610090 0.598727 0.600833 0.676929 0.622379 0.334613 0.333378 0.605751 0.381002 0.375861 0.559408 0.485674 0.571296 0.357423 0.691710 0.457595 0.467672 0.587459 0.592132 0.687437 0.605009 0.461303 0.603509 0.629925 0.418080 0.559796 0.532812 0.651591 0.179416 0.320574 0.390010 0.487130 0.430971 0.238696 0.171929 0.300418
0.640730 0.615273 0.676987 0.829472 0.153936 0.593603 0.730357 0.781638 0.344152 0.275807 0.711017 0.691963 0.640244 0.644527 0.655366 0.645791 0.557221 0.598944 0.793637 0.557257 0.618523 0.624075 0.000000 0.548937 0.473841 0.501251 0.470809 0.469132 0.722147 0.606967 0.793221 0.695835 0.673998 0.605194 0.597588 0.547900 0.493651 0.527676 0.345769 0.436887 0.218587 0.297187 0.391254 0.305578 0.446679 0.292244 0.297951 0.289864 0.393571 0.267801 0.433805 0.108386 0.263100 0.017151 0.377314 0.321983 0.571399 0.537531 0.514808 0.462324 0.661401 0.486113 0.685667 0.655669 0.642787 0.452290 0.595675 0.631901 0.529182 0.451815 0.734413 0.659870 0.469577 0.442719 0.336150 0.218949 0.702954 0.730049 0.577842 0.517184 0.627893 0.608418 0.534313 0.625454 0.625906 0.358363 0.215922 0.603745 0.301675 0.331724 0.534098 0.519497 0.517260 0.366650 0.647926 0.461872 0.438270 0.568520 0.564178 0.594645 0.589883 0.472553 0.601886 0.622779 0.415911 0.615092 0.388487 0.539066 0.250116 0.335717 0.424787 0.489947 0.410177 0.258171 0.160833 0.317851
0.746217 0.697996 0.864565 0.646235 0.673838 0.743455 0.784065 0.799647 0.592238 0.796605 0.643649 0.766816 0.787988 0.827916 0.159107 0.763900 0.413392 0.584876 0.577067 0.746655 0.415297 0.299535 0.548937 0.000000 0.789467 0.812771 0.524798 0.430870 0.589607 0.619514 0.756866 0.844731 0.721798 0.745302 0.660816 0.698123 0.480108 0.287550 0.606633 0.266039 0.427997 0.318338 0.639004 0.519224 0.641980 0.461136 0.649869 0.504715 0.726577 0.509619 0.665489 0.251432 0.671198 -0.084610 0.675408 0.451469 0.661601 0.680610 0.661705 0.629022 0.611884 0.431243 0.519710 0.561805 0.462591 0.377827 0.757167 0.676458 0.675124 0.660421 0.555861 0.746349 0.510121 0.681560 0.349360 0.270524 0.525607 0.409724 0.574717 0.500430 0.581689 0.484275 0.611951 0.457761 0.584916 0.285544 0.671621 0.516955 0.701887 0.343138 0.626529 -0.097553 0.559351 -0.316155 0.361305 0.674940 0.645475 0.604215 0.614208 0.362283 0.573155 -0.232836 0.574033 0.145425 0.632643 0.330770 -0.201586 0.041532 0.228746 0.565860 0.628899 0.601100 0.610287 0.688603 0.547925 0.352744
0.659887 0.563245 0.731541 0.577848 0.703710 0.729729 0.700439 0.701490 0.619599 0.670855 0.574323 0.650800 0.722644 0.709965 0.198749 0.638017 0.327339 0.474503 0.556776 0.603650 0.358239 0.252344 0.473841 0.789467 0.000000 0.873973 0.601872 0.506040 0.529113 0.522217 0.701242 0.751430 0.649645 0.621175 0.587438 0.581202 0.384395 0.229555 0.472282 0.148482 0.319190 0.214609 0.518549 0.400832 0.558592 0.344953 0.529200 0.401868 0.627507 0.392343 0.566856 0.155678 0.520297 -0.174077 0.534601 0.355355 0.578989 0.559267 0.599459 0.514956 0.577111 0.261681 0.393203 0.419610 0.408246 0.241393 0.682485 0.576766 0.613344 0.576427 0.510899 0.630031 0.315899 0.514076 0.223393 0.109282 0.465395 0.336222 0.476804 0.365434 0.469983 0.357412 0.494619 0.322469 0.498446 0.158961 0.579691 0.422781 0.627186 0.230940 0.512771 -0.108187 0.469239 -0.291364 0.316354 0.550018 0.582047 0.533050 0.530006 0.328330 0.508117 -0.184426 0.511218 0.164099 0.557623 0.292591 -0.175179 0.053582 0.167375 0.513201 0.575442 0.526973 0.502559 0.606505 0.448471 0.304372
0.686652 0.562399 0.733490 0.579776 0.633232 0.791845 0.702754 0.734137 0.586893 0.671924 0.597241 0.705623 0.703730 0.742141 0.166409 0.670063 0.380594 0.543132 0.570741 0.619992 0.437215 0.322848 0.501251 0.812771 0.873973 0.000000 0.620703 0.514060 0.582143 0.601054 0.768991 0.798790 0.686227 0.664465 0.646042 0.651954 0.430707 0.282179 0.531830 0.192724 0.348282 0.264323 0.552510 0.418595 0.588016 0.362304 0.565790 0.397964 0.650026 0.374935 0.596800 0.129541 0.559217 -0.185666 0.604560 0.372532 0.599678 0.557148 0.613090 0.505990 0.600137 0.254993 0.464537 0.473154 0.408156 0.195788 0.720257 0.610623 0.643110 0.595243 0.552609 0.650751 0.403430 0.604098 0.309027 0.107067 0.560541 0.445471 0.550504 0.423379 0.520691 0.376280 0.511483 0.371206 0.546151 0.108407 0.599688 0.439462 0.671910 0.209591 0.582280 -0.104412 0.540225 -0.284461 0.397573 0.619710 0.623546 0.587057 0.578070 0.389204 0.585365 -0.162225 0.610823 0.251101 0.594644 0.338501 -0.109357 0.161460 0.194092 0.553774 0.605672 0.559146 0.532863 0.648567 0.450378 0.307584
0.426758 0.289578 0.634440 0.524398 0.394470 0.613440 0.649238 0.510535 0.607278 0.408648 0.420432 0.457896 0.518690 0.461900 0.349503 0.451404 0.156058 0.308241 0.389777 0.341943 0.601747 0.430919 0.470809 0.524798 0.601872 0.620703 0.000000 0.781215 0.388916 0.341450 0.555309 0.499394 0.382548 0.335267 0.369925 0.391112 0.209171 0.242046 0.363714 0.136096 0.252559 0.138828 0.230812 0.180218 0.281087 0.101240 0.227848 0.101699 0.296636 0.139414 0.247460 -0.026241 0.227714 -0.274663 0.403522 0.236208 0.296168 0.268366 0.262739 0.214753 0.371377 0.151697 0.339830 0.364433 0.281721 0.216735 0.372769 0.348773 0.297888 0.216820 0.540451 0.528072 0.247042 0.368363 0.359224 0.071253 0.541577 0.454561 0.404268 0.276519 0.416894 0.344732 0.439095 0.328191 0.512008 0.135828 0.379835 0.491141 0.448618 0.094912 0.459943 0.162881 0.426732 -0.028817 0.378067 0.390269 0.358200 0.418574 0.496894 0.469583 0.556303 0.131550 0.606711 0.470608 0.313733 0.205221 0.120665 0.378334 0.210719 0.273591 0.285889 0.327518 0.366947 0.319149 0.045995 0.267435
0.352129 0.207890 0.567467 0.497789 0.315478 0.582485 0.589319 0.430447 0.557725 0.270798 0.376619 0.409796 0.484593 0.389200 0.399264 0.412148 0.105963 0.257372 0.336263 0.227312 0.639373 0.535899 0.469132 0.430870 0.506040 0.514060 0.781215 0.000000 0.347011 0.271149 0.511405 0.443507 0.293132 0.227814 0.265512 0.278630 0.208068 0.274842 0.337077 0.169615 0.290082 0.098177 0.128096 0.082568 0.175518 0.007966 0.122827 -0.011419 0.188791 0.067257 0.202234 -0.069400 0.178782 -0.296012 0.357929 0.178457 0.214323 0.169881 0.186198 0.132940 0.360356 0.155344 0.351768 0.335166 0.348836 0.231942 0.280949 0.262823 0.173755 0.080603 0.564803 0.513317 0.184281 0.309166 0.339565 -0.045303 0.530963 0.458135 0.340731 0.204814 0.389612 0.336550 0.425054 0.316316 0.541246 0.157017 0.344163 0.511577 0.365724 0.067781 0.418503 0.228562 0.420445 0.087479 0.410156 0.301419 0.298508 0.348786 0.456490 0.487233 0.523750 0.258646 0.584143 0.518343 0.288925 0.226721 0.219214 0.470491 0.215508 0.199403 0.176410 0.251464 0.310015 0.198283 -0.017195 0.224549
0.728792 0.729421 0.595067 0.670409 0.291361 0.581573 0.637414 0.724182 0.258660 0.412963 0.764347 0.669150 0.677109 0.658213 0.555183 0.695174 0.819906 0.771927 0.812255 0.723880 0.526143 0.552674 0.722147 0.589607 0.529113 0.582143 0.388916 0.347011 0.000000 0.749613 0.732286 0.671399 0.791498 0.752693 0.774855 0.722158 0.567854 0.454965 0.435076 0.511832 0.389716 0.426215 0.649402 0.568079 0.685606 0.603234 0.592633 0.586067 0.632776 0.556607 0.650555 0.405198 0.476871 0.243698 0.516786 0.529397 0.755890 0.692400 0.647135 0.613000 0.690954 0.529889 0.729260 0.720681 0.618569 0.465391 0.749961 0.781932 0.751421 0.699333 0.656927 0.700670 0.628382 0.616775 0.379366 0.115998 0.639049 0.642719 0.726397 0.701896 0.725043 0.607970 0.607867 0.645066 0.515297 0.388486 0.340647 0.521854 0.383947 0.470405 0.499996 0.299396 0.462081 0.152280 0.551042 0.568206 0.519097 0.635866 0.523959 0.458680 0.506046 0.228342 0.477560 0.378779 0.492124 0.589463 0.191805 0.292903 0.256825 0.482267 0.580298 0.564282 0.481076 0.450495 0.400446 0.332252
0.718600 0.656841 0.580966 0.485914 0.448987 0.536584 0.614426 0.678785 0.200939 0.417277 0.699570 0.800318 0.664463 0.726459 0.196864 0.728141 0.650983 0.846232 0.658389 0.635162 0.454012 0.566381 0.606967 0.619514 0.522217 0.601054 0.341450 0.271149 0.749613 0.000000 0.705332 0.720574 0.790718 0.793215 0.745030 0.771621 0.731803 0.634837 0.666536 0.463702 0.359112 0.499466 0.652946 0.461205 0.662956 0.540258 0.648650 0.523509 0.679882 0.579355 0.702267 0.349522 0.668418 0.081596 0.722564 0.447181 0.661544 0.724507 0.702811 0.722388 0.718203 0.583713 0.616681 0.797612 0.540575 0.568791 0.792441 0.778961 0.645394 0.641835 0.685925 0.659206 0.664268 0.711953 0.509131 0.340193 0.698403 0.647052 0.796179 0.551677 0.721429 0.672578 0.664519 0.704113 0.628910 0.220999 0.589307 0.429980 0.662075 0.366103 0.704464 0.107158 0.696219 -0.058777 0.650934 0.770359 0.789775 0.785630 0.724298 0.582363 0.696538 0.048140 0.655848 0.360592 0.731490 0.659718 0.234403 0.296837 0.279072 0.721897 0.778052 0.767305 0.663381 0.681669 0.618280 0.461843
0.720319 0.690061 0.768618 0.750523 0.435889 0.775559 0.789606 0.849005 0.473857 0.532784 0.689446 0.788503 0.739830 0.774533 0.419031 0.703731 0.538841 0.671885 0.727340 0.672559 0.609751 0.571055 0.793221 0.756866 0.701242 0.768991 0.555309 0.511405 0.732286 0.705332 0.000000 0.898089 0.793238 0.760822 0.688805 0.684026 0.521841 0.468558 0.532132 0.404977 0.350593 0.335358 0.572885 0.452380 0.613707 0.425098 0.529118 0.426603 0.603033 0.417914 0.610088 0.184070 0.495485 -0.031408 0.597152 0.422865 0.676527 0.631675 0.641008 0.575040 0.699279 0.451898 0.649369 0.668690 0.551380 0.412558 0.734822 0.712856 0.652882 0.583456 0.736708 0.770346 0.538309 0.648699 0.385460 0.253666 0.740346 0.703695 0.674376 0.611081 0.687961 0.609386 0.618758 0.606177 0.662254 0.306023 0.451103 0.573976 0.550369 0.355197 0.659103 0.250848 0.613803 0.053063 0.600764 0.636251 0.609411 0.653914 0.651776 0.559453 0.646977 0.136529 0.669653 0.463375 0.573259 0.537750 0.149916 0.367669 0.245117 0.517886 0.591853 0.606725 0.540223 0.502300 0.368380 0.309160
0.760025 0.698125 0.807068 0.692061 0.578277 0.769799 0.791568 0.861299 0.485668 0.632283 0.690780 0.820681 0.793520 0.816884 0.245987 0.724542 0.480224 0.659296 0.659804 0.694730 0.488019 0.467318 0.695835 0.844731 0.751430 0.798790 0.499394 0.443507 0.671399 0.720574 0.898089 0.000000 0.805963 0.802262 0.705974 0.709178 0.574648 0.464950 0.600561 0.354231 0.352745 0.334854 0.622363 0.468038 0.659021 0.458041 0.608254 0.475670 0.694392 0.490563 0.690257 0.222353 0.629584 -0.059935 0.673906 0.428640 0.679538 0.681457 0.725957 0.668600 0.714414 0.497458 0.569209 0.640612 0.535227 0.436845 0.790923 0.727708 0.671154 0.638647 0.675596 0.775933 0.538690 0.685946 0.395656 0.305576 0.670362 0.585497 0.643910 0.535598 0.637283 0.568810 0.616330 0.555553 0.652193 0.269868 0.568160 0.539681 0.670721 0.373449 0.694815 0.100482 0.659442 -0.106795 0.544897 0.700456 0.703012 0.683828 0.690053 0.520325 0.654015 -0.029924 0.672869 0.347127 0.662921 0.515281 0.023759 0.236067 0.217375 0.611180 0.685889 0.675122 0.625068 0.634768 0.515117 0.355720
0.844587 0.806769 0.661292 0.632197 0.501739 0.624642 0.686264 0.805867 0.244094 0.533471 0.779921 0.800205 0.779200 0.796546 0.289714 0.715526 0.730539 0.788541 0.793048 0.789308 0.454624 0.496914 0.673998 0.721798 0.649645 0.686227 0.382548 0.293132 0.791498 0.790718 0.793238 0.805963 0.000000 0.921289 0.833807 0.811169 0.683946 0.527099 0.636650 0.544097 0.449128 0.491635 0.791572 0.647845 0.813936 0.682618 0.765002 0.701898 0.787608 0.677588 0.790739 0.497851 0.679538 0.259197 0.701714 0.620596 0.853649 0.835441 0.844913 0.800273 0.807916 0.621905 0.655826 0.708262 0.576119 0.489632 0.895102 0.886254 0.846419 0.821835 0.637173 0.713237 0.551023 0.620630 0.344309 0.265377 0.603631 0.551006 0.750547 0.673272 0.721007 0.621993 0.681859 0.658673 0.604424 0.396696 0.529224 0.500988 0.616859 0.559219 0.670177 0.186875 0.632808 0.012375 0.603100 0.748403 0.723387 0.763247 0.652897 0.481049 0.610332 0.043852 0.560313 0.292057 0.658750 0.613104 0.077405 0.197049 0.241977 0.666356 0.775482 0.748350 0.664812 0.685903 0.631309 0.381376
0.834966 0.813150 0.663126 0.571191 0.543277 0.591970 0.671404 0.779956 0.219283 0.578721 0.739382 0.791677 0.769734 0.784387 0.186246 0.702281 0.709370 0.803458 0.720501 0.803396 0.403747 0.441461 0.605194 0.745302 0.621175 0.664465 0.335267 0.227814 0.752693 0.793215 0.760822 0.802262 0.921289 0.000000 0.821891 0.824560 0.680549 0.491923 0.665431 0.527414 0.467764 0.502913 0.812853 0.674761 0.811350 0.699683 0.798481 0.725244 0.802179 0.705271 0.792419 0.522032 0.727174 0.278293 0.737263 0.641446 0.842806 0.849775 0.825847 0.817105 0.764685 0.655227 0.629604 0.715392 0.525048 0.516678 0.878640 0.878429 0.833528 0.821959 0.593491 0.708052 0.560741 0.657941 0.371848 0.322006 0.583857 0.525984 0.750156 0.696584 0.713250 0.623316 0.680814 0.653702 0.577363 0.398226 0.567026 0.447207 0.648216 0.563394 0.683696 0.119215 0.631658 -0.063261 0.554114 0.765244 0.725624 0.747350 0.648903 0.449362 0.581098 -0.054662 0.530299 0.208698 0.663277 0.562625 0.017030 0.124141 0.239633 0.662992 0.767392 0.738907 0.671243 0.715235 0.661013 0.374966
0.771501 0.680587 0.578912 0.553449 0.458461 0.597217 0.586322 0.698759 0.203016 0.454100 0.756136 0.733713 0.723891 0.724183 0.308856 0.677439 0.708859 0.739613 0.698365 0.664238 0.396702 0.469764 0.597588 0.660816 0.587438 0.646042 0.369925 0.265512 0.774855 0.745030 0.688805 0.705974 0.833807 0.821891 0.000000 0.898023 0.690374 0.524195 0.598540 0.515420 0.358696 0.465590 0.745468 0.626139 0.769459 0.658450 0.722821 0.665603 0.742184 0.648656 0.750767 0.481940 0.650315 0.248187 0.665344 0.614159 0.729975 0.709621 0.753459 0.703555 0.735435 0.534207 0.623470 0.614794 0.615242 0.512945 0.867491 0.867657 0.770584 0.752194 0.587733 0.656574 0.570070 0.588381 0.376233 0.308592 0.614297 0.576439 0.730447 0.627617 0.687090 0.586616 0.651119 0.607169 0.564452 0.350039 0.505489 0.424443 0.594267 0.528351 0.619867 0.166947 0.596421 0.057201 0.602539 0.706183 0.686074 0.731323 0.598116 0.466758 0.566332 0.097359 0.533540 0.322765 0.596213 0.604555 0.110969 0.231462 0.259727 0.635720 0.737095 0.665512 0.583537 0.651663 0.584670 0.367258
0.780623 0.690149 0.613848 0.509905 0.503103 0.586742 0.608386 0.660030 0.253801 0.489718 0.724599 0.751900 0.708200 0.732706 0.245655 0.696119 0.674888 0.769687 0.653015 0.680890 0.433197 0.471071 0.547900 0.698123 0.581202 0.651954 0.391112 0.278630 0.722158 0.771621 0.684026 0.709178 0.811169 0.824560 0.898023 0.000000 0.664082 0.507220 0.647783 0.485204 0.408815 0.506791 0.774946 0.674148 0.769313 0.670549 0.763642 0.681591 0.754649 0.676448 0.749504 0.502554 0.705534 0.210753 0.739769 0.638855 0.737511 0.718626 0.717683 0.699808 0.693974 0.529600 0.633955 0.668335 0.560164 0.561035 0.846197 0.860262 0.745991 0.725839 0.576061 0.648474 0.599580 0.626462 0.402705 0.390686 0.630254 0.579696 0.764167 0.653024 0.745819 0.657615 0.712333 0.644979 0.611218 0.362893 0.597936 0.417335 0.685781 0.511539 0.665820 0.102388 0.624068 -0.021795 0.574988 0.747961 0.694647 0.731400 0.620680 0.480445 0.607579 0.010152 0.564691 0.281259 0.621797 0.543044 0.050276 0.179387 0.287225 0.635942 0.740106 0.663561 0.606750 0.692733 0.585166 0.363199
0.636364 0.516805 0.456779 0.361261 0.397019 0.408229 0.497240 0.536213 0.028743 0.236090 0.644502 0.681150 0.624671 0.584696 0.049066 0.537499 0.523701 0.685757 0.523429 0.486957 0.343419 0.524220 0.493651 0.480108 0.384395 0.430707 0.209171 0.208068 0.567854 0.731803 0.521841 0.574648 0.683946 0.680549 0.690374 0.664082 0.000000 0.842023 0.738008 0.629113 0.442777 0.631253 0.573001 0.400756 0.575090 0.481705 0.578855 0.479484 0.570316 0.555347 0.617461 0.394332 0.635273 0.135666 0.693090 0.451590 0.499441 0.595806 0.615740 0.667250 0.601484 0.565954 0.396545 0.560954 0.510015 0.558483 0.712576 0.698199 0.562523 0.586841 0.591197 0.546847 0.499140 0.576440 0.501921 0.297854 0.583314 0.531986 0.644835 0.348495 0.562043 0.557718 0.670325 0.631260 0.572230 0.219058 0.596885 0.459265 0.605389 0.380958 0.684400 0.213609 0.720368 0.074917 0.672614 0.716912 0.784778 0.768720 0.672300 0.577583 0.657072 0.136402 0.599131 0.372839 0.698485 0.670844 0.312433 0.361445 0.261645 0.674029 0.733769 0.737675 0.694877 0.637859 0.628689 0.490624
0.502573 0.343132 0.381172 0.353637 0.188030 0.319798 0.463593 0.438850 0.005428 -0.015352 0.525392 0.560940 0.483842 0.426985 0.139472 0.386922 0.380454 0.585018 0.441181 0.300645 0.458136 0.627044 0.527676 0.287550 0.229555 0.282179 0.242046 0.274842 0.454965 0.634837 0.468558 0.464950 0.527099 0.491923 0.524195 0.507220 0.842023 0.000000 0.623388 0.590621 0.363301 0.599457 0.358428 0.203133 0.383115 0.276911 0.346296 0.257926 0.346792 0.354087 0.431895 0.203396 0.443221 0.014033 0.572433 0.299523 0.332039 0.409033 0.444561 0.473845 0.506093 0.453015 0.338381 0.513346 0.483423 0.498750 0.520393 0.525992 0.352009 0.353086 0.622805 0.479311 0.461453 0.466950 0.542056 0.295508 0.654711 0.625683 0.550363 0.205940 0.503053 0.562068 0.598145 0.606759 0.593014 0.136356 0.407001 0.481614 0.475325 0.243443 0.648667 0.392049 0.714660 0.280489 0.739437 0.592471 0.680321 0.712213 0.665772 0.709756 0.700848 0.361127 0.660850 0.588771 0.587220 0.684307 0.548326 0.561116 0.304812 0.535287 0.578221 0.629553 0.586787 0.429335 0.391997 0.492660
