0.000000 0.316714 0.334411 0.265890 0.065445 -0.001302 0.343194 0.265402 0.207380 0.020039 0.331925 0.263007 0.347337 0.251058 0.314166 0.273481 0.303900 0.248113 0.353513 0.339912 0.142214 0.125270 0.300333 0.273099 0.026667 -0.013072 0.051802 -0.001582 0.273432 0.207420 0.150097 0.223847 0.339190 0.302149 0.244561 0.183527 0.230458 0.261428 0.257751 0.139327 0.209300 0.250724 0.255724 0.234477 0.321974 0.291381 0.279195 0.246113 0.322483 0.253807 0.292823 0.223316 0.281335 0.213957 0.316006 0.221628 0.375336 0.323966 0.353553 0.322228 0.348958 0.247569 0.313710 0.232130 0.305276 0.208091 0.333185 0.313101 0.359254 0.347071 0.253864 0.163142 0.178985 0.181271 0.190294 0.100433 0.236157 0.229460 0.193173 0.175211 0.318917 0.252320 0.267447 0.189780 0.357790 0.228662 0.243691 0.219809 0.315127 0.185629 0.260458 0.238754 0.259918 0.191581 0.131565 0.144446 0.215103 0.190732 0.243692 0.213609 0.232435 0.156782 0.203864 0.153103 0.210232 0.191167 0.147641 0.143204 -0.037882 0.224463 0.264899 0.252490 0.243099 0.210971 0.118268 0.021606
0.316714 0.000000 0.315911 0.334362 0.129059 0.128987 0.299846 0.342451 0.247141 0.160577 0.267415 0.346790 0.280430 0.312150 0.284845 0.324684 0.258433 0.304416 0.353332 0.344799 0.171503 0.193019 0.331424 0.337057 0.107036 0.087588 0.103282 0.105359 0.254838 0.281082 0.223856 0.302102 0.342518 0.314093 0.260092 0.191827 0.225922 0.327218 0.286074 0.249099 0.190092 0.288395 0.291418 0.282974 0.334665 0.294458 0.283839 0.291366 0.311932 0.279590 0.241968 0.301718 0.242417 0.220607 0.281828 0.308290 0.297214 0.378866 0.331386 0.355726 0.272006 0.319031 0.220978 0.336418 0.251918 0.297227 0.332106 0.326111 0.342083 0.341684 0.300121 0.270024 0.180628 0.248215 0.107196 0.083996 0.212307 0.262220 0.155953 0.248070 0.250507 0.328311 0.258568 0.277010 0.269597 0.332953 0.235605 0.320970 0.248428 0.272174 0.247933 0.300964 0.264183 0.284136 0.174768 0.181158 0.258526 0.266441 0.261743 0.281199 0.248987 0.257290 0.240377 0.248119 0.241773 0.245818 0.157174 0.223648 0.005205 0.253860 0.296878 0.290574 0.286527 0.245690 0.139448 0.058478
0.334411 0.315911 0.000000 0.345172 0.106682 0.058915 0.369230 0.318520 0.247690 0.090997 0.299281 0.304320 0.340146 0.284207 0.350453 0.310870 0.295454 0.267547 0.357323 0.345335 0.168704 0.172707 0.349200 0.332051 0.070920 0.037579 0.093038 0.054299 0.260762 0.235689 0.203378 0.283481 0.336480 0.306985 0.259727 0.191451 0.242104 0.284756 0.277684 0.176491 0.169505 0.253801 0.247363 0.233485 0.308071 0.264522 0.273009 0.254509 0.299972 0.249819 0.261050 0.232330 0.252267 0.175631 0.296290 0.242259 0.318255 0.305284 0.316563 0.299864 0.305791 0.249453 0.266677 0.245933 0.297108 0.234920 0.334748 0.319820 0.325738 0.312642 0.315247 0.229198 0.180816 0.231696 0.189175 0.128163 0.258945 0.255666 0.207634 0.222886 0.304269 0.277795 0.299929 0.235670 0.316782 0.250370 0.290687 0.273765 0.301796 0.204634 0.276906 0.283081 0.275893 0.248969 0.179077 0.164707 0.246395 0.242588 0.278711 0.239840 0.273242 0.211936 0.252446 0.217914 0.228975 0.201704 0.130179 0.198012 -0.029888 0.230402 0.283363 0.279577 0.256499 0.226175 0.111670 0.066817
0.265890 0.334362 0.345172 0.000000 0.172039 0.164007 0.319942 0.363814 0.263251 0.195364 0.246758 0.338378 0.272111 0.292220 0.311184 0.316342 0.256175 0.265412 0.331315 0.313422 0.179527 0.211653 0.352597 0.359065 0.143412 0.127796 0.151325 0.137166 0.251801 0.259719 0.254284 0.331770 0.308128 0.282654 0.247978 0.172326 0.244096 0.308254 0.278196 0.241385 0.126110 0.254375 0.268165 0.262668 0.299787 0.248631 0.271051 0.275628 0.279367 0.247983 0.221095 0.262703 0.222334 0.185210 0.268004 0.291723 0.240733 0.315079 0.278690 0.299868 0.230582 0.288429 0.207205 0.305901 0.249818 0.282201 0.312965 0.302058 0.296669 0.283162 0.324510 0.295054 0.157930 0.237367 0.098438 0.069210 0.239890 0.275878 0.169359 0.270595 0.238232 0.306538 0.272993 0.274174 0.236141 0.297558 0.275485 0.325599 0.222939 0.278093 0.253111 0.303720 0.270688 0.310828 0.215805 0.191610 0.262268 0.285679 0.297103 0.291900 0.283637 0.284557 0.277339 0.292214 0.240467 0.234796 0.112723 0.232393 -0.011005 0.233128 0.290026 0.293482 0.291187 0.264994 0.112825 0.089345
0.065445 0.129059 0.106682 0.172039 0.000000 0.347902 0.090077 0.141580 0.250904 0.328475 0.140856 0.099470 0.079236 0.055988 0.108579 0.080603 0.127398 0.010977 0.108703 0.029077 0.151881 0.185151 0.193009 0.195612 0.365499 0.363567 0.349024 0.322749 0.190013 0.097445 0.256953 0.259778 0.086128 0.014690 0.034371 -0.077408 0.193741 0.111316 0.182375 0.171290 0.087063 0.067873 0.140627 0.133553 0.135871 0.096912 0.135097 0.147752 0.106163 0.040767 0.103040 0.059754 0.044267 0.097618 0.111168 0.162956 0.054003 0.122078 0.057913 0.094123 0.002468 0.108750 0.110040 0.102757 0.095829 0.094636 0.117772 0.058707 0.086358 0.052780 0.149406 0.196081 0.062630 -0.000263 -0.181943 -0.211529 0.004613 0.041308 -0.034730 0.137221 0.013281 0.069238 0.131043 0.121431 0.057456 0.087869 0.174633 0.180660 0.029048 0.242854 0.053439 0.063884 0.076194 0.169150 0.122114 0.079580 0.108143 0.116735 0.149608 0.155163 0.117370 0.207975 0.155249 0.214854 0.106321 0.124006 -0.008381 0.045454 -0.001137 0.029422 0.091594 0.097997 0.129636 0.115239 0.039853 0.084294
-0.001302 0.128987 0.058915 0.164007 0.347902 0.000000 0.021286 0.139047 0.197569 0.367097 0.048249 0.116473 0.006949 0.060227 0.053442 0.093344 0.045021 0.019864 0.067986 0.014514 0.136984 0.176265 0.150360 0.181917 0.355637 0.366253 0.315705 0.316959 0.102590 0.101208 0.242062 0.246892 0.049546 -0.006580 0.030970 -0.058974 0.119091 0.099839 0.123068 0.195962 0.040802 0.085543 0.097100 0.114934 0.101680 0.061013 0.075925 0.115166 0.051420 0.026490 0.024083 0.081666 -0.015316 0.068435 0.038840 0.170382 -0.017096 0.116124 0.019071 0.079829 -0.061537 0.109568 -0.000368 0.133615 0.021810 0.116134 0.067553 0.037061 0.040468 0.021005 0.148098 0.216590 0.020891 0.039003 -0.191415 -0.165301 -0.046492 0.022776 -0.064130 0.110902 -0.052557 0.084988 0.075536 0.144938 -0.021998 0.112957 0.146192 0.183082 -0.045804 0.217941 0.001982 0.060935 0.027674 0.172470 0.099393 0.070248 0.066284 0.100738 0.094482 0.128353 0.070363 0.203960 0.117357 0.201469 0.051099 0.088935 -0.016766 0.070867 -0.009826 0.004994 0.060452 0.060728 0.112439 0.091964 -0.002682 0.054473
0.343194 0.299846 0.369230 0.319942 0.090077 0.021286 0.000000 0.317531 0.267468 0.062852 0.324648 0.299681 0.362182 0.292366 0.348640 0.299382 0.314146 0.267688 0.357033 0.333934 0.148681 0.152134 0.339874 0.305379 0.043136 0.008756 0.070812 0.029561 0.290250 0.227509 0.184212 0.264591 0.343877 0.322177 0.257031 0.201008 0.247851 0.275943 0.281412 0.154530 0.169714 0.217810 0.272910 0.248870 0.306602 0.280743 0.302152 0.273918 0.320837 0.268164 0.297107 0.240183 0.288662 0.214318 0.322170 0.241475 0.322752 0.294577 0.325518 0.306045 0.331740 0.268140 0.315159 0.250282 0.319404 0.242428 0.342692 0.321834 0.320033 0.307597 0.301924 0.220771 0.218103 0.226814 0.198084 0.118030 0.289917 0.279698 0.222039 0.243765 0.329683 0.272751 0.299313 0.210116 0.330462 0.251094 0.246751 0.245130 0.326852 0.215103 0.316920 0.289895 0.310691 0.246212 0.192371 0.164585 0.264144 0.250594 0.303631 0.257385 0.296880 0.214729 0.268795 0.219100 0.257399 0.222943 0.150637 0.182986 -0.018349 0.248682 0.295431 0.296309 0.263887 0.246732 0.158956 0.068811
0.265402 0.342451 0.318520 0.363814 0.141580 0.139047 0.317531 0.000000 0.284002 0.191103 0.249815 0.370016 0.284072 0.337454 0.300395 0.335792 0.253058 0.296532 0.332857 0.318235 0.153354 0.191019 0.340948 0.340403 0.107604 0.094499 0.103835 0.113784 0.253240 0.275605 0.237449 0.319777 0.323242 0.317883 0.269679 0.212280 0.224421 0.316313 0.278637 0.249310 0.123612 0.234034 0.307263 0.300638 0.310095 0.277141 0.298771 0.306566 0.304220 0.294333 0.248458 0.316626 0.252480 0.230673 0.281002 0.318897 0.233864 0.326998 0.297425 0.329678 0.255883 0.340658 0.220170 0.346016 0.260437 0.333470 0.325111 0.323033 0.295435 0.292384 0.321116 0.310734 0.205280 0.269243 0.117971 0.093846 0.269422 0.313469 0.188181 0.298400 0.249142 0.336281 0.257347 0.274947 0.235498 0.343686 0.226089 0.320348 0.242401 0.290784 0.293095 0.339058 0.313286 0.331973 0.229042 0.198101 0.282947 0.309111 0.317458 0.319238 0.307729 0.310574 0.293293 0.301918 0.276685 0.263712 0.145867 0.250564 0.005058 0.264308 0.320244 0.322221 0.310461 0.291863 0.167943 0.089677
0.207380 0.247141 0.247690 0.263251 0.250904 0.197569 0.267468 0.284002 0.000000 0.248594 0.266907 0.263252 0.272554 0.272751 0.261743 0.247888 0.250722 0.210964 0.267600 0.200912 0.156435 0.198860 0.307492 0.273685 0.216382 0.197306 0.201846 0.197759 0.291301 0.228340 0.254265 0.295298 0.261256 0.219013 0.186099 0.091345 0.246468 0.249722 0.286249 0.223994 0.167013 0.122692 0.272311 0.236229 0.248564 0.224350 0.262465 0.271469 0.252944 0.205793 0.236658 0.210567 0.210055 0.201135 0.238075 0.252390 0.187665 0.242761 0.219097 0.251592 0.197231 0.258982 0.245768 0.228227 0.247667 0.243356 0.271034 0.227875 0.210438 0.191400 0.282758 0.284058 0.250550 0.192364 0.009767 -0.026057 0.205175 0.222353 0.129179 0.267290 0.209994 0.235027 0.251815 0.222942 0.210077 0.236760 0.173634 0.236200 0.228495 0.266515 0.275696 0.254423 0.274634 0.280470 0.200655 0.134392 0.255324 0.257147 0.295221 0.273969 0.286205 0.293312 0.294116 0.278605 0.255796 0.226725 0.116362 0.166957 0.024430 0.199431 0.267217 0.275626 0.235209 0.219114 0.187373 0.109756
0.020039 0.160577 0.090997 0.195364 0.328475 0.367097 0.062852 0.191103 0.248594 0.000000 0.073099 0.168140 0.053678 0.131492 0.088510 0.143466 0.072369 0.068058 0.108154 0.050861 0.132264 0.181171 0.182227 0.200317 0.333446 0.344212 0.286136 0.298710 0.132087 0.149869 0.266133 0.272271 0.097773 0.051050 0.078836 -0.015050 0.127066 0.138501 0.152073 0.230349 0.050483 0.084552 0.138143 0.147773 0.126432 0.085118 0.108545 0.151884 0.081438 0.066139 0.055185 0.131890 0.018244 0.090680 0.064203 0.206830 -0.000654 0.148406 0.055691 0.124154 -0.015335 0.170707 0.021922 0.178860 0.058004 0.175865 0.106195 0.080559 0.067437 0.043868 0.201445 0.266617 0.087606 0.096375 -0.158509 -0.125951 0.010473 0.078816 -0.011149 0.164977 -0.012693 0.139314 0.101858 0.181303 0.001519 0.161813 0.134218 0.197270 -0.004933 0.230463 0.064525 0.124201 0.087633 0.224650 0.132083 0.102573 0.119641 0.154355 0.145868 0.178134 0.127824 0.253151 0.167187 0.236045 0.100459 0.124957 0.017180 0.127589 -0.013923 0.054023 0.118752 0.116950 0.151413 0.130241 0.042714 0.076274
0.331925 0.267415 0.299281 0.246758 0.140856 0.048249 0.324648 0.249815 0.266907 0.073099 0.000000 0.235202 0.348637 0.213005 0.290014 0.230376 0.325332 0.218445 0.320381 0.268751 0.141772 0.139985 0.311009 0.266954 0.096766 0.056832 0.113150 0.039599 0.333863 0.210739 0.192998 0.238725 0.314757 0.250715 0.180430 0.089922 0.245049 0.243586 0.263977 0.143925 0.150137 0.199262 0.255971 0.201359 0.267861 0.235414 0.266699 0.231408 0.307968 0.208880 0.278986 0.181332 0.251449 0.213801 0.310415 0.236305 0.307049 0.266663 0.282178 0.263531 0.290808 0.234410 0.333927 0.206215 0.289640 0.183354 0.287239 0.241622 0.287917 0.256724 0.241586 0.198079 0.215026 0.148726 0.104302 0.008776 0.207654 0.220656 0.172475 0.200075 0.282556 0.222709 0.240472 0.153763 0.319792 0.202053 0.180893 0.200654 0.265894 0.207773 0.249717 0.202237 0.259741 0.190199 0.129462 0.126630 0.224731 0.195574 0.265895 0.221322 0.234104 0.178941 0.199812 0.164303 0.234937 0.220698 0.177490 0.102151 -0.052758 0.175766 0.253240 0.232170 0.225009 0.213885 0.147829 0.044126
0.263007 0.346790 0.304320 0.338378 0.099470 0.116473 0.299681 0.370016 0.263252 0.168140 0.235202 0.000000 0.278528 0.360724 0.288056 0.355103 0.244036 0.325871 0.328663 0.329582 0.132761 0.179799 0.331402 0.333661 0.079379 0.064107 0.058463 0.090452 0.230391 0.288328 0.226370 0.308055 0.330694 0.335367 0.277305 0.234397 0.185683 0.315109 0.267464 0.240918 0.123286 0.239727 0.300068 0.293172 0.302712 0.273272 0.280258 0.294141 0.303815 0.302511 0.239306 0.332878 0.257031 0.229978 0.269536 0.316823 0.232498 0.331374 0.305202 0.337341 0.260066 0.339589 0.205563 0.352996 0.248321 0.338453 0.318897 0.330110 0.287308 0.296255 0.316234 0.296256 0.203878 0.289199 0.148245 0.139348 0.259007 0.304454 0.200222 0.283914 0.250103 0.350647 0.250673 0.275239 0.238018 0.363770 0.210116 0.313091 0.247827 0.264349 0.290993 0.343271 0.307956 0.313705 0.202298 0.189410 0.276642 0.308565 0.293212 0.306647 0.287908 0.280958 0.267514 0.265844 0.267269 0.251926 0.154305 0.253615 -0.000907 0.272802 0.324311 0.320761 0.301716 0.270890 0.175751 0.079518
0.347337 0.280430 0.340146 0.272111 0.079236 0.006949 0.362182 0.284072 0.272554 0.053678 0.348637 0.278528 0.000000 0.282909 0.341334 0.292481 0.319540 0.254065 0.345665 0.311948 0.145987 0.135557 0.321948 0.275662 0.043736 -0.000055 0.059535 0.002584 0.299180 0.230175 0.179962 0.241005 0.343667 0.303931 0.264250 0.191009 0.234479 0.261076 0.268438 0.159567 0.164453 0.207731 0.265919 0.226403 0.289990 0.264592 0.279442 0.255788 0.311209 0.243687 0.291979 0.223224 0.285253 0.225941 0.313165 0.237165 0.323268 0.282342 0.319892 0.299397 0.341842 0.268290 0.322374 0.227784 0.333487 0.241915 0.326596 0.301271 0.307974 0.286177 0.292636 0.214969 0.233544 0.209927 0.194698 0.109982 0.277988 0.270415 0.236285 0.224066 0.329956 0.267834 0.280371 0.201784 0.348247 0.236210 0.205453 0.199186 0.320678 0.184046 0.310111 0.266954 0.302710 0.229172 0.159148 0.147014 0.238422 0.230032 0.286843 0.237496 0.275326 0.198148 0.236619 0.177257 0.231893 0.197997 0.159214 0.153657 -0.064427 0.221359 0.289339 0.271776 0.248824 0.229273 0.146152 0.034455
0.251058 0.312150 0.284207 0.292220 0.055988 0.060227 0.292366 0.337454 0.272751 0.131492 0.213005 0.360724 0.282909 0.000000 0.285024 0.346858 0.232374 0.321693 0.313082 0.313421 0.114635 0.164748 0.305873 0.291458 0.038135 0.020130 0.019240 0.073239 0.213532 0.280327 0.200968 0.275079 0.323322 0.345683 0.294812 0.268201 0.177243 0.303658 0.269888 0.222527 0.164011 0.182278 0.299028 0.285396 0.285395 0.268884 0.272750 0.286746 0.289623 0.299187 0.249184 0.322198 0.267589 0.215336 0.250504 0.270277 0.231849 0.308684 0.309344 0.334868 0.282279 0.325831 0.208055 0.312156 0.255400 0.328125 0.320086 0.332706 0.270959 0.284216 0.306940 0.261178 0.227117 0.284957 0.181691 0.169333 0.288008 0.296309 0.222686 0.284153 0.270333 0.330856 0.264170 0.267350 0.243804 0.338081 0.176427 0.267005 0.285950 0.217418 0.323117 0.352898 0.322983 0.297114 0.208002 0.183303 0.282524 0.305579 0.284713 0.295781 0.296309 0.260674 0.277515 0.240677 0.269935 0.231481 0.136988 0.254932 0.027104 0.299281 0.336066 0.336548 0.279052 0.241661 0.214667 0.092904
0.314166 0.284845 0.350453 0.311184 0.108579 0.053442 0.348640 0.300395 0.261743 0.088510 0.290014 0.288056 0.341334 0.285024 0.000000 0.327209 0.307915 0.253425 0.335133 0.314769 0.233445 0.218893 0.324080 0.295789 0.074575 0.039826 0.125425 0.066666 0.280288 0.254736 0.212043 0.273760 0.317420 0.290790 0.266754 0.204515 0.287582 0.289233 0.311034 0.217877 0.188540 0.238765 0.274237 0.244719 0.299003 0.261692 0.285853 0.278836 0.292731 0.238859 0.270923 0.223582 0.271232 0.193468 0.303932 0.231923 0.303084 0.282224 0.310013 0.293486 0.307870 0.251201 0.283832 0.234788 0.303653 0.240309 0.327175 0.313547 0.311442 0.288745 0.311125 0.221863 0.197197 0.210171 0.196427 0.128595 0.296538 0.276413 0.267731 0.239463 0.332421 0.280751 0.335799 0.282576 0.327160 0.245041 0.276805 0.252413 0.319138 0.197999 0.305267 0.294428 0.295996 0.264322 0.224072 0.189821 0.252966 0.261968 0.298101 0.254223 0.290887 0.228669 0.267065 0.216824 0.217727 0.160484 0.078673 0.191052 -0.024202 0.240997 0.302312 0.296997 0.273993 0.235651 0.088619 0.065603
0.273481 0.324684 0.310870 0.316342 0.080603 0.093344 0.299382 0.335792 0.247888 0.143466 0.230376 0.355103 0.292481 0.346858 0.327209 0.000000 0.270766 0.323359 0.323503 0.330578 0.182973 0.221825 0.313936 0.314762 0.073640 0.045990 0.065306 0.082216 0.228285 0.309556 0.234167 0.295563 0.324020 0.325820 0.289704 0.243543 0.202945 0.313651 0.282936 0.263866 0.148051 0.251380 0.290835 0.276971 0.301225 0.269063 0.270100 0.290301 0.290567 0.275799 0.231730 0.300555 0.257854 0.209461 0.265375 0.282434 0.257172 0.315152 0.309857 0.324449 0.274746 0.305693 0.213082 0.315596 0.253703 0.315143 0.315710 0.336193 0.291147 0.293322 0.321796 0.265807 0.194723 0.285135 0.196700 0.187582 0.265149 0.286905 0.270619 0.255002 0.288055 0.351061 0.288126 0.314597 0.270592 0.335150 0.230883 0.282883 0.272445 0.204396 0.290806 0.328630 0.290498 0.286092 0.198865 0.198696 0.261377 0.303308 0.272779 0.276304 0.272416 0.242707 0.248124 0.216724 0.209992 0.175418 0.096717 0.226713 -0.044770 0.253524 0.319977 0.308173 0.292486 0.237234 0.110526 0.057631
0.303900 0.258433 0.295454 0.256175 0.127398 0.045021 0.314146 0.253058 0.250722 0.072369 0.325332 0.244036 0.319540 0.232374 0.307915 0.270766 0.000000 0.255032 0.303928 0.270974 0.140121 0.176351 0.300019 0.268608 0.099414 0.062327 0.111971 0.070659 0.335449 0.266529 0.236320 0.258427 0.305409 0.265213 0.199870 0.115292 0.246602 0.253568 0.285635 0.176863 0.130392 0.173620 0.283055 0.233041 0.274083 0.248840 0.273402 0.252085 0.296288 0.201371 0.261616 0.176659 0.270718 0.203537 0.293581 0.212474 0.297649 0.260382 0.279981 0.260192 0.282769 0.230682 0.335924 0.217772 0.279221 0.198496 0.294695 0.272905 0.286625 0.259227 0.248881 0.193204 0.190861 0.143357 0.143763 0.056344 0.244591 0.235820 0.270040 0.251762 0.303079 0.273220 0.288127 0.198253 0.312225 0.219823 0.197160 0.192353 0.270762 0.194908 0.268486 0.233015 0.268175 0.199748 0.165683 0.186816 0.259262 0.271896 0.275886 0.259184 0.262859 0.174135 0.218448 0.170867 0.215029 0.185455 0.089542 0.124397 -0.089442 0.211120 0.273694 0.269947 0.251499 0.213033 0.108045 0.091355
0.248113 0.304416 0.267547 0.265412 0.010977 0.019864 0.267688 0.296532 0.210964 0.068058 0.218445 0.325871 0.254065 0.321693 0.253425 0.323359 0.255032 0.000000 0.291766 0.313025 0.098179 0.173671 0.274641 0.277545 0.004319 -0.022854 -0.028226 0.038625 0.193997 0.297133 0.186732 0.234125 0.292557 0.304757 0.208160 0.180159 0.148784 0.316225 0.243395 0.214540 0.155659 0.225053 0.256809 0.234105 0.262045 0.257347 0.236732 0.255440 0.267815 0.273172 0.192357 0.281470 0.225708 0.175735 0.220331 0.239670 0.234538 0.295494 0.272343 0.287544 0.235404 0.253227 0.194194 0.292859 0.192125 0.253586 0.268597 0.294594 0.252497 0.274899 0.251989 0.209055 0.223043 0.294898 0.201069 0.209658 0.215715 0.237299 0.219655 0.216088 0.241195 0.331252 0.230245 0.253522 0.227151 0.316102 0.165677 0.266331 0.252311 0.169286 0.256346 0.293400 0.246694 0.216564 0.127620 0.130893 0.231419 0.273671 0.218035 0.230551 0.231350 0.176617 0.201019 0.169146 0.208514 0.188260 0.124090 0.188228 -0.005722 0.238955 0.276474 0.279747 0.229135 0.173870 0.126180 0.086639
0.353513 0.353332 0.357323 0.331315 0.108703 0.067986 0.357033 0.332857 0.267600 0.108154 0.320381 0.328663 0.345665 0.313082 0.335133 0.323503 0.303928 0.291766 0.000000 0.364493 0.176641 0.180833 0.349729 0.323517 0.071361 0.039885 0.092559 0.056076 0.293464 0.270796 0.218769 0.290343 0.369511 0.336553 0.273014 0.203038 0.244910 0.311947 0.292054 0.203697 0.186299 0.264575 0.285228 0.255483 0.323148 0.275063 0.290717 0.274309 0.326017 0.268532 0.271045 0.263620 0.267709 0.206021 0.310722 0.276521 0.333849 0.349595 0.350192 0.345909 0.329704 0.306388 0.285387 0.296349 0.298531 0.272599 0.349504 0.332241 0.355130 0.338976 0.324391 0.255849 0.213212 0.244069 0.167398 0.109707 0.261365 0.276099 0.207426 0.246664 0.314972 0.306622 0.291641 0.253794 0.322591 0.287772 0.247615 0.279084 0.303863 0.226960 0.293855 0.305545 0.298366 0.267652 0.187404 0.186578 0.277762 0.261328 0.293010 0.275228 0.279101 0.237043 0.255315 0.226515 0.261030 0.242753 0.174053 0.218667 -0.013363 0.268705 0.317097 0.305150 0.282210 0.251276 0.159741 0.057030
0.339912 0.344799 0.345335 0.313422 0.029077 0.014514 0.333934 0.318235 0.200912 0.050861 0.268751 0.329582 0.311948 0.313421 0.314769 0.330578 0.270974 0.313025 0.364493 0.000000 0.147561 0.142252 0.309065 0.301331 -0.005127 -0.032805 0.012663 0.000047 0.224928 0.249262 0.161731 0.249704 0.349241 0.347309 0.268841 0.237959 0.192948 0.297008 0.252201 0.178439 0.171402 0.281266 0.259896 0.248773 0.316948 0.274585 0.270910 0.249820 0.315130 0.280823 0.243591 0.273281 0.254573 0.177625 0.285353 0.253012 0.328727 0.337407 0.346747 0.332806 0.322390 0.283984 0.242759 0.296135 0.258324 0.261861 0.329696 0.341273 0.348882 0.352873 0.298108 0.218929 0.182360 0.273689 0.231866 0.193980 0.249855 0.262853 0.211662 0.203789 0.308763 0.308969 0.267669 0.247010 0.305787 0.292291 0.250072 0.271998 0.297631 0.172698 0.271319 0.302630 0.276247 0.235417 0.154603 0.165641 0.245238 0.239639 0.251357 0.238239 0.249483 0.190922 0.221201 0.183039 0.230817 0.209732 0.166654 0.223809 -0.011089 0.262029 0.300704 0.286042 0.267760 0.227743 0.128925 0.035008
0.142214 0.171503 0.168704 0.179527 0.151881 0.136984 0.148681 0.153354 0.156435 0.132264 0.141772 0.132761 0.145987 0.114635 0.233445 0.182973 0.140121 0.098179 0.176641 0.147561 0.000000 0.296066 0.176491 0.174439 0.147026 0.130681 0.228289 0.132706 0.174192 0.185123 0.170642 0.185767 0.150050 0.096099 0.133959 0.073947 0.250158 0.184198 0.224487 0.219830 0.166028 0.238087 0.157183 0.121137 0.156988 0.108244 0.157598 0.178577 0.128368 0.070048 0.107658 0.098332 0.086632 0.086340 0.154069 0.157905 0.140594 0.169474 0.146298 0.158522 0.112065 0.135371 0.107096 0.140240 0.108503 0.125066 0.160777 0.146974 0.159114 0.131410 0.190443 0.143795 0.090950 0.095632 0.015435 -0.002320 0.103771 0.121409 0.123344 0.112128 0.172267 0.127446 0.204735 0.258797 0.141381 0.126903 0.158428 0.171383 0.128072 0.124345 0.115491 0.122550 0.110320 0.153720 0.132624 0.086813 0.100228 0.109587 0.139610 0.099827 0.114083 0.152674 0.112179 0.123606 0.057195 0.032573 0.011189 0.052471 0.040499 0.090726 0.129338 0.121895 0.137175 0.119289 -0.033661 -0.055519
0.125270 0.193019 0.172707 0.211653 0.185151 0.176265 0.152134 0.191019 0.198860 0.181171 0.139985 0.179799 0.135557 0.164748 0.218893 0.221825 0.176351 0.173671 0.180833 0.142252 0.296066 0.000000 0.216420 0.218428 0.198626 0.177048 0.231727 0.236797 0.189220 0.261542 0.268748 0.247168 0.153114 0.114386 0.110120 0.032934 0.233420 0.234259 0.266897 0.261047 0.167134 0.173523 0.184137 0.143299 0.158520 0.123613 0.158326 0.204742 0.130518 0.101327 0.103308 0.128824 0.092681 0.082200 0.128138 0.153081 0.111381 0.179069 0.134594 0.164012 0.083173 0.139627 0.110197 0.162728 0.110186 0.145493 0.164820 0.152161 0.140916 0.124223 0.203280 0.165311 0.135535 0.120804 -0.006492 -0.004385 0.111144 0.115797 0.158039 0.179653 0.136531 0.187799 0.236485 0.277540 0.119541 0.175575 0.168451 0.224668 0.128416 0.170855 0.133488 0.160331 0.119307 0.172465 0.157855 0.131863 0.170039 0.217681 0.150868 0.158608 0.140685 0.168891 0.142912 0.162291 0.084417 0.050947 -0.065139 0.059500 0.046578 0.139115 0.161139 0.186257 0.148134 0.085154 0.004063 0.064577
0.300333 0.331424 0.349200 0.352597 0.193009 0.150360 0.339874 0.340948 0.307492 0.182227 0.311009 0.331402 0.321948 0.305873 0.324080 0.313936 0.300019 0.274641 0.349729 0.309065 0.176491 0.216420 0.000000 0.368648 0.166341 0.136134 0.161079 0.144772 0.302416 0.271355 0.273012 0.340820 0.342465 0.300694 0.262073 0.168139 0.257949 0.307041 0.305671 0.218845 0.159740 0.230271 0.294610 0.263977 0.308270 0.261284 0.286756 0.284355 0.311022 0.251674 0.261502 0.253823 0.252255 0.211656 0.294781 0.288691 0.274450 0.318740 0.299594 0.312374 0.269187 0.294243 0.270391 0.281226 0.302461 0.278570 0.335987 0.305119 0.300515 0.286688 0.320343 0.281169 0.208030 0.221066 0.102495 0.050042 0.241219 0.264398 0.179084 0.275994 0.267115 0.295564 0.290503 0.245142 0.286682 0.289648 0.256765 0.301195 0.269363 0.274025 0.282091 0.296071 0.294471 0.291529 0.202512 0.180637 0.280999 0.286387 0.303854 0.294096 0.284496 0.269295 0.271020 0.265394 0.271525 0.258827 0.144591 0.203897 -0.006720 0.242981 0.305643 0.303484 0.279162 0.250034 0.172984 0.090966
0.273099 0.337057 0.332051 0.359065 0.195612 0.181917 0.305379 0.340403 0.273685 0.200317 0.266954 0.333661 0.275662 0.291458 0.295789 0.314762 0.268608 0.277545 0.323517 0.301331 0.174439 0.218428 0.368648 0.000000 0.181196 0.157248 0.158265 0.164154 0.260447 0.268899 0.268921 0.343428 0.314016 0.280851 0.253026 0.171709 0.224799 0.297468 0.281611 0.223773 0.146071 0.248425 0.281686 0.270593 0.305025 0.261103 0.268805 0.275930 0.289145 0.244848 0.224880 0.257369 0.223564 0.195448 0.263679 0.282480 0.250749 0.318520 0.278211 0.299515 0.227963 0.281202 0.219217 0.288823 0.264183 0.281825 0.317116 0.302278 0.284139 0.284712 0.300035 0.274975 0.159842 0.225270 0.090735 0.060690 0.201694 0.239795 0.158069 0.254293 0.229540 0.299157 0.262832 0.249567 0.252204 0.302080 0.267607 0.320291 0.229692 0.272386 0.236553 0.276225 0.252740 0.276120 0.177510 0.165636 0.251132 0.271683 0.262658 0.269557 0.246677 0.252336 0.240848 0.252842 0.235655 0.234223 0.120377 0.195537 -0.000604 0.221636 0.275593 0.274055 0.261935 0.225292 0.134985 0.081785
0.026667 0.107036 0.070920 0.143412 0.365499 0.355637 0.043136 0.107604 0.216382 0.333446 0.096766 0.079379 0.043736 0.038135 0.074575 0.073640 0.099414 0.004319 0.071361 -0.005127 0.147026 0.198626 0.166341 0.181196 0.000000 0.377683 0.338949 0.332289 0.156559 0.119736 0.275593 0.248856 0.057388 -0.017263 0.019444 -0.095422 0.152529 0.092035 0.149831 0.173437 0.069355 0.057812 0.110355 0.104552 0.098680 0.065911 0.090798 0.125575 0.061056 0.006674 0.055961 0.043716 0.008638 0.072917 0.059561 0.135970 0.011089 0.097190 0.021642 0.067511 -0.039433 0.079794 0.054898 0.081791 0.057396 0.079303 0.076368 0.028086 0.042540 0.012973 0.133676 0.180400 0.042756 -0.003563 -0.196680 -0.198970 -0.042882 0.000142 -0.026637 0.113642 -0.027606 0.060864 0.103747 0.121394 0.017571 0.077220 0.141133 0.147900 -0.014249 0.206617 0.012280 0.029236 0.024896 0.132400 0.080814 0.066072 0.071014 0.104579 0.093324 0.113688 0.065131 0.168586 0.102196 0.168201 0.041862 0.070531 -0.043939 0.015311 -0.031945 -0.001964 0.050342 0.058612 0.089681 0.061269 -0.003143 0.065084
-0.013072 0.087588 0.037579 0.127796 0.363567 0.366253 0.008756 0.094499 0.197306 0.344212 0.056832 0.064107 -0.000055 0.020130 0.039826 0.045990 0.062327 -0.022854 0.039885 -0.032805 0.130681 0.177048 0.136134 0.157248 0.377683 0.000000 0.337284 0.334260 0.128260 0.090709 0.251738 0.232681 0.024660 -0.041568 0.001693 -0.099661 0.132198 0.068304 0.126468 0.161157 0.049591 0.036178 0.091295 0.096353 0.074485 0.041504 0.069069 0.102439 0.032262 -0.011551 0.029063 0.029346 -0.018243 0.053954 0.031233 0.123478 -0.026357 0.077607 -0.009553 0.043936 -0.074756 0.068497 0.020418 0.075934 0.025519 0.068870 0.049538 0.003345 0.016290 -0.011100 0.111668 0.175781 0.021875 -0.022790 -0.222942 -0.219831 -0.056430 -0.008167 -0.060453 0.111118 -0.062550 0.040997 0.078750 0.104994 -0.024595 0.062904 0.122435 0.140267 -0.051914 0.207328 -0.010671 0.017568 0.009491 0.131747 0.087340 0.065875 0.062087 0.088482 0.082289 0.109881 0.054152 0.172614 0.099379 0.176148 0.041662 0.072091 -0.051062 0.024612 -0.009935 -0.010619 0.032345 0.042741 0.079099 0.061904 -0.001343 0.075553
0.051802 0.103282 0.093038 0.151325 0.349024 0.315705 0.070812 0.103835 0.201846 0.286136 0.113150 0.058463 0.059535 0.019240 0.125425 0.065306 0.111971 -0.028226 0.092559 0.012663 0.228289 0.231727 0.161079 0.158265 0.338949 0.337284 0.000000 0.305673 0.185723 0.106422 0.244698 0.228138 0.062087 -0.016346 0.028264 -0.075414 0.222107 0.094965 0.196041 0.182406 0.093690 0.081059 0.107171 0.093411 0.101460 0.053381 0.105881 0.118177 0.063489 -0.007175 0.073152 0.014817 0.014747 0.058748 0.089776 0.122774 0.042812 0.099180 0.042678 0.072692 -0.004833 0.078805 0.087982 0.073442 0.078955 0.060618 0.090834 0.034240 0.076069 0.028227 0.136140 0.164320 0.025749 -0.042956 -0.183246 -0.215217 0.007161 0.034149 -0.002716 0.128343 0.024326 0.040039 0.156074 0.154846 0.048129 0.043724 0.158374 0.145920 0.013938 0.204073 0.031113 0.038754 0.046656 0.146131 0.150333 0.118148 0.101951 0.096644 0.121041 0.123266 0.085233 0.181538 0.121178 0.180480 0.057832 0.065863 -0.045821 0.029835 0.018518 0.021752 0.062680 0.075331 0.104883 0.091280 -0.014294 0.057559
-0.001582 0.105359 0.054299 0.137166 0.322749 0.316959 0.029561 0.113784 0.197759 0.298710 0.039599 0.090452 0.002584 0.073239 0.066666 0.082216 0.070659 0.038625 0.056076 0.000047 0.132706 0.236797 0.144772 0.164154 0.332289 0.334260 0.305673 0.000000 0.107024 0.115135 0.248451 0.235062 0.032347 0.000800 0.019509 -0.059017 0.160249 0.121763 0.173289 0.186431 0.121095 0.017866 0.119570 0.122793 0.094025 0.080292 0.094506 0.138905 0.050719 0.039302 0.047530 0.061641 0.010091 0.052334 0.030534 0.091819 -0.010164 0.090898 0.018387 0.067855 -0.052087 0.070885 0.033228 0.085155 0.035316 0.082706 0.080775 0.045623 0.031127 0.025874 0.111623 0.151469 0.044573 0.000214 -0.169746 -0.165839 -0.000169 0.010612 -0.025478 0.139885 -0.029805 0.073996 0.134679 0.148394 -0.008403 0.095227 0.147138 0.183985 0.015480 0.212798 0.036199 0.066277 0.033590 0.136580 0.112032 0.069636 0.093770 0.148005 0.088667 0.129854 0.077010 0.164649 0.124898 0.187870 0.066064 0.059326 -0.116722 0.040785 0.070907 0.056852 0.066974 0.106572 0.081958 0.034233 0.032545 0.135421
0.273432 0.254838 0.260762 0.251801 0.190013 0.102590 0.290250 0.253240 0.291301 0.132087 0.333863 0.230391 0.299180 0.213532 0.280288 0.228285 0.335449 0.193997 0.293464 0.224928 0.174192 0.189220 0.302416 0.260447 0.156559 0.128260 0.185723 0.107024 0.000000 0.254652 0.253858 0.269583 0.296569 0.232242 0.170956 0.070628 0.267277 0.242054 0.294351 0.182802 0.127876 0.164254 0.281803 0.219843 0.245083 0.212444 0.275805 0.254975 0.277032 0.171013 0.254660 0.164763 0.241059 0.217059 0.291548 0.237895 0.253948 0.256061 0.250584 0.253459 0.248068 0.251826 0.324994 0.227456 0.270305 0.201751 0.273755 0.225642 0.264430 0.220040 0.243480 0.223502 0.199946 0.109017 0.031419 -0.058527 0.215842 0.234079 0.201467 0.271508 0.262648 0.230000 0.265525 0.183632 0.269016 0.209248 0.144167 0.186979 0.222981 0.252376 0.251167 0.210114 0.262820 0.216188 0.190486 0.199460 0.274184 0.247785 0.285254 0.272103 0.253511 0.213485 0.225025 0.203191 0.243963 0.227401 0.128601 0.126603 -0.031639 0.211291 0.260243 0.258061 0.235939 0.229478 0.158885 0.098276
0.207420 0.281082 0.235689 0.259719 0.097445 0.101208 0.227509 0.275605 0.228340 0.149869 0.210739 0.288328 0.230175 0.280327 0.254736 0.309556 0.266529 0.297133 0.270796 0.249262 0.185123 0.261542 0.271355 0.268899 0.119736 0.090709 0.106422 0.115135 0.254652 0.000000 0.300698 0.276185 0.279596 0.254378 0.206079 0.135051 0.186533 0.292237 0.280230 0.269682 0.114277 0.198416 0.254457 0.209851 0.216899 0.186971 0.211141 0.248744 0.211302 0.186558 0.157276 0.234455 0.175749 0.146283 0.196915 0.237409 0.185905 0.276062 0.236956 0.272672 0.206192 0.269564 0.163769 0.277484 0.183236 0.259537 0.240553 0.248619 0.229642 0.209074 0.277453 0.246137 0.179585 0.219845 0.091292 0.104712 0.193859 0.225200 0.274501 0.273695 0.214953 0.316907 0.250622 0.288919 0.189727 0.287998 0.125399 0.234613 0.186529 0.177528 0.219880 0.267192 0.221065 0.231682 0.179263 0.235098 0.268530 0.299235 0.213924 0.243916 0.205434 0.210894 0.172891 0.173023 0.171276 0.168484 0.075132 0.182418 -0.045249 0.233083 0.271958 0.263481 0.223682 0.171478 0.097678 0.087372
0.150097 0.223856 0.203378 0.254284 0.256953 0.242062 0.184212 0.237449 0.254265 0.266133 0.192998 0.226370 0.179962 0.200968 0.212043 0.234167 0.236320 0.186732 0.218769 0.161731 0.170642 0.268748 0.273012 0.268921 0.275593 0.251738 0.244698 0.248451 0.253858 0.300698 0.000000 0.339164 0.216906 0.165038 0.138553 0.033287 0.199331 0.239775 0.257952 0.257545 0.081458 0.132630 0.216787 0.179148 0.184506 0.139699 0.181640 0.213743 0.173987 0.118198 0.140126 0.164202 0.120284 0.113138 0.162741 0.207790 0.126532 0.214424 0.166856 0.202189 0.124811 0.212576 0.153417 0.213752 0.156502 0.198649 0.196410 0.176270 0.171283 0.133441 0.261578 0.250188 0.125235 0.120125 -0.028057 -0.042583 0.121533 0.142149 0.185563 0.252057 0.133269 0.236114 0.225372 0.239905 0.143474 0.212333 0.178470 0.223987 0.120921 0.212326 0.157218 0.196586 0.165159 0.218046 0.162791 0.192957 0.207845 0.263495 0.198575 0.236649 0.181984 0.216447 0.169499 0.198243 0.150847 0.150243 -0.006368 0.145641 -0.078591 0.165867 0.220519 0.218265 0.196090 0.138299 0.060578 0.138906
0.223847 0.302102 0.283481 0.331770 0.259778 0.246892 0.264591 0.319777 0.295298 0.272271 0.238725 0.308055 0.241005 0.275079 0.273760 0.295563 0.258427 0.234125 0.290343 0.249704 0.185767 0.247168 0.340820 0.343428 0.248856 0.232681 0.228138 0.235062 0.269583 0.276185 0.339164 0.000000 0.286625 0.252636 0.221671 0.130950 0.244772 0.289899 0.293618 0.261976 0.126531 0.200110 0.277078 0.261019 0.273431 0.227472 0.259430 0.271820 0.259897 0.207546 0.213312 0.239707 0.193347 0.185169 0.240291 0.276136 0.201000 0.290086 0.246167 0.278296 0.197024 0.281268 0.208275 0.286806 0.227497 0.269091 0.284171 0.263046 0.250220 0.228788 0.316972 0.303114 0.156870 0.182057 0.031505 -0.001468 0.190948 0.219075 0.161892 0.287370 0.200491 0.285812 0.268300 0.267382 0.209367 0.282765 0.252256 0.300510 0.195463 0.282051 0.228566 0.270903 0.244734 0.289241 0.211960 0.196348 0.248477 0.283312 0.267473 0.290917 0.251576 0.277485 0.249501 0.269619 0.232598 0.223862 0.066630 0.206823 -0.030704 0.221440 0.284751 0.277506 0.267297 0.224515 0.125864 0.125550
0.339190 0.342518 0.336480 0.308128 0.086128 0.049546 0.343877 0.323242 0.261256 0.097773 0.314757 0.330694 0.343667 0.323322 0.317420 0.324020 0.305409 0.292557 0.369511 0.349241 0.150050 0.153114 0.342465 0.314016 0.057388 0.024660 0.062087 0.032347 0.296569 0.279596 0.216906 0.286625 0.000000 0.358563 0.295662 0.229065 0.216704 0.296833 0.284909 0.191497 0.153472 0.240813 0.298487 0.267267 0.319147 0.279153 0.297705 0.278741 0.331757 0.272054 0.279901 0.279831 0.280657 0.228790 0.314291 0.283972 0.321051 0.342916 0.350450 0.349415 0.338922 0.326288 0.287078 0.306090 0.308211 0.294832 0.352978 0.340735 0.336434 0.322896 0.317380 0.257840 0.209616 0.237607 0.182562 0.121954 0.261357 0.281709 0.222337 0.262637 0.315222 0.315723 0.273448 0.231242 0.318392 0.302962 0.205894 0.253555 0.304810 0.220782 0.301528 0.309803 0.310654 0.263975 0.191892 0.204848 0.289972 0.269520 0.288705 0.282993 0.274230 0.230717 0.244437 0.208696 0.275287 0.260599 0.192216 0.230200 -0.031238 0.280838 0.327799 0.306213 0.282416 0.252874 0.191263 0.059377
0.302149 0.314093 0.306985 0.282654 0.014690 -0.006580 0.322177 0.317883 0.219013 0.051050 0.250715 0.335367 0.303931 0.345683 0.290790 0.325820 0.265213 0.304757 0.336553 0.347309 0.096099 0.114386 0.300694 0.280851 -0.017263 -0.041568 -0.016346 0.000800 0.232242 0.254378 0.165038 0.252636 0.358563 0.000000 0.298449 0.287325 0.169626 0.275175 0.256626 0.155327 0.139884 0.198228 0.298889 0.286967 0.304678 0.287289 0.296999 0.276217 0.324535 0.304858 0.277681 0.302998 0.293094 0.225799 0.295228 0.256018 0.290935 0.313780 0.342580 0.338277 0.333950 0.319686 0.258128 0.302984 0.278599 0.298755 0.339109 0.350221 0.311612 0.319890 0.287649 0.222710 0.201906 0.261562 0.236276 0.191165 0.283026 0.283782 0.235629 0.259826 0.313681 0.314878 0.256578 0.213395 0.288842 0.312537 0.188899 0.240037 0.316685 0.190459 0.320549 0.334507 0.324923 0.252512 0.203247 0.208786 0.291898 0.275094 0.276892 0.279784 0.280433 0.210592 0.249739 0.197335 0.284785 0.248637 0.176636 0.251760 0.006133 0.313487 0.332425 0.321983 0.278758 0.247578 0.218366 0.078011
0.244561 0.260092 0.259727 0.247978 0.034371 0.030970 0.257031 0.269679 0.186099 0.078836 0.180430 0.277305 0.264250 0.294812 0.266754 0.289704 0.199870 0.208160 0.273014 0.268841 0.133959 0.110120 0.262073 0.253026 0.019444 0.001693 0.028264 0.019509 0.170956 0.206079 0.138553 0.221671 0.295662 0.298449 0.000000 0.333537 0.158161 0.218130 0.215362 0.167807 0.108395 0.178364 0.267416 0.270056 0.275650 0.251472 0.248992 0.247435 0.251158 0.240216 0.227512 0.254684 0.250221 0.216672 0.238133 0.226961 0.235169 0.267113 0.290659 0.294674 0.283174 0.291901 0.183838 0.242473 0.308264 0.321738 0.322663 0.329144 0.260751 0.265798 0.256924 0.217326 0.128167 0.189026 0.175780 0.146669 0.281029 0.288284 0.208386 0.229328 0.248742 0.262446 0.210406 0.212399 0.249890 0.262123 0.166947 0.186931 0.249007 0.167516 0.271860 0.289986 0.278063 0.268878 0.202924 0.192741 0.236164 0.234911 0.244036 0.246196 0.241294 0.228734 0.226327 0.193093 0.204879 0.177416 0.121374 0.225110 -0.023871 0.241170 0.278394 0.260460 0.255308 0.242888 0.148115 0.010637
0.183527 0.191827 0.191451 0.172326 -0.077408 -0.058974 0.201008 0.212280 0.091345 -0.015050 0.089922 0.234397 0.191009 0.268201 0.204515 0.243543 0.115292 0.180159 0.203038 0.237959 0.073947 0.032934 0.168139 0.171709 -0.095422 -0.099661 -0.075414 -0.059017 0.070628 0.135051 0.033287 0.130950 0.229065 0.287325 0.333537 0.000000 0.070141 0.148821 0.140918 0.081996 0.084017 0.124074 0.211256 0.242656 0.211637 0.219635 0.204015 0.195784 0.204736 0.240298 0.195082 0.241292 0.232256 0.185728 0.190144 0.158458 0.183865 0.198671 0.247221 0.243445 0.252237 0.242158 0.125338 0.198245 0.234203 0.274765 0.258135 0.295173 0.203641 0.231867 0.180368 0.132320 0.086432 0.191914 0.236468 0.217565 0.262660 0.252430 0.188874 0.174621 0.223571 0.208193 0.157175 0.149097 0.194387 0.228139 0.120540 0.135553 0.233678 0.093882 0.249920 0.260567 0.248176 0.194528 0.171137 0.160626 0.187987 0.172233 0.177223 0.177591 0.189922 0.146724 0.173550 0.120515 0.171631 0.129346 0.104867 0.203932 0.027488 0.236001 0.229079 0.218709 0.196896 0.192174 0.155673 -0.007157
0.230458 0.225922 0.242104 0.244096 0.193741 0.119091 0.247851 0.224421 0.246468 0.127066 0.245049 0.185683 0.234479 0.177243 0.287582 0.202945 0.246602 0.148784 0.244910 0.192948 0.250158 0.233420 0.257949 0.224799 0.152529 0.132198 0.222107 0.160249 0.267277 0.186533 0.199331 0.244772 0.216704 0.169626 0.158161 0.070141 0.000000 0.279720 0.318282 0.249404 0.225316 0.171054 0.251639 0.214300 0.249119 0.218040 0.264746 0.265781 0.238939 0.176952 0.250135 0.158627 0.220643 0.178310 0.270959 0.211236 0.226502 0.231982 0.228699 0.228203 0.200886 0.180492 0.252018 0.173890 0.220399 0.143845 0.254294 0.205947 0.248922 0.210551 0.236847 0.201044 0.162915 0.078396 0.020867 -0.060321 0.230988 0.211600 0.137545 0.221493 0.240729 0.191365 0.297222 0.264487 0.243571 0.170842 0.224936 0.240652 0.230369 0.250868 0.232551 0.214754 0.235622 0.247796 0.232255 0.151713 0.200788 0.208801 0.277503 0.239015 0.263444 0.250089 0.267684 0.260987 0.190380 0.151178 0.012548 0.108152 0.020153 0.174220 0.239551 0.246037 0.255535 0.226937 0.078323 0.049865
0.261428 0.327218 0.284756 0.308254 0.111316 0.099839 0.275943 0.316313 0.249722 0.138501 0.243586 0.315109 0.261076 0.303658 0.289233 0.313651 0.253568 0.316225 0.311947 0.297008 0.184198 0.234259 0.307041 0.297468 0.092035 0.068304 0.094965 0.121763 0.242054 0.292237 0.239775 0.289899 0.296833 0.275175 0.218130 0.148821 0.279720 0.000000 0.310070 0.302588 0.204258 0.247088 0.275662 0.246374 0.286876 0.254706 0.256453 0.285355 0.275149 0.254009 0.223578 0.274936 0.229801 0.192089 0.256332 0.278774 0.245508 0.326032 0.286778 0.312067 0.239083 0.272649 0.210693 0.296722 0.216741 0.252948 0.293982 0.285497 0.292739 0.281105 0.295914 0.260011 0.211378 0.233543 0.108671 0.084679 0.240578 0.259178 0.184717 0.257970 0.240710 0.324706 0.275969 0.315204 0.244244 0.310648 0.214764 0.320275 0.248337 0.252874 0.260510 0.311872 0.265920 0.290397 0.192850 0.161632 0.239544 0.287846 0.270608 0.285950 0.274530 0.262705 0.259121 0.259237 0.233414 0.212008 0.078712 0.205050 -0.000356 0.257041 0.311589 0.307743 0.278550 0.231650 0.113830 0.098434
